0 0.27037431643559384 0.5001586767343374 0.09507050881019005 0.09628926790677585
0 0.6784393603985126 0.9036984076866736 0.048682873065655045 0.04831754244290865
0 0.32941370743971604 0.1146942193691547 0.04142497136042668 0.040895590415367715
0 0.2680345681997446 0.20340648064246544 0.030238958505483773 0.030547362107496995
0 0.42567983040442836 0.4333690129793607 0.03426515139066256 0.03450283637413612
0 0.45447474259596604 0.0272139310836792 0.0374296628511869 0.03760431363032414
0 0.5756528560931866 0.9764057306142954 0.07645636338454026 0.047196461604191706
0 0.43241251431978667 0.5777438970712515 0.042758868290827826 0.042586179879995495
0 0.4826242740337665 0.5646758079528809 0.05243125328650841 0.052835904634915866
0 0.7511990620539739 0.8952991779033954 0.021012232853816107 0.021352327786959134
0 0.357476674593412 0.16944181002103365 0.030346503624549277 0.030179683978740986
0 0.7401899191049429 0.6956559694730319 0.03763374915489784 0.03765047513521635
0 0.43817820915809047 0.37987085489126354 0.02273720961350661 0.023286746098445013
0 0.6271572846632737 0.8692184594961313 0.03407067518967848 0.03401110722468449
0 0.6971627748929538 0.30527074520404524 0.024280254657451924 0.024170582111065205
0 0.36129254561204177 0.34423461327186 0.0209198731642503 0.02100709768442007
0 0.5125975242027869 0.518706541794997 0.018651155325082634 0.01884907942551833
0 0.6465285374568059 0.26059623864980846 0.029750970693734977 0.029511451721191406
0 0.6572387401874249 0.5500889558058518 0.025885948768028848 0.026138158944936898
0 0.6625867256751428 0.47080289400540865 0.04211337749774639 0.041534130389873795
0 0.6979007720947266 0.16304707527160645 0.05338081946739784 0.05273844645573543
0 0.35975063764131987 0.5345644584068885 0.028415753291203424 0.028314590454101562
0 0.5376784251286433 0.6548125193669245 0.022473995502178486 0.02265783456655649
0 0.6150093445411096 0.3498675639812763 0.034665401165301986 0.03420184208796574
0 0.564303471491887 0.8297499876755935 0.025879859924316406 0.02596561725323017
0 0.3398444102360652 0.5025987258324256 0.022014031043419473 0.021999872647798978
0 0.30879512199988735 0.4406060805687538 0.03805864774263822 0.03797083634596605
0 0.6651873955359826 0.8617886763352615 0.03834386972280649 0.038330078125
0 0.40291881561279297 0.8591769291804388 0.02428744389460637 0.024304610032301683
0 0.3711404800415039 0.060170499178079456 0.029515706575833835 0.029011854758629434
0 0.6740776942326472 0.6832800645094651 0.030429253211388223 0.030234556931715745
0 0.41006205632136417 0.8940665905292218 0.02991177485539363 0.029253446138822116
0 0.7461932255671575 0.9685561840350811 0.021533379187950723 0.021485548753004808
0 0.5738736666165866 0.7032228616567758 0.02417138906625601 0.024737431452824518
0 0.4214358696570763 0.500881708585299 0.024303289560171273 0.023816768939678486
0 0.7649493584266076 0.7100252004770132 0.026724742009089544 0.026944087101862982
0 0.5051005070026104 0.9386058220496545 0.019054926358736478 0.019096814669095553
0 0.4750584088839017 0.0972596131838285 0.022040367126464844 0.022110939025878906
0 0.4198265809279222 0.6585909770085261 0.02154232905461238 0.02174978989821214
0 0.4123762570894681 0.6801506189199594 0.02640071282019982 0.02630131061260517
0 0.47572983228243315 0.5313787827124963 0.02844399672288161 0.028131705064039964
0 0.6705821110652044 0.7994710482083834 0.023986669687124398 0.023900985717773438
0 0.28334912886986363 0.7746412570659931 0.018754995786226712 0.01868585439828726
0 0.6483040589552659 0.2271405733548678 0.03229508033165565 0.03206935295691857
0 0.5064268112182617 0.1398763656616211 0.023343306321364183 0.023616589032686673
0 0.33267897825974685 0.6468455241276667 0.02637760455791767 0.026782402625450723
0 0.690336667574369 0.25968271035414475 0.023782876821664665 0.024248673365666315
0 0.27614124004657453 0.2925919752854567 0.029906566326434795 0.029072321378267728
0 0.3010413096501277 0.6520396012526292 0.02607881105863131 0.026231032151442308
0 0.2689657211303711 0.333805120908297 0.01944387876070463 0.019065049978402946
0 0.3248558778029222 0.3900886682363657 0.01921507028432993 0.018887886634239785
0 0.7201318007249099 0.1295693562580989 0.03256841806265024 0.0327444626734807
0 0.255797789647029 0.6012871815608098 0.021242068364070013 0.021351007314828727
0 0.34687387026273286 0.6076311331528884 0.02144167973445012 0.021555607135479268
0 0.7548837661743164 0.3393947161160983 0.015804584209735576 0.015920492318960335
0 0.24956879248985878 0.21055357272808367 0.017743404094989482 0.01802536157461313
0 0.6527184706467849 0.18522262573242188 0.03407698411207933 0.033856832064115085
0 0.7309521895188552 0.27352223029503453 0.02520898672250601 0.02540419651911809
0 0.4995428232046274 0.3300277269803561 0.02161583533653846 0.022151800302358773
0 0.5284229425283579 0.5530398442195013 0.03343479449932392 0.03400897979736328
0 0.5832460843599759 0.49981990227332485 0.03031642620380108 0.02987846961388221
0 0.24237258617694563 0.2268238617823674 0.021654569185697116 0.021721069629375752
0 0.7631469139685998 0.9849109649658203 0.029320350060096152 0.0255129887507512
0 0.2943229308495155 0.16960875804607684 0.024416703444260817 0.024118936978853665
0 0.4388684859642616 0.49559545516967773 0.021571599520169772 0.021558541517991286
0 0.5903230080237756 0.689143547644982 0.023106208214393027 0.022902562068058893
0 0.5760271365825946 0.9122920403113732 0.016982445350060098 0.016925224891075723
0 0.28481709040128267 0.25536577518169695 0.016087788801926833 0.01640429863562951
0 0.5682257138765775 0.3995089530944824 0.022766700157752402 0.02285282428448017
0 0.6501168471116286 0.6009393838735727 0.018306732177734375 0.018449049729567308
0 0.6580007993257962 0.8360338944655198 0.01919071490948017 0.019268035888671875
0 0.7090778350830078 0.5656965695894681 0.019661830021784857 0.019677088810847357
0 0.47815176156850964 0.29058276689969575 0.02180590996375451 0.022009996267465446
0 0.46770557990440953 0.4787914569561298 0.02493711618276743 0.024694075951209433
0 0.5046930679908166 0.46306004891028774 0.015805831322303183 0.015964508056640625
0 0.6907294346736028 0.39758161398080677 0.03290645892803486 0.03328990936279297
0 0.38576621275681716 0.9416339580829327 0.029619730435884915 0.030392866868239183
0 0.6782095982478216 0.7096190819373498 0.018299396221454326 0.018204615666316107
0 0.6409876896784856 0.4233143146221454 0.017268547644981973 0.017737315251277044
0 0.6521816253662109 0.3644929298987755 0.022852384127103366 0.022608830378605768
0 0.6663253490741436 0.26545968422522914 0.019363990196814902 0.01909769498384916
0 0.3408980736365685 0.28393030166625977 0.019231502826397236 0.019118235661433294
0 0.7032343057485727 0.9128800905667819 0.0171356201171875 0.016803741455078125
0 0.6208152037400466 0.9610240642841046 0.02311838590181791 0.0225827143742488
0 0.7142579005314753 0.9555906149057242 0.02345099815955529 0.023883819580078125
0 0.26570441172673154 0.6304164299598107 0.025604248046875 0.025937447181114785
0 0.3926668900709886 0.3969856775723971 0.016641763540414665 0.016573245708759014
0 0.5864455883319561 0.4600093914912297 0.015536821805513822 0.015760348393366888
0 0.6351118821364182 0.52130310352032 0.018185835618239183 0.018081518319936898
0 0.30377622751089245 0.28625884422889125 0.02114978203406701 0.02079919668344351
0 0.3095189608060397 0.38659202135526216 0.017389462544367865 0.017716114337627705
0 0.34613778040959287 0.7123815096341647 0.020977166982797477 0.021406907301682692
0 0.7583380479079026 0.854131111731896 0.018488370455228366 0.018486903263972357
0 0.3645771099970891 0.7685893132136419 0.022901168236365683 0.022691873403695915
0 0.592608745281513 0.6136282407320462 0.024822528545673076 0.025035271277794473
0 0.44888089253352237 0.5513841188870944 0.025843473581167366 0.026520802424504206
0 0.6122108972989596 0.5370546487661508 0.01620901547945463 0.016311792226938102
0 0.47488043858454776 0.45522429392888 0.022577285766601562 0.02265013181246244
0 0.2585606941810021 0.10287640644953801 0.017806493318997897 0.01754025312570425
0 0.7307335780217097 0.2188133459824782 0.016067064725435697 0.015807665311373197
0 0.38977832060593826 0.5779586938711313 0.015870167658879206 0.01576709747314453
0 0.37412283970759463 0.9824726398174579 0.0201266362116887 0.020118126502403848
0 0.3782042723435622 0.916220444899339 0.020644628084622897 0.020598191481370192
0 0.2249767230107234 0.9681618030254657 0.0214845950786884 0.021786322960486777
0 0.7670494959904597 0.9015904940091647 0.01475818340594952 0.014799998356745793
0 0.4330917138319749 0.5165843963623047 0.02616596221923828 0.025798797607421875
0 0.6527731235210712 0.9657749762901893 0.03292010380671574 0.032736558180588946
0 0.4973338200495793 0.06788290463961087 0.016353020301231973 0.016076949926523063
0 0.7616024017333984 0.7396489656888522 0.01889771681565505 0.019139509934645433
0 0.7326520773080679 0.6783696688138522 0.018308199368990384 0.017490240243765023
0 0.7382416358360877 0.32888023669903094 0.020622840294471152 0.020149671114408053
0 0.7148434565617487 0.715843494121845 0.030552203838641826 0.031280517578125
0 0.24523137165949896 0.11167634450472318 0.018050560584435098 0.017728475423959587
0 0.4640809572660006 0.7386648471538837 0.020316637479341947 0.02036564166729267
0 0.4323136256291316 0.2918690901536208 0.018373929537259616 0.01808753380408654
0 0.6211960132305439 0.5543451676001916 0.03467827576857347 0.03524479499230018
0 0.4120437181912936 0.6106545008145846 0.016791270329402044 0.016368792607234076
0 0.3497943878173828 0.45532615368182844 0.015753819392277643 0.015433678260216346
0 0.336024651160607 0.756579325749324 0.02301172109750601 0.023370009202223558
0 0.7138805389404297 0.25158860133244443 0.024187528170072116 0.02470698723426232
0 0.716004151564378 0.6403843072744516 0.017718388484074518 0.017500804020808294
0 0.2885366953336276 0.8980614588810847 0.029638950641338643 0.029796013465294473
0 0.3870214315561148 0.6443278972919171 0.016799413240872897 0.01653319138746995
0 0.44436410757211536 0.41604265799889195 0.017601159902719352 0.01775022653432993
0 0.2678663180424617 0.7678125088031476 0.016286409818209134 0.01558699974646935
0 0.5931671582735502 0.541938855097844 0.015849186823918268 0.015833047720102165
0 0.5158655093266413 0.9510484108558068 0.017348289489746094 0.017966343806340143
0 0.26661476722130406 0.0502544641494751 0.016919869642991286 0.01682413541353666
0 0.34746023324819714 0.8775221017690805 0.031047527606670674 0.030544281005859375
0 0.6032851292536809 0.7380724686842698 0.01845579880934495 0.018517127403846152
0 0.3858147401076097 0.7895950904259315 0.02689500955434946 0.02724603506234976
0 0.5698902423565204 0.9281834822434646 0.015462288489708534 0.015672830434945915
0 0.7072445796086237 0.6630666439349835 0.02950433584359976 0.029585618239182692
0 0.4182051145113431 0.28631874231191784 0.01715821486253005 0.016954788794884317
0 0.5984606376061072 0.7155482952411358 0.02483654022216797 0.025981022761418268
0 0.6932732508732722 0.8607685382549579 0.017232894897460938 0.016426233144906852
0 0.45490525319026065 0.9893854581392728 0.028397853557880107 0.020786578838641826
0 0.7166209587684045 0.23673461033747747 0.01898926955003005 0.01758157289945162
0 0.4975441419161283 0.7660264235276443 0.023932530329777643 0.024269984318659857
0 0.5384371830866888 0.18459558486938477 0.019688239464393027 0.01992970246535081
0 0.23206608112041766 0.6016614253704364 0.017787786630483773 0.01778551248403696
0 0.29748104168818545 0.3466965968792255 0.028565516838660605 0.02895501943734976
0 0.3204016318688026 0.5217443246107835 0.015465222872220553 0.01600331526536208
0 0.5774625631479117 0.31432166466346156 0.023213019737830527 0.0235897944523738
0 0.7018263890193059 0.6093049416175256 0.02384039071890024 0.024002808790940505
0 0.5000232916611892 0.9582410959097055 0.01917853722205529 0.018889500544621393
0 0.34623292776254505 0.6624053074763372 0.02016581021822416 0.019677382249098558
0 0.34032572232759917 0.37932762732872594 0.01827401381272536 0.018350747915414665
0 0.7675754106961764 0.8370574070857122 0.015848453228290264 0.015901712270883415
0 0.49486262981708234 0.5135662739093487 0.017799744239220254 0.017514815697303183
0 0.6313775869516226 0.3661497556246244 0.020389556884765625 0.02016874460073618
0 0.7658243912916917 0.88689818749061 0.015274341289813701 0.015465809748722957
0 0.5928407082190881 0.5564460387596717 0.016635601337139424 0.016828096829927884
0 0.6916569929856521 0.28742687518780047 0.016254131610576924 0.01602957798884465
0 0.6062613267164964 0.41983692462627703 0.01587647658128005 0.015971844012920674
0 0.6729896251971905 0.43627207095806414 0.017394579373873197 0.016843869135929987
0 0.6801509857177734 0.5958268825824444 0.028354644775390625 0.02792468437781701
0 0.7162102919358474 0.247711915236253 0.030322148249699518 0.032134606288029596
0 0.3731161631070651 0.2880516785841722 0.020273355337289665 0.01981493142934946
0 0.2581011331998385 0.7808464490450345 0.016858687767615683 0.017076932466947116
0 0.46147955380953276 0.9619555106529822 0.01906747084397536 0.01880821814903846
0 0.4606553591214694 0.27853899735670823 0.01688986558180589 0.016988020676832933
0 0.49062376755934495 0.38861817580003005 0.01601248521071214 0.015924967252291165
0 0.507299203139085 0.5895703389094427 0.020321772648737982 0.0203091548039363
0 0.523078991816594 0.9930409651536208 0.02726408151479868 0.013593820425180288
0 0.5972945873553936 0.5233287811279297 0.024508256178635817 0.025021479679987982
0 0.3562573286203238 0.9375516451322116 0.03851648477407602 0.03911737295297476
0 0.3737002886258639 0.2463512787452111 0.014400335458608774 0.01461197779728816
0 0.7134148524357722 0.8553048647367038 0.018132429856520433 0.018185542179987982
0 0.5673345419076773 0.6279777380136343 0.02842888465294471 0.02792020944448618
0 0.6666287642258865 0.6618537902832031 0.018602811373197116 0.018397404597355768
0 0.6909341812133789 0.2411048045525184 0.023148169884314902 0.02276310553917518
0 0.5759701728820801 0.5864812410794772 0.01835214174710787 0.018278855543870192
0 0.6889136387751653 0.012399691801804762 0.026745429405799277 0.02425519319681021
0 0.749146241408128 0.7289836590106671 0.017891663771409255 0.017353644737830527
0 0.7699774228609525 0.8387851715087891 0.018635969895582933 0.018024151141826924
0 0.2602834334740272 0.08380996263944186 0.015629988450270433 0.015674082132486198
0 0.43411911450899565 0.8975375248835638 0.017775902381310098 0.017590742844801683
0 0.6314298189603366 0.5666839893047626 0.016378402709960938 0.016721505385178786
0 0.3272066116333008 0.4698043969961313 0.02081775665283203 0.02108449202317458
0 0.5089962299053485 0.4833823717557467 0.01729275630070613 0.017204724825345553
0 0.3243559690622183 0.2767007534320538 0.020102427555964544 0.019577613243689902
0 0.2809147834777832 0.6803870567908654 0.020010728102463942 0.019762479341947116
0 0.718905155475323 0.9636350044837365 0.017295690683218148 0.017130044790414665
0 0.6075434317955604 0.6834812164306641 0.01662474412184495 0.016483306884765625
0 0.2795130472916823 0.6556284244243915 0.020659189957838792 0.020256189199594352
0 0.6325276448176458 0.7557771389301007 0.03016237112192007 0.029582830575796273
0 0.28328550778902495 0.9634560805100661 0.028083617870624248 0.027582902174729567
0 0.6124279682452862 0.4832194768465482 0.014943856459397536 0.01501618898831881
0 0.6780683077298678 0.06418273082146278 0.04799446692833534 0.04618477821350098
0 0.3056014867929312 0.8083575322077825 0.021127847524789665 0.020859644963191107
0 0.4125978763286884 0.016476740057651814 0.03354241297795223 0.03066393733024597
0 0.237460393172044 0.6753353705772986 0.015526698185847355 0.015436906080979567
0 0.5103592505821815 0.574058459355281 0.013859895559457632 0.01354687030498798
0 0.5033045548659104 0.04975966765330388 0.018874535193810098 0.018556714057922363
0 0.4422009174640362 0.7248365695659931 0.017499850346491888 0.016911726731520433
0 0.38785985799936146 0.6684052393986628 0.0247647212101863 0.024272918701171875
0 0.34429685886089617 0.8803021357609675 0.02504114004281851 0.025778843806340143
0 0.5747462052565354 0.531798766209529 0.015903472900390625 0.015340364896334134
0 0.5919506366436298 0.01767658843443944 0.0169070317195012 0.016871234545340903
0 0.22414295489971453 0.898320564856896 0.017473404224102315 0.018041317279522236
0 0.4241957664489746 0.7948020788339468 0.01753066136286809 0.017531468318058893
0 0.33639761117788464 0.7050685148972732 0.02647253183218149 0.02699587895320012
0 0.4569862072284405 0.7154326805701623 0.021926733163686898 0.021444173959585335
0 0.3316533015324519 0.4045859483572153 0.016216864952674277 0.016611832838792067
0 0.7659763189462515 0.8848410386305589 0.017076639028695915 0.016944298377403848
0 0.3637813421396109 0.25878150646503156 0.023373823899489183 0.023317410395695612
0 0.5347086833073542 0.30400929084190953 0.015294295090895433 0.015309773958646335
0 0.7102278195894681 0.8957589956430289 0.014776083139272837 0.014603248009314904
0 0.6184352728036734 0.554980204655574 0.0296176030085637 0.028873516963078424
0 0.28156020091130185 0.18709732935978815 0.01483304683978741 0.014972503368671123
0 0.670013060936561 0.43222742814284104 0.022341361412635215 0.021967007563664362
0 0.5109603588397686 0.6430889276357797 0.020063106830303486 0.020038017859825723
0 0.6979290888859675 0.9702408130352314 0.020871969369741585 0.02091393103966346
0 0.6924885236299955 0.48970618614783656 0.023059698251577523 0.02285179725060096
0 0.6706827603853666 0.29901708089388335 0.026185255784254808 0.026598453521728516
0 0.66094237107497 0.6182061708890475 0.019283588115985576 0.01908584741445688
0 0.5954769574678861 0.7950504009540265 0.01748026334322416 0.0175784184382512
0 0.631442876962515 0.4703876788799579 0.01601131145770733 0.01617292257455679
0 0.6488009966336764 0.45441590822660005 0.013750516451322116 0.014203731830303486
0 0.3633472736065204 0.9600326097928561 0.02598116948054387 0.026005965012770433
0 0.3170109528761644 0.4589078609759991 0.015462581927959736 0.015615463256835938
0 0.4833159079918495 0.28905017559344953 0.03050686762883113 0.03049182891845703
0 0.39096777255718523 0.4513337795551007 0.018198746901292067 0.0188900874211238
0 0.31330137986403245 0.632717279287485 0.01583526684687688 0.015644366924579326
0 0.2487775362454928 0.9170907827524039 0.020829200744628906 0.0211184575007512
0 0.7298035254845252 0.7421210362361028 0.027241340050330527 0.02687527583195613
0 0.44002320216252255 0.3447932463425856 0.017415780287522536 0.017322540283203125
0 0.4015132463895358 0.48524152315579927 0.023665428161621094 0.024466441227839544
0 0.6897701850304236 0.6590248988224909 0.022028116079477165 0.021214118370643027
0 0.3695625892052284 0.326932430267334 0.019081996037409857 0.01905485299917368
0 0.29393814160273624 0.3480561329768254 0.022616496452918418 0.024102137638972357
0 0.5500166966364934 0.03664677418195284 0.01509703122652494 0.01513206958770752
0 0.6136166132413424 0.5547814002403846 0.022219217740572415 0.022876886221078727
0 0.3943198644197904 0.9824124849759616 0.02110752692589393 0.020962054912860576
0 0.6487387143648587 0.9737767439622146 0.021429795485276442 0.02118682861328125
0 0.504874376150278 0.19112748366135818 0.02136846689077524 0.02162031026986929
0 0.568395027747521 0.4765578783475436 0.016671400803786058 0.016345390906700723
0 0.39902287263136643 0.7980436178354117 0.02223491668701172 0.021923945500300482
0 0.5502057809096116 0.6163151080791767 0.018481914813701924 0.018198013305664062
0 0.3310624636136569 0.5273105547978327 0.01674960209773137 0.01711926093468299
0 0.26542494847224307 0.8848436795748197 0.025405443631685697 0.025047155526968148
0 0.29984210087702823 0.9109921088585486 0.03216215280386118 0.03217315673828125
0 0.3850299028249887 0.6935100555419922 0.022186132577749398 0.022676908052884616
0 0.4377659284151517 0.77874755859375 0.021914848914513223 0.021847358116736777
0 0.5977355516873873 0.7186722388634315 0.020617558405949518 0.019994588998647835
0 0.33998592083270734 0.7061777848463792 0.030521392822265625 0.030174842247596152
0 0.32138325617863583 0.37235883566049427 0.016306583697979268 0.01587500939002404
0 0.5221897271963266 0.1071632458613469 0.015580103947566105 0.015862538264347956
0 0.7403673025277945 0.8342438477736253 0.014080634483924279 0.014382289006159855
0 0.7455987196702224 0.225523801950308 0.017289381760817308 0.017310582674466647
0 0.4837770462036133 0.6626192239614633 0.01870448772723858 0.01922754141000601
0 0.6966487444364108 0.8749599456787109 0.022904469416691706 0.020195887638972357
0 0.3610392717214731 0.7048590733454778 0.016661643981933594 0.017004746657151442
0 0.5862140655517578 0.7120029742901142 0.014591583838829627 0.016828096829927884
0 0.522751624767597 0.9806313881507287 0.02696814903846154 0.026659305279071514
0 0.31327141248262846 0.26115956673255336 0.016868151151216947 0.017603690807635967
0 0.7168527016272912 0.6382342852078952 0.021434197059044473 0.02104495121882512
0 0.6668698971088116 0.6989114467914288 0.018427482018103965 0.01690512437086839
0 0.23530134787926307 0.697724122267503 0.0164794921875 0.016137343186598558
0 0.684883557833158 0.22855531252347505 0.014776376577524038 0.014641248262845553
0 0.7158825214092548 0.9589269344623272 0.023862692025991585 0.024406579824594352
0 0.27422336431650013 0.23441134966336763 0.016021911914532002 0.01632345639742338
0 0.6973115480863131 0.7082501924954928 0.016524681678185098 0.016272324782151442
0 0.724757561316857 0.08816856604356033 0.03166462824894832 0.032830421741192155
