0 0.5762289487398587 0.32617077460655797 0.048166715181790866 0.048340870783879206
0 0.2732718541071965 0.019973938281719502 0.04374562777005709 0.03781740482036884
0 0.5186821864201472 0.6203152583195612 0.04604823772723858 0.04630484947791466
0 0.7784552940955529 0.5212723658635066 0.02305456308218149 0.02310019273024339
0 0.5449224618765024 0.9179545182448167 0.033830495981069714 0.03370871910682091
0 0.6470239345843976 0.541843634385329 0.04849991431603065 0.048558601966271035
0 0.7467958743755634 0.14544131205632135 0.03508303715632512 0.03525700935950646
0 0.3880634674659142 0.10367635580209586 0.02246717306283804 0.022647967705359824
0 0.5677053744976337 0.02048461712323702 0.020176814152644232 0.020139327416053183
0 0.36221174093393177 0.32657516919649565 0.044933319091796875 0.04486707540658804
0 0.4508763093214769 0.6680192213792068 0.038392873910757214 0.03828239440917969
0 0.7323889365563025 0.19733161192673904 0.019348878126878005 0.01949163583608774
0 0.32289637052095854 0.8575939765343299 0.020571415240948018 0.020789366502028245
0 0.45064254907461315 0.07244564936711238 0.02567181220421424 0.025883601262019232
0 0.4624616182767428 0.5605517900907077 0.039000437809870794 0.039089276240422174
0 0.322935544527494 0.7350788116455078 0.027547909663273737 0.027364437396709736
0 0.21941819557776818 0.844604858985314 0.06583257821890023 0.06609432513897236
0 0.7084699043860803 0.5613481081449069 0.032137503990760215 0.032016607431265026
0 0.5212786014263446 0.8296598287729117 0.02358245849609375 0.02364525428185096
0 0.22172205264751726 0.24105453491210938 0.02193340888390174 0.022154734684870794
0 0.6075496673583984 0.02866497177344102 0.021190496591421273 0.02115558202450092
0 0.54378997362577 0.08975628706125113 0.03989865229679988 0.03986692428588867
0 0.30704421263474685 0.31609153747558594 0.028585140521709736 0.028542298537034255
0 0.32242749287531924 0.6022083575908954 0.02703967461219201 0.027727567232572116
0 0.2888961938711313 0.16225877174964318 0.048807731041541465 0.04848780998816857
0 0.35387523357684797 0.8223552703857422 0.03470010023850661 0.03480441753680889
0 0.7143537814800556 0.4793270551241361 0.020757088294396035 0.020721582266000602
0 0.5069656372070312 0.5289200269258939 0.021279408381535456 0.021204141470102165
0 0.28173164220956654 0.7239359342134916 0.026267051696777344 0.026449056772085335
0 0.5396935389592097 0.2275681495666504 0.02443695068359375 0.024595113900991585
0 0.5791037999666654 0.383302248441256 0.017046561607947715 0.01709717970628005
0 0.8316405369685247 0.8836664786705604 0.018047919640174277 0.01814446082481971
0 0.5611409407395583 0.04623549718123216 0.0297239010150616 0.029481046474896945
0 0.3243419573857234 0.624690422644982 0.02736524435190054 0.027253371018629808
0 0.6717468408437876 0.6034994125366211 0.01763916015625 0.017537630521334134
0 0.8004477574275091 0.019129452797082756 0.017804365891676683 0.018120834460625283
0 0.420872138096736 0.31156609608576846 0.018646827110877402 0.01876977773813101
0 0.35448309091421276 0.4862040739793044 0.019180811368502103 0.019292537982647236
0 0.37306697552020734 0.0503844664647029 0.017939274127666768 0.018094301223754883
0 0.6318243466890775 0.4803620851956881 0.022052471454326924 0.02195284916804387
0 0.43897592104398286 0.9831110880925105 0.019295619084284857 0.01880807142991286
0 0.8007322458120493 0.46872535118689906 0.01980737539438101 0.020123701829176683
0 0.41865888008704555 0.9498679821307843 0.027232903700608473 0.027190575232872598
0 0.39942139845628005 0.031144142150878906 0.023653397193321817 0.023522276144761305
0 0.5766700231111966 0.9662849719707782 0.01656656998854417 0.016461885892427884
0 0.7570742827195388 0.024546696589543268 0.016616381131685697 0.017029641912533686
0 0.5244341630202073 0.335811394911546 0.03153903667743389 0.031414105341984674
0 0.51294312110314 0.07703080544104943 0.015876109783466045 0.016018945437211256
0 0.32838894770695615 0.13014703530531663 0.01832404503455529 0.018456789163442757
0 0.7302229954646184 0.17493475400484526 0.029996431790865384 0.029627213111290567
0 0.20628512822664702 0.7268822743342473 0.022298372708834134 0.022358234112079326
0 0.4337032758272611 0.6206989288330078 0.016776304978590745 0.01665951655461238
0 0.8389627016507663 0.016287879301951483 0.02148613562950721 0.028319652263934795
0 0.6050757628220779 0.6332657887385442 0.018532239473783053 0.018491304837740384
0 0.7539210686316857 0.2236203413743239 0.03519762479341947 0.03515023451585036
0 0.2003755936255822 0.14996402997236985 0.01924866896409255 0.01937134449298565
0 0.5005487295297476 0.9720613039456881 0.04366214458759014 0.04364277766301082
0 0.44949172093318057 0.2781540797306941 0.02115975893460787 0.021039669330303486
0 0.2960689067840576 0.9759137080265925 0.023735816662128154 0.024292138906625602
0 0.7881772701556866 0.8215946784386268 0.040035247802734375 0.04030961256760817
0 0.3896609086256761 0.43880330599271333 0.01787574474628155 0.01800874563363882
0 0.23580033962543195 0.019031774539213914 0.039977733905498795 0.036635334675128646
0 0.7018245550302359 0.17929950127234826 0.01644736069899339 0.01628281519963191
0 0.60161803318904 0.650302006648137 0.023342719444861777 0.023043118990384616
0 0.3881889489980844 0.1558218735914964 0.0155943357027494 0.015659396465008076
0 0.3723284648014949 0.3595278813288762 0.018810125497671273 0.018588873056265023
0 0.2466444418980525 0.7754074976994441 0.019816875457763672 0.019760571993314303
0 0.5257786604074332 0.9484415787916917 0.018278855543870192 0.018313774695763223
0 0.383691274202787 0.8638764894925631 0.2822841497567984 0.2660167400653546
0 0.6300544738769531 0.6208209991455078 0.035009530874399036 0.034343719482421875
0 0.28876893336956316 0.28040508123544544 0.03690011684711163 0.03621259102454552
0 0.8207582327035757 0.2503988192631648 0.04194377018855168 0.04242295485276442
0 0.7716875809889573 0.4779520768385667 0.018157372107872598 0.01829690199631911
0 0.3703437951894907 0.9909196266761193 0.016299027663010817 0.014631418081430288
0 0.747536879319411 0.5357552308302659 0.015671656681941107 0.015470358041616587
0 0.7959050398606521 0.5838448451115534 0.015210371751051683 0.015181321364182692
0 0.5307576106144831 0.2499096943781926 0.02259665269118089 0.02252307304969201
0 0.27077399767362154 0.7819067148061899 0.025566687950721152 0.02639154287484976
0 0.38993534675011265 0.9903530707726111 0.017152052659254808 0.015824244572566107
0 0.5714076115534856 0.5930338639479417 0.018408995408278245 0.018130082350510817
0 0.34030243066641 0.033635652982271634 0.030379075270432692 0.030591845512390137
0 0.7675143021803635 0.07965302467346191 0.017823439378004808 0.018006943739377536
0 0.8383585856511042 0.060819002298208386 0.021186095017653245 0.03092658519744873
0 0.7106861701378455 0.30961718926062953 0.01548473651592548 0.015641414202176608
0 0.6934383098895733 0.7120937934288611 0.029124920184795674 0.0287783696101262
0 0.7109424150907077 0.14299550423255333 0.014514482938326322 0.01448202133178711
0 0.5243442975557767 0.026484402326437142 0.01703988588773287 0.017637052215062655
0 0.7058588908268855 0.11855759070469783 0.021805249727689303 0.02187195191016564
0 0.28635032360370344 0.3027506241431603 0.0149993896484375 0.016002361591045674
0 0.6664235775287335 0.995175655071552 0.01935416001539964 0.008937248816856971
0 0.5762048868032602 0.48959240546593297 0.014660468468299279 0.014546907865084134
0 0.70056702540471 0.7446671999417819 0.01608731196476863 0.01645631056565505
0 0.45220132974477917 0.5496660379263071 0.019619134756234977 0.018844751211313102
0 0.2824493188124437 0.3026843804579515 0.021504842318021335 0.021432949946476862
0 0.7394508215097281 0.007377133919642522 0.02790553753192608 0.013774988742975088
0 0.8289527893066406 0.08549850720625657 0.03534493079552284 0.036809609486506537
0 0.37053408989539516 0.8874425154465896 0.04700425954965445 0.046334486741286054
0 0.4623389977675218 0.90857850588285 0.055921187767615683 0.057582708505483776
0 0.4168672561645508 0.3871483069199782 0.015940299400916465 0.016141084524301384
0 0.33158140916090745 0.0915680115039532 0.026046606210561898 0.026075436518742487
0 0.2532809514265794 0.313045281630296 0.01618649409367488 0.01640657278207632
0 0.6937788449800931 0.7162467516385592 0.032383111807016224 0.033475288977989785
0 0.16405802506666917 0.8686321698702298 0.014066329369178185 0.01585696293757512
0 0.7290621537428635 0.3209262994619516 0.026630108173076924 0.026288546048677884
0 0.2849856890164889 0.7496424454909104 0.01944600618802584 0.019282414362980768
0 0.39484357833862305 0.01530177891254425 0.01751114771916316 0.017108250122803908
0 0.26825950695918155 0.12871590027442345 0.04100583149836613 0.040256646963266224
0 0.5122486994816706 0.42603514744685245 0.015012154212364784 0.015142880953275241
0 0.3499937057495117 0.686602885906513 0.02158817878136268 0.02141116215632512
0 0.6980722867525541 0.5295228958129883 0.013785142164963942 0.013820794912484976
0 0.5903966610248272 0.14613219407888559 0.021118310781625602 0.021102281717153695
0 0.460477168743427 0.35100276653583234 0.014061560997596154 0.014386837299053486
0 0.7942055922288161 0.3044584714449369 0.017502711369441107 0.017343667837289665
0 0.778464097243089 0.20773005485534668 0.026122459998497598 0.026920795440673828
0 0.694760249211238 0.7270320745614859 0.02351232675405649 0.02359140836275541
0 0.7852665827824519 0.8795375823974609 0.0137939453125 0.013884030855618991
0 0.6800337571364182 0.43770023492666393 0.016664945162259616 0.01706666212815505
0 0.8233570685753455 0.24584010931161734 0.029511671799879808 0.03047627669114333
0 0.5127577414879432 0.2057033868936392 0.018552780151367188 0.01874252466055063
0 0.7606609051044171 0.6092757078317496 0.015941619873046875 0.01663053952730619
0 0.7845611572265625 0.8939835475041316 0.014316265399639424 0.014368937565730168
0 0.205169494335468 0.42171507615309495 0.016312269064096305 0.016208942119891826
0 0.5728080456073468 0.060090991166921764 0.026735452505258415 0.026397173221294697
0 0.816923581636869 0.029904448069058932 0.02870031503530649 0.028258818846482497
