0 0.9079121809739333 0.8235279229971079 0.04015555748572716 0.039911123422475964
0 0.6219321030836839 0.48880602763249326 0.04192788784320538 0.04167035909799429
0 0.23550613109882063 0.6807001554048978 0.039346548227163464 0.03899999765249399
0 0.3732459728534405 0.9380733783428485 0.04024182833158053 0.04002937903771034
0 0.3842744827270508 0.35465174454909104 0.037665147047776446 0.03788449214054988
0 0.6097342417790339 0.6932562314547025 0.0412450937124399 0.040821075439453125
0 0.5312483127300556 0.32648614736703724 0.033289395845853366 0.0330653557410607
0 0.8089708181527945 0.18322146855867827 0.02743383554311899 0.027642176701472357
0 0.8851211254413311 0.9015878530649039 0.023048987755408652 0.023130123431865986
0 0.3229833016028771 0.47222790351280797 0.0294344241802509 0.029338836669921875
0 0.6963761403010442 0.9678486310518705 0.029123306274414062 0.029048772958608773
0 0.6869458418626052 0.8933168557974008 0.020675072303185098 0.020673018235426683
0 0.8445211557241586 0.7269807962270883 0.021420405461237982 0.021442413330078125
0 0.641936889061561 0.802792842571552 0.023919325608473558 0.024251937866210938
0 0.5820552385770358 0.01213214947627141 0.02340360788198618 0.022665936213273268
0 0.6897615286020132 0.2161858815413255 0.027489295372596152 0.027503050290621243
0 0.10483440986046424 0.4093571442824144 0.02873791181124174 0.028780423677884616
0 0.7103965465839093 0.44935314471905047 0.017369196965144232 0.017262092003455527
0 0.5499360744769757 0.14066142302293044 0.02515389369084285 0.025516620049109824
0 0.13166187359736517 0.19540808751032904 0.02006805860079252 0.0200044925396259
0 0.31562042236328125 0.04403481575158926 0.018651668842022236 0.018748787733224723
0 0.5195772097660944 0.6296347104586087 0.023164675785945013 0.023458187396709736
0 0.7529467069185697 0.8375789935772235 0.020540971022385817 0.020655998816856973
0 0.7173416431133564 0.3509487005380484 0.02129789499136118 0.021323424119215745
0 0.5199643648587741 0.5814257401686448 0.01871064993051382 0.01873295123760517
0 0.08768802422743577 0.23477668028611404 0.018012156853309043 0.01807575959425706
0 0.49465172107403094 0.30995992513803333 0.03029500521146334 0.0301663325383113
0 0.8853826522827148 0.320101077740009 0.01538834205040565 0.015209418076735277
0 0.6673451937161959 0.5964670181274414 0.018092815692608174 0.017907362717848558
0 0.27960421488835263 0.19250053625840408 0.019118749178372897 0.01907825469970703
0 0.42854892290555513 0.14139435841487005 0.024309965280386116 0.024166657374455378
0 0.8566521131075345 0.012828260660171509 0.023136285635141227 0.022594745342548076
0 0.7121722148014948 0.2645093110891489 0.015793726994441107 0.01599410864023062
0 0.543613103719858 0.1562024630033053 0.025266720698429987 0.025662578069246732
0 0.15039616364699143 0.9863242369431716 0.02033380361703726 0.01995702890249399
0 0.44832640427809495 0.2617226747366098 0.022289862999549277 0.022264370551476113
0 0.8281814135037936 0.6812632634089544 0.018966528085561898 0.019030644343449518
0 0.6485918485201322 0.6406737107496995 0.020618438720703125 0.02078980665940505
0 0.21606984505286583 0.7521164967463567 0.08553673670842098 0.08516179598294772
0 0.1652549963731032 0.23746264897860014 0.016968910510723408 0.01701641082763672
0 0.3789277443519005 0.8772785480205829 0.018877763014573317 0.018680572509765625
0 0.24854425283578727 0.5247274545522836 0.01566160642183744 0.015729610736553486
0 0.271955838570228 0.846657239473783 0.02202459482046274 0.022159723135141227
0 0.47736417330228365 0.36201271644005406 0.019095934354341947 0.01937587444598858
0 0.47456891720111555 0.4979518743661734 0.01576988513653095 0.015630208528958835
0 0.7965505306537335 0.7469601264366736 0.015437933114858774 0.015339191143329326
0 0.5941443810096154 0.16568935834444487 0.019146845890925482 0.01918477278489333
0 0.5426828311039851 0.41115394005408656 0.015517454880934495 0.015363179720365085
0 0.6283559065598708 0.9443256671612079 0.018805870643028848 0.018615575937124398
0 0.0774249663719764 0.116806121972891 0.015253378794743465 0.015270673311673678
0 0.387567190023569 0.9876786745511569 0.02562236785888672 0.020754007192758415
0 0.16838411184457633 0.6843194227952224 0.022100081810584433 0.022219731257512018
0 0.5619327838604267 0.20912799468407264 0.016055767352764424 0.01606119596041166
0 0.8650011649498572 0.7454371819129357 0.01540066645695613 0.01547534649188702
0 0.17966714272132286 0.7089657416710486 0.05916002163520226 0.059034494253305286
0 0.4840857432438777 0.2936410170335036 0.017183597271259014 0.017319532541128304
0 0.9532761940589318 0.7842942017775315 0.01899572519155649 0.025570209209735576
0 0.3585295310387245 0.8076786628136268 0.01727742415208083 0.017525599553034857
0 0.9153322073129507 0.4553639338566707 0.01974340585561899 0.019742378821739785
0 0.4521956810584435 0.2390127915602464 0.016034639798677884 0.016145706176757812
0 0.9343220637394831 0.538935661315918 0.01748070350060096 0.017236709594726562
0 0.7311003758357122 0.7873756702129657 0.01546184833233173 0.015584945678710938
0 0.5900300099299505 0.9471469292273889 0.016146293053260215 0.01635888906625601
0 0.9124977405254657 0.9622152768648587 0.01615729698768029 0.01627203134390024
0 0.0400389524606558 0.19797053703894982 0.01320803165435791 0.021096192873441257
0 0.8659397271963266 0.6928708736713116 0.014761851384089543 0.014649024376502404
0 0.8019168560321515 0.07894683801210843 0.014105576735276442 0.01422885748056265
0 0.8599013548630935 0.2281168424166166 0.05518942612868089 0.05413099435659555
0 0.843905522273137 0.3129452925461989 0.014316852276141826 0.014446405264047476
0 0.7353333693284255 0.011581242084503174 0.015819256122295674 0.015394838956686167
0 0.7861002408541166 0.2229623794555664 0.017931131216195915 0.017933992239145134
0 0.719830586360051 0.25223687978891224 0.014366736778846154 0.01430977307833158
0 0.9228480412409856 0.6815010951115534 0.06056829599233774 0.06060644296499399
0 0.6981340555044321 0.08049533000359169 0.014342381403996395 0.014566806646493765
0 0.8701270176814153 0.6567062231210562 0.014128611637995793 0.014272689819335938
0 0.5305686363807092 0.3574234155508188 0.01494290278508113 0.014687318068284255
0 0.7862676473764273 0.22086029786330003 0.020756061260516826 0.021003209627591647
0 0.4277290197519156 0.18482145896324745 0.019524207481971152 0.019484960115872897
0 0.7464749262883112 0.1966527241926927 0.013590299166165866 0.0136109865628756
0 0.2608572519742526 0.7756867041954627 0.06433978447547326 0.06412579463078426
0 0.6492630151601938 0.11998544289515568 0.016236525315504808 0.016291013130774863
0 0.11612419898693378 0.014354806679945726 0.01891359916100135 0.01891038051018348
0 0.863365466778095 0.8317175645094651 0.014851203331580529 0.01501934344951923
0 0.7043248690091647 0.7492223886343149 0.0245968745304988 0.024136763352614183
0 0.7388421572171725 0.6450415391188401 0.014097800621619591 0.014028255756084736
0 0.735289793748122 0.6192514712993915 0.013948733990009014 0.01403045654296875
