0 0.4602096997774564 0.9327398446890024 0.07287450937124398 0.07370229867788461
0 0.7775991879976712 0.5012521743774414 0.05777124258188101 0.057987359853891224
0 0.724879631629357 0.3445595594552847 0.06137407743013822 0.06248349409836989
0 0.7531119126539964 0.14388110087468073 0.05274391174316406 0.05252570372361403
0 0.24842214584350586 0.5443741725041316 0.08013739952674279 0.0805363288292518
0 0.761751835162823 0.4427539018484262 0.0370641855093149 0.036289215087890625
0 0.6041069764357346 0.5414517476008489 0.051854500403771035 0.05176089360163762
0 0.4101270895737868 0.6778084681584284 0.07846861619215745 0.07837677001953125
0 0.6311256702129657 0.676390867966872 0.0576324462890625 0.0577551034780649
0 0.5709361296433669 0.22703145100520208 0.03500982431265024 0.03472746335543119
0 0.17967557907104492 0.306395017183744 0.03688760904165415 0.03696353618915264
0 0.3933055584247296 0.6010908346909744 0.017666743351862982 0.017435807448167067
0 0.5645528206458459 0.30393338203430176 0.0670613508958083 0.06673090274517353
0 0.6367874145507812 0.937652954688439 0.02121910682091346 0.02139120835524339
0 0.5476266420804538 0.18039534642146185 0.0439601311316857 0.04395910409780649
0 0.2706604370704064 0.263641540820782 0.029692466442401592 0.029522822453425482
0 0.737822752732497 0.5090596492473896 0.04079906757061298 0.0408020753126878
0 0.5781750312218299 0.5208064226003793 0.023678412804236777 0.023898784930889424
0 0.6728050525371845 0.38402902162992036 0.09298559335561898 0.0930338639479417
0 0.4922550641573392 0.8745938814603366 0.05762760455791767 0.05822343092698317
0 0.4961267618032602 0.2727430783785306 0.06788473862868089 0.06846442589393029
0 0.4496926894554725 0.3796854752760667 0.03631114959716797 0.03638399564302885
0 0.5914811354417068 0.6953855661245493 0.026075069720928486 0.02603941697340745
0 0.5051647332998422 0.8214845657348633 0.03357740548940805 0.033305975107046276
0 0.20135985887967622 0.90136535351093 0.026616976811335638 0.027004535381610576
0 0.22582556651188776 0.45135167928842396 0.10609626770019531 0.10674007122333233
0 0.6522342975323017 0.3108062744140625 0.05997936542217548 0.0605468016404372
0 0.7360007946307843 0.5284872788649339 0.022675734299879808 0.02252813485952524
0 0.36009905888484073 0.3777063809908353 0.03755657489483173 0.03755114628718449
0 0.3599448570838341 0.8150445497952975 0.017278377826397236 0.017689044658954326
0 0.41780735896183896 0.024337915273813102 0.017624634962815505 0.017571976551642783
0 0.8357953291672927 0.2559342384338379 0.021500220665564902 0.021545263437124398
0 0.29867722437931943 0.32381065075214094 0.0291445071880634 0.02933949690598708
0 0.5756638233478253 0.6298442987295297 0.06489959129920372 0.06476901127741887
0 0.663508048424354 0.8576442278348483 0.01803764930138221 0.01795020470252404
0 0.4353785514831543 0.6660285362830529 0.02884828127347506 0.029276921198918268
0 0.5066924461951623 0.44379685475276065 0.06887047107403095 0.06853639162503757
0 0.5240351603581355 0.23677339920630822 0.03537486149714543 0.0348967772263747
0 0.17023225931020883 0.9306439619797927 0.03730058670043945 0.03748409564678486
0 0.5405300580538236 0.6472121018629807 0.01869825216440054 0.018703460693359375
0 0.14645583813007063 0.9639515509972205 0.01897602814894456 0.021947567279522236
0 0.7627036021305964 0.28711577562185436 0.021109360914963942 0.02116284003624549
0 0.700348633986253 0.7832282139704778 0.053087821373572715 0.052082208486703724
0 0.5785679450401893 0.4915257967435397 0.04848150106576773 0.04850482940673828
0 0.7557593125563401 0.6063154660738431 0.022078880896935098 0.021949181189903848
0 0.4953799614539513 0.08147401076096755 0.02145224351149339 0.021747951324169453
0 0.28507471084594727 0.6085085502037635 0.06213723696195162 0.0621952643761268
0 0.20094042557936448 0.9816330396212064 0.019864522493802585 0.019681930541992188
0 0.7452187171349158 0.47788355900691104 0.03255653381347656 0.0322577403141902
0 0.6660779806283804 0.5052182124211237 0.02691826453575721 0.026508551377516527
0 0.29544778970571667 0.3620401895963229 0.020818490248460036 0.020841305072490986
0 0.8093710679274339 0.3801734630878155 0.023478581355168268 0.023491639357346755
0 0.1792895243718074 0.8763830478374774 0.046102743882399336 0.04502677917480469
0 0.21274212690500113 0.5884518256554236 0.046660973475529596 0.04690698476938101
0 0.8169254889855018 0.36541931445782 0.021973536564753607 0.022048803476186898
0 0.21117769754849947 0.34897833604079026 0.05287504196166992 0.05427389878493089
0 0.42173444307767427 0.8480082291823167 0.04806195772611178 0.047708951509915866
0 0.6876479662381686 0.6711154350867639 0.022849303025465745 0.02280455369215745
0 0.43435933039738583 0.10265932633326603 0.043790377103365384 0.04414883026709923
0 0.20679620596078727 0.7728184920090896 0.03438560779278095 0.034660045917217545
0 0.6974468231201172 0.7526004497821515 0.025578718919020433 0.025996868426983174
0 0.6273714212270883 0.8585924001840445 0.03307463572575496 0.03341997586763822
0 0.14934987288254958 0.9811525344848633 0.025495089017427884 0.027194683368389424
0 0.5051518220167893 0.4969599430377667 0.014989486107459435 0.014932852524977464
0 0.6307956255399264 0.4906919919527494 0.051714383638822116 0.0515287839449369
0 0.39046698350172776 0.13526463508605957 0.01635463421161358 0.016398118092463568
0 0.3376615597651555 0.9846687316894531 0.015460968017578125 0.015303391676682692
0 0.8113470811110276 0.3478414828960712 0.014301593487079326 0.014098827655498799
0 0.8181008559006911 0.5184592467087966 0.014641394981971154 0.014674993661733774
0 0.588723035959097 0.898191892183744 0.027449534489558294 0.027697343092698317
0 0.6857582972599909 0.9650879639845628 0.03490389310396635 0.03484667264498197
0 0.5624065765967736 0.11003431907066932 0.018967628479003906 0.018879431944627028
0 0.3962366030766414 0.2412690015939566 0.016327417813814603 0.016414789053109977
0 0.22534843591543344 0.6191257330087515 0.05976449526273287 0.05904813913198618
0 0.5004507945134089 0.17776591961200422 0.0393670889047476 0.04011748387263371
0 0.6024351853590745 0.3253703484168419 0.021448355454664964 0.021556854248046875
0 0.5203797633831317 0.6041759344247671 0.030037953303410456 0.030541640061598558
0 0.3789202616764949 0.43738687955416167 0.044923635629507214 0.04533048776479868
0 0.432312745314378 0.2813248817737286 0.026654756986177884 0.026621121626633864
0 0.7044540551992563 0.6118253561166617 0.08405480018028846 0.0855721693772536
0 0.331844109755296 0.3637075424194336 0.013823289137620192 0.013932888324444111
0 0.8461400545560397 0.4315595260033241 0.02789893517127404 0.036009568434495196
0 0.1910094481248122 0.5102196106543908 0.031010847825270433 0.03126789973332332
0 0.669014417208158 0.44149362123929536 0.08420621431790866 0.0844889420729417
0 0.4531388282775879 0.13376334997323844 0.01690336374136118 0.017153299771822415
0 0.4410204520592323 0.5582575798034668 0.01865108196551983 0.018558648916391227
0 0.31778016457190883 0.902142598078801 0.016858247610238884 0.017083388108473558
0 0.8007705395038311 0.7295416318453275 0.019612532395582933 0.019864595853365384
0 0.5777320128220779 0.5894140830406775 0.015605779794546274 0.015794754028320312
0 0.209837766794058 0.3536807573758639 0.0442354495708759 0.04369332240178035
0 0.2353203846858098 0.9487904768723708 0.01959543961745042 0.019823807936448317
0 0.5733635608966534 0.11783997829143818 0.04641459538386418 0.045843344468336836
0 0.7626212927011343 0.9937955416165866 0.017565213716947116 0.011286515455979567
0 0.31612913425152117 0.9034841977632962 0.015577022845928486 0.015628814697265625
0 0.1699081384218656 0.9055089216965896 0.03731338794414814 0.0374751457801232
0 0.5693551210256723 0.8754039177527795 0.02560556851900541 0.025492448073167067
0 0.48632625433114857 0.864924064049354 0.014636039733886719 0.015178680419921875
0 0.6829757690429688 0.9829885042630709 0.022725031926081732 0.023198494544396035
0 0.4234500298133263 0.08787337633279654 0.014188326322115384 0.014487339900090145
0 0.7192642505352314 0.9331227816068209 0.023778181809645433 0.02387384267953726
0 0.4173436898451585 0.2365866440993089 0.029904292179987982 0.03029287778414213
0 0.4518570533165565 0.7866718585674579 0.03724597050593449 0.03751578697791466
0 0.16484737396240234 0.8472659771259015 0.02117164318378155 0.02167657705453726
0 0.8257355323204627 0.556922985957219 0.02264257577749399 0.022686298076923076
