0 0.7150331643911508 0.4539800790640024 0.08522268442007211 0.0857548346886268
0 0.7388612307035006 0.34281686636117786 0.06414413452148438 0.0636599614070012
0 0.40147539285513073 0.14420790855701154 0.10339069366455078 0.10397498424236591
0 0.3904078556941106 0.5700326332679162 0.06416078714224008 0.06431381519024189
0 0.5057287582984338 0.8030077860905573 0.1058803705068735 0.10486412048339844
0 0.5270267633291391 0.3458225910480206 0.05212064889761118 0.052101502051720254
0 0.5939526191124549 0.04427198721812321 0.0755471449631911 0.07500876830174373
0 0.720066657433143 0.863315435556265 0.04203590979942909 0.04176653348482572
0 0.413944464463454 0.21697601905235878 0.10085223271296574 0.10182655774630033
0 0.2744054610912616 0.5043328725374662 0.07706609139075646 0.07746967902550331
0 0.6121947948749249 0.1301573056441087 0.1274713369516226 0.1276850700378418
0 0.7116185701810397 0.3829808235168457 0.03471579918494591 0.03465681809645433
0 0.3564558762770433 0.9416958735539362 0.024986853966346152 0.0252682612492488
0 0.6308739001934345 0.29537041370685285 0.028778516329251803 0.02852619611299955
0 0.6739320021409255 0.8001388403085562 0.045360565185546875 0.04499376737154447
0 0.7083716759314904 0.9438718649057242 0.03533231295072115 0.03521024263822115
0 0.7509193420410156 0.7477262937105619 0.03786028348482572 0.0378576425405649
0 0.6633363136878381 0.6019872518686148 0.028035824115459736 0.02804257319523738
0 0.6843244112454928 0.8651679845956656 0.022766700157752402 0.02256613511305589
0 0.5400902307950534 0.6288986206054688 0.09926994030292217 0.09942836027878982
0 0.4082395847027118 0.7365116706261268 0.03297717754657452 0.03232310368464543
0 0.25708781755887544 0.6957913912259616 0.02696646176851713 0.026781815748948317
0 0.6843233842116135 0.17996377211350661 0.022243499755859375 0.02215158022367037
0 0.4711173864511343 0.5044035911560059 0.036565193763146035 0.037035648639385514
0 0.515219468336839 0.2096696633559007 0.02298120351938101 0.022890677818885215
0 0.4877025897686298 0.11098237221057598 0.02261205819936899 0.022698494104238656
0 0.3842083490811862 0.6227755913367639 0.050360532907339245 0.0497125478891226
0 0.6695804595947266 0.6417303818922776 0.017932011530949518 0.01806039076585036
0 0.545873055091271 0.16597557067871094 0.05565863389235277 0.055591665781461276
0 0.6140736433175894 0.5422410598168006 0.017884547893817607 0.017990992619441107
0 0.36654186248779297 0.7939859536977915 0.018296021681565505 0.018444648155799277
0 0.5753761071425217 0.9480894528902494 0.01704568129319411 0.016879741962139424
0 0.6617996509258564 0.7161317972036508 0.016967039841871995 0.01742392319899339
0 0.697447263277494 0.09015888434190017 0.030698336087740384 0.030378703887646016
0 0.5569808666522686 0.5162542416499212 0.022530775803786058 0.022483678964468148
0 0.5918790743901179 0.8377107473520132 0.018793326157789964 0.018986335167518027
0 0.7310883448674128 0.2574007694537823 0.023212726299579326 0.02353822267972506
0 0.5506712106557993 0.222260621877817 0.019580547626201924 0.01957416534423828
0 0.6437542255108173 0.6187823368952825 0.023195266723632812 0.023104154146634616
0 0.47086495619553786 0.43658979122455305 0.01765016409067007 0.01762668903057392
0 0.4200846231900729 0.4274369753324069 0.01980928274301382 0.019655961256760817
0 0.4124309833233173 0.32253390092116135 0.02862064655010517 0.028693272517277643
0 0.5402509615971491 0.7416447859544021 0.08408583127535306 0.08568514310396634
0 0.6698443339421198 0.35660138496985805 0.02963873056265024 0.02899595407339243
0 0.5626126069288987 0.4456327511714055 0.016147760244516227 0.016178424541766826
0 0.3286275130051833 0.4678930135873648 0.017182130080003005 0.017212794377253607
0 0.6180207179142878 0.2533105520101694 0.02216970003568209 0.022247717930720404
0 0.705741442166842 0.07247241185261653 0.028942695030799277 0.028549772042494554
0 0.7012264545147235 0.025055064604832575 0.05106148352989784 0.04951584339141846
0 0.277404601757343 0.3912405234116774 0.02277792417086088 0.02316423562856821
0 0.5737656079805814 0.18720890925480768 0.042921213003305286 0.04293669187105619
0 0.28350065304682803 0.42154722947340745 0.027747594393216647 0.028123121995192308
0 0.2501254448523888 0.7592906951904297 0.050702608548677884 0.05279467656062199
0 0.3910097342271071 0.46520211146428037 0.02972096663254958 0.029697124774639424
0 0.44782689901498646 0.8336161099947416 0.01711551959698017 0.016825455885667067
0 0.43960057772122896 0.7696854518010066 0.017485398512620192 0.017306107741135817
0 0.5276356843801645 0.27777774517352766 0.03054662851186899 0.030156942514272835
0 0.6683736947866586 0.5814048326932467 0.018067286564753607 0.017800404475285456
0 0.2528674785907452 0.41825382526104266 0.03684153923621544 0.036203164320725664
0 0.38863629561204177 0.7092826549823468 0.07106604942908654 0.06974352323091947
0 0.6687981532170222 0.47298358036921573 0.023425469031700723 0.0241396977351262
0 0.41064592508169323 0.7673682432908279 0.020837050217848558 0.02079142056978666
0 0.2666020393371582 0.5208317683293269 0.0984029769897461 0.15297933725210336
0 0.6300201416015625 0.5745173601003793 0.016323676476111777 0.016822301424466647
0 0.5456499319810134 0.2447955975165734 0.11537529872013973 0.11076186253474309
0 0.32512694138746995 0.7031343900240384 0.056235093336838946 0.05557955228365385
0 0.3275566834669847 0.07376492481965286 0.017456641564002402 0.01764353422018198
0 0.6270848054152268 0.6656878544734075 0.025411165677584134 0.025843693659855768
0 0.733650280879094 0.6862122462346003 0.033701383150540866 0.03421842134915865
0 0.40604151212252104 0.9342947739821214 0.01563578385573167 0.015521856454702524
0 0.5414970104510968 0.6698124225323017 0.06286797156700721 0.0639202411358173
0 0.3550544885488657 0.8452152839073768 0.014821712787334736 0.014658267681415264
0 0.6094566858731784 0.7147888036874624 0.014500177823580228 0.014749380258413462
0 0.7312117356520432 0.0690230497947106 0.02272165738619291 0.022652534338144157
0 0.4919041120089017 0.22164388803335336 0.027861375075120192 0.0279385493351863
0 0.5571303000816932 0.24585811908428484 0.09629763089693509 0.0952450678898738
0 0.6095286149245042 0.8821295224703275 0.015289600078876201 0.014943636380709134
0 0.48662787217360276 0.519650385929988 0.02291136521559495 0.02148129389836238
0 0.5366467329171988 0.5227725689227765 0.01902184119591346 0.019243313716008112
0 0.5244786555950458 0.8967448014479417 0.014612931471604567 0.014757303091195913
0 0.6115327248206506 0.005772124116237347 0.043370760404146634 0.011344327376439022
0 0.6905359855064979 0.12187451582688552 0.0234066889836238 0.023200805370624248
0 0.7250259105975811 0.04654101225046011 0.03567343491774339 0.036405242406404935
0 0.6680625768808218 0.5684302036578839 0.015457593477689303 0.01572594275841346
0 0.5036690785334661 0.29960771707388073 0.03453826904296875 0.033222345205453724
0 0.653160021855281 0.02050398404781635 0.047507946307842545 0.03946890280796932
0 0.6747958109929011 0.5514930945176345 0.015326426579402043 0.015622138977050781
0 0.734623542198768 0.38928842544555664 0.03444935725285457 0.03352436652550331
0 0.6965135427621695 0.6040729375985953 0.024308424729567308 0.024394108698918268
0 0.6619216478787936 0.6857437720665565 0.026649621816781852 0.026627760667067308
0 0.6196173887986404 0.978950573847844 0.08374302203838642 0.04174173795259916
0 0.4507322311401367 0.5746348087604229 0.015248518723707933 0.015005698570838341
0 0.6649125172541692 0.7385387420654297 0.021851612971379206 0.021969134990985576
0 0.42864205287053037 0.8177390465369592 0.020199408897986777 0.020488739013671875
0 0.7758806668795072 0.1190494023836576 0.016932854285606973 0.01763303463275616
0 0.3772877546457144 0.6643748650184045 0.026871607853816107 0.026837275578425482
0 0.553925660940317 0.5917293842022235 0.04328581003042368 0.04513050959660457
0 0.4965342741746169 0.6777323209322416 0.03323833759014423 0.03184186495267428
0 0.2767781844505897 0.7258391747107873 0.0389405764066256 0.03925030048076923
0 0.40170955657958984 0.8453081571138822 0.014209600595327524 0.013922177828275241
0 0.6563984063955454 0.6316416813777044 0.017119187575120192 0.017657059889573317
0 0.6577324500450721 0.5574548061077411 0.014298365666316105 0.014256477355957031
0 0.46677472041203427 0.6429526989276593 0.013169215275691105 0.013558020958533654
0 0.3485697966355544 0.6744125072772686 0.02023931650015024 0.020294189453125
0 0.32513919243445766 0.11459465210254376 0.014209967393141527 0.013874970949613132
0 0.6248270181509165 0.5927427732027494 0.017369783841646634 0.01740088829627404
0 0.7668174596933218 0.19237444950984076 0.014294257530799279 0.014177249028132511
