0 0.7840406711284931 0.04200829909398006 0.05509625948392428 0.05489310851463905
0 0.5849289160508376 0.5193632932809683 0.028721369229830228 0.028764064495380107
0 0.1820977284358098 0.0652757057776818 0.0668185307429387 0.06793975830078125
0 0.48656903780423677 0.05633086424607497 0.06143790024977464 0.061493708537175104
0 0.587346076965332 0.23054937215951773 0.08019403310922477 0.07889439509465145
0 0.5072526931762695 0.507201965038593 0.020870208740234375 0.021029545710637018
0 0.4097885351914626 0.3197535734910231 0.03992462158203125 0.039825146014873795
0 0.27096121127788836 0.09582398487971379 0.034769571744478665 0.03443717956542969
0 0.17091567699725813 0.32520763690655047 0.04207530388465294 0.04210376739501953
0 0.23112953626192534 0.10478104077852689 0.03351292243370643 0.033472189536461465
0 0.25535260714017427 0.04451981416115394 0.07886648178100586 0.0796602597603431
0 0.18803827579204851 0.9693772242619441 0.020778656005859375 0.021105546217698317
0 0.5727687248816857 0.43661704430213344 0.018814820509690505 0.018918991088867188
0 0.5796959583575909 0.028562871309427116 0.02204469534067007 0.022322783103355996
0 0.2741605501908522 0.3151513979985164 0.018311720628004808 0.018606112553523138
0 0.40505035106952375 0.20261386724618766 0.017455321091871995 0.017344107994666465
0 0.6436092670147235 0.16671573198758638 0.016743293175330527 0.01696175795335036
0 0.5990430391751803 0.025566944709190957 0.015972284170297477 0.015757020849447984
0 0.19594548298762396 0.732994373028095 0.016715123103215143 0.016833672156700723
0 0.2123543665959285 0.08791611744807316 0.04371797121488131 0.044768883631779596
0 0.6489195456871619 0.23144153448251578 0.07969137338491586 0.07729412959172176
0 0.5990213981041541 0.0937101015677819 0.016743586613581732 0.016193885069627028
0 0.3258256178635817 0.2119894944704496 0.0148622072660006 0.014792625720684346
0 0.8364176383385291 0.023426775748913106 0.02829610384427584 0.02877424771969135
0 0.44283140622652495 0.3228147946871244 0.0416712394127479 0.042191303693331204
0 0.19196836764995867 0.7016975696270282 0.02851720956655649 0.028671117929311898
0 0.480319830087515 0.28339547377366286 0.0397039560171274 0.038889371431790866
0 0.21956550157987154 0.6969110782329853 0.021834080035869893 0.022136541513296273
0 0.5582622381357046 0.2707279645479642 0.10574824993426983 0.10168977884145883
0 0.27005424866309535 0.49576117442204404 0.24506183770986703 0.3014505092914288
0 0.6014908277071439 0.07522333126801711 0.029419825627253607 0.02876403698554406
0 0.16590037712684044 0.7465697068434495 0.014424580794114333 0.016055767352764424
0 0.24782727314875677 0.36910489889291614 0.03249828632061298 0.03202951871431791
0 0.752887065594013 0.09283942442673904 0.030926044170673076 0.03069309087900015
0 0.568461381472074 0.013058286446791429 0.02306820796086238 0.023345681337209847
0 0.5932108438931979 0.010606385194338284 0.04105641291691707 0.020627324397747334
0 0.7552606142484225 0.07057440280914307 0.02934852013221154 0.028574540064885065
0 0.7523467724139874 0.08862358790177566 0.02450414804311899 0.023833549939669095
0 0.4153114465566782 0.38559385446401745 0.0826735129723182 0.07920529292179988
0 0.30156447337223935 0.15621152290931115 0.017082581153282754 0.017298221588134766
