0 0.4398506971505972 0.5290307265061599 0.09921088585486779 0.09789012028620793
0 0.5663060775169959 0.8489154668954703 0.1326288810143104 0.1364722618689904
0 0.48785759852482724 0.8102433131291316 0.03771048325758714 0.03755892240084135
0 0.6880972935603216 0.054642255489642806 0.043277593759390026 0.043172368636498086
0 0.6597653168898362 0.8647724298330454 0.036722770104041465 0.036750500018780045
0 0.6733909020057092 0.8949797703669622 0.024007357083834134 0.023868560791015625
0 0.393556154691256 0.8618696652925931 0.025556564331054688 0.025745391845703125
0 0.5381926756638747 0.3419220997737004 0.052023154038649336 0.052353932307316706
0 0.3813299032358023 0.48634661160982573 0.024984066302959736 0.025193434495192308
0 0.6144794317392203 0.06905552515616784 0.0618748298058143 0.06248858341803917
0 0.49178600311279297 0.47875529069166917 0.019523180448091947 0.019691614004281852
0 0.6373394452608548 0.2776969396151029 0.03161401015061598 0.0317231691800631
0 0.3239797078646146 0.43547982435960036 0.057711014380821817 0.05892137380746695
0 0.6634062987107497 0.4485579270582933 0.029361431415264424 0.029160279494065505
0 0.3313989272484413 0.5012132204495944 0.02906014369084285 0.029087213369516227
0 0.6486615401047927 0.974488771878756 0.05842267549954928 0.047693692720853366
0 0.6806788811316857 0.19982825792752779 0.017300238976111777 0.01722555894118089
0 0.6753182044396033 0.6639832716721755 0.08287327106182392 0.13409526531512922
0 0.6877043063823993 0.14495469973637506 0.017160855806790866 0.017406720381516676
0 0.4176196318406325 0.9394410940317007 0.09349426856407753 0.0926052973820613
0 0.6642207365769607 0.1947488417992225 0.0165103032038762 0.01673551706167368
0 0.5131270335270808 0.4488063225379357 0.0770557110126202 0.07675919165978065
0 0.6019187707167405 0.7119878622201773 0.09057844602144681 0.09211114736703727
0 0.47820370013897234 0.3915433150071364 0.09439761822040264 0.09289345374474159
0 0.671477537888747 0.8169590876652644 0.017834883469801683 0.017924088698167067
0 0.5365559871380146 0.3844719666701097 0.024752103365384616 0.024663925170898438
0 0.6642670264610877 0.30673780808081996 0.03145452646108774 0.03163003921508789
0 0.6535901289719802 0.5389235569880559 0.04038649338942308 0.04001008547269381
0 0.4953463627741887 0.2438956590799185 0.17563379727877104 0.1911446864788349
0 0.6673416724571815 0.11742292917691745 0.02953485342172476 0.029718362368070163
0 0.38763673488910383 0.9871537135197566 0.0246732418353741 0.022399022028996393
0 0.30953220220712513 0.8873854417067307 0.04790056668795072 0.08198371300330529
0 0.5973152747521033 0.149602092229403 0.09777641296386719 0.10070457825293908
0 0.541024428147536 0.9495738102839544 0.01664102994478666 0.016558427077073317
0 0.30252715257497936 0.8013847057635968 0.01633603756244366 0.016032879169170674
0 0.32812562355628383 0.990817143366887 0.016989781306340143 0.015763209416316107
0 0.641400410578801 0.4715509047875038 0.02756984417255108 0.027596547053410456
0 0.4229472600496732 0.843615458561824 0.08933170025165264 0.09009933471679688
0 0.33880255772517276 0.4816091244037335 0.01797969524676983 0.01781316903921274
0 0.5009367282573993 0.5402243320758526 0.028728998624361478 0.0292357664841872
0 0.5017024186941293 0.5435345723078802 0.0237271969134991 0.023989163912259616
0 0.43056018535907453 0.7617356226994441 0.06269777738131009 0.061987069936899036
0 0.38403833829439604 0.9004367681650015 0.025987845200758714 0.02588228078988882
0 0.5796194076538086 0.4963546899648813 0.062264515803410456 0.062044510474571817
