0 0.5213834322415866 0.4336395997267503 0.030825101412259616 0.03068997309758113
0 0.28266411561232346 0.874727175785945 0.033935180077185996 0.03374965374286358
0 0.3274978490976187 0.21828966874342698 0.023830707256610576 0.024072720454289362
0 0.9139914879432092 0.292332282433143 0.018510965200570915 0.01835008767934946
0 0.7341324732853816 0.6744001828707181 0.023252340463491585 0.02367577185997596
0 0.9462399115929236 0.6596844012920673 0.029578575721153848 0.02949670644906851
0 0.5196897800152118 0.8257882044865534 0.022738163287823018 0.022943643423227165
0 0.6496730951162485 0.753931632408729 0.020668910099909857 0.020671551044170674
0 0.3912223669198843 0.15837951806875375 0.02007631155160757 0.020239976736215446
0 0.39607128730187047 0.4659452438354492 0.027254471412071817 0.027449827927809495
0 0.9803993518535907 0.4775947424081656 0.026421767014723558 0.02637349642240084
0 0.19103781993572527 0.7520230366633489 0.025007944840651292 0.02480594928448017
0 0.3690360142634465 0.5112564747150128 0.024141458364633415 0.02460655799278846
0 0.37459938342754656 0.2777585983276367 0.021533745985764723 0.02137609628530649
0 0.7838030595045823 0.46758549030010516 0.017147357647235576 0.017107596764197715
0 0.4823758785541241 0.6622904264009916 0.022179383497971755 0.022061274601862982
0 0.7783958728496845 0.2477732621706449 0.020155686598557692 0.020055514115553636
0 0.6480362231914814 0.2534662393423227 0.021611433762770433 0.021593350630540114
0 0.8208145728478065 0.7448892593383789 0.017702249380258415 0.017711345966045674
0 0.03332425539310162 0.17109289536109337 0.01782546593592717 0.017893094282883864
0 0.15413203606238732 0.9120414440448468 0.02254144962017353 0.022675734299879808
0 0.7046935741717999 0.7301649680504432 0.018374222975510817 0.018500254704402044
0 0.01118272657577808 0.1505335019184993 0.022435470269276545 0.02881928590627817
0 0.5789962915273813 0.06498981439150296 0.020548306978665866 0.02041457249568059
0 0.8794645896324744 0.7265371909508338 0.016800953791691706 0.016665532038762018
0 0.388767462510329 0.9840467159564679 0.023128656240609977 0.02311104994553786
0 0.13823322149423453 0.7001360379732572 0.019359588623046875 0.01947608360877404
0 0.7517039225651667 0.1769097584944505 0.01845125051645132 0.018548892094538763
0 0.49770622987013596 0.4121910241933969 0.016770069415752705 0.016776158259465143
0 0.37115119053767276 0.6091783230121319 0.024900363041804388 0.024928899911733773
0 0.13588256102341872 0.5100168081430289 0.030626370356633112 0.03090843787560096
0 0.6948424119215745 0.020644802313584548 0.02031737107496995 0.02011735622699444
0 0.7382642305814303 0.4156696613018329 0.018178499661959134 0.01829836918757512
0 0.049194711905259356 0.49400190206674427 0.02982885791705205 0.029597135690542366
0 0.18394712301400992 0.8009061079758865 0.017212941096379206 0.017261505126953125
0 0.07709059348473182 0.9892962529109075 0.024771341910729043 0.018689375657301683
0 0.14175628698789156 0.2605875638815073 0.02637171745300293 0.026392679948073167
0 0.5804554865910456 0.5764714387746958 0.017238690302922174 0.017094171964205228
0 0.1505145109616793 0.37561673384446365 0.020093367649958685 0.01993399399977464
0 0.8297648063072791 0.4835951878474309 0.017855277428260215 0.017980428842397835
0 0.08961224555969238 0.19075067226703352 0.02044996848473182 0.020536239330585185
0 0.7049297919640174 0.801874747643104 0.017338679387019232 0.017481437096228965
0 0.42987640087421125 0.8949433840238131 0.017029542189378005 0.017083388108473558
0 0.7212690206674429 0.4783682089585524 0.016083643986628607 0.016210482670710638
0 0.9790860689603366 0.8826472942645733 0.01934183560884916 0.019353132981520433
0 0.21304649573106033 0.7211424020620493 0.01596520497248723 0.015996199387770433
0 0.692462260906513 0.4489848797137921 0.020217161912184495 0.020185030423677884
0 0.7831032092754657 0.41959403111384463 0.016490349402794473 0.016551677997295674
0 0.1185452754680927 0.68407286130465 0.031977396744948164 0.03177349384014423
0 0.6295920885526217 0.3704728346604567 0.0220791743351863 0.02245756296011118
0 0.05629195616795467 0.47124077723576474 0.016646687801067647 0.01674630091740535
0 0.5286808747511643 0.3044053591214694 0.019667698786808893 0.019584068885216348
0 0.27011999717125523 0.5718536743750939 0.018811959486741286 0.01891158177302434
0 0.9051253245427058 0.979920900785006 0.020932564368614785 0.021159245417668268
0 0.07907155843881461 0.4568972954383263 0.014908199126903828 0.014958014855018029
0 0.3420270773080679 0.030678327266986553 0.01699520991398738 0.01682430964249831
0 0.268157225388747 0.5557874532846304 0.01953733884371244 0.01985505911020132
0 0.5534689976618841 0.77063538477971 0.016330572275015023 0.016370479877178486
0 0.06318511871191171 0.4610610741835374 0.01664282725407527 0.016538106478177585
0 0.024033626684775718 0.5138294880206769 0.020996451377868652 0.02124338883620042
0 0.03871908554664025 0.0708553149149968 0.01609970973088191 0.016121479181142952
0 0.9861381970919095 0.05843155200664814 0.015644073486328125 0.016543094928448018
0 0.36986505068265474 0.44950096423809344 0.035223887516902044 0.035144952627328724
0 0.9102885906512921 0.402010624225323 0.01703643798828125 0.016838220449594352
0 0.7577053950383112 0.5688432913560134 0.0242462158203125 0.024726427518404447
0 0.2027919475848858 0.6579079261192908 0.016031265258789062 0.01586297842172476
0 0.11747217178344727 0.8831066718468299 0.016377669114332933 0.016323089599609375
0 0.006938812251274402 0.2626270330869235 0.013864525235616244 0.02193604982816256
0 0.8694411057692307 0.9048853654127854 0.01848763685960036 0.018250538752629206
0 0.7146091461181641 0.31818793370173526 0.015964508056640625 0.01608114976149339
0 0.8065593426044171 0.7342152228722205 0.015153738168569712 0.01509387676532452
0 0.48271934802715594 0.4432219725388747 0.014324188232421875 0.014312157264122596
0 0.15857494794405425 0.05127982451365544 0.015361749208890475 0.015331910206721379
0 0.08923768997192383 0.30876863919771635 0.017171786381648138 0.017118380619929388
0 0.5942731270423303 0.17269325256347656 0.014673526470477764 0.014627713423508864
0 0.9557070365318885 0.07650311176593487 0.01476742671086238 0.01466683241037222
0 0.8667356784527118 0.9064573141244742 0.016057674701397236 0.016002801748422477
0 0.33895243131197417 0.3937056614802434 0.014220457810621995 0.01423938457782452
0 0.8177259885347806 0.42501453252939075 0.017656766451322116 0.017499630267803486
0 0.33504607127263 0.36206964346078724 0.019036293029785156 0.019035779512845553
0 0.005984400900510641 0.4435299359835111 0.01194070279598236 0.01783591050368089
0 0.3051623197702261 0.4872290537907527 0.01453384986290565 0.014619387113131009
0 0.4616914162269005 0.8045576535738431 0.015697625967172477 0.015508505014272837
0 0.5978561548086313 0.349114858187162 0.01656928429236779 0.016785108126126803
0 0.9630866417518029 0.5788594759427584 0.015458327073317308 0.015564625079815205
0 0.8058920640211839 0.8790654402512771 0.015003204345703125 0.015207290649414062
0 0.37708436525785005 0.06914626635037936 0.015342125525841346 0.01527109512915978
0 0.9635639924269456 0.5027562654935397 0.016680350670447715 0.01669788360595703
0 0.9554705986609826 0.02596019093806927 0.01589232224684495 0.015807926654815674
0 0.9838771086472732 0.8194333589993991 0.030551030085637018 0.04052294217623197
0 0.8527228282048152 0.6056221815255972 0.01446078373835637 0.014539058391864482
0 0.23274531731238732 0.5855862910930927 0.017239497258112982 0.017178682180551384
0 0.7704803760235126 0.14874903972332293 0.022548968975360576 0.02268838882446289
0 0.9958911308875451 0.102295472071721 0.008004408616286058 0.01823135522695688
0 0.33271334721491885 0.6760142399714544 0.019522593571589544 0.01960446284367488
0 0.2788028350243202 0.6463363354022686 0.013832605802095853 0.014135360717773438
0 0.5214061737060547 0.7643539722149189 0.015723595252403848 0.015848306509164665
0 0.9830906207744892 0.6722822922926682 0.017322540283203125 0.017253582294170674
0 0.8996878403883714 0.8655832730806791 0.017577244685246393 0.017745091364933893
0 0.11667029674236591 0.4465926977304312 0.014432375247661885 0.014421756450946514
0 0.7713127136230469 0.4549369812011719 0.020381634051983174 0.020669203538161058
0 0.20629593042226937 0.1298971726344182 0.014542946448692909 0.014616049253023587
0 0.8424902695875901 0.0730297382061298 0.015398465670072116 0.015586577928983249
0 0.887717393728403 0.6460094451904297 0.013766655555138221 0.013730269211989183
0 0.8789452772874099 0.6819195380577674 0.013876694899338942 0.013762547419621395
0 0.8033592517559345 0.41762553728543794 0.01446063701923077 0.014928304232083835
0 0.45008490635798526 0.6016938502971942 0.015967442439152643 0.01622170668381911
0 0.9172272315392127 0.12850612860459548 0.014581680297851562 0.014650088090163011
0 0.5224961134103628 0.39254210545466495 0.014041387117826022 0.014032804048978366
0 0.7958602905273438 0.6259542611929086 0.013987907996544471 0.014216202955979567
0 0.8223617260272686 0.15758131100581244 0.01606603769155649 0.016187447767991286
0 0.6997229502751277 0.9022029729989859 0.028148504403921273 0.02809773958646334
0 0.8910984626183143 0.91803712111253 0.013526623065655049 0.013520167424128605
0 0.019704156197034396 0.9750781426062951 0.01776856642503005 0.017977494459885817
