0 0.13137166316692644 0.5793090600233811 0.020317737872783955 0.02057948479285607
0 0.20574052517230695 0.25798779267531174 0.019280213576096755 0.01925996633676382
0 0.5511089471670297 0.3852897057166466 0.026905206533578727 0.02676729055551382
0 0.26178792806772083 0.5240115385789138 0.03578472137451172 0.03532629746657152
0 0.38910587017352766 0.18261108031639686 0.05707095219538762 0.05755706933828501
0 0.7790565490722656 0.7982067695030799 0.016472302950345553 0.0164950444148137
0 0.7309850546029898 0.6861559060903696 0.019947345440204326 0.01998138427734375
0 0.14005789389977089 0.9087797311636118 0.02185502419104943 0.022044255183293268
0 0.8116350907545823 0.8409029153677133 0.024264115553635817 0.024326324462890625
0 0.39940980764535755 0.01067260939341325 0.021123592670147236 0.019886661034363966
0 0.9358190389779898 0.7294425964355469 0.019528022179236777 0.019561767578125
0 0.15957485712491548 0.5020495928250827 0.026197470151461087 0.02628473135141226
0 0.7327620432927058 0.9480389815110427 0.015111923217773438 0.015365894024188701
0 0.38364696502685547 0.44669411732600284 0.017301559448242188 0.01746991964486929
0 0.10594296455383301 0.5072913536658654 0.016909342545729417 0.01688414353590745
0 0.3078892414386456 0.024101422383235052 0.014764052170973558 0.014701218559191776
0 0.37398279630220854 0.03434899678597084 0.016121350801908053 0.016194939613342285
0 0.6892378146831806 0.9708181527944711 0.015015968909630409 0.0149688720703125
0 0.7445103571965144 0.13401185549222505 0.0146331787109375 0.014401069054236779
0 0.9166842240553635 0.06702177341167743 0.015134077805739183 0.014801465548001803
0 0.13179154579456037 0.8822021484375 0.021102098318246696 0.021344404954176683
0 0.9162972523615911 0.6436283405010517 0.015918438251201924 0.0159304692195012
0 0.6286541131826547 0.7761231935941256 0.015738560603215143 0.015584505521334134
0 0.7229898892916166 0.8439309780414288 0.014507440420297476 0.014402096088115986
0 0.947631102341872 0.09848752388587365 0.02042051462026743 0.025265840383676384
0 0.35903035677396333 0.24585962295532227 0.017816690298227165 0.017879999600923978
0 0.5217116062457745 0.8947321818425105 0.023615910456730768 0.023688683143028848
0 0.6846947303185096 0.618888414823092 0.20987921494704026 0.22408089270958534
0 0.4581449215228741 0.3692784309387207 0.019681196946364183 0.019599107595590446
