0 0.6263627272385818 0.6319259496835562 0.1896221821124737 0.19060222919170672
0 0.7487323467548077 0.480040036714994 0.16787250225360578 0.16918006310096154
0 0.41054450548612154 0.6365692432110126 0.07390924600454477 0.07401426021869366
0 0.15039352270273063 0.30303219648507923 0.05856734055739183 0.058348472301776595
0 0.21825673029972956 0.44461690462552583 0.026236607478215143 0.026090035071739785
0 0.6558375725379357 0.47624918130727917 0.02320715097280649 0.023124841543344352
0 0.9406328934889573 0.06322448528729953 0.020983182466947116 0.02061175383054293
0 0.25764872477604794 0.7831175877497747 0.023487604581392728 0.023244711068960335
0 0.18329143524169922 0.6891312965979943 0.02373966803917518 0.023654350867638223
0 0.5995234709519607 0.27252806149996245 0.022055405836838942 0.022282893841083232
0 0.33209683344914365 0.629239008976863 0.06082336719219501 0.06093718455387996
0 0.8776963307307317 0.1538715545947735 0.02174978989821214 0.021954719836895283
0 0.14815378189086914 0.4965527607844426 0.02042359572190505 0.020467758178710938
0 0.7044302133413461 0.7015212132380559 0.019650092491736777 0.019680610069861777
0 0.4569256122295673 0.04013289855076717 0.025790874774639424 0.02557983765235314
0 0.1128604136980497 0.3234605055588942 0.016955449030949518 0.016892066368689902
0 0.272280399615948 0.13164604627169096 0.024212763859675482 0.02428755393395057
0 0.3681543790377103 0.8797362400935247 0.027689273540790264 0.027721698467548076
0 0.8340857579157903 0.3704035832331731 0.05917842571551983 0.05903830895057091
0 0.3557562461266151 0.22513936116145208 0.019553991464468148 0.019728880662184495
0 0.31337862748366135 0.8626156586867112 0.02606830230126014 0.026227657611553486
0 0.7197082226092999 0.5532007951002854 0.018367180457481973 0.018640811626727764
0 0.6646907512958233 0.8337124311006986 0.05687112074631911 0.056229664729191706
0 0.28958933170025164 0.5519980650681716 0.016941290635329027 0.017006800724909857
0 0.3465675940880409 0.9629114591158353 0.07742617680476262 0.06971447284405048
0 0.2812243608328012 0.061447473672720104 0.020051112541785605 0.019784890688382663
0 0.2644377671755277 0.1899549410893367 0.07015730784489559 0.0703889406644381
0 0.5828420932476337 0.5033506980309119 0.021457965557391826 0.02147527841421274
0 0.7702589768629807 0.13193276295295128 0.07724644587590145 0.07736923144413875
0 0.05990097614435049 0.12343857838557316 0.016896385412949782 0.016987030322735127
0 0.6702760549692007 0.7372165826650766 0.017329876239483174 0.01722878676194411
0 0.23934490864093488 0.1731248818911039 0.02214780220618615 0.022085153139554538
0 0.8122368592482346 0.4214183000417856 0.022704931405874398 0.02283639174241286
0 0.9284307039701022 0.6047234168419471 0.020203517033503607 0.020287146935096152
0 0.5439659998967097 0.26915858342097354 0.01695676950307993 0.017279771658090446
0 0.6454476576585036 0.41452800310575044 0.06410613426795372 0.06395809467022236
0 0.7432322868934045 0.6491756439208984 0.016345097468449518 0.01621554448054387
0 0.8717030745286208 0.3360931323124812 0.04804655221792368 0.04815937922551082
0 0.35376864213209885 0.7641495924729568 0.02477873288668119 0.024819594163161058
0 0.43751848660982573 0.5831422072190505 0.03729027968186598 0.03720782353327824
0 0.23352289199829102 0.6316058819110577 0.020723636333759014 0.020714393028846152
0 0.10545852551093468 0.9674766247089093 0.08350539207458496 0.05887398352989784
0 0.46713520930363583 0.2745157571939322 0.053062145526592545 0.05381316405076247
0 0.5683627128601074 0.5129287426288311 0.01634693145751953 0.01645513681265024
0 0.6468806633582482 0.8716514293964093 0.01929928706242488 0.01941064687875601
0 0.8314677018385667 0.40639466505784255 0.018174244807316706 0.018236306997445915
0 0.24683866134056678 0.34787713564359224 0.016105835254375752 0.01580634483924279
0 0.9441632490891677 0.38755475557767427 0.021180079533503607 0.021132762615497295
0 0.3215652245741624 0.11954890764676608 0.035114288330078125 0.03495559325584999
0 0.8613348740797776 0.08893072605133057 0.1482092050405649 0.14797557317293608
0 0.2793424312884991 0.7666875399076022 0.0168607418353741 0.01691715533916767
0 0.25589876908522385 0.5164319918705866 0.0160982425396259 0.016140057490422174
0 0.22515707749586839 0.20313288615300104 0.016609558692345254 0.016534731938288763
0 0.8224254021277795 0.19640343005840594 0.04027880155123197 0.039781937232384317
0 0.2020559861109807 0.7313369604257437 0.016030274904691257 0.01617299593411959
0 0.2555091747870812 0.3839837587796725 0.015037940098689152 0.015072895930363582
0 0.07921052896059476 0.26894294298612154 0.015405985025259165 0.01555926983173077
0 0.3930358519920936 0.08537397017845741 0.01905089158278245 0.019262611865997314
0 0.528568487900954 0.4321135374215933 0.015708043025090143 0.015659038837139424
0 0.35620553676898664 0.2556354265946608 0.027627284710223857 0.02725524168748122
0 0.5067781301645132 0.1604307064643273 0.04772259638859676 0.04774034940279447
0 0.9195503821739783 0.5741602090688852 0.016820467435396634 0.016818706805889424
0 0.9449078486515925 0.2974381080040565 0.015837449293870192 0.016146366412823018
0 0.5486920796907865 0.5579639581533579 0.015664174006535456 0.015755726740910456
0 0.9118875356820914 0.41367098001333386 0.014763905451847957 0.014963956979604868
0 0.3735871681800255 0.3640901858990009 0.05059506342961238 0.04890221815842848
0 0.11056824830862191 0.19367672846867487 0.015740284552940957 0.015534217541034404
0 0.1780852721287654 0.35395105068500227 0.01657280555138221 0.01683638646052434
0 0.8026395944448618 0.40671421931340146 0.01809516319861779 0.018134630643404447
0 0.25370654693016637 0.4186400633591872 0.023571161123422477 0.023914924034705527
0 0.7505925985483023 0.6842270631056565 0.015486497145432692 0.015437786395733174
0 0.19468098420363206 0.4396057862501878 0.015268325805664062 0.01515491192157452
0 0.870570549598107 0.9147583888127253 0.18735357431265023 0.16590235783503607
0 0.21493141467754656 0.8375700437105619 0.016304859748253457 0.015970963698167067
0 0.33005244915301984 0.8234898493840144 0.01856569143442007 0.01920494666466346
0 0.647128178523137 0.10758207394526555 0.04845487154447115 0.0479590709392841
0 0.7106994482187124 0.11078326518719013 0.038077281071589544 0.03850716810960036
0 0.7292514947744516 0.028336142118160542 0.01687754117525541 0.017582113926227275
0 0.4887115771953876 0.7556971770066482 0.014846068162184495 0.014849002544696514
0 0.7521161299485427 0.45813281719501203 0.016190748948317308 0.016282008244441107
0 0.8268828025230994 0.15545786344088042 0.015130556546724759 0.015233709261967586
0 0.13891229262718788 0.18379633243267351 0.014516500326303335 0.01457060300386869
0 0.0773169077359713 0.5308688970712515 0.015123880826509915 0.015077004065880409
0 0.8834954775296725 0.09767561692457932 0.02041934086726262 0.020815941003652718
0 0.37462604962862456 0.24844855528611404 0.035718330970177285 0.03612254216120793
0 0.5752450136037973 0.13027101296644944 0.09874497927152194 0.09885252439058743
0 0.8913389352651743 0.11365112891564003 0.021257987389197715 0.021347504395705003
0 0.7134219683133639 0.07095757814554068 0.031192779541015625 0.03090656720674955
0 0.8101633512056791 0.6458038916954627 0.022571417001577523 0.022965651292067308
0 0.4610600838294396 0.4001147930438702 0.015088448157677284 0.015443948599008413
0 0.8438966457660382 0.41567508990948016 0.01485897944523738 0.01495654766376202
0 0.7347849332369291 0.9225424253023587 0.01802679208608774 0.018138298621544473
0 0.23943581947913536 0.830239516038161 0.014760347513052134 0.014954493596003605
0 0.30209651360144985 0.789179435143104 0.01477520282451923 0.014872917762169471
0 0.14712278659527117 0.26180028915405273 0.01595031298123873 0.01638515178973858
0 0.8872751822838416 0.37212547889122594 0.01792012728177584 0.01835771707388071
0 0.32001025860126203 0.19992465239304763 0.053681446955754206 0.05441163136408879
0 0.9512911576491135 0.9424709173349234 0.01550747798039363 0.015380859375
0 0.07205470708700326 0.5815923030559833 0.01578494218679575 0.0157468502338116
0 0.6419557424692007 0.03800324064034682 0.03892223651592548 0.03918514343408438
0 0.5693185512836163 0.05499946154080904 0.08509415846604568 0.08376851448645958
0 0.9226617079514724 0.4671776111309345 0.01618341299203726 0.01626249460073618
0 0.5550876030555139 0.4546720798198993 0.014561653137207031 0.014530181884765625
0 0.5811169697688177 0.8832265413724459 0.04184634868915264 0.041293951181265026
0 0.3036022919874925 0.5174674254197341 0.015873542198768027 0.01587809049166166
0 0.3947331355168269 0.7522150186391977 0.01975866464468149 0.02031120887169471
0 0.9057009770320013 0.25881011669452375 0.06916427612304688 0.06845793357262245
0 0.2809446041400616 0.03521318160570585 0.05273796961857723 0.05361779836507944
0 0.2874635182894193 0.7053144161517804 0.017883667579064004 0.017827840951772835
0 0.9058716113750751 0.6558218002319336 0.01416485126201923 0.014220164372370793
0 0.2063444577730619 0.48366891420804536 0.01596700228177584 0.015757193932166465
0 0.07527517813902634 0.7669376960167518 0.08406183352837196 0.11627255953275241
0 0.30656139667217547 0.7109785813551682 0.041871290940504804 0.04067288912259615
0 0.11371772105877216 0.3824056111849271 0.05172454393826998 0.052795116717998795
0 0.8653247539813702 0.36644436762883115 0.026189657358022835 0.02596415006197416
0 0.8562393188476562 0.7722181173471304 0.01713136526254507 0.017342053926908053
0 0.43193795130803037 0.7907051673302283 0.03652132474459135 0.03594413170447716
0 0.30407461753258336 0.6741779033954327 0.030988033001239482 0.03109403756948618
0 0.4039024206308218 0.46811514634352464 0.015938758850097656 0.01649166987492488
0 0.36136223719670224 0.2522134597484882 0.033574617826021634 0.03540640610914964
0 0.6684119884784405 0.018093929840968206 0.042975205641526446 0.034536343354445234
