0 0.18097580396212065 0.5689543210543119 0.07202413448920617 0.07261393620417668
0 0.7171779045691857 0.9368393237774189 0.03700182988093449 0.03679187481219952
0 0.6754547999455378 0.8649517939640925 0.029291152954101562 0.029198719904972956
0 0.7414420201228216 0.8425076558039739 0.048903245192307696 0.04926930941068209
0 0.3732453859769381 0.7618628281813401 0.034671636728140026 0.03483992356520433
0 0.6933432358961839 0.9210411952092097 0.01844640878530649 0.018398578350360576
0 0.5565937482393705 0.038863892738635726 0.13546151381272536 0.07743231149820182
0 0.500550233400785 0.8308029174804688 0.030564161447378304 0.030559833233173076
0 0.872468508206881 0.18956497999338004 0.07168109600360577 0.12780039127056414
0 0.5423393616309533 0.4315443772536058 0.016690474290114183 0.01681181100698618
0 0.42379019810603213 0.7751149397629958 0.03974224970890926 0.039750319260817304
0 0.7002801161545974 0.8819981354933518 0.03371429443359375 0.033484385563777044
0 0.6876520010141226 0.9706765688382663 0.06022966825045072 0.055159348707932696
0 0.8745018152090219 0.8289521290705755 0.02034334036020132 0.020253988412710335
0 0.7066242511455829 0.09690595590151273 0.017643855168269232 0.018188953399658203
0 0.17669839125413161 0.17669019332298866 0.019100776085486777 0.01907521027785081
0 0.7387071756216196 0.19960467632000262 0.0189053462101863 0.019008489755483773
0 0.11198172202477089 0.7877716651329627 0.01930684309739333 0.019404778113731973
0 0.7425067608173077 0.9055935786320612 0.025257697472205527 0.025393559382512018
0 0.20131556804363543 0.8888492584228516 0.014712076920729417 0.014999976524939904
0 0.39681529998779297 0.5267075391916128 0.015186309814453125 0.01523142594557542
0 0.8274095975435697 0.4025985277616061 0.029077970064603366 0.02901598123403696
0 0.43817564157339245 0.7886056166428786 0.03165619189922626 0.032319875863882214
0 0.28176412215599644 0.8679587290837214 0.014839979318472056 0.01485443115234375
0 0.8554314833420974 0.44774646025437576 0.019214923565204326 0.019281534048227165
0 0.6747652934147761 0.7622442245483398 0.01720399122971755 0.017502711369441107
0 0.6993924654447116 0.8453262035663311 0.032416270329402044 0.03215364309457632
0 0.3557712114774264 0.3126361186687763 0.025685970599834736 0.025929671067457933
0 0.1350561288686899 0.7812007757333609 0.018686698033259466 0.01882758507361779
0 0.5621335323040302 0.3534153424776517 0.01527705559363732 0.015152050898625301
0 0.2493104751293476 0.15784637744610125 0.06249292080218975 0.06188069857083834
0 0.7841913516704853 0.06700365359966572 0.021191963782677285 0.02083736199599046
0 0.4951283381535457 0.9013979985163763 0.20754131904015174 0.1963037344125601
0 0.4318721844599797 0.6805200576782227 0.03773902012751652 0.038316579965444714
0 0.15331758902623102 0.30607186830960786 0.1210943552163931 0.12073736924391526
0 0.7047405242919922 0.9841876396766076 0.016834259033203125 0.016965425931490384
