0 0.27906403174767125 0.6635938791128305 0.03336136157696064 0.03349230839655949
0 0.8707937827477088 0.3563674046443059 0.028083214393028848 0.028079986572265625
0 0.23726712740384615 0.7197873042179987 0.02436696566068209 0.024332486666165866
0 0.868046393761268 0.13421725309812105 0.025423783522385817 0.025726960255549505
0 0.8855156531700721 0.5613860350388747 0.028736407940204326 0.028911370497483473
0 0.8168635735144982 0.5700407028198242 0.026554987980769232 0.026718286367563102
0 0.35892919393686146 0.016145896453123827 0.02429940150334285 0.02431160670060378
0 0.5390561910775992 0.31222079350398135 0.040195465087890625 0.040251970291137695
0 0.4738463621873122 0.11083388328552246 0.01979241004356971 0.019642169658954326
0 0.8714513778686523 0.39189874208890474 0.019224020150991585 0.019135108360877402
0 0.8967756858238807 0.462001213660607 0.02408115680401142 0.023991804856520433
0 0.6381590916560247 0.10628206913287823 0.021844130295973558 0.02186859571016752
0 0.731166252723107 0.9389487046461839 0.021223801832932692 0.021328265850360576
0 0.6628467853252704 0.2832050323486328 0.03192886939415565 0.03178875262920673
0 0.3054724106421837 0.7194337844848633 0.021283809955303486 0.02135614248422476
0 0.27994533685537487 0.8048034081092248 0.021530738243689902 0.02141145559457632
0 0.518468453333928 0.4316112444950984 0.08037537794846755 0.08033224252554086
0 0.8305564293494592 0.1690648885873648 0.020953545203575723 0.02124635989849384
0 0.9047930790827825 0.03217560740617605 0.01758575439453125 0.017366523926074687
0 0.4756846794715294 0.7323518166175256 0.017932891845703125 0.01771853520320012
0 0.8100808950570914 0.3108358749976525 0.017482464130108174 0.01761517157921424
0 0.09693397008455716 0.8810401329627404 0.03884619932908278 0.03893896249624399
0 0.37056750517625076 0.8356282160832331 0.016879962040827826 0.01695867685171274
0 0.1228404687001155 0.7307690840501052 0.01852704928471492 0.01866942185621995
0 0.7794455014742337 0.15440662090594953 0.018008892352764424 0.017893286851736214
0 0.13909765390249398 0.35039223157442534 0.13080706963172326 0.16539199535663313
0 0.7967100143432617 0.9907128260685847 0.019006875845102165 0.015658745398888223
0 0.20474888728215143 0.5965691346388596 0.016917668856107272 0.017011275658240683
0 0.21436786651611328 0.5383427693293645 0.019785440885103665 0.019933260404146634
0 0.5191217569204477 0.17748278837937576 0.020636338454026442 0.020502824049729567
0 0.7036638993483323 0.13926367576305682 0.01897430419921875 0.01907047858605018
0 0.8309207329383264 0.117973281786992 0.01679845956655649 0.016633143791785605
0 0.41532028638399565 0.40914238416231596 0.034001790560208835 0.033801959111140326
0 0.6580966069148138 0.22369898282564604 0.017958420973557692 0.017571082481971152
0 0.27523634983943057 0.614226928124061 0.016093620887169473 0.01611753610464243
0 0.40927945650540865 0.08682700303884652 0.018856342022235576 0.01882307346050556
0 0.7309594521155725 0.1640759247999925 0.017379907461313102 0.01778855690589318
0 0.3764915466308594 0.22411815936748797 0.019325843224158652 0.01985458227304312
0 0.5259535496051495 0.9011782132662259 0.017474908095139723 0.017589275653545674
0 0.7889737349290115 0.13564537121699408 0.01634069589468149 0.01615729698768029
0 0.7509098052978516 0.7665249751164362 0.11693749060997596 0.11667647728553185
0 0.15241854007427508 0.31516100810124326 0.015198927659254808 0.015158359821026143
0 0.8864573698777419 0.38518428802490234 0.015465076153094951 0.015326133141150841
0 0.6587896347045898 0.1857917859004094 0.017994220440204326 0.017711382645827074
0 0.7383963511540339 0.9819767291729267 0.03192637516902043 0.031157566950871393
0 0.7299115107609675 0.18157383111807016 0.016548596895658053 0.01660009530874399
0 0.4734336412869967 0.18674747760479266 0.019027856680063102 0.019062115595890924
0 0.6989922156700721 0.5821659381573017 0.017200469970703125 0.017195921677809495
0 0.41522154441246617 0.6737993680513822 0.0154570066011869 0.015539756188025841
0 0.8499390528752253 0.14715846685262826 0.015321584848257212 0.015312506602360653
0 0.6935589130108173 0.16113880964425895 0.01676354041466346 0.01678642859825721
0 0.6262320004976712 0.709285149207482 0.015978006216195915 0.01605371328500601
0 0.355044071490948 0.11445201360262357 0.018527691180889424 0.01849192839402419
0 0.8628155634953425 0.0634423356789809 0.017235682560847357 0.017551284569960374
0 0.24895594670222357 0.2917668269230769 0.059906005859375 0.06027133648212139
0 0.6347480920644907 0.5994919263399564 0.044535270104041465 0.044633131760817304
0 0.9039347721980169 0.5570578941932092 0.015443068284254808 0.015162247877854567
0 0.13144301451169527 0.5214044130765475 0.026086458793053262 0.02613067626953125
0 0.5584575212918795 0.03331194015649649 0.017590742844801683 0.01759784955244798
0 0.8325693423931415 0.15211019149193397 0.014544413639948918 0.014598846435546875
0 0.3519130853506235 0.7807839466975286 0.01580634483924279 0.0157321049616887
0 0.6161215855525091 0.8816628089317908 0.016749785496638372 0.016772637000450723
0 0.3826727500328651 0.6348612858698919 0.014236156757061299 0.014275184044471154
0 0.6229796042809119 0.6295033968411959 0.018984867976262018 0.01894833491398738
0 0.17476488993718073 0.07502228938616239 0.015653683589054987 0.01591024949000432
0 0.4307867196890024 0.5893948628352239 0.013998618492713341 0.014205492459810697
0 0.7792296776404748 0.320859248821552 0.0171511723445012 0.017319459181565505
0 0.6476899660550631 0.19079179030198318 0.015042378352238582 0.014725758479191707
0 0.863123526939979 0.8956069946289062 0.017174353966346152 0.017206925612229567
0 0.39717212090125453 0.5997370206392728 0.014504432678222656 0.014926470243013822
0 0.5150125943697416 0.8564570500300481 0.016172409057617188 0.016240926889272835
0 0.42759191072904146 0.06874453104459323 0.027454302861140326 0.027947462522066556
0 0.6472718165471003 0.445707761324369 0.04027850811298077 0.03977188697228065
0 0.8408319033109225 0.8980224315936749 0.014314504770132212 0.014650198129507212
0 0.8457613724928635 0.3575275127704327 0.015552227313701924 0.01558391864483173
0 0.9163357661320612 0.6254639992347131 0.020073523888221152 0.02488283010629507
0 0.5928097504835862 0.15157671158130354 0.016472743107722357 0.01636184178865873
0 0.6717050992525541 0.9476112952599158 0.015036362868088942 0.014811002291165866
0 0.41692102872408354 0.587713204897367 0.014066989605243389 0.013919243445763221
0 0.8698952014629657 0.8942381051870493 0.11792843158428486 0.18914237389197716
0 0.38495078453650844 0.7656343166644757 0.014485799349271335 0.014769627497746395
0 0.6189620678241436 0.04536550778609056 0.014878493088942308 0.015114114834712101
0 0.5748902834378756 0.339080810546875 0.04387752826397236 0.04456879542424129
0 0.8589559701772836 0.9257616629967322 0.01520538330078125 0.015336550199068509
0 0.26685736729548526 0.3733544716468224 0.03151504810039814 0.031166223379281852
0 0.40131877018855167 0.8184532752403846 0.014467826256385216 0.014443617600661058
0 0.3017243238595816 0.8990950951209435 0.018877469576322116 0.018961392916165866
0 0.2801237473121056 0.18796165172870344 0.033089857835036054 0.032896261948805586
0 0.7264542946448693 0.24587361629192644 0.014131546020507812 0.014177652505727915
0 0.27451443672180176 0.5450699512775128 0.013979728405292217 0.014154654282789964
0 0.2820233748509334 0.19078792058504546 0.027305419628436748 0.026500885303203877
0 0.12073469161987305 0.10768633622389573 0.02014897419856145 0.020160748408390924
0 0.8191585540771484 0.8291846055250901 0.023038130540114183 0.023154625525841348
0 0.6858218266413763 0.3049816351670485 0.016551677997295674 0.01664249713604267
0 0.41544734514676607 0.02469800068781926 0.015275368323692909 0.01463195108450376
0 0.7582957927997296 0.17625772036038911 0.013938023493840145 0.014075059157151442
0 0.5047842906071589 0.8164520263671875 0.02208122840294471 0.022216209998497598
0 0.8282374602097732 0.9533837391779973 0.042389943049504206 0.043657156137319714
0 0.8672341566819411 0.9764500397902268 0.023513353787935697 0.023276402400090143
0 0.7503215349637545 0.006793191799750695 0.015458913949819712 0.012596322939946102
0 0.7019689266498272 0.5168158457829402 0.014700376070462741 0.014678368201622596
0 0.7773162401639498 0.38135403853196365 0.019576146052433893 0.019481145418607272
0 0.8958941239577073 0.7727676538320688 0.030736483060396634 0.03080881558931791
0 0.3799974001370944 0.08428832200857309 0.015891882089468148 0.016057349168337308
0 0.42469002650334287 0.9468341240516076 0.05162972670335036 0.05041342515211839
0 0.7963179074800931 0.4760909447303185 0.06653272188626803 0.06706091073843148
0 0.8445999438946064 0.18260644032404974 0.014856485220102163 0.014967404879056491
