0 0.5280682857219989 0.7392564920278696 0.1317786436814528 0.13045149583082932
0 0.46018871894249547 0.16388740906348595 0.031957846421461836 0.03218749853280874
0 0.5549044975867639 0.6388265169583834 0.07354567601130559 0.07454666724571815
0 0.3210309101985051 0.6912170556875376 0.0425415772658128 0.04253710233248197
0 0.27933634244478667 0.677607169518104 0.026621378385103665 0.026992357694185697
0 0.7149663338294396 0.9046107072096604 0.06646948594313401 0.09049929105318509
0 0.31070621197040266 0.5210248140188364 0.13004726629990798 0.16830987196702224
0 0.6326013711782602 0.7205462822547326 0.017618619478665866 0.017743477454552285
0 0.6953381758469802 0.7144633073073167 0.10742745032677284 0.11901679405799279
0 0.3766747254591722 0.7042399186354417 0.048004443828876205 0.047977594228891224
0 0.2875612515669603 0.5413203606238732 0.015134958120492788 0.015015382033128005
0 0.6877946120042068 0.778602306659405 0.10466590294471154 0.10214292086087741
0 0.7227015862098107 0.7819026066706731 0.044278658353365384 0.04464266850398137
0 0.3192411936246432 0.11386673267071064 0.02675944108229417 0.026524433722862832
0 0.6082328282869779 0.6626788652860202 0.015517821678748498 0.015477693997896634
0 0.34349955045259917 0.6064040477459247 0.018462547889122598 0.018471277677095853
0 0.42543436930729794 0.7251410851111779 0.045775340153620794 0.04534413264347957
0 0.7384143976064829 0.6528825759887695 0.015615756695087139 0.015345059908353366
0 0.44146031599778396 0.8464461106520432 0.01572726323054387 0.015713031475360576
0 0.37232450338510364 0.9275711499727689 0.057285308837890625 0.05757214472844051
0 0.5306859383216271 0.21266012925368089 0.028264559232271634 0.02801818114060622
0 0.4655782993023212 0.10562452903160682 0.021992023174579326 0.021876995380108174
0 0.6205019584068885 0.853294299199031 0.024735670823317308 0.02518741901104267
0 0.4520908502432016 0.9743011181171124 0.04121692364032452 0.04098848196176382
0 0.31265695278461164 0.7707428565392127 0.01871329087477464 0.019085810734675482
0 0.34264689225416917 0.12012564218961276 0.022462111253004808 0.02281321012056791
0 0.577903674199031 0.5670897777263935 0.019904356736403245 0.019926731403057393
0 0.5587219825157752 0.5567940932053786 0.021165114182692308 0.021552452674278848
0 0.6745102955744817 0.7865619659423828 0.07657608619103065 0.07826379629281852
0 0.6439761381882888 0.8564662933349609 0.021008418156550482 0.021002842829777643
0 0.6924594732431265 0.8599928342379056 0.023048841036283053 0.022755842942457933
0 0.35845404404860276 0.2228375948392428 0.017758589524489183 0.017568588256835938
0 0.56495424417349 0.28455448150634766 0.022863094623272236 0.023302481724665716
0 0.5586644686185397 0.5541742764986478 0.01824048849252554 0.018137418306790866
0 0.7431124173677884 0.37642112145057094 0.016098902775691107 0.016540160545935996
0 0.6911170666034405 0.4463922060452975 0.013647226186899038 0.013869212223933293
