0 0.4567750050471379 0.8336978325477014 0.077117919921875 0.0787655757023738
0 0.3385174457843487 0.060467811731191784 0.07733367039607121 0.07779708275428185
0 0.2098091565645658 0.07715457219343919 0.04543249423687275 0.04628451053912823
0 0.3927596899179312 0.027459250046656683 0.06470357454740085 0.052842213557316706
0 0.7343901854294997 0.692444948049692 0.05958087627704327 0.06046617948091947
0 0.7229058192326472 0.7398545191838191 0.03461133516751803 0.03481307396521935
0 0.2643383282881517 0.4975432982811561 0.020722389221191406 0.020890015822190505
0 0.6421466240516076 0.7569637298583984 0.025870396540715143 0.025995694673978366
0 0.5985753352825458 0.8816070556640625 0.0920407955463116 0.09213931743915264
0 0.6806490971491888 0.7141279073861929 0.02280704791729267 0.022982377272385817
0 0.48569268446702224 0.7691964369553786 0.0280606196476863 0.02799841073843149
0 0.5875357847947341 0.7304385258601263 0.03130898108849159 0.03153639573317308
0 0.6019891225374662 0.017388032032893255 0.02252820821908804 0.022485192005450908
0 0.5267922328068659 0.8706601949838492 0.028830308180588942 0.029203414916992188
0 0.553215503692627 0.0781321433874277 0.018921925471379206 0.018785843482384317
0 0.6107210012582632 0.0883179077735314 0.01665980999286358 0.016341099372276895
0 0.2666828448955829 0.2044511208167443 0.018232052142803486 0.018323971674992487
0 0.5647489107572116 0.7011692340557392 0.02061609121469351 0.020477294921875
0 0.585040385906513 0.8426711742694561 0.0284271240234375 0.02814791752741887
0 0.6407814025878906 0.7356763986440805 0.026970936701847956 0.027361062856820915
0 0.7283723537738507 0.8565651086660532 0.02382997366098257 0.023630288931039665
0 0.6254208638117864 0.29256560252263 0.017842512864332933 0.017915872427133415
0 0.5313344735365647 0.3137579331031212 0.022302847642164964 0.022100008451021634
0 0.2636115000798152 0.09220329614786002 0.030235694004939154 0.029573935728806715
0 0.28833820269658017 0.07491387770726131 0.03226390251746544 0.03177934426527757
0 0.4281696906456581 0.8966632256141076 0.021617742685171273 0.021865111130934495
0 0.7979099567119892 0.7272302921001728 0.017508580134465143 0.017860999474158652
0 0.4554256292489859 0.02806956722186162 0.04930327488825871 0.04838700936390804
0 0.35488378084622896 0.9197145608755258 0.01884152339054988 0.018787384033203125
0 0.21427013323857233 0.842856920682467 0.03223584248469426 0.032035534198467545
0 0.339451056260329 0.19661195461566633 0.01737242478590745 0.01743492713341346
0 0.3650171940143292 0.17435015164888823 0.01779915736271785 0.017528313856858473
0 0.8016969974224384 0.22097382178673378 0.028732153085561898 0.03345269423264723
0 0.5667634377112756 0.23264387937692496 0.017035264235276442 0.017001995673546426
0 0.6871968049269456 0.6103295546311599 0.016741092388446514 0.016811517568734977
0 0.19825172424316406 0.8027145679180439 0.017357899592472956 0.01721925001878005
0 0.6733484268188477 0.6855986668513372 0.02878849322979267 0.028353764460637018
0 0.19520777922410232 0.8243526312021109 0.015531246478740986 0.015608567457932692
0 0.5530209541320801 0.8553413977989783 0.036869122431828424 0.03665703993577223
0 0.7735972771277795 0.7643503775963416 0.01617284921499399 0.016504287719726562
0 0.6205924107478216 0.017442682614693276 0.017105836134690505 0.017252527750455417
0 0.7472201860868014 0.8068381823026217 0.023604172926682692 0.023245591383713942
0 0.3025019352252667 0.04585095552297739 0.035167840810922474 0.03552966851454515
0 0.7315238072321966 0.8280949225792518 0.02157871539776142 0.021371988149789665
0 0.4070110321044922 0.9065025036151593 0.01833035395695613 0.018563490647536058
0 0.6923597775972806 0.16318871424748346 0.019493983342097357 0.019715758470388558
0 0.8006959328284631 0.6779948748075045 0.014893165001502404 0.014904022216796875
0 0.8044272202711839 0.24838594289926383 0.021610846886268027 0.02584207974947416
0 0.6202772580660306 0.045255738955277666 0.017304016993596003 0.017273288506727952
0 0.2537581737224872 0.9266468928410456 0.02218473874605619 0.02229441129244291
0 0.21640878457289475 0.1087506367610051 0.02589134069589468 0.025387910696176384
0 0.7717087085430439 0.7923817267784705 0.01597903325007512 0.015689849853515625
0 0.6394747220552884 0.7112035017747146 0.022295291607196514 0.02178793687086839
0 0.4847356356107272 0.89239135155311 0.017368169931265023 0.017793948833759014
0 0.653225825383113 0.10489340928884652 0.29010857068575346 0.20378475922804612
0 0.7872694455660306 0.06776853708120492 0.015159900371844951 0.015236726173987756
0 0.2905739637521597 0.4330715032724234 0.014546834505521335 0.01434326171875
0 0.25635675283578724 0.06130835643181434 0.04626325460580679 0.045679294146024264
0 0.4633647111745981 0.9326875393207257 0.015314175532414364 0.015490458561823918
0 0.5152635941138635 0.030298664019658014 0.07490884340726413 0.05775899153489333
0 0.7014808654785156 0.19881846354557917 0.04495855478140024 0.04515207730806791
0 0.4020080933204064 0.7951115094698392 0.025224832388070915 0.025142522958608773
0 0.7784007145808294 0.2313072498028095 0.01996641892653245 0.019856012784517728
0 0.23821133833665115 0.8847106053278997 0.014973126924954928 0.014890817495492788
0 0.3411277991074782 0.1739941927102896 0.01510480734018179 0.015471861912653996
0 0.6405409299410306 0.6251600705660306 0.028954139122596152 0.029181223649245042
0 0.6202809994037335 0.8739830897404597 0.06386786240797776 0.06564154991736779
0 0.23568444985609788 0.21854206231924203 0.013226142296424279 0.013333467336801382
0 0.38373096172626203 0.07304209929246169 0.016179304856520433 0.01643516467167781
0 0.6539962475116436 0.6873277517465445 0.04277948232797476 0.04056387681227464
0 0.5552503145658053 0.8512155092679538 0.030383476844200723 0.0294339106633113
0 0.32609037252572864 0.9913476797250601 0.01774765894963191 0.015318503746619591
0 0.6719131469726562 0.7911233901977539 0.014758770282451924 0.014750847449669471
0 0.6310895773080679 0.45725323603703427 0.01988807091346154 0.019667552067683294
0 0.8131433633657602 0.7853934948260968 0.012197641225961538 0.02088781503530649
0 0.6462023074810321 0.6814718980055589 0.03003076406625601 0.029724707970252402
0 0.5167666948758639 0.2102982080899752 0.015397145197941707 0.015201201805701623
0 0.64348081442026 0.6184121645413913 0.018949215228740986 0.018929701585036058
0 0.5720365964449369 0.7694828326885517 0.01615282205434946 0.016129713792067308
0 0.6416178483229417 0.6223583221435547 0.024712782639723558 0.024938399975116435
