0 0.7660909799429086 0.5589958704434909 0.0286404536320613 0.029037328866811898
0 0.6477383833665115 0.9000164912297175 0.036729079026442304 0.036612290602463946
0 0.5323837720430814 0.19477631495549128 0.023261437049278848 0.02359159176166241
0 0.8274207481971154 0.797455934377817 0.022797364455003005 0.022815557626577523
0 0.22263128940875715 0.1782816373384916 0.028142965756929837 0.0281829833984375
0 0.811705075777494 0.7179059248704177 0.02235999474158654 0.02260442880483774
0 0.8568631685697116 0.39979047041672927 0.03732901353102464 0.03803165142352764
0 0.2647614845862755 0.8686386988713191 0.020254245171180137 0.0204312251164363
0 0.6985637224637545 0.38127840482271635 0.029317562396709736 0.029215005727914665
0 0.8455423208383414 0.85015869140625 0.026445828951322116 0.026957291823167067
0 0.3151154884925255 0.739722912128155 0.01970846836383526 0.019761305588942308
0 0.8627694936899039 0.8033645336444561 0.019940302922175482 0.01984273470365084
0 0.65607056250939 0.5997848510742188 0.022931025578425482 0.02287013714130108
0 0.6729759803185096 0.039002679861508883 0.01780862074631911 0.017613025812002327
0 0.659445542555589 0.6563569582425631 0.020446043748121995 0.020564446082481973
0 0.24014810415414664 0.045202979674706094 0.030382046332726113 0.030757702313936673
0 0.26717583949749285 0.10798516640296349 0.017661131345308743 0.01763804142291729
0 0.7785700284517728 0.5135295207683856 0.020803304818960335 0.020861699030949518
0 0.36670505083524263 0.7324591416579026 0.021376976600060098 0.021585611196664665
0 0.40920672049889195 0.9147754082312951 0.09859598599947415 0.09779622004582332
0 0.7484671519352839 0.7163058794461764 0.016142918513371393 0.01656679006723257
0 0.5196632238534781 0.09457697318150447 0.0698394775390625 0.06956801047691932
0 0.14973235130310059 0.11359165265009953 0.017037501701941855 0.01695049726046049
0 0.8217422778789814 0.29671003268315244 0.016097288865309495 0.01625369145320012
0 0.2454843704517071 0.22913419283353365 0.02002719732431265 0.020246212299053486
0 0.3140207804166354 0.07084072553194486 0.016802641061636116 0.016912441987257738
0 0.37775006661048305 0.06543700511638935 0.015763209416316107 0.015755231563861553
0 0.7046542534461389 0.05057311975038969 0.016249876755934495 0.016158507420466497
0 0.15421137442955604 0.842277086698092 0.057270050048828125 0.07750877967247596
0 0.35163596960214466 0.12947618044339693 0.029266797579251803 0.029832913325383112
0 0.19560733208289513 0.9705286759596604 0.01574369577261118 0.015714498666616585
0 0.5626894877507136 0.008301318264924563 0.02418672121488131 0.015527875377581669
0 0.2483525826380803 0.02552584042915931 0.027471028841458835 0.027454614639282227
0 0.18942726575411284 0.7607068281907302 0.01923025571382963 0.019903036264272835
0 0.25575780868530273 0.3408084282508263 0.01546775377713717 0.015580544104942909
0 0.3115084721491887 0.8357990705049955 0.018727229191706732 0.01884005619929387
0 0.695365832402156 0.09399496592008151 0.026395797729492188 0.02630310792189378
0 0.8098798164954553 0.8712191948523889 0.023433538583608773 0.023304865910456732
0 0.834349118746244 0.9449198796198919 0.01987281212439904 0.020166543813852165
0 0.5329745366023138 0.14938836831312913 0.0159756587101863 0.01612241451556866
0 0.5706165387080266 0.3278807860154372 0.0283968998835637 0.02875518798828125
0 0.7833805084228516 0.8706863109882061 0.02721258310171274 0.027270683875450723
0 0.506779670715332 0.12233179349165696 0.05387115478515625 0.05458809779240535
0 0.8632777287409856 0.8613072908841647 0.019982558030348558 0.019985492412860576
0 0.3821791135347806 0.12175915791438176 0.03274741539588341 0.03312400671151968
0 0.6542229285606971 0.8627877602210412 0.025348076453575723 0.025352918184720553
0 0.29520838077251726 0.891262567960299 0.02136362515963041 0.021286450899564303
0 0.43967474423922026 0.008129501572022071 0.022193395174466647 0.015220181300089909
0 0.5469835354731634 0.7815966972937951 0.018983914301945612 0.018904759333683893
0 0.34252386826735276 0.18469716952397272 0.015234873845027043 0.01516254131610577
0 0.6136395014249362 0.7681270012488732 0.10940837860107422 0.10861822275015023
0 0.48189647381122297 0.1706694272848276 0.05711643512432392 0.05732239209688627
0 0.8067041543813852 0.4580526351928711 0.019650679368239183 0.019580987783578727
0 0.7735649989201472 0.2906263791597806 0.024630326491135817 0.024942398071289062
0 0.13017381154573882 0.6163563361534705 0.011604712559626652 0.018158105703500602
0 0.5212461398198054 0.5323294126070462 0.027645184443547174 0.02795586219200721
0 0.6853294372558594 0.05010220179191002 0.015290480393629808 0.0153962282034067
0 0.5972226583040677 0.8610470111553485 0.04089641571044922 0.04044488760141226
0 0.8659255688007061 0.5046642010028546 0.015611501840444712 0.015658158522385817
0 0.3940871312068059 0.9908670278695914 0.019055586594801683 0.015309847318209134
0 0.308687686920166 0.6997268383319561 0.01611174069918119 0.01603522667518029
