0 0.11784436152531551 0.671601808988131 0.14675848300640398 0.14923737599299505
0 0.7010700519268329 0.1804692928607647 0.056028512807992786 0.05618586907019982
0 0.13884623234088606 0.04774300410197331 0.04328757065993089 0.04327079882988563
0 0.39472440572885364 0.5489792090195876 0.22687972508944 0.237031863285945
0 0.5150055885314941 0.06499797564286453 0.06285506028395432 0.06193144504840557
0 0.9125782893254206 0.94055909376878 0.02541380662184495 0.025414100060096152
0 0.17818274864783654 0.018612227760828458 0.03984377934382512 0.03540053963661194
0 0.1914220956655649 0.2519233776972844 0.03857069749098558 0.03881997328538161
0 0.5280452141394982 0.5359563093919021 0.045765069814828724 0.04593643775353065
0 0.7586226830115685 0.11337047356825608 0.02954893845778245 0.029194208291860726
0 0.08583921652573806 0.19534789598905122 0.03144004253240732 0.03138450475839468
0 0.33362322587233323 0.07064201281620906 0.035284922673152044 0.03556904425987831
0 0.3568011430593637 0.9021436251126803 0.022069857670710638 0.022160750169020433
0 0.1280759572982788 0.5295933943528396 0.05762725609999437 0.057029430682842545
0 0.388970815218412 0.4079077427203839 0.0790111835186298 0.07938605088454026
0 0.09494284483102652 0.226867492382343 0.03566393485436073 0.035559434157151446
0 0.65680665236253 0.7627158531775842 0.14064080898578352 0.13819181002103365
0 0.5400808774507962 0.6119425480182354 0.04812123225285457 0.04853549370398888
0 0.17169614938589242 0.5042529472937951 0.029328052814190205 0.029332674466646634
0 0.260613698225755 0.49782635615422177 0.061762369596041165 0.060950205876277044
0 0.0757667009647076 0.0498503905076247 0.04236564269432655 0.04284563431373009
0 0.7809006617619441 0.8300584646371695 0.040506216195913464 0.041348970853365384
0 0.5992678128756009 0.36260590186485875 0.020884367135854866 0.020844386174128607
0 0.1360312425173246 0.1034692250765287 0.028867721557617188 0.028933231647198018
0 0.5385195658757136 0.5693700496967022 0.037038949819711536 0.037066092857947715
0 0.1688846258016733 0.04776745576124925 0.02724599838256836 0.027176609406104453
0 0.24331034146822417 0.9242437802828275 0.031882872948279746 0.03151981647198017
0 0.3959082823533278 0.5222045458280123 0.0187530517578125 0.01898648188664363
0 0.6562785368699294 0.2453776506277231 0.02040378863994892 0.020472086392916165
0 0.13058058115152213 0.20736591632549578 0.025057260806743916 0.024885911207932692
0 0.43880389286921573 0.9169752414409931 0.02404609093299279 0.024176817673903245
0 0.08787909837869498 0.9726943236130935 0.05432768968435434 0.04974233187161959
0 0.7539595090425931 0.49402515704815203 0.02083440927358774 0.020782323983999398
0 0.5245597545917218 0.7629845692561223 0.04402248676006611 0.0444482656625601
0 0.7434588212233323 0.8428434958824744 0.022731927724984977 0.02279839148888221
0 0.2798039729778583 0.3270671551044171 0.021770770733173076 0.021764315091646634
0 0.5432541186992939 0.8704253710233248 0.08943352332481971 0.08925790053147536
0 0.6587470861581656 0.4248821185185359 0.01813022906963642 0.017944776094876803
0 0.23592123618492714 0.29697310007535493 0.030558952918419473 0.031075440920316257
0 0.5001596304086539 0.8513202667236328 0.06456059675950271 0.06309744027944711
0 0.5738487243652344 0.578514575958252 0.03400421142578125 0.03405614999624399
0 0.7429159604586087 0.686737794142503 0.020331162672776442 0.020417140080378607
0 0.871420273414025 0.6443634033203125 0.018160159771259014 0.01818539546086238
0 0.675419073838454 0.26410271571232724 0.01772279005784255 0.017767686110276442
0 0.695198866037222 0.7707195281982422 0.018431883591871995 0.018355736365685098
0 0.4084461285517766 0.7091547159048227 0.025457455561711237 0.025574610783503607
0 0.037072484309856706 0.04528592183039738 0.017636482532207783 0.017488864751962516
0 0.6351090944730319 0.2722499187176044 0.02089867225060096 0.020859131446251504
0 0.7646684646606445 0.5589506075932429 0.02302419222318209 0.02291415287898137
0 0.7251798189603366 0.20895158327542818 0.02855506310096154 0.028557007129375752
0 0.45912867326002854 0.5681478427006648 0.01842630826509916 0.018413323622483473
0 0.8516668172983023 0.8816045614389273 0.02132239708533654 0.021418057955228366
0 0.675040758573092 0.45711605365459734 0.015952330369215745 0.015747803908128005
0 0.7153204404390775 0.8535495904775766 0.02181830772986779 0.021784122173602764
0 0.7055889276357797 0.9421074940608098 0.018253032977764424 0.018093989445612982
0 0.5780419936546912 0.6719796107365534 0.01710994427020733 0.017046708327073317
0 0.6374453031099759 0.8490855143620417 0.015698799720177285 0.015695718618539665
0 0.7218479743370643 0.8051289778489333 0.017764751727764424 0.01796883803147536
0 0.11104501210726224 0.16883508975689226 0.018172484177809495 0.017882420466496393
0 0.5759998835050143 0.3001874226790208 0.017044654259314902 0.017020629002497747
0 0.03328181000856253 0.19101564700786883 0.026449318115527812 0.042836776146521933
0 0.6829675527719351 0.8383068671593299 0.019497211162860576 0.019757197453425482
0 0.9103120657113882 0.9659833174485427 0.016529963566706732 0.016613006591796875
0 0.6947388282189002 0.932403564453125 0.015568219698392428 0.015782576340895433
0 0.43279009598952073 0.9020467171302209 0.019619134756234977 0.019436469444861777
0 0.6043546383197491 0.9667741335355319 0.016591658959021933 0.01667961707481971
0 0.28408138568584734 0.09653482070335975 0.014862537384033203 0.015587109785813551
0 0.39380829150860125 0.9350499373215896 0.01580326373760517 0.015904646653395433
0 0.3684825897216797 0.9570158444918119 0.023931063138521634 0.023891155536358174
0 0.8152589064378005 0.6403310482318585 0.015879264244666465 0.016036840585561898
0 0.16355356803307167 0.3363007398752066 0.017481437096228965 0.01741636716402494
0 0.24473348030677208 0.18667971170865572 0.07482844132643479 0.0765231572664701
0 0.37815515811626726 0.9854125242966872 0.02801682398869441 0.025561112623948317
0 0.4261773916391226 0.7746153611403245 0.01967789576603816 0.01972374549278846
0 0.07975242688105656 0.2666884752420279 0.02363087122256939 0.023923470423771784
0 0.20786377099844125 0.16506103368905875 0.019641729501577523 0.019379469064565804
0 0.6326136955848107 0.3000142024113582 0.03104253915640024 0.031141941363994893
0 0.10100447214566745 0.47797826620248646 0.0165405823634221 0.016393074622521035
0 0.434572880084698 0.07832460220043476 0.03657458378718449 0.036231627831092246
0 0.6843050443209134 0.6510928227351263 0.023839216965895433 0.023810460017277643
0 0.9741141979510968 0.7746851994441106 0.014944810133713942 0.0157470703125
0 0.28169934566204363 0.6727369015033429 0.03335450245783879 0.03316776569073017
0 0.5262713799109826 0.9246314855722281 0.03989887237548828 0.04006649897648738
0 0.4181976318359375 0.15984282126793495 0.032185847942645736 0.03227083499615009
0 0.8780709780179538 0.2922477722167969 0.017798790564903848 0.017610916724571817
0 0.7453622084397536 0.3773296062762921 0.018393296461838942 0.01803442148061899
0 0.25165048012366664 0.94263245509221 0.02735137939453125 0.027854039118840143
0 0.2874533213101901 0.9905646397517278 0.016580948462853067 0.013955189631535457
0 0.26609318072979266 0.5516427113459661 0.03989094954270583 0.039391737717848554
0 0.12798625689286453 0.15586117597726676 0.015911157314593975 0.015935934506929837
0 0.6606427706204928 0.6365833282470703 0.026247317974384014 0.026691143329326924
0 0.4051203360924354 0.36953500600961536 0.05199843186598558 0.053335996774526745
0 0.7561964621910682 0.5770328595088079 0.015464489276592549 0.015381372891939603
0 0.1811825312100924 0.17514735001784104 0.029866915482741136 0.03044407184307392
0 0.16597423186668983 0.8887383387638972 0.03065626437847431 0.03009796142578125
0 0.15919091151310846 0.19069781670203576 0.024462406451885518 0.024622770456167366
0 0.5993939913236178 0.27902907591599685 0.02361136216383714 0.023301234612098105
0 0.35302404256967396 0.4724699900700496 0.019652146559495192 0.019796371459960938
0 0.960901847252479 0.785863289466271 0.02674102783203125 0.026721074030949518
0 0.3561407235952524 0.6078645999615009 0.015999573927659255 0.016165953416090745
0 0.05314997526315542 0.33657147334172177 0.019226496036236104 0.019351078913762018
0 0.22352301157437837 0.42495452440702 0.017830078418438252 0.017491267277644232
0 0.2868790259728065 0.624241462120643 0.05406753833477314 0.05483730022723858
0 0.8673072961660532 0.7162614969106821 0.014627456665039062 0.014620560866135817
0 0.3059540895315317 0.09601405950692984 0.044633058401254505 0.044381953202761136
0 0.5570563169626089 0.5976298405573919 0.01391462179330679 0.014284867506760817
0 0.4954043901883639 0.5487050643334022 0.024773084200345553 0.024908065795898438
0 0.7579285548283503 0.16051312593313363 0.07213739248422477 0.07254794927743766
0 0.5988915516779973 0.2528236829317533 0.014809535099909855 0.01478283221905048
0 0.4816020452059232 0.982273688683143 0.08016711014967698 0.03400362454927885
0 0.1963203503535344 0.1295919234936054 0.019914883833665114 0.019876883580134466
0 0.45877618056077224 0.9382597849919245 0.030101262606107272 0.030724745530348558
0 0.6782318995549128 0.6338686576256385 0.019167973445012018 0.019628378061147835
0 0.5319790473351111 0.7282554186307467 0.025907369760366585 0.026184668907752402
0 0.21809302843534029 0.02146230752651508 0.03484667264498197 0.03503588529733511
0 0.9577156213613657 0.49919961049006534 0.014728105985201322 0.014876072223369893
0 0.5359380428607647 0.2185391646165114 0.039768218994140625 0.04029970902663011
0 0.5372338661780725 0.6406137759868915 0.030526381272536058 0.030092679537259616
0 0.2812056541442871 0.4338093537550706 0.03174451681283804 0.03179623530461238
0 0.9495732967670147 0.7453055748572717 0.015022717989408053 0.01482684795673077
0 0.11284193625816932 0.19641408553490272 0.02458033194908729 0.024397813356839694
0 0.6527272737943209 0.026540151009192832 0.07778164056631234 0.05161778743450458
0 0.47562419451200044 0.826957629277156 0.019431260915902946 0.019603875967172477
0 0.3031415572533241 0.763100844163161 0.016082616952749398 0.016211876502403848
0 0.09068705485417293 0.3527518785916842 0.022962350111741286 0.023422387930063102
0 0.33315035013052136 0.5266879155085638 0.015437566317044772 0.015560296865609976
0 0.4586399518526517 0.02854632414304293 0.06260240994966947 0.054308377779447116
0 0.9024609785813552 0.4798102012047401 0.15127152663010818 0.26206324650691104
0 0.3087761952326848 0.848990953885592 0.024648152864896335 0.024771910447340745
0 0.3426657456618089 0.9514698615440955 0.026508624737079326 0.026226630577674277
0 0.5921313946063702 0.9602137345534104 0.01535657735971304 0.015727703387920674
0 0.37592814518855167 0.8189483055701623 0.041428786057692304 0.04150067842923678
0 0.3528049909151517 0.31711394970233625 0.04540267357459435 0.04612409151517428
0 0.15009515102093035 0.12694949370164138 0.022743811974158652 0.02324049289409931
0 0.9708689176119291 0.8426044170673077 0.018123039832481973 0.018330794114332933
0 0.3545949642474835 0.06400658992620614 0.037392836350661054 0.03671036316798283
0 0.5580684221707858 0.7574847294734075 0.023609454815204326 0.023593022273137018
0 0.8517330609835111 0.9630305950458233 0.016861548790564902 0.016752096322866585
0 0.6777954835158128 0.4755397209754357 0.01619999225323017 0.01643855755145733
0 0.17045921545762283 0.9344081878662109 0.01739634000338041 0.017273536095252402
0 0.6124601364135742 0.5741819968590369 0.021499487069936898 0.02132283724271334
0 0.6608289571908804 0.49463924994835484 0.022352952223557692 0.022510235126201924
0 0.649666639474722 0.8828250444852389 0.01662107614370493 0.016609925490159255
0 0.745816524212177 0.09206799360421988 0.01504810039813702 0.01506942969102126
0 0.42015618544358474 0.9462856879601111 0.014509934645432692 0.014683943528395433
0 0.9101069523737981 0.05612976734454815 0.01764855018028846 0.017606478471022386
0 0.2356092379643367 0.5286510174091046 0.028864640455979567 0.028795975905198317
0 0.14960274329552284 0.5460065694955679 0.015344803149883565 0.015281237088716947
0 0.5268162947434646 0.6609036372258112 0.0263824462890625 0.026341364933894232
0 0.26926374435424805 0.7858828031099759 0.01781749725341797 0.018110275268554688
0 0.36092288677509016 0.9400788820706881 0.015941766592172477 0.01637854942908654
0 0.4933680754441481 0.9332738289466271 0.02530494103064904 0.02516761192908654
0 0.9122938009408804 0.7563435481144831 0.014357053316556491 0.014543680044320913
0 0.3140672536996695 0.419248287494366 0.015902959383451022 0.01591212932880108
0 0.19735385821415827 0.993004138653095 0.023441644815298226 0.013040689321664663
0 0.31826147666344273 0.21440069492046648 0.014904975891113281 0.01479339599609375
0 0.2682314469264104 0.2986418834099403 0.019416185525747445 0.019251933464637168
0 0.7592738224909856 0.8386199657733624 0.014584761399489183 0.014507000262920674
0 0.36282935509314906 0.5738628460810735 0.0177462651179387 0.01781617678128756
0 0.46216084406926083 0.9129407589252179 0.020531580998347357 0.020296536959134616
0 0.750964458172138 0.47070077749399036 0.02284548832820012 0.022595625657301683
0 0.8357428770798904 0.6049416982210599 0.014325361985426683 0.014373339139498197
0 0.4719678438626803 0.9240480569692758 0.022794576791616585 0.021878462571364183
0 0.29673092181865984 0.9278799203725961 0.02906938699575571 0.02877660898061899
0 0.15272984137901893 0.27933388489943284 0.017616125253530648 0.018004197340745192
0 0.03196434103525602 0.3103862175574669 0.014624077540177565 0.014620579206026517
0 0.031152473046229437 0.34829620214609 0.021385678878197305 0.034950623145470254
0 0.520060502565824 0.48663927958561826 0.050812061016376205 0.050464556767390326
0 0.7459172468919021 0.22693962317246658 0.018390362079326924 0.018599950350247897
0 0.4231290817260742 0.19139053271367 0.024816513061523438 0.02458649415236253
0 0.36505332359900844 0.144912628027109 0.09090320880596454 0.10264312303983249
0 0.05686843395233154 0.11194275892697848 0.013908844727736253 0.014107190645658053
0 0.7520724076491135 0.16192025404710036 0.0222165034367488 0.022365432519179124
0 0.5722199953519381 0.8130700038029597 0.0372766348031851 0.037180533775916465
0 0.7435936560997596 0.7327103248009315 0.0177609370304988 0.017889756422776442
0 0.44830711071307844 0.7784218421349158 0.01469714824969952 0.014676314133864183
0 0.6009592643150916 0.8549010937030499 0.02531917278583233 0.025124476506159857
0 0.9598223612858698 0.17254070135263297 0.01610535841721755 0.016240633451021634
0 0.21948431088374212 0.23514575224656326 0.025335348569429837 0.02555252955510066
0 0.598268985748291 0.621437146113469 0.013982699467585636 0.01412215599646935
0 0.6167816748985877 0.2894440064063439 0.015524644118088942 0.016054813678448018
0 0.38889195368840146 0.33374746029193586 0.021946833683894232 0.021811558650090143
0 0.41636422964242786 0.8133425345787635 0.015130849984975962 0.015213306133563701
0 0.14382416468400222 0.9033649151141827 0.02644515037536621 0.026155765240009014
0 0.7017082801231971 0.7060408959021935 0.01966065626878005 0.019918295053335335
0 0.4137412584744967 0.6807648585392878 0.02904789264385517 0.02974114051231971
0 0.33372002381544846 0.870349223797138 0.014234542846679688 0.014066842886117788
0 0.5516064350421612 0.020955337927891657 0.050425089322603665 0.04106218081254225
0 0.3203315001267653 0.2571905209467961 0.05314768277681791 0.052330420567439154
0 0.1806344985961914 0.44280099868774414 0.022468713613656852 0.022759070763221152
0 0.15007715041820818 0.16545954117408165 0.030199436041025016 0.030613459073580228
0 0.10454817918630746 0.2558140387901893 0.024420628180870645 0.02433930910550631
0 0.8620774195744441 0.5522801325871394 0.027896000788762018 0.02770409217247596
0 0.19709363350501427 0.7780028856717623 0.05994415283203125 0.06016833965594952
0 0.35233438931978667 0.3467961091261644 0.04877559955303486 0.046070098876953125
0 0.6100444793701172 0.3119686933664175 0.023437353280874398 0.023165115943321817
0 0.6797554309551532 0.30519599180955154 0.01698904771071214 0.016948993389423076
0 0.31345341755793643 0.9843438955453726 0.014070510864257812 0.014385810265174279
0 0.6051424466646634 0.8378559992863581 0.01670976785513071 0.017082801231971152
0 0.2760219940772423 0.4632561757014348 0.03664610936091496 0.03838289701021635
0 0.5058286373431866 0.021599104771247275 0.028576777531550482 0.028391297046954814
0 0.1822237234849196 0.4409758494450496 0.018242249122032754 0.018335929283728965
0 0.06726283752001248 0.3661188712486854 0.02119492567502535 0.021745681762695312
0 0.790501961341271 0.4797825446495643 0.06211941058819111 0.06277905977689303
0 0.16166325715871957 0.22199329963097206 0.027823411501370944 0.02783966064453125
0 0.271916206066425 0.8630876541137695 0.03183907728928786 0.03180621220515324
0 0.3527522820692796 0.5351994587824895 0.015458033635066105 0.015864739051231973
0 0.28403913057767427 0.2841484913459191 0.01761737236609826 0.018188073084904596
0 0.10010021466475266 0.30588342593266415 0.02315049905043382 0.022766590118408203
0 0.29196786880493164 0.7251842205341046 0.016650933485764723 0.016888251671424277
0 0.3306216826805702 0.2914070716271034 0.0329737296471229 0.03318353799673227
0 0.6497572385347806 0.5120541499211237 0.026158259465144232 0.026303804837740384
0 0.5240485117985652 0.9184808731079102 0.05130327664888822 0.05314181401179387
0 0.9403878725492038 0.47714515832754284 0.013772230881911058 0.013363398038423978
0 0.7913384070763221 0.09532444293682392 0.013402205247145433 0.013308965242826022
0 0.9560298919677734 0.7755052859966571 0.017090724064753607 0.01635434077336238
0 0.6114550370436448 0.34305726564847505 0.02590810335599459 0.025850589458759014
0 0.6756757589486929 0.377684813279372 0.0171511723445012 0.01697114797738882
0 0.6528369463407077 0.6225162652822641 0.016253104576697715 0.015933990478515625
0 0.17751972491924578 0.44298824897179234 0.028047745044414815 0.027894093440129206
