0 0.6128943516657903 0.7977068974421575 0.11412444481482872 0.1141659663273738
0 0.5484352111816406 0.9695433103121244 0.08472501314603366 0.05451114361102764
0 0.6483428661639874 0.25937751623300404 0.06310272216796875 0.06396660437950721
0 0.5781115018404447 0.6625242966871995 0.07681611868051383 0.07692953256460336
0 0.8761791082528921 0.6030945411095252 0.04063562246469351 0.04031063960148738
0 0.6811689230111929 0.5929342049818772 0.028519557072566107 0.028276736919696514
0 0.21148419380187988 0.12633259479816145 0.03811564812293419 0.038141837486853965
0 0.16513927166278547 0.42516906444843 0.027188750413747933 0.02723092299241286
0 0.20681333541870117 0.5307105504549466 0.02458616403432993 0.024428954491248496
0 0.1895439257988563 0.49543479772714466 0.028804815732515775 0.028957953819861777
0 0.20188128031217134 0.7918709241426908 0.020517385922945462 0.020770879892202523
0 0.1309651228097769 0.17583107948303223 0.019301157731276292 0.019324889549842246
0 0.3896782948420598 0.06698011434995212 0.02584097935603215 0.025864949593177207
0 0.26337058727557844 0.9446951059194711 0.018503996042104866 0.01851345942570613
0 0.25144404631394607 0.8520142481877253 0.0190426753117488 0.0188751220703125
0 0.43000048857468826 0.1669013133415809 0.027807969313401442 0.027770079099214993
0 0.21088277376615083 0.7114312098576472 0.02218033717228816 0.022309523362379808
0 0.13003046696002668 0.9344362845787635 0.03247363750751202 0.03277279780461238
0 0.2762481982891376 0.26522528208219087 0.01923546424278846 0.019446189586932842
0 0.5005892240084134 0.6091816241924579 0.023508071899414062 0.023501762977013223
0 0.5636597780080942 0.3625214650080754 0.01888884030855619 0.018863091102013223
0 0.40647198603703427 0.3211176578815167 0.019258792583759014 0.01942099057711088
0 0.5107233340923603 0.3071119235112117 0.023909935584435098 0.023981681236853965
0 0.7111601462730994 0.6285087145291842 0.028101701002854567 0.027835845947265625
0 0.5086454978355994 0.7516511770395132 0.022358087392953727 0.0221102787898137
0 0.8422587468073919 0.1498095439030574 0.04251597477839543 0.04243252827570988
0 0.23404528544499323 0.5134311822744516 0.017156674311711237 0.017228346604567308
0 0.6893592981191782 0.9349379172691932 0.017904134897085335 0.01778235802283654
0 0.2902063589829665 0.8887263077955979 0.016819183643047627 0.01677850576547476
0 0.6673476879413311 0.5511920635516827 0.017540124746469352 0.017488699692946214
0 0.18575382232666016 0.7219511178823618 0.017441822932316706 0.017498603233924277
0 0.3290285330552321 0.32798033494215745 0.02156675778902494 0.02149347158578726
0 0.22271104959341195 0.8091589854313777 0.017360467177170973 0.017279991736778848
0 0.7188316491933969 0.5419196348923904 0.028200883131760817 0.028202937199519232
0 0.3682867930485652 0.7384458688589243 0.022075873154860277 0.02207785386305589
0 0.3909796201265775 0.5707544913658729 0.02047113271859976 0.02039513221153846
0 0.3949112525353065 0.5937636448786809 0.04172809307391827 0.04227990370530348
0 0.34516286849975586 0.15170904306265023 0.0206145506638747 0.02084013131948618
0 0.8434415963979868 0.24653823559100813 0.06107242290790264 0.062319388756385215
0 0.6857584439791166 0.6297863446749173 0.017731593205378607 0.017670411330003005
0 0.25039254702054536 0.4675003932072566 0.01890079791729267 0.018860450157752402
0 0.7313801692082331 0.76763549217811 0.016263521634615384 0.016262347881610576
0 0.5854656512920673 0.08321784092829777 0.028223624596228965 0.027547707924476035
0 0.18095036653371957 0.28778597024770886 0.015886820279634915 0.01592709467961238
0 0.21513109940748948 0.5651829059307392 0.02291738069974459 0.023445936349722054
0 0.25915732750525844 0.10479409878070538 0.01842953608586238 0.01854361020601713
0 0.7279107020451472 0.587067750784067 0.016939603365384616 0.016947819636418268
0 0.1571506720322829 0.19729016377375677 0.01576688656440148 0.015953210683969352
0 0.2358861336341271 0.07742702960968018 0.0172732426570012 0.017313333658071663
0 0.38472392008854794 0.12955913176903358 0.01706805595984826 0.017218663142277643
0 0.6040528003986065 0.36187223287729114 0.01653744624211238 0.01660024202786959
0 0.5051378836998572 0.48081401678232044 0.025996061471792366 0.026024745060847357
0 0.6316585540771484 0.3802680235642653 0.06484090364896335 0.0641642350416917
0 0.2711207683269794 0.9109284327580378 0.016456750723031852 0.016384418194110576
0 0.15754167850200945 0.4408747599675105 0.016696893251859225 0.01575125180757963
0 0.2496343025794396 0.19803148049574631 0.016464416797344502 0.016420327700101413
0 0.846987797663762 0.5207965190594013 0.047338045560396634 0.047261824974646933
0 0.22040796279907227 0.4850884951077975 0.01795200201181265 0.017651191124549277
0 0.7350576840914212 0.7441403315617487 0.018831399770883415 0.018733097956730768
0 0.2514550502483661 0.5282799647404597 0.015116544870229868 0.015145595257098857
0 0.3946520731999324 0.41797058398907 0.07454578693096454 0.07441388643704928
0 0.6332847155057467 0.9355333768404447 0.02789482703575721 0.027901282677283652
0 0.5993276742788461 0.3237481484046349 0.017086322490985576 0.016970414381760817
0 0.1323031187057495 0.8905991774338943 0.01569986343383789 0.01593619126539964
0 0.1424864072066087 0.7106331311739408 0.01821763698871319 0.01838229252741887
0 0.15866862810575044 0.9145183563232422 0.030240499056302585 0.0301971435546875
0 0.7184282449575571 0.9304808103121244 0.0374749990609976 0.03743333082932692
0 0.22056997739351714 0.2004977006178636 0.01557313478910006 0.015610768244816707
0 0.3851237663855919 0.6746905400202825 0.015614876380333534 0.015500728900615986
0 0.670229985163762 0.2908447338984563 0.016260880690354567 0.016229556157038763
0 0.10980654679811917 0.08952867067777194 0.013480846698467549 0.016651410322922926
0 0.7520698400644156 0.8886581567617563 0.06519625737116887 0.06597474905160758
0 0.17150071951059195 0.7146869072547326 0.016839100764347956 0.016897935133713942
0 0.1950702300438514 0.3984983150775616 0.01515656251173753 0.015147722684420072
0 0.30828208189744216 0.43763035994309646 0.015672757075383112 0.015885573167067308
0 0.7636426778940054 0.7543753110445462 0.01720267075758714 0.01711419912484976
0 0.23121300110450158 0.3482310955341046 0.015395861405592699 0.015627640944260817
0 0.7910936062152569 0.32359750454242414 0.01983187748835637 0.01960923121525691
0 0.19603202893183783 0.04424211153617272 0.014912018409142127 0.014886269202599159
0 0.18132448196411133 0.7510399451622596 0.015139506413386418 0.015121753399188701
0 0.34420493932870716 0.7872678316556491 0.11145877838134766 0.11485583965594952
0 0.1533637780409593 0.9722997225247897 0.017868738908034105 0.017836790818434495
0 0.8468790787916917 0.7086009979248047 0.10692904545710637 0.12288636427659255
0 0.23065959490262544 0.41522844021136945 0.014956841102013221 0.015133931086613582
0 0.16077048961932844 0.5518592687753531 0.016369049365703877 0.01647186279296875
0 0.2851121975825383 0.675809933589055 0.047145990224984974 0.046891285822941706
0 0.7730635129488431 0.7297656719501202 0.030219151423527643 0.030062455397385817
0 0.16684900797330415 0.871281990638146 0.016345427586482122 0.01607997600848858
0 0.8465781578650842 0.43332569415752703 0.018048653235802285 0.018323311438927285
0 0.3771678851200984 0.91474122267503 0.017969131469726562 0.01764532235952524
0 0.2126172689291147 0.7672097866351788 0.014774212470421424 0.014895072350135216
0 0.2079140956585224 0.4729761710533729 0.014750187213604268 0.014853257399338942
0 0.38265209931593674 0.45125631185678333 0.015195039602426382 0.01519775390625
0 0.10694436843578632 0.2585792541503906 0.010651258321908804 0.017164890582744893
0 0.7937960991492639 0.8925991058349609 0.015190711388221154 0.01522064208984375
0 0.4143233666053185 0.6701365250807542 0.036965443537785456 0.037595308743990384
0 0.48267892690805286 0.29279151329627406 0.022622988774226263 0.022784966688889723
0 0.1588457180903508 0.13172570558694693 0.013876254741962139 0.014063560045682467
0 0.1713411624615009 0.7825985688429612 0.014287508451021634 0.014233809251051683
0 0.7279310960036057 0.9840957935039814 0.015851240891676683 0.016054593599759616
0 0.34136141263521635 0.9195132622352014 0.014401949368990384 0.014609556931715745
0 0.2523975739112267 0.9881277817946214 0.017931424654447116 0.01775213388296274
0 0.7790060776930589 0.636537111722506 0.015976832463191107 0.015959813044621393
0 0.36447282937856823 0.3052210807800293 0.02519079355093149 0.02570680471567007
0 0.15117482038644645 0.28644561767578125 0.014488550332876353 0.014541552616999699
0 0.8737242772028997 0.02011220042522137 0.01459972675030048 0.014593614981724666
0 0.7628146685086764 0.04867693552604088 0.05032084538386418 0.05010420542496901
0 0.24849910002488357 0.32513922911423904 0.01450956784761869 0.014427698575533353
0 0.3914338992192195 0.9775676727294922 0.014356393080491286 0.014480003943810096
0 0.1099536602313702 0.9598752535306491 0.023249204342181865 0.025950505183293268
0 0.2131640727703388 0.5880853946392353 0.015043258666992188 0.015102679912860576
0 0.7796747501079853 0.797364748441256 0.01627349853515625 0.016209235558143027
0 0.6930395273061899 0.9668039175180289 0.014721210186298076 0.014850616455078125
0 0.20667530940129206 0.8691186171311599 0.015120579646183895 0.015297376192533053
0 0.5377493638258714 0.8448875133807843 0.013596608088566707 0.013766215397761418
0 0.11631544736715463 0.10874082491948055 0.021439864085270807 0.021785387626061074
0 0.5451485560490534 0.08477905163398156 0.02088326674241286 0.02137897564814641
0 0.3223725832425631 0.9640548412616436 0.016881649310772236 0.016755324143629808
0 0.35026939098651594 0.8720179337721604 0.029744368333082933 0.029651054969200723
0 0.6636051764855018 0.6310081481933594 0.013466468224158654 0.013575920691856971
0 0.18734165338369516 0.6021750523493841 0.015461334815392127 0.015685594998873197
0 0.1237951608804556 0.9833406301645132 0.015769408299372747 0.01609640855055589
0 0.17664522391099197 0.3862501291128305 0.013883590698242188 0.013938390291654147
0 0.24591471598698542 0.7762702061579778 0.014368350689227764 0.01459972675030048
0 0.45429501166710484 0.9347076416015625 0.061310841487004206 0.06058150071364183
0 0.3357003652132474 0.9877732350276067 0.014599213233360877 0.014719009399414062
0 0.16691967157217172 0.312958497267503 0.013996197627140926 0.014045000076293945
0 0.2893374516413762 0.7290110954871545 0.02912117884709285 0.028548314021183893
0 0.1145025583413931 0.10723277238699105 0.016555052537184495 0.016808069669283353
