0 0.2517850765815148 0.5935300680307242 0.0927284314082219 0.09436387282151443
0 0.7670797934898963 0.8319899485661433 0.06604810861440805 0.07839525662935697
0 0.3589525589576134 0.5238842230576736 0.07454593365009014 0.07386728433462289
0 0.3781246038583609 0.4725924271803636 0.06948148287259616 0.06964837587796725
0 0.3325578249417819 0.2678086207463191 0.24755567770737869 0.2685276178213266
0 0.6980906266432542 0.10647922295790452 0.1935254610501803 0.20731621522169846
0 0.3032085712139423 0.42351568662203276 0.03510827284592848 0.035450128408578724
0 0.7425818076500525 0.36999342991755557 0.04882592421311598 0.04916044381948618
0 0.776640745309683 0.24352568846482497 0.03757520822378305 0.04244694342980018
0 0.24603062409621018 0.14517945509690505 0.0487519777738131 0.049012404221754804
0 0.5392729685856745 0.5388620083148663 0.10302558312049279 0.10505822988656852
0 0.401340337900015 0.9812718904935397 0.022235576923076924 0.022124070387620192
0 0.5060465519244854 0.9590570009671725 0.023163722111628607 0.023207444411057692
0 0.34648290047278774 0.8621788024902344 0.04001764150766226 0.040068406325120196
0 0.4901592548076923 0.6372182552631085 0.01813536423903245 0.01786642808180589
0 0.6549881421602689 0.37065520653357875 0.024113875169020433 0.024089666513296273
0 0.6085442763108474 0.9586385580209585 0.022274164053109977 0.022350898155799277
0 0.3262633543748122 0.9222705547626202 0.10868980334355281 0.10833212045522836
0 0.2188739409813514 0.36916303634643555 0.02872914534348708 0.032652854919433594
0 0.7491236466627854 0.907347899216872 0.01843848595252404 0.018330940833458535
0 0.4091386061448317 0.5713609548715445 0.020001851595365085 0.019995395953838643
0 0.5634067608759954 0.09634889089144193 0.2959793530977689 0.18830277369572565
0 0.3901507304264949 0.6021350713876578 0.019499705387995794 0.019548416137695312
0 0.5954347757192758 0.015063916261379536 0.022042494553786058 0.022016722422379714
0 0.7778862439669095 0.4700286571796124 0.016131034264197715 0.016249730036808893
0 0.30768893315241885 0.6181590006901667 0.041969005878155045 0.042362066415640026
0 0.7214484581580529 0.5367649518526517 0.014963296743539663 0.015140093289888822
0 0.5713697213392991 0.3794227380018968 0.019025435814490683 0.01887967036320613
0 0.21039496935330904 0.8360761495736929 0.01944762009840745 0.027207154494065505
0 0.6424660315880408 0.6275809361384466 0.11094280389639047 0.1113894902742826
0 0.7662611741286057 0.6013504908635066 0.015424581674429087 0.015435732327974759
0 0.32709664564866286 0.7068739670973557 0.016793471116286058 0.016675655658428486
0 0.688026868380033 0.29548969635596645 0.017084855299729567 0.01692958978506235
0 0.6088446837205154 0.3758729054377629 0.016171382023737982 0.016309738159179688
0 0.3751037304217999 0.2861234958355243 0.014826701237605168 0.01501923341017503
0 0.7267673932589017 0.8055242391733023 0.014970779418945312 0.015110015869140625
0 0.6674382870013897 0.3327005092914288 0.01796546349158654 0.017933478722205527
0 0.26689850367032564 0.7095044943002554 0.027401447296142578 0.027634547306941107
0 0.38362337992741513 0.7043528923621545 0.014841153071476864 0.014807774470402645
0 0.5320835113525391 0.6855622805081881 0.031209798959585335 0.030901101919320915
0 0.5482883453369141 0.889314211331881 0.01703504415658804 0.017319312462439902
0 0.7671878521259015 0.4248531781710111 0.058305593637319714 0.0843343001145583
0 0.6927026601938101 0.3153517429645245 0.018176739032451924 0.01816382774939904
0 0.47469428869394154 0.4835215348463792 0.017657646766075723 0.017599839430588942
0 0.7541255217332107 0.6923775306114783 0.01621583791879507 0.016163752629206732
0 0.32678006245539737 0.6640824538010818 0.015268912682166466 0.015170464148888221
0 0.6844517634465144 0.46791810255784255 0.015747217031625602 0.015912569486177884
0 0.29152628091665417 0.2130132271693303 0.021197979266826924 0.02153954139122596
0 0.4592319635244516 0.6519278012789212 0.018285531264085036 0.018320670494666465
0 0.4335252321683444 0.6224170097937951 0.017702909616323616 0.018214922684889574
0 0.2932417942927434 0.21354966897230881 0.017235315763033353 0.018468710092397835
0 0.367252936730018 0.33907567537747896 0.014304527869591346 0.014369671161358174
0 0.7152008643517127 0.8593080227191632 0.016584102924053486 0.016669346736027643
0 0.40355564997746396 0.668787589439979 0.019742525540865384 0.019770108736478366
0 0.4422778349656325 0.43911805519690883 0.015386874859149639 0.016280761131873496
0 0.45779173190777117 0.922458868760329 0.01703797853910006 0.017023820143479567
0 0.5004628254817083 0.887903800377479 0.015363399799053486 0.01551525409405048
0 0.2453750647031344 0.39299854865440953 0.019939092489389274 0.019686038677509014
0 0.41447760508610654 0.827449211707482 0.014839979318472056 0.014687758225661058
0 0.21920413237351638 0.5287590026855469 0.017664505885197565 0.01740749065692608
0 0.3207549682030311 0.9782455150897686 0.05859448359562801 0.040352161114032455
0 0.38023985349214995 0.83519774216872 0.1320187495304988 0.1289502657376803
0 0.7248618786151593 0.9741687774658203 0.023083026592548076 0.02370452880859375
0 0.45517767392672026 0.903041252723107 0.019875306349534255 0.019678702721228965
0 0.35523194533128005 0.20223357127262995 0.014354559091421274 0.014325875502366286
0 0.6186720041128305 0.8016460125262921 0.0149383544921875 0.014794863187349759
0 0.7219732724703275 0.46638694176307094 0.0175473139836238 0.01762111370380108
0 0.7313028482290415 0.8751954298753005 0.014525780310997596 0.014534876896784855
0 0.6118761942936823 0.3969993591308594 0.015489724966195913 0.015489578247070312
0 0.7396711202768179 0.5709373033963717 0.014916053185096154 0.015125421377328726
0 0.37385181280282825 0.7985462042001578 0.014364535991962139 0.014411632831280049
0 0.3487902788015512 0.4328468029315655 0.021639603834885817 0.02154064178466797
0 0.6163527415348933 0.7459465907170222 0.01411892817570613 0.014425717867337741
0 0.608702879685622 0.609902601975661 0.014667217548076924 0.0143586672269381
0 0.6709315960223858 0.46317269251896787 0.013715890737680288 0.014007128201998197
0 0.3829515897310697 0.7419294210580679 0.02539957486666166 0.0259091303898738
0 0.6750067197359525 0.3692321043748122 0.013721759502704326 0.013790570772611178
0 0.6561710651104267 0.39762335557204026 0.013781327467698317 0.013660357548640324
0 0.39545260942899263 0.9473268802349384 0.015658085162823018 0.015941913311298076
