0 0.057164595677302435 0.39623579612145055 0.02385425567626953 0.02484893798828125
0 0.3354214888352614 0.7643426748422476 0.025369937603290264 0.02549010056715745
0 0.8815752176138071 0.7038528735821064 0.021540421705979567 0.02165955763596755
0 0.35318697415865385 0.7896357316237229 0.022380975576547477 0.02223968505859375
0 0.2230836061330942 0.612884521484375 0.017493468064528245 0.017454000619741585
0 0.17327138093801644 0.41970065923837513 0.021202674278846152 0.02107128730187049
0 0.24141726127037635 0.6121052962083083 0.019718023446890023 0.019880001361553486
0 0.17502339069659895 0.5596108069786658 0.01646111561701848 0.0163573485154372
0 0.8189477186936599 0.2919157835153433 0.020993452805739183 0.021121685321514424
0 0.17184022756723258 0.21492965404803938 0.021597788884089544 0.021899039928729717
0 0.05815964478712816 0.33194318184485805 0.01562954829289363 0.015363033001239482
0 0.8829585588895358 0.9440118349515475 0.016486387986403245 0.01629022451547476
0 0.8730890567486103 0.9857031015249399 0.015489724966195913 0.015442481407752404
0 0.29422741669874924 0.9341131357046274 0.015259375939002404 0.015114710881159855
0 0.16706202580378607 0.7061158693753756 0.023469191331129808 0.02359742384690505
0 0.11857187747955322 0.2680504872248723 0.01704096794128418 0.01734330103947566
0 0.8381666770348182 0.17534331174997184 0.015559123112605168 0.01538394047663762
0 0.27985308720515323 0.25287870260385364 0.05308829821073092 0.05292555002065805
0 0.9481601715087891 0.055704547808720514 0.015704815204326924 0.016304878088144157
0 0.7455288080068735 0.529782588665302 0.09677666884202224 0.0982221456674429
0 0.8990682455209585 0.13075202244978684 0.013964432936448317 0.014094866239107572
0 0.650054931640625 0.9325419205885667 0.022702143742487982 0.022685417762169473
0 0.3361415129441481 0.5048854167644794 0.0941762190598708 0.09492316612830529
0 0.5985648815448468 0.3223000673147348 0.09085831275353065 0.087768921485314
0 0.2764614545381986 0.35093061740581805 0.017359073345477764 0.017650457528921273
0 0.23709935408372146 0.5717114668626052 0.014979289128230168 0.015610328087439904
0 0.37926197052001953 0.8081173529991736 0.01906409630408654 0.019252190223106973
