0 0.6738118391770583 0.4333168176504282 0.1301874014047476 0.13033573444073016
0 0.5685030497037448 0.8977744762714093 0.04930855677678035 0.04966295682466947
0 0.469362919147198 0.6010469656724197 0.09274600102351262 0.09381756415733924
0 0.7036992586576022 0.943759771493765 0.13782090407151443 0.11095340435321514
0 0.4349998327401968 0.4321610377385066 0.12230799748347355 0.12222598149226262
0 0.3388186601492075 0.8764582413893479 0.0418402598454402 0.04205410297100361
0 0.6447759775015024 0.9059338936438928 0.029430389404296875 0.029615255502554085
0 0.3734828508817233 0.86444641993596 0.027372066791240986 0.02748386676494892
0 0.7216839423546424 0.5076141357421875 0.03774041395920973 0.03832406264085036
0 0.6299328437218299 0.09881954009716327 0.06357988944420448 0.06345130847050594
0 0.7646531325120193 0.74854065821721 0.03130428607647236 0.04491204481858473
0 0.2826056113609901 0.9360565772423377 0.12090521592360276 0.1273959233210637
0 0.562599255488469 0.11213986690227802 0.020514268141526442 0.02077322739821214
0 0.6010759793795072 0.29941437794612 0.09254998427170974 0.09199721996600811
0 0.43129326747013974 0.8157828404353216 0.03456731942983774 0.03421225914588341
0 0.36423158645629883 0.9513408954326923 0.024742786700908955 0.025000352125901442
0 0.5303617624136118 0.44898598010723406 0.024883270263671875 0.024858474731445312
0 0.39041045995859 0.30002421599168044 0.03077044853797326 0.030715208787184495
0 0.6016524388239934 0.9369028531588041 0.04661295964167668 0.04677493755634014
0 0.7484308389516977 0.4614460284893329 0.06378320547250602 0.0646506089430589
0 0.6877343104435847 0.6338498775775616 0.020430931678185098 0.020682261540339544
0 0.6034703621497521 0.21745907343350923 0.02958195026104267 0.029494322263277493
0 0.3014854284433218 0.08072291887723483 0.1742581587571364 0.16269522446852464
0 0.25620227593642014 0.05136560476743258 0.035870955540583685 0.03588733306297889
0 0.24904377643878645 0.4966286512521597 0.06376185783973107 0.08881649604210487
0 0.4963962114774264 0.2960940507742075 0.017062847430889424 0.017073924724872295
0 0.29675918359022874 0.747655281653771 0.11277114428006686 0.1155078594501202
0 0.4305329689612755 0.2491626739501953 0.017772967998798076 0.01794147491455078
0 0.43091267805833083 0.8642020592322717 0.027657068692720853 0.027424738957331732
0 0.7627344865065354 0.262968686910776 0.02155303955078125 0.02182630392221304
0 0.3924552477323092 0.7049031624427209 0.018183121314415567 0.018091788658728965
0 0.37721839317908656 0.6967563629150391 0.021102758554311898 0.021394876333383415
0 0.6151837569016677 0.3507387454693134 0.03453210683969351 0.03415694603553185
0 0.6397454188420222 0.783546887911283 0.01630885784442608 0.016412881704477165
0 0.6057632152850811 0.2838708987602821 0.01768361605130709 0.017501317537747897
0 0.44496734325702375 0.11396683179415189 0.026865225571852464 0.026696021740253154
0 0.23591386354886568 0.024902440034426175 0.043420644906850964 0.04632939742161678
0 0.27948137430044323 0.2953674243046687 0.12733921637901893 0.1665021456204928
0 0.5373114805955154 0.9200160686786358 0.03500835712139423 0.035265409029447116
0 0.6321192521315354 0.1551520824432373 0.08336701759925255 0.08580083113450271
0 0.42297902474036586 0.8409032088059646 0.02072899158184345 0.02087989220252404
0 0.335414482997014 0.5058576143704928 0.12038810436542217 0.11820426354041466
0 0.6749103986299955 0.6964029165414664 0.018584471482496995 0.018468123215895433
0 0.5244224254901593 0.6334692148061899 0.02276127155010517 0.0228118896484375
0 0.2287450937124399 0.8093175888061523 0.01443342062143179 0.01922328655536358
0 0.331847961132343 0.43704993908221906 0.10837122110220102 0.11002232478215145
0 0.7001919379601111 0.807223393366887 0.01671776404747596 0.01666083702674279
0 0.45184986407940203 0.90184263082651 0.05331963759202223 0.05351712153508113
0 0.4105419379014235 0.010409294412686275 0.034682053786057696 0.02095230038349445
0 0.32002118917611927 0.608098947084867 0.11938946063701923 0.11615364368145283
0 0.30523190131554234 0.668896748469426 0.1447770778949444 0.1438155174255371
0 0.6682553658118615 0.11720606913933387 0.02140529339130108 0.021186461815467246
0 0.2755260650928204 0.3948037807758038 0.11834338995126578 0.16876514141376203
0 0.3598436942467323 0.984864381643442 0.04189014434814453 0.02856782766488882
0 0.3007078537574181 0.18488674897413987 0.014811075650728665 0.014889276944673978
0 0.4414975459759052 0.27257259075458234 0.0197445796086238 0.01993282024676983
0 0.46479562612680286 0.5270654604985163 0.015807665311373197 0.01603999504676232
0 0.4872636061448317 0.33263543935922474 0.019057787381685697 0.019335233248197116
0 0.40096407670241135 0.39954566955566406 0.014665163480318509 0.014850323016826924
0 0.37360385748056263 0.24479117760291466 0.04555973639855018 0.04550313949584961
0 0.7695905245267428 0.680119147667518 0.015326573298527645 0.015720954308143027
0 0.6793636908897986 0.3529785229609563 0.10542825552133414 0.1093442623431866
0 0.3195218306321364 0.8199215668898362 0.026090456889225885 0.02605863717886118
0 0.2551268430856558 0.40770912170410156 0.07540959578294021 0.13235077491173378
0 0.5620405490581806 0.8638277787428635 0.020128250122070312 0.020325880784254808
0 0.43224620819091797 0.79760375389686 0.01568456796499399 0.01627320509690505
0 0.7021386073185847 0.2933029394883376 0.09435859093299279 0.09250391446627103
0 0.42913987086369443 0.008873210503504826 0.015577903160682091 0.016191271635202262
0 0.38975972395676833 0.839686026939979 0.016044176541841947 0.016300494854266826
0 0.3841857176560622 0.6101430012629583 0.056478720444899336 0.05709516085111178
0 0.46250027876633865 0.06626211679898776 0.017636812650240384 0.018271244489229642
0 0.7103553185096154 0.7729721069335938 0.014738229604867788 0.01481334979717548
0 0.48018811299250674 0.7363314995398889 0.016333800095778245 0.016078362098106973
0 0.5941437207735502 0.09846878968752347 0.028246586139385518 0.02827620506286621
0 0.35585601513202375 0.7778013669527494 0.0191342280461238 0.019116328312800482
0 0.7675613990196815 0.4764654819781964 0.027753683236929085 0.04339240147517277
0 0.3216751538790189 0.821511488694411 0.018357570354755107 0.019308970524714544
0 0.3431802529555101 0.22977322798508865 0.03361349839430589 0.03315456096942608
0 0.6489155109112079 0.2685003647437462 0.021205315223106973 0.0208890621478741
0 0.4870719909667969 0.9270095825195312 0.031815675588754505 0.030987079326923076
0 0.32593407997718227 0.6671836559589093 0.1012117679302509 0.1039576897254357
