0 0.302109039746798 0.5530096934391902 0.022772752321683444 0.02279046865609976
0 0.25827701275165266 0.3224815221933218 0.01783407651461088 0.01779776353102464
0 0.49799060821533203 0.12638752277080828 0.027509689331054688 0.027627999965961162
0 0.7407726141122671 0.5531419607309195 0.017394432654747598 0.017432579627403848
0 0.47405030177189755 0.5578101231501653 0.016568550696739785 0.016738158005934495
0 0.2502456628359281 0.7158531042245718 0.02265145228459285 0.022696274977463942
0 0.45712848810049206 0.2468095559340257 0.03719351841853215 0.037761724912203275
0 0.5064601164597732 0.5568260412949783 0.016343043400691107 0.01657412602351262
0 0.4622531303992638 0.40230552966778094 0.01593296344463642 0.015744576087364785
0 0.616093268761268 0.6168170342078576 0.014725061563345103 0.014799704918494591
0 0.43660332606388974 0.2090753041780912 0.034463735727163464 0.03434415963979868
0 0.5666100428654597 0.7730431189903846 0.030623802771935098 0.031048114483173076
0 0.5221831248356745 0.8601569395798904 0.01889184805063101 0.019004381619966947
0 0.41490987630990833 0.23034921059241661 0.025987771841195915 0.02581486335167518
0 0.5033186765817496 0.40371014521672177 0.057577866774338946 0.05758872398963341
0 0.5968034817622259 0.5834737557631272 0.015579150273249699 0.01551041236290565
0 0.4227916644169734 0.6329801999605619 0.013434630173903245 0.013553619384765625
0 0.276562709074754 0.3706859808701735 0.013846030602088341 0.013475784888634315
0 0.4506224118746244 0.7337650885948768 0.015475199772761418 0.01570892333984375
0 0.7663549276498648 0.6677281306340144 0.014153994046724759 0.014290736271784855
