0 0.5745905362642728 0.617463258596567 0.09524037287785457 0.09612611623910758
0 0.4389539865347055 0.8878024908212515 0.03525088383601262 0.035295926607572116
0 0.6353280727679913 0.551976570716271 0.03083038330078125 0.03114480238694411
0 0.7015308967003455 0.7138965313251202 0.030526087834284857 0.03030674274151142
0 0.6697980440579928 0.06025870946737436 0.03334265488844652 0.03336086639991173
0 0.3058753747206468 0.8016267923208383 0.027018913855919473 0.02693909865159255
0 0.6264533996582031 0.10064044365516076 0.03391324556790865 0.03412272379948543
0 0.6475083277775691 0.9889205052302434 0.023157266470102165 0.017598959115835335
0 0.7979839031512921 0.0933990111717811 0.022340921255258415 0.02264066842886118
0 0.6959646665132962 0.5401149896474985 0.019570277287409857 0.01955443162184495
0 0.6972878529475286 0.7403874030480018 0.022791202251727764 0.02292456993689904
0 0.5610717626718374 0.5417238015394944 0.016741239107572116 0.017013916602501504
0 0.599128796504094 0.2925054110013522 0.017630943885216348 0.01794008108285757
0 0.349583258995643 0.8246592008150541 0.017046561607947715 0.017084855299729567
0 0.5905141096848708 0.13846630316514236 0.02057933807373047 0.02075347533592811
0 0.24051834986760065 0.4312898929302509 0.01588726043701172 0.015874862670898438
0 0.4040193557739258 0.2440637074984037 0.015656397892878607 0.015632189237154447
0 0.5967184213491586 0.07581072587233323 0.01729407677283654 0.017418659650362454
0 0.6523364874032828 0.8564100999098557 0.01580810546875 0.015935457669771634
0 0.7568356440617487 0.30071496963500977 0.016368865966796875 0.01643973130446214
0 0.5543967760526217 0.9479144169734075 0.015516574566180889 0.015270526592548076
0 0.7619350139911358 0.05959869348085844 0.014259925255408654 0.014213378612811748
0 0.5894623536330003 0.5376842205341046 0.015255414522611178 0.015320044297438402
0 0.7863972737238958 0.116774870799138 0.015316009521484375 0.01536251948429988
0 0.2896626912630521 0.4963466204129733 0.014871157132662259 0.015017436100886418
0 0.726779057429387 0.6407985687255859 0.015151390662560096 0.015385847825270433
0 0.60682436136099 0.7503971686730018 0.014950972336989183 0.015063799344576322
0 0.6410387479341947 0.07217560364649846 0.014240558330829326 0.014153297130878154
0 0.2309886125417856 0.9008382650522085 0.014620340787447415 0.01472766582782452
0 0.23959689873915452 0.3631343107957106 0.014735588660606971 0.014627676743727464
0 0.7586553280170147 0.03013695661838238 0.014738816481370192 0.014748334884643555
0 0.8077719028179462 0.4068429653461163 0.014768893902118389 0.014881574190579928
0 0.4053388008704552 0.3655729660621056 0.015288866483248197 0.015250939589280348
0 0.7833711183988131 0.12737266833965594 0.014476482684795674 0.014261722564697266
0 0.7175557063176081 0.13041814473959115 0.024031419020432692 0.02446132439833421
0 0.7094098604642428 0.149459196971013 0.016769996056189902 0.016829894139216497
0 0.7108842409574069 0.1514249581557054 0.0174560546875 0.017499410189115085
0 0.2678966155418983 0.47780491755558896 0.014046192169189453 0.013970888577974759
0 0.472680532015287 0.8547748418954703 0.014268141526442308 0.014456528883713942
0 0.690512070289025 0.6374374536367563 0.01447765643780048 0.014464304997370793
0 0.5055611683772161 0.6517072090735803 0.01621070274939904 0.01592709467961238
0 0.6521709882296048 0.4901395577650804 0.013998031616210938 0.013887332035945011
0 0.19907285616948053 0.206725707420936 0.014069960667536808 0.013889899620643029
0 0.34737348556518555 0.26848554611206055 0.013498306274414062 0.013477838956392728
0 0.2548362841972938 0.8775143256554236 0.014110638545109676 0.014179523174579326
0 0.20109305014977089 0.5572865559504583 0.013963699340820312 0.013939197246844951
0 0.6622353333693284 0.28681054482093227 0.014873651357797476 0.014777476970966045
0 0.7495081974909856 0.8840018052321214 0.013695936936598558 0.013677303607647236
