0 0.750755603496845 0.982700567979079 0.04497117262620192 0.030045582697941706
0 0.4946437982412485 0.9794707665076623 0.03826552170973558 0.03638194157527043
0 0.934863017155574 0.012534178220308743 0.02135159419133113 0.021241412712977484
0 0.1250915710742657 0.8177328843336839 0.02769785660963792 0.027713188758263223
0 0.2965703010559082 0.054804517672612116 0.02302976754995493 0.022931392376239482
0 0.2790081684405987 0.5538823421184833 0.027811270493727464 0.027537712684044473
0 0.7337397061861478 0.7407418764554538 0.02256642855130709 0.022508914654071514
0 0.5691686043372521 0.0407823553452125 0.02548951369065505 0.025370515309847318
0 0.06875376059458806 0.6279270465557392 0.020336398711571328 0.020343487079326924
0 0.11866637376638559 0.5439053315382737 0.021689304938683145 0.021746708796574518
0 0.8692251352163461 0.3129089062030499 0.026789004986102764 0.02674130293039175
0 0.7777848610511193 0.9456335214468149 0.025808334350585938 0.026045579176682692
0 0.9051933288574219 0.9031166663536658 0.020722609299879808 0.020741389347956732
0 0.1689289899972769 0.010492434868445763 0.018984427818885215 0.017982803858243503
0 0.6259466317983774 0.17384565793550932 0.0191500737116887 0.0192261475783128
0 0.6851395093477689 0.3497164066021259 0.0191042973445012 0.01930398207444411
0 0.8849987616905799 0.09687541081355168 0.02143375690166767 0.021651084606464092
0 0.38536809040949893 0.7506906802837665 0.01958619631253756 0.019664911123422477
0 0.10220579917614277 0.695738278902494 0.017541793676523063 0.017479529747596152
0 0.8588379346407377 0.5130224227905273 0.01921389653132512 0.019145378699669473
0 0.6910998271061823 0.5741853713989258 0.018183341393103965 0.01806640625
0 0.7890619864830604 0.30501378499544585 0.019066443810096152 0.01899862289428711
0 0.06570428151350755 0.6989382963914138 0.0171200495499831 0.017043040348933294
0 0.35916940982525164 0.2916688919067383 0.017282412602351263 0.01736794985257662
0 0.45341132237361026 0.9652105478140024 0.018254573528583232 0.018283843994140625
0 0.155485960153433 0.7518257727989783 0.0167233026944674 0.016587477463942308
0 0.857384021465595 0.7070280221792368 0.01819786658653846 0.01823249230018029
0 0.5933947929969201 0.9008852885319636 0.01822662353515625 0.018407528217022236
0 0.0796200312100924 0.4188065528869629 0.018702832552102897 0.018868006192720853
0 0.22629910248976487 0.7937421065110427 0.01715704110952524 0.017147651085486777
0 0.6217079896193284 0.74199705857497 0.017237149752103366 0.017056685227614183
0 0.9182795011080228 0.5401638471163236 0.03949649517352764 0.03949473454402043
0 0.9513639303354117 0.18157135523282564 0.017034383920522835 0.01710682648878831
0 0.8652154482327975 0.0820997953414917 0.01940301748422476 0.019167404908400316
0 0.25838749225323016 0.13453422142909124 0.01685964144193209 0.016942702806912936
0 0.8394034459040716 0.37740325927734375 0.019298846905048076 0.01936061565692608
0 0.9238662719726562 0.39159573041475737 0.019161224365234375 0.01924580794114333
0 0.3627794339106633 0.9129070868858924 0.01656370896559495 0.016695169302133415
0 0.5511164298424354 0.3236513137817383 0.0183102534367488 0.01839476365309495
0 0.7187676062950721 0.3055884287907527 0.016453082744891826 0.016315606924203727
0 0.1718606948852539 0.446872931260329 0.01664315737210787 0.016637215247521035
0 0.8360686668982873 0.39821448692908656 0.018759800837590143 0.018807337834284857
0 0.2887588831094595 0.9868391477144681 0.016616417811467096 0.016362703763521634
0 0.09284823674422044 0.115433381153987 0.016219542576716497 0.016259101720956657
0 0.9268592687753531 0.8467295720027044 0.01935298626239483 0.01927801278921274
0 0.1731708783369798 0.07910305720109206 0.02257391122671274 0.022524595260620117
0 0.12913954257965088 0.044980099568000205 0.016184293306790866 0.01627160035646879
0 0.5387527392460749 0.12869884417607233 0.01823594019963191 0.018447417479294997
0 0.8922551962045523 0.9553868220402644 0.016570458045372598 0.01633629432091346
0 0.10945749282836914 0.7173953423133264 0.01546635994544396 0.01556865985576923
0 0.6553673377403846 0.3086617909944974 0.016268216646634616 0.016277826749361478
0 0.8461787884051983 0.6714734297532302 0.015056610107421875 0.014925736647385817
0 0.8646273979773889 0.9482787205622747 0.016579554631159857 0.016469221848707933
0 0.0616841224523691 0.4232002405019907 0.015145705296443058 0.015057050264798678
0 0.8013423039362981 0.04422673353782067 0.015698066124549277 0.015752618129436787
0 0.48910911266620344 0.10466139133159931 0.01583583538348858 0.015895660106952373
0 0.07742865269000714 0.39864848210261417 0.014883811657245342 0.015013621403620793
0 0.10668296080369216 0.3021989602309007 0.015607870542086087 0.015915503868689902
0 0.8901731784527118 0.07269540199866661 0.018185542179987982 0.018378386130699746
0 0.7924938201904297 0.37129380152775693 0.01596216055063101 0.01591154245229868
0 0.8396799380962665 0.4346788846529447 0.020494607778695915 0.020701041588416465
0 0.12714978364797738 0.291369970028217 0.015534419279832106 0.01578664779663086
0 0.025557930652911846 0.7360261770395132 0.017144868007073037 0.017054044283353366
0 0.7886876326340896 0.16569064213679388 0.016514117901141826 0.01647787827711839
0 0.9809744908259466 0.098831085058359 0.016801100510817308 0.016486387986403245
0 0.19267947857196516 0.5466360312241775 0.014497977036696214 0.014606915987454928
0 0.8803116725041316 0.42927797024066633 0.015201568603515625 0.015319604140061598
0 0.972668721125676 0.1769083279829759 0.016266456017127402 0.0163880128126878
0 0.11320111384758583 0.5269905970646784 0.014396905899047852 0.0141450441800631
0 0.07882008185753456 0.5341380926278921 0.014531465677114634 0.014621441180889424
0 0.05477118492126465 0.6575755339402419 0.01446237930884728 0.014483085045447716
0 0.15559724661020133 0.13918682245107797 0.014793992042541504 0.014804656688983623
0 0.8885701252863958 0.49846465771014875 0.014735735379732572 0.014960362361027645
0 0.9539712759164664 0.4250692587632399 0.019211402306189902 0.019104370704064004
0 0.8883563555203952 0.5148501762977014 0.016407599815955527 0.017035410954402044
0 0.23485059004563552 0.011870377338849582 0.014207399808443509 0.014251236732189473
0 0.37578480060283953 0.9283956380990835 0.014227060171274038 0.014451687152569111
0 0.9358997344970703 0.4147245700542743 0.019165919377253607 0.01912527817946214
0 0.9168919783372146 0.11126499909621018 0.014397254356971154 0.014434887812687801
0 0.16023758741525504 0.628638927753155 0.014165218059833232 0.014193314772385817
0 0.7858807490422175 0.3432579040527344 0.014333284818209134 0.014345022348257212
0 0.3447101666377141 0.41428665014413685 0.014559672429011418 0.014493722182053786
0 0.8961513225848858 0.9412527817946214 0.014248041006234976 0.014328883244441105
0 0.1365320499126728 0.5937870465792142 0.013635745415320763 0.013610106248121995
0 0.8570142892690805 0.119552704004141 0.014064201941856971 0.014030163104717549
0 0.2035525762117826 0.6003022560706506 0.01439527364877554 0.014497463519756611
0 0.01186675291794997 0.19513133855966422 0.013826851661388691 0.014563853924091045
0 0.39194624240581805 0.919774422278771 0.014198376582219051 0.014028402475210337
0 0.819215334378756 0.3629936438340407 0.014139322134164663 0.014150326068584736
0 0.8604470766507663 0.4431905012864333 0.014960655799278846 0.015079131493201623
0 0.8402219919057993 0.5996588560251089 0.016200432410606973 0.016083717346191406
0 0.30292749404907227 0.4251124675457294 0.013764894925631009 0.013863490178034855
0 0.9143568185659555 0.06480955160581149 0.015833341158353366 0.015747822248018704
0 0.8251801270705003 0.30925097832312953 0.015899658203125 0.015902299147385817
0 0.9144778618445764 0.9366260675283579 0.014600313626802884 0.014756569495567909
0 0.0187614388190783 0.2599981381342961 0.014447485025112446 0.014453447782076322
0 0.9245131565974309 0.9446491094735953 0.014689225416917067 0.014989999624399038
0 0.012857194130237285 0.15625146719125602 0.013988866255833553 0.014495491981506348
0 0.2796876613910382 0.35915316068209135 0.014136314392089844 0.014397401076096755
0 0.9041227193979117 0.5154260855454665 0.015050594623272236 0.015409322885366587
0 0.9279267237736628 0.07019518888913669 0.015271406907301683 0.015272067143366886
