0 0.36217392407930815 0.1740097816173847 0.06793660383958083 0.06943555978628305
0 0.3872653521024264 0.2177285414475661 0.055132352388822116 0.055482057424692005
0 0.3456293986393855 0.5194257222689115 0.015500288743239183 0.015565432035006009
0 0.5434822669396033 0.21323071993314302 0.03504753112792969 0.0349579591017503
0 0.4689841637244591 0.32077616911668044 0.1020205571101262 0.10208298609806941
0 0.132201781639686 0.21280681169950044 0.021230440873366136 0.025496849646935098
0 0.5524648886460525 0.05541396599549513 0.039443676288311295 0.040447235107421875
0 0.44825055049015927 0.237335388477032 0.07018338716947116 0.07003380702092098
0 0.509646122272198 0.04218504979060246 0.028057098388671875 0.028653502464294434
0 0.7976732987623948 0.016543963780769937 0.020200435931865986 0.020596068639021654
