0 0.4206230090214656 0.5905351638793945 0.07233304243821365 0.0733654315655048
0 0.7072155292217548 0.9468699235182542 0.0537562737098107 0.05375055166391226
0 0.7235101553109976 0.8332867255577674 0.04166500384990986 0.04148659339317909
0 0.7670113490178034 0.7287239661583533 0.033652965839092545 0.03389534583458534
0 0.583715035365178 0.9798531899085412 0.0293728755070613 0.02959266075721154
0 0.6977787751417893 0.7697505950927734 0.05014346196101262 0.04980732844426082
0 0.18661018518301156 0.254978400010329 0.0202941160935622 0.020691504845252402
0 0.7769586122952975 0.6178354116586539 0.05618095397949219 0.05621921099149264
0 0.2745967461512639 0.4602829859806941 0.019354600172776442 0.01943485553448017
0 0.4840498704176683 0.5298283650324895 0.02193626990685096 0.021843103262094352
0 0.39365438314584583 0.5612453313974234 0.020619905911959134 0.020533341627854567
0 0.7477965721717248 0.7115569481482873 0.020731999323918268 0.020673018235426683
0 0.6239669506366436 0.7560809208796575 0.019279333261343148 0.01924866896409255
0 0.7261827175433819 0.7989114614633414 0.021045391376201924 0.020938579852764424
0 0.5575434978191669 0.6098209894620455 0.02366293393648588 0.02348936521089994
0 0.7265755580021784 0.5306432430560772 0.019370445838341348 0.019519219031700723
0 0.46063514856191784 0.8944916358360877 0.02265005845289964 0.022728553185096152
0 0.39127269157996547 0.7465340540959284 0.018187742966871995 0.018287218534029447
0 0.7323853419377253 0.6306699606088492 0.05213605440579928 0.05237869115976187
0 0.6745959061842698 0.8840055465698242 0.019916534423828125 0.020113431490384616
0 0.4402330838716947 0.8783148252047025 0.02327112051156851 0.023432511549729567
0 0.7130584716796875 0.3401358677790715 0.03583673330453726 0.03580533541165865
0 0.7919176541841947 0.5082539044893705 0.019481952373798076 0.01927977341871995
0 0.295630014859713 0.3088990725003756 0.016922143789438102 0.017043168728168193
0 0.640102533193735 0.8669237723717322 0.018262423001802884 0.018148128802959736
0 0.6449474921593299 0.933253288269043 0.025391798753004808 0.025115966796875
0 0.24161848655113807 0.5916918241060697 0.017122415395883415 0.016972908606896035
0 0.6349500509408804 0.9184565177330604 0.024044330303485576 0.0239407466008113
0 0.7305195148174579 0.986850958604079 0.017971332256610576 0.017621553861177884
0 0.6113783763005183 0.7161410405085638 0.017209859994741585 0.017364501953125
0 0.6402997236985427 0.8885242755596454 0.01724697993351863 0.017169365516075723
0 0.7984245006854718 0.957184571486253 0.01560680682842548 0.01598211435171274
0 0.2065455546745887 0.621085313650278 0.01622911599966196 0.0163421630859375
0 0.7114316500150241 0.8610696059006911 0.015640698946439303 0.015449230487530049
0 0.7027769088745117 0.7128984744732196 0.045409129216120794 0.04559604938213642
0 0.4649961911714994 0.7788482079139123 0.01600786355825571 0.016353020301231973
0 0.6837219825157752 0.7438785846416767 0.05101570716271034 0.05048076923076923
0 0.35832859919621396 0.16098455282358023 0.016347151536207933 0.015958630121671237
0 0.6495566001305213 0.6716374617356521 0.029526637150691107 0.029718985924353965
0 0.7424206366905799 0.5015168556800256 0.02136538578913762 0.021455031174879808
0 0.6215928884652945 0.8032119457538311 0.01637722895695613 0.016437237079326924
0 0.35015135544996995 0.3123449912438026 0.015906407282902643 0.01594998286320613
0 0.4956147854144757 0.77527589064378 0.01741900810828576 0.017376532921424277
0 0.4757095483633188 0.7349763283362756 0.015380565936748799 0.015408149132361779
0 0.584321352151724 0.03615547143496 0.0199126463669997 0.019918423432570238
0 0.679259520310622 0.7453060883742112 0.043416536771334134 0.04240828294020433
0 0.5444634510920598 0.573613533606896 0.01779512258676382 0.01767583993765024
0 0.5310112146230844 0.7836900857778696 0.019354746891902044 0.01925072303185096
0 0.3507329500638522 0.5792386348430927 0.019025215735802285 0.019032038175142728
0 0.3846823252164401 0.64915708395151 0.01553484109731821 0.015546651986929087
0 0.7116593580979568 0.9912574474628155 0.016881796029897835 0.01482860858623798
0 0.7324818831223708 0.6023936638465295 0.018670008732722357 0.01862496596116286
0 0.33600422052236706 0.039824870916513294 0.015928928668682393 0.01613770998441256
0 0.5286917319664588 0.3375861094548152 0.016797725970928486 0.01689910888671875
0 0.301556238761315 0.27637611902677095 0.014958418332613431 0.014767830188457783
0 0.5933045607346755 0.6179115588848407 0.015280503493088942 0.015221852522629958
0 0.43788887904240537 0.7208370795616736 0.014218403742863582 0.014351771428034855
0 0.6573704939622146 0.6896202380840595 0.031145829420823317 0.030559246356670674
0 0.7046090639554538 0.6484408745398889 0.03921802227313702 0.03988104600172777
0 0.7603618915264423 0.8999520815335788 0.014567155104417067 0.014749086820162259
0 0.632830913250263 0.012181142201790443 0.018276214599609375 0.018006742000579834
0 0.3449345368605394 0.5353256739102877 0.033616872934194714 0.034227884732759915
0 0.4178473399235652 0.8610390883225661 0.01595174349271334 0.015912862924429085
0 0.4509883293738732 0.6368559323824369 0.014158395620492788 0.014049089871920072
0 0.45186402247502255 0.34038330958439755 0.018726202157827523 0.018785623403695915
0 0.676448235144982 0.6251276456392728 0.026248345008263223 0.026056986588698167
0 0.6060847502488357 0.9125549609844501 0.01541915306678185 0.015799889197716348
0 0.43214211097130406 0.3935236564049354 0.014178789578951322 0.014346929696890024
0 0.3580492826608511 0.5124882918137771 0.028045654296875 0.027954981877253607
0 0.24710438801692083 0.32191654352041393 0.01646738785963792 0.016927719116210938
0 0.7003779778113732 0.6391179745013897 0.020638685960036058 0.020035376915564902
0 0.7014970779418945 0.8019046783447266 0.02406149644118089 0.02376072223369892
0 0.41083027766301083 0.11034811460054837 0.016101617079514723 0.015982957986684945
0 0.651484856238732 0.8471881426297702 0.014322721041165866 0.013977931096003605
0 0.8061583592341497 0.09763341683607835 0.033659714918870196 0.03891449708205003
0 0.19991918710561898 0.48004847306471604 0.013852596282958984 0.01399399684025691
0 0.193848940042349 0.19000948392427885 0.02653642801138071 0.026598270122821514
