0 0.7659242336566632 0.7827895237849309 0.0880418924184946 0.08832755455603966
0 0.7977838516235352 0.15686829273517316 0.04098422710712139 0.04089832305908203
0 0.47179049711961013 0.8737162810105544 0.029663819533128005 0.029690669133112982
0 0.9038081535926232 0.548011486346905 0.034557489248422474 0.034288773169884317
0 0.24563266680790827 0.017304467467161324 0.03446047122661884 0.03289985427489647
0 0.122588561131404 0.6633900862473708 0.030359158149132363 0.030408712533804085
0 0.6251536149245042 0.5449760143573468 0.03378710379967323 0.03412408095139723
0 0.8249759674072266 0.07672296120570256 0.03684014540452223 0.036689043045043945
0 0.2776347490457388 0.028306351258204535 0.033591050368088946 0.03323032305790828
0 0.8927166278545673 0.2187004822951097 0.026486616868239183 0.026543837327223558
0 0.7145023345947266 0.4133015412550706 0.029189476600060098 0.029216766357421875
0 0.570361064030574 0.21871893222515398 0.033712533804086536 0.033541312584510215
0 0.10227908537938045 0.5948908512408917 0.022687673568725586 0.02268380385178786
0 0.37200216146615833 0.17360591888427734 0.03181750957782452 0.03186754079965445
0 0.15028159434978777 0.15727905126718375 0.028189329000619743 0.028581692622258112
0 0.787344712477464 0.024307885995277993 0.023592435396634616 0.02321571111679077
0 0.16344371208777794 0.349023305452787 0.01977260296161358 0.020043373107910156
0 0.25571757096510667 0.30956026223989636 0.02052468519944411 0.020737574650691107
0 0.7023561184222882 0.2735578280228835 0.021746121920072116 0.021456351647010215
0 0.1761153661287748 0.2945403685936561 0.02257713904747596 0.022678668682391826
0 0.4073718511141263 0.17055038305429313 0.03246864905724159 0.03225407233605018
0 0.9161918346698468 0.3030974314762996 0.018921778752253607 0.018825677724984977
0 0.2501244361584003 0.5378643916203425 0.020963412064772386 0.020805725684532754
0 0.1291667498075045 0.20231760465181792 0.030574615185077373 0.03028106689453125
0 0.15248379340538612 0.17982024412888747 0.023628381582406852 0.023976619427020732
0 0.8079981437096229 0.12799435395460862 0.02433175307053786 0.02430891990661621
0 0.8013354081373948 0.3600166760958158 0.020260444054236777 0.02022068317119892
0 0.34030987666203427 0.18612135373629057 0.02199554443359375 0.02232514894925631
0 0.39840100361750674 0.3419629610501803 0.023057204026442308 0.023102540236253005
0 0.33567116810725284 0.38139867782592773 0.024173516493577223 0.024323390080378607
0 0.4926922137920673 0.2294634305513822 0.01821422576904297 0.017954312838040866
0 0.5165840295644907 0.8265158579899714 0.01863729036771334 0.018604425283578727
0 0.4950856062082144 0.3783574471106896 0.01880667759821965 0.018845484806941107
0 0.9165565784160907 0.26766751362727237 0.018952296330378607 0.0188140869140625
0 0.20418919049776518 0.04319698076981764 0.01641420217660757 0.01638649977170504
0 0.7629287426288311 0.26796953494732195 0.017476301926832933 0.01762074690598708
0 0.2240902827336238 0.657706774198092 0.023059955010047324 0.02294775155874399
0 0.0707333913216224 0.5679708627554086 0.02298577015216534 0.02272349137526292
0 0.3582761471088116 0.012590488562217126 0.035397896399864785 0.023536494145026572
0 0.08791866669288048 0.1185750227708083 0.017601141562828652 0.01734585028428298
0 0.5788955321678748 0.41173428755540115 0.017510634202223558 0.01740411611703726
0 0.3008070175464337 0.45391475237332857 0.025714690868671123 0.026053868807279147
0 0.9253394787128155 0.8215965857872596 0.019528902493990384 0.019248522244966947
0 0.9296070245596079 0.46329450607299805 0.02338996300330529 0.023387982295109674
0 0.5802921515244704 0.3779546297513522 0.016868151151216947 0.01684907766488882
0 0.593416874225323 0.0942854697887714 0.016863162700946514 0.017015677232008714
0 0.8146534699660081 0.37348615206204927 0.018761708186222956 0.01901421180138221
0 0.7502908706665039 0.07385187882643479 0.019651266244741585 0.019762204243586615
0 0.895302259005033 0.4025309636042668 0.018289712759164665 0.018285604623647835
0 0.5001018964327298 0.21442769123957708 0.01549999530498798 0.015503589923565205
0 0.6595409099872296 0.8322989390446589 0.017855424147385817 0.01813228313739483
0 0.5812413509075458 0.8488204662616436 0.019188514122596152 0.019092853252704326
0 0.25805429311899036 0.803274888258714 0.018113172971285306 0.017893864558293268
0 0.9129337897667518 0.5923025057866023 0.01880792471078726 0.01859122056227464
0 0.6540941091684195 0.8581404319176307 0.01706548837515024 0.017090430626502402
0 0.5837610684908353 0.25481884296123797 0.017818304208608773 0.017901127155010518
0 0.79644958789532 0.32601231795090896 0.016724659846379206 0.01688986558180589
0 0.6439207517183744 0.5963885233952448 0.020138373741736777 0.020420661339393027
0 0.5159281950730544 0.2745042947622446 0.01710209479698768 0.017440135662372295
0 0.46068514310396635 0.22812604904174805 0.017667770385742188 0.017621773939866286
0 0.7386074799757737 0.23611972882197454 0.029812005849984977 0.030016605670635518
0 0.4473576912513146 0.45940450521615833 0.023673864511343148 0.023681127108060397
0 0.7546232663668119 0.15677397067730242 0.015792699960561898 0.015701651573181152
0 0.6795608813946064 0.6920921619121845 0.020088635958158053 0.019915213951697715
0 0.6937317481407752 0.28907108306884766 0.017544673039362982 0.017522738530085638
0 0.7007251152625451 0.6840277451735276 0.01935430673452524 0.019585829514723558
0 0.4926966153658353 0.3000204379741962 0.016495631291316107 0.016453669621394232
0 0.3182784960820125 0.09073992875906137 0.01566798870380108 0.01583710083594689
0 0.10549443501692551 0.6283033811129056 0.015667310127845176 0.015924747173602764
0 0.6018497393681452 0.37663866923405576 0.015532346872182993 0.015321658207820011
0 0.5493459334740272 0.2568923326639029 0.017684276287372295 0.018004637498121995
0 0.23130097756019005 0.8179897161630484 0.01995424123910757 0.020155686598557692
0 0.37351223138662487 0.19981530996469352 0.016554979177621696 0.015984608576847956
0 0.2670572537642259 0.9494994236872747 0.01600984426645132 0.01596524165226863
0 0.2871561784010667 0.28566551208496094 0.019023711864764873 0.018865438608022835
0 0.3671438510601337 0.3213731325589694 0.018916937021108773 0.018893608680138223
0 0.3249339690575233 0.9347300896277795 0.034229131845327526 0.033802032470703125
0 0.8542125408466046 0.39569862072284406 0.015941913311298076 0.015954237717848558
0 0.5310945510864258 0.041958744709308333 0.019513056828425482 0.019615666224406317
0 0.6196482731745794 0.5795767857478216 0.016089219313401442 0.016116875868577223
0 0.14040695703946626 0.7988376617431641 0.015137415665846605 0.015450110802283654
0 0.07335844865212074 0.1099846546466534 0.019745249014634352 0.01941820291372446
0 0.6847686767578125 0.3713874083298903 0.0155029296875 0.01566630143385667
0 0.6942096123328576 0.885594367980957 0.017955926748422477 0.018083572387695312
0 0.9185678041898288 0.2141554355621338 0.0163424565241887 0.0164187504695012
0 0.4349544965303861 0.22246947655310997 0.019728733943058893 0.01985058417687049
0 0.3823833098778358 0.24762733166034406 0.01828479766845703 0.01872392801138071
0 0.05765621937238253 0.34694077418400693 0.04633053449484018 0.049986619215745196
0 0.33979056431696963 0.20700229131258452 0.018768897423377402 0.01946394260113056
0 0.7879660679743841 0.9712872138390174 0.016123258150540866 0.016083350548377402
0 0.8307261833777795 0.4300219462468074 0.015127328725961538 0.015159166776216947
0 0.6444771840022161 0.22465900274423453 0.014974740835336538 0.01526949955866887
0 0.1311801763681265 0.33869009751539964 0.01674032211303711 0.016860815194936898
0 0.7797135573167068 0.1726698141831618 0.015421060415414663 0.015168410081129808
0 0.4542410190288837 0.7248376699594351 0.0156552241398738 0.0157931401179387
0 0.36074939140906703 0.19244870772728553 0.01989151881291316 0.019823441138634317
0 0.9527951754056491 0.7055887075570914 0.022458589993990384 0.024649399977463942
0 0.6326565375694861 0.21668109527001014 0.014881134033203125 0.014682439657358022
0 0.24686642793508676 0.10933615611149715 0.028652704679048978 0.028719461881197415
0 0.22425409463735727 0.5984620314378005 0.08103007536668044 0.0792092543381911
0 0.6422090530395508 0.1149431375356821 0.016817533052884616 0.016969864185039815
0 0.9309143653282752 0.2270176227276142 0.015847426194411058 0.015822850740872897
0 0.7430741236760066 0.6467687166654147 0.01746544471153846 0.017352911142202523
0 0.8630331479586087 0.4150729179382324 0.015932816725510817 0.01580194326547476
0 0.5896526850186862 0.6870755415696365 0.01624760260948768 0.01595130333533654
0 0.21760854354271522 0.24845075607299805 0.01488663600041316 0.014997408940241886
0 0.13194243724529559 0.8291714741633489 0.01833332501924955 0.01839579068697416
0 0.5431379171518179 0.10939636597266564 0.014630684485802284 0.014690490869375376
0 0.049573967090019815 0.5259312116182767 0.021497442172123835 0.02145239023061899
0 0.8701704465425931 0.16561561364393967 0.019613119272085335 0.01947949482844426
0 0.45098554171048677 0.008041705076511089 0.0168002201960637 0.014741925092843862
0 0.0535241044484652 0.0519172503398015 0.015438024814312275 0.015589548991276668
0 0.35815906524658203 0.19467573899489182 0.022282233605018027 0.021716484656700723
0 0.2643277461712177 0.11836937757638785 0.01727768091055063 0.01708369988661546
0 0.776283337519719 0.42470631232628453 0.014878786527193509 0.01470947265625
0 0.1478259930243859 0.962496830866887 0.014456418844369741 0.014364389272836538
0 0.4739523667555589 0.1507310959009024 0.019710027254544772 0.019966657345111553
0 0.6194702295156626 0.21084855153010443 0.019367511455829326 0.01869997611412635
0 0.31642576364370495 0.18204107651343712 0.014924562894381009 0.014819035163292518
0 0.06085876318124624 0.5496569780203012 0.014764804106492262 0.015031154339130107
0 0.17784459774310774 0.6842977083646334 0.02159272707425631 0.021330613356370192
0 0.21631081287677473 0.19847715817964995 0.015056940225454478 0.015130373147817759
0 0.1246337157029372 0.03846426193530743 0.017427737896259014 0.017402976751327515
0 0.9601214482234075 0.3243400133573092 0.010959625244140625 0.018348547128530648
0 0.41379106961763823 0.11137788112346943 0.01437223874605619 0.014528384575477013
0 0.7372643397404597 0.1201011584355281 0.015651702880859375 0.01604428658118615
0 0.12260454434614915 0.4809112548828125 0.02654158152066744 0.02676699711726262
0 0.24247407913208008 0.27841599170978254 0.014511035038874699 0.014611427600567158
0 0.1597737348996676 0.49169265306912935 0.02649864783653846 0.026589613694411058
0 0.7496703221247747 0.3584117889404297 0.01396942138671875 0.014362775362454928
0 0.12764851863567644 0.5009312262901893 0.029095172882080078 0.028594603905310996
0 0.06640216937431923 0.7473363142747146 0.014150124329787035 0.014094719519981971
0 0.22301164040198693 0.49921332872830904 0.01676786862886869 0.016890819256122295
0 0.2754774827223558 0.04474971844599797 0.015018719893235426 0.01472158615405743
0 0.41958757547231823 0.2484872157757099 0.013729535616361178 0.013857107896071214
0 0.8576035866370568 0.4340810042161208 0.014637433565579928 0.014704484205979567
0 0.4317330213693472 0.6117068437429575 0.015448056734525241 0.015824171213003304
0 0.22192846811734712 0.45998268861037034 0.013778026287372295 0.013837080735426683
0 0.9419249021089994 0.12306433457594651 0.015363546518179087 0.015514373779296875
0 0.14821117657881516 0.6065017260037936 0.014265702320979191 0.014320666973407451
0 0.34895577797522914 0.21516915468069223 0.018782909099872295 0.018457302680382363
0 0.04876443055959848 0.9657004429743841 0.018224184329693135 0.018680865948016826
0 0.8088271801288311 0.39516324263352615 0.014396374042217549 0.014578745915339543
0 0.9006272829495944 0.5689036295964167 0.014293523935171274 0.014101762038010817
0 0.30587036793048566 0.11755770903367263 0.014097103705772987 0.014222493538489709
0 0.21688206379230207 0.11095208388108474 0.014443654280442458 0.014571886796217699
0 0.418029051560622 0.49611817873441255 0.0147553957425631 0.014862500704251803
0 0.15816945296067458 0.22541486299954927 0.015317394183232235 0.01564333989070012
0 0.4245912111722506 0.637938352731558 0.015015088594876803 0.014980756319486178
0 0.34903783064622146 0.5349368682274451 0.014341647808368389 0.014371138352614183
0 0.3664516302255484 0.24085008181058443 0.015376457801231971 0.015007972717285156
0 0.1321882834801307 0.35164759709284854 0.01556708262516902 0.015353936415452223
0 0.2835100247309758 0.09847720769735482 0.01422262191772461 0.014375906724196214
0 0.8691504551814153 0.25104427337646484 0.017150292029747598 0.0167085941021259
0 0.3430128831129808 0.21111690081082857 0.02562126746544471 0.025277174436129056
0 0.8201544835017278 0.33233103385338414 0.01379687969501202 0.014028695913461538
0 0.15108623871436486 0.11381112612210788 0.013731296245868389 0.013885718125563402
0 0.2710131498483511 0.33675457881047177 0.014159826131967397 0.01417387448824369
0 0.8505455897404597 0.8730647013737605 0.013730856088491587 0.013924818772536058
0 0.7852995212261493 0.1109469670515794 0.013808910663311299 0.014126447530893179
0 0.2486433982849121 0.9561179234431341 0.018303871154785156 0.017946390005258415
0 0.43487057319054234 0.3468117347130409 0.013387386615459736 0.013296860914963942
