0 0.2738592808063214 0.8755702238816482 0.0875704105083759 0.08714587871844952
0 0.44111050092256987 0.633231676541842 0.06775452540471004 0.06788899348332332
0 0.5890074509840745 0.6654602931096003 0.06403072063739483 0.06459808349609375
0 0.35691389670738805 0.7203992696908804 0.040794665996844955 0.04081652714655949
0 0.7113459660456731 0.6458779114943284 0.05599212646484375 0.05690163832444411
0 0.27558124982393706 0.3819577143742488 0.034501075744628906 0.03451802180363582
0 0.6468593157254733 0.7293684299175556 0.04343854464017428 0.04330370976374699
0 0.09411260714897743 0.9696529094989483 0.026683257176325872 0.026960226205679085
0 0.34161677727332485 0.47916746139526367 0.03238589947040264 0.032563356252817005
0 0.42307464893047625 0.6648618991558368 0.03411432412954477 0.03439169663649339
0 0.5455845319307767 0.18448341809786284 0.028939320490910456 0.028873516963078424
0 0.42560137235201323 0.5791861093961276 0.021889466505784255 0.022209534278282754
0 0.3144376828120305 0.42053688489473784 0.02277212876539964 0.02305155534010667
0 0.3222555380601149 0.5884227752685547 0.02062085958627554 0.020623280451847956
0 0.19088413165165827 0.12994739642510048 0.06314369348379281 0.06275523625887357
0 0.6810929225041316 0.8180228013258714 0.06841454139122596 0.06802016038161057
0 0.3405169340280386 0.8344321617713342 0.02995725778432993 0.029926300048828125
0 0.3971410164466271 0.389432246868427 0.034852247971754804 0.034834641676682696
0 0.5186635530911959 0.3490017377413236 0.01936472379244291 0.019284468430739183
0 0.6037351901714618 0.9303697439340445 0.023588180541992188 0.023539909949669473
0 0.09925382870894212 0.6373120821439303 0.02269159830533541 0.022886129525991585
0 0.9534091949462891 0.6387902039747971 0.022849449744591348 0.022872337928185098
0 0.5695983446561373 0.9499678978553185 0.03096287067119892 0.03085914024939904
0 0.3625087004441481 0.3886708479661208 0.02551753704364483 0.025640047513521634
0 0.5050408289982722 0.41219120759230393 0.02148613562950721 0.021648627061110277
0 0.7608676323523889 0.3416691560011644 0.028901026799128607 0.02899316641000601
0 0.804347038269043 0.5873531928429236 0.022359701303335335 0.022338280310997598
0 0.7481415088360126 0.5247953855074369 0.027339641864483174 0.02758510296161358
0 0.4790502694936899 0.34404996725229114 0.0213467524601863 0.021579889150766227
0 0.32019659189077526 0.49324868275569034 0.020008013798640326 0.02007132310133714
0 0.9236263862022986 0.8300525958721454 0.027039454533503607 0.027181478647085335
0 0.5068120222825271 0.37686391977163464 0.02161686237041767 0.021637403048001803
0 0.8325503422663763 0.6693012530987079 0.023654644305889424 0.02366784902719351
0 0.36072437579815203 0.8804702758789062 0.023929009070763223 0.0240325927734375
0 0.7895441788893479 0.901524543762207 0.019732255202073317 0.019816471980168268
0 0.7881754361666166 0.4336625612699069 0.020363440880408652 0.02060728806715745
0 0.2356251569894644 0.1580686202416053 0.042252613947941706 0.042058504544771634
0 0.09751365734980656 0.7347786243145282 0.018379578223595254 0.018427041860727165
0 0.5179517819331243 0.8717947739821214 0.0182036619919997 0.018223102276141826
0 0.9430035077608548 0.3415218866788424 0.019187340369591348 0.019332739023061898
0 0.7034404461200421 0.5675100546616775 0.03086515573354868 0.030589470496544473
0 0.5559975183927096 0.9358202127309946 0.029281983008751504 0.029278388390174277
0 0.1726078987121582 0.6911556537334735 0.02059518373929537 0.02045616736778846
0 0.08088075197660007 0.7369829324575571 0.016511201858520508 0.01668372521033654
0 0.4377018121572641 0.515228638282189 0.02382073035606971 0.023762923020582933
0 0.4562811484703651 0.29414666615999663 0.02147073012131911 0.021607509026160605
0 0.35924753775963414 0.3190455436706543 0.02217263441819411 0.022205499502328727
0 0.8589494411761944 0.6997645451472356 0.018336662879356973 0.018550872802734375
0 0.6346456087552584 0.7040075889000525 0.02666444044846755 0.02666752155010517
0 0.7564164675199069 0.6660836293147161 0.02171956575833834 0.02189973684457632
0 0.7573128480177659 0.1968525189619798 0.016768675584059495 0.017060573284442607
0 0.6491735164935772 0.6565934694730319 0.020881506112905648 0.020995506873497598
0 0.6402847583477314 0.8664954258845403 0.023694992065429688 0.023564852201021634
0 0.6773812220646784 0.506616995884822 0.020380460298978366 0.020617044889009915
0 0.6741613241342398 0.47356249735905576 0.01776709923377404 0.017808914184570312
0 0.37688666123610276 0.6380805235642654 0.02194052476149339 0.021889466505784255
0 0.615756108210637 0.7249528444730319 0.02220916748046875 0.022243499755859375
0 0.6725503481351413 0.8662586212158203 0.01871461134690505 0.018834040715144232
0 0.37367894099308896 0.5802561686589167 0.023155359121469352 0.023122787475585938
0 0.29976386290330154 0.48309993743896484 0.017939420846792366 0.01821004427396334
0 0.9104580512413611 0.6988325852614182 0.015511732835036058 0.015497207641601562
0 0.31219086280235875 0.6150270608755258 0.016256937613854043 0.01647670452411358
0 0.8349399566650391 0.843192614041842 0.016034493079552285 0.0160824702336238
0 0.42366783435528094 0.4203941638653095 0.016361236572265625 0.016336441040039062
0 0.4259810447692871 0.2647133973928598 0.03610442234919621 0.0369269297673152
0 0.6708565491896409 0.7842622903677133 0.04766566936786358 0.04939944927509014
0 0.8772985018216647 0.5758299460777869 0.02060552743765024 0.020675219022310697
0 0.2286053987649771 0.07727348804473877 0.04633965859046349 0.04665600336514986
0 0.6971843426044171 0.7372991121732272 0.02535834679236779 0.02542745150052584
0 0.7925604306734525 0.7335266700157752 0.0179135249211238 0.018108074481670674
0 0.5172070356515738 0.4509400954613319 0.017397733835073616 0.017563012930063102
0 0.06799679536085862 0.3122970140897311 0.0251766901749831 0.02557512430044321
0 0.5434828171363244 0.880640249985915 0.016215030963604268 0.01654214125413161
0 0.10122315700237568 0.9078826170701247 0.01867980223435622 0.01845213083120493
0 0.16240908549382135 0.9800827319805439 0.01925988380725567 0.019156822791466348
0 0.41324200996985805 0.2402036923628587 0.032756952139047474 0.032387073223407455
0 0.2414417266845703 0.9690187894381009 0.01719078650841346 0.017191666823167067
0 0.30400485258836013 0.0630694581912114 0.016149080716646634 0.016217901156498835
0 0.292205076951247 0.03440340436421908 0.016637361966646634 0.016488960156073935
0 0.39935365090003383 0.21752082384549654 0.029999146094689004 0.030030470628004808
0 0.73198729294997 0.5536817770737869 0.03256841806265024 0.033583494333120495
0 0.8202285033005935 0.7128275357759916 0.015261430006760817 0.015364426832932692
0 0.6191051189716046 0.7630619635948768 0.015105467576246995 0.01537616436298077
0 0.5165516046377329 0.39517512688269985 0.01629770719088041 0.016057894780085638
0 0.6656768505389874 0.7522735595703125 0.03554065410907452 0.03556075462928185
0 0.7970626537616436 0.45102743002084583 0.015173398531400241 0.01543287130502554
0 0.4150417768038236 0.5496008946345403 0.015194232647235576 0.015038857093224159
0 0.5224626247699444 0.5060355846698468 0.015936924861027643 0.01606603769155649
0 0.8744838421161358 0.7307852231539212 0.016438997708834134 0.016856266902043268
0 0.8676861983079177 0.5033537057729868 0.017264146071213942 0.017242578359750602
0 0.3774551611680251 0.40392226439255935 0.01596942314734826 0.016252811138446514
0 0.8468095339261569 0.6885946713961087 0.01595482459435096 0.015961867112379808
0 0.38036683889535755 0.45174679389366734 0.01833372849684495 0.01846474867600661
0 0.3155912986168495 0.463100580068735 0.015903491240281325 0.015988569993239183
0 0.600063103895921 0.8029120518611028 0.027063809908353366 0.027003655066856973
0 0.24514436721801758 0.749848879300631 0.01812590085543119 0.01824613717886118
0 0.8939616863544171 0.7352529672475961 0.016085991492638223 0.01609963637131911
0 0.6980986961951623 0.7619994236872747 0.026790912334735576 0.026470771202674277
0 0.7785483140211839 0.8474300091083233 0.016770582932692308 0.01691862253042368
0 0.8777823814978967 0.2939624052781325 0.029212071345402643 0.029723754295935996
0 0.6388587951660156 0.676369153536283 0.019969646747295674 0.020464677077073317
0 0.8244135929987981 0.16678795447716346 0.014799558199368991 0.014912825364332933
0 0.7345578120304987 0.7536544799804688 0.01656370896559495 0.01645205571101262
0 0.6122876680814303 0.5773675991938665 0.021009445190429688 0.021063804626464844
0 0.1461659944974459 0.9303754659799429 0.023392860706035908 0.023373530461237982
0 0.39363736372727615 0.6784746463482196 0.018892288208007812 0.018780048076923076
0 0.9504428276648889 0.6178305699275091 0.016968653752253607 0.017161442683293268
0 0.12089786162743202 0.9611346171452448 0.0239713375384991 0.024124292226938102
0 0.7804760566124549 0.28363961439866286 0.020320305457481973 0.02045015188363882
0 0.48088675278883714 0.14696770447951096 0.02539796095628005 0.025679881756122295
0 0.887961901151217 0.18358967854426458 0.017575484055739183 0.017667330228365384
0 0.6267417027400091 0.42958516340989333 0.019806495079627402 0.019948519193209134
0 0.46051626939039964 0.49136147132286656 0.01628868396465595 0.016647779024564303
0 0.9438621814434345 0.5155320167541504 0.08717845036433293 0.09190882169283353
0 0.4980246103726901 0.389652472275954 0.014539645268366886 0.014585788433368389
0 0.6618044926570013 0.9402753389798678 0.02057677048903245 0.02028069129356971
0 0.3227290373582106 0.18407711615929237 0.027955935551570013 0.027717443612905648
0 0.5470142364501953 0.9668570298414964 0.018005957970252402 0.017807887150691107
0 0.4856730241041917 0.9898931063138522 0.019682810856745794 0.017433606661283053
0 0.48421610318697417 0.11981540459852952 0.025304060715895433 0.025658240685096152
0 0.8195746495173528 0.8185176115769607 0.016573392427884616 0.016553585345928486
0 0.6022933813241812 0.8398682520939753 0.0186461668748122 0.01846181429349459
0 0.21809834700364333 0.7168206434983474 0.014708959139310397 0.014751727764423076
0 0.4205913543701172 0.5378322601318359 0.01418619889479417 0.014091931856595553
0 0.750256611750676 0.8005853799673227 0.01792144775390625 0.017855424147385817
0 0.37143986041729266 0.47782296400803786 0.0192416264460637 0.018682333139272835
0 0.4373396359957181 0.130339475778433 0.02033827855036809 0.02051995350764348
0 0.3194052256070651 0.17092011525080755 0.04613700279822716 0.047186631422776446
0 0.813999029306265 0.8051203214205228 0.016619755671574518 0.016948113074669473
0 0.5407162446242112 0.4611371847299429 0.01511368384728065 0.01506974146916316
0 0.8769030204186072 0.47641625771155727 0.024317081157977764 0.024932421170748197
0 0.39719889714167667 0.9693142817570612 0.046371753399188705 0.045931302584134616
0 0.7151599297156701 0.6980868119459885 0.01579460730919471 0.015719193678635817
0 0.7464626018817608 0.8551864624023438 0.02431341317983774 0.024298887986403245
0 0.7863498834463266 0.3302338673518254 0.023231359628530648 0.023196880634014424
0 0.4980363112229567 0.664401861337515 0.021313887376051683 0.022045722374549277
0 0.9778128403883714 0.3477894709660457 0.01761040320763221 0.016861548790564902
0 0.8212121816781851 0.9264390651996319 0.021845010610727165 0.021688461303710938
0 0.757876836336576 0.5971452272855319 0.022918847891000602 0.023331128633939303
0 0.3066848608163687 0.9873031469491812 0.01730801508976863 0.01694825979379507
0 0.17962044935960036 0.9542716099665716 0.01622603489802434 0.015822190504807692
0 0.6025538811316857 0.5059893681452825 0.014461297255295973 0.014996895423302284
0 0.5314480708195612 0.6840575291560247 0.01875921396108774 0.019518338716947116
0 0.2628490741436298 0.5375383083636944 0.015806124760554388 0.0156402587890625
0 0.2944953808417687 0.4005550237802359 0.014871744009164663 0.014942609346829928
0 0.059390875009390026 0.552729606628418 0.08242188967191257 0.08236386225773738
0 0.5513848524827224 0.2563955600445087 0.01799143277681791 0.017973899841308594
0 0.9728461045485276 0.44566532281728893 0.03703513512244591 0.06039773500882662
0 0.6788366024310772 0.7227546251737155 0.02531124995304988 0.025723383976862982
0 0.10306248298058143 0.7867333338810847 0.014604421762319712 0.014521378737229567
0 0.45420250525841344 0.3932341062105619 0.015415485088641826 0.015793286837064303
0 0.7314925560584435 0.5806203988882211 0.032987154447115384 0.032596588134765625
0 0.23109113253079927 0.6388416290283203 0.015631418961745042 0.015447763296274038
0 0.8528046241173377 0.9895659960233248 0.015151684100811299 0.014294110811673678
0 0.07271886330384475 0.9140041057880108 0.01570000098301814 0.015933403602013223
0 0.7447387988750751 0.31281361213097203 0.023265545184795674 0.02373785238999587
0 0.49624149615948016 0.29181645466731143 0.016838220449594352 0.016944151658278245
0 0.7326679229736328 0.5595685518704928 0.026949075552133415 0.025512108435997598
0 0.7761271550105169 0.48777958062978893 0.014551016000600962 0.015001663794884315
0 0.320739562694843 0.9669700769277719 0.053057083716759317 0.053256988525390625
0 0.10960721969604492 0.4192601717435397 0.017177508427546576 0.016985379732572116
0 0.6987608396089994 0.37245889810415417 0.02027746347280649 0.020315170288085938
0 0.8162881411038913 0.6137254421527569 0.029940678523137018 0.030084903423602764
0 0.6954700029813327 0.8971025026761569 0.015937071580153245 0.01593355032113882
0 0.8595999937791091 0.4721408990713266 0.014587108905498799 0.014845334566556491
0 0.6984772315392127 0.1421905939395611 0.023459214430588942 0.02303024438711313
0 0.4501475187448355 0.8314784123347356 0.014735735379732572 0.014873798076923076
0 0.4165959358215332 0.5114214970515325 0.016095895033616286 0.0156857417179988
0 0.5689658385056716 0.49611326364370495 0.016029871427095853 0.016133601848895732
0 0.9118507825411283 0.6823299114520733 0.015198780940129207 0.015133490929236779
0 0.5947027940016526 0.9774265289306641 0.015221889202411357 0.015108548677884616
0 0.36662758313692534 0.21002974876990685 0.018486609825721152 0.018690109252929688
0 0.8508355067326472 0.02403256526360145 0.017153226412259616 0.016974081213657673
0 0.45341737453754133 0.36360968076265776 0.015209344717172476 0.015171271104079027
0 0.48719098017765927 0.3804284976078914 0.014513309185321514 0.014688565180851864
0 0.9802288642296424 0.5671249536367563 0.014615865854116587 0.014530768761268029
0 0.4398329808161809 0.3918604850769043 0.014052904569185697 0.013958270733173076
0 0.6480388641357422 0.6246547698974609 0.017581646259014424 0.01766175490159255
0 0.8645970271183894 0.9262492840106671 0.023250286395733174 0.023546659029447116
0 0.33020925521850586 0.7297118260310247 0.014815990741436299 0.01480395977313702
0 0.6136997663057767 0.09463342336507943 0.02384053743802584 0.023957069103534404
0 0.09211380665118878 0.024341924832417414 0.01719810412480281 0.01734363115750826
0 0.28494977951049805 0.7902108705960788 0.013637909522423377 0.013646932748647837
0 0.7669485532320462 0.22133797865647536 0.019346970778245192 0.01938596138587365
0 0.7925693071805514 0.8487300872802734 0.014057159423828125 0.014345609224759616
0 0.038594021246983454 0.21015508358295149 0.018394204286428597 0.018265357384314902
0 0.6486951387845553 0.9304699530968299 0.01640173105093149 0.016921116755558893
0 0.7878317466148963 0.7784269773043119 0.014554977416992188 0.014089437631460337
0 0.5367897473848783 0.6344906733586237 0.016330425555889424 0.016438117394080527
0 0.11312607618478629 0.9788390673123873 0.016139433934138372 0.016752976637620192
