0 0.2015998730292687 0.8913431901198167 0.06569363520695613 0.06476974487304688
0 0.3325400719275841 0.6897415014413687 0.08196786733774039 0.08245614858774039
0 0.07627559166688186 0.22998604407677284 0.03222295871147743 0.032317565037654
0 0.7965068817138672 0.5101634172292856 0.032073681171123795 0.03213970477764423
0 0.2918792504530687 0.3740878471961388 0.028812188368577223 0.02881959768442007
0 0.177917297069843 0.5665954443124624 0.03218419735248272 0.032012939453125
0 0.9102840423583984 0.6158771514892578 0.027314112736628607 0.027327610896183893
0 0.23274781153752253 0.40367794036865234 0.024837383857140176 0.024976583627554085
0 0.2828052594111516 0.46509676713209885 0.027284548832820013 0.027226668137770433
0 0.24650393999539888 0.8126199428851788 0.04669402195857121 0.04687206561748798
0 0.1626852292280931 0.7904088680560772 0.022981606996976413 0.023024925818810098
0 0.20078083185049203 0.7485242990347055 0.023854622474083535 0.024033179649939902
0 0.27617271129901594 0.572782406440148 0.029195638803335335 0.029208256648137018
0 0.7132329207200271 0.13007904933049128 0.03361863356370192 0.033603521493765026
0 0.7504174159123347 0.6010149442232572 0.023782876821664665 0.02373475294846755
0 0.11913360999180721 0.05071616172790527 0.019640427369337816 0.01960440782400278
0 0.5731739631065955 0.09534524954282321 0.032520147470327526 0.03252333861130934
0 0.18631946123563325 0.6505169501671424 0.020694769345797025 0.02103570791391226
0 0.5613473745492789 0.11414425189678486 0.022967705359825723 0.023006384189312275
0 0.853340955880972 0.35899213644174427 0.01936472379244291 0.019359295184795674
0 0.30956547076885516 0.51574890430157 0.025289535522460938 0.025311690110426683
0 0.1100082122362577 0.71294432419997 0.037629127502441406 0.03820448655348558
0 0.894984612098107 0.37072970316960263 0.019889391385591947 0.01986870398888221
0 0.2326632829812857 0.6778769859900842 0.03334812017587515 0.033197256234975964
0 0.17468456121591422 0.6213549834031326 0.025868342472956732 0.025890350341796875
0 0.19023535801814154 0.3155512809753418 0.01991418691781851 0.01989137209378756
0 0.5912195719205416 0.30922409204336315 0.01646115229679988 0.016485214233398438
0 0.7005928479708158 0.6024207335252029 0.031195860642653245 0.031221389770507812
0 0.5931160633380597 0.20054046924297625 0.028128917400653545 0.028243578397310697
0 0.18187968547527605 0.6893291473388672 0.026058050302358773 0.02631378173828125
0 0.8092516385591947 0.5951454822833722 0.015767610990084134 0.015683981088491585
0 0.7455048927894006 0.6399474510779748 0.020911583533653848 0.020930950458233174
0 0.8936838003305289 0.9272680282592773 0.018612494835486777 0.018501428457406852
0 0.2792559036841759 0.6234070704533503 0.018399825462928183 0.018332994901216947
0 0.7165346145629883 0.7721308194673978 0.02159456106332632 0.021355262169471152
0 0.30359811049241286 0.7860568853525015 0.05072916471041166 0.04972648620605469
0 0.9078993430504432 0.5379640139066256 0.01607542771559495 0.015987689678485576
0 0.3479920167189378 0.9266045643733098 0.024372394268329326 0.024695616502028245
0 0.4136990033663236 0.8689373456514798 0.03630623450646034 0.03588368342472957
0 0.5708486116849459 0.024940619101891152 0.02474799522986779 0.024920197633596566
0 0.24681276541489822 0.5088374798114483 0.015802786900446966 0.01588278550368089
0 0.4315831111027644 0.35199642181396484 0.03792836115910457 0.0381773435152494
0 0.20643109541672927 0.6081049258892353 0.01815957289475661 0.017939200768103965
0 0.2546006166017972 0.5963936218848596 0.01620941895705003 0.01659554701585036
0 0.09331202507019043 0.6965092145479642 0.021596321692833535 0.021370520958533652
0 0.6773080092210036 0.0383024995143597 0.08113538301908053 0.0744617168719952
0 0.26556565211369443 0.42598790388840896 0.015525451073279748 0.015389369084284855
0 0.295953053694505 0.8670244950514573 0.05599396045391376 0.05572597797100361
0 0.1929184106680063 0.599479601933406 0.01616536653958834 0.015786097599909857
0 0.2082545390495887 0.1846452126136193 0.015953724200908955 0.015890194819523737
0 0.5950028346135066 0.02273262693331792 0.015519362229567308 0.015769454149099495
0 0.30932268729576695 0.12364741472097543 0.019390032841609076 0.019646644592285156
0 0.4130095701951247 0.8378791809082031 0.045783703143780045 0.04637292715219351
0 0.923278074998122 0.5686530700096717 0.01480395977313702 0.014713874230018029
0 0.5380444159874549 0.017759528297644395 0.037084065950833835 0.03372858350093548
0 0.5509116833026593 0.8301212604229267 0.0851289308988131 0.08615303039550781
0 0.6421960683969351 0.9936742048997146 0.018042637751652643 0.010857215294471154
0 0.2867746353149414 0.009313286497042729 0.030428482935978815 0.01716347153370197
0 0.08284070858588585 0.9631426884577825 0.045370083588820234 0.04793709975022536
0 0.6264574344341571 0.1771716154538668 0.019759691678560697 0.020088672637939453
0 0.7019452315110427 0.20715056932889497 0.01662474412184495 0.01669135460486779
0 0.20022924129779524 0.9806046119103065 0.016445636749267578 0.016294332650991585
0 0.2422452706557054 0.7710715073805589 0.05124121445875902 0.050991058349609375
0 0.14266032439011794 0.8985318403977615 0.019452828627366286 0.019466987022986777
0 0.19532486108633187 0.6280846228966346 0.014982810387244591 0.015072015615609976
0 0.5971088776221642 0.36603458111102766 0.015336843637319712 0.015317623431865986
0 0.21949419608482948 0.7400151766263522 0.019927024841308594 0.020152458777794473
0 0.1910389936887301 0.9401119672335111 0.019108992356520433 0.0193026616023137
0 0.8284945854773889 0.030395035560314473 0.014727372389573317 0.014656809660104604
0 0.6293373841505784 0.07492341445042537 0.033468393179086536 0.03335296190701998
0 0.19886383643517128 0.5789048121525691 0.015610034649188701 0.015557509202223558
0 0.1685949655679556 0.9491430429311899 0.016240890209491435 0.01615010775052584
0 0.8125583942119892 0.9324563833383414 0.01446533203125 0.0143585205078125
0 0.31644777151254505 0.007591549020547133 0.024248563326322116 0.01363700169783372
0 0.40837636360755336 0.8146602190457858 0.03017315497765174 0.030757757333608773
0 0.26482659119826096 0.9592012258676382 0.07628088731032151 0.0750735356257512
0 0.24841737747192383 0.12527912396651047 0.01659231919508714 0.016738286385169394
0 0.32303861471322864 0.8022943643423227 0.02673207796536959 0.026886866642878607
0 0.6089635995718149 0.9644973461444561 0.015096957866962139 0.015298403226412259
0 0.3950877556434044 0.798644285935622 0.031884413499098554 0.03265087421123798
0 0.32335585814255935 0.1317324821765606 0.014035958510178786 0.014027540500347432
0 0.15449984257037824 0.8614523960993841 0.015578159919151893 0.015504690317007212
0 0.9307755690354568 0.7091290400578425 0.016565322875976562 0.01801153329702524
0 0.25926839388333833 0.9203640864445612 0.02113063518817608 0.02089837881234976
0 0.30067304464486927 0.49205882732684797 0.016505681551419772 0.016199698814978965
0 0.2980011243086595 0.9274569291334885 0.018222625438983623 0.01855292687049279
0 0.2854481477003831 0.8275935833270733 0.031860645000751205 0.031932830810546875
0 0.12444586020249587 0.9178970043475811 0.03632072302011343 0.03658441396859976
0 0.33228562428401065 0.46236610412597656 0.015253140376164364 0.01524807856633113
0 0.4328000362102802 0.7895609048696665 0.042150057279146634 0.042118072509765625
