0 0.2534170884352464 0.7122051532451923 0.06485139406644382 0.07098828829251803
0 0.55987365429218 0.37972219173724836 0.027500446026141826 0.027663744412935697
0 0.636864001934345 0.272434638096736 0.021340296818659857 0.021315501286433294
0 0.27777528762817383 0.09325057726639968 0.042032608619103067 0.04197569993826059
0 0.6046840227567233 0.2169654002556434 0.02108911367563101 0.02118682861328125
0 0.39011625143197864 0.08949165160839374 0.03195117070124699 0.031860956778893106
0 0.608705997467041 0.44263560955341047 0.017392305227426384 0.01763769296499399
0 0.7138569171612079 0.24555180622981146 0.01724976759690505 0.017247346731332634
0 0.5353205387408917 0.8649638982919546 0.0191039305466872 0.019121903639573317
0 0.26147860747117263 0.8814069307767428 0.017061453599196214 0.01730493398813101
0 0.6195669174194336 0.29498874224149263 0.02611380357008714 0.025858218853290264
0 0.7504787445068359 0.8171069805438702 0.0258786128117488 0.025720743032602165
0 0.2966145368722769 0.750004401573768 0.019089588752159707 0.01924749521108774
0 0.2934556557581975 0.8734843914325421 0.04868811827439528 0.047888535719651446
0 0.2302581530350905 0.3508331592266376 0.01579710153432993 0.01602326906644381
0 0.3040198546189528 0.4614820113548866 0.01887094057523287 0.01901978712815505
0 0.34712637387789214 0.2706939623906062 0.01587376227745643 0.015764970045823317
0 0.6287221174973708 0.911166998056265 0.2434715491074782 0.17370722844050482
0 0.2950592774611253 0.13586125924037054 0.033260198739858776 0.03361696463364821
0 0.2638077369103065 0.1394809392782358 0.032732670123760514 0.03190480745755709
0 0.2362487132732685 0.8935787494365985 0.026766850398137018 0.03863818828876202
0 0.7505832818838266 0.7428575662466196 0.015740467951847956 0.015451871431790866
0 0.7279184047992413 0.849539536696214 0.0158694340632512 0.016071026141826924
0 0.22603225708007812 0.01215727856526008 0.02162771958571214 0.022735212857906636
0 0.24081998604994553 0.15674259112431452 0.022454151740440957 0.02274931394136869
0 0.3101448645958534 0.4269108405480018 0.01977097071134127 0.019837599534254808
0 0.33834747167734 0.722775385929988 0.015078104459322415 0.015038123497596154
0 0.39327261998103213 0.4256616005530724 0.023440727820763223 0.02365244351900541
0 0.3788896707388071 0.5172164990351751 0.02209582695594201 0.022294117854191706
0 0.5142572843111478 0.5053447943467361 0.05113660372220553 0.05108510530911959
0 0.4047684302696815 0.7368213947002704 0.039720315199631914 0.040349520169771634
0 0.332271355849046 0.5098682917081393 0.020102280836838942 0.02021950941819411
0 0.5949115386376014 0.5053511399489182 0.015376677879920373 0.0156707763671875
0 0.5783574030949519 0.3128662109375 0.04316916832557091 0.04364336453951322
0 0.2471144566169152 0.12516981821793777 0.029385896829458382 0.029149440618661735
0 0.41904075329120344 0.9032411575317383 0.014009182269756611 0.01449893071101262
0 0.6402037693903997 0.5840633832491361 0.02429962158203125 0.02411680955153245
0 0.6311655778151292 0.4359261072598971 0.03173391635601337 0.03160285949707031
0 0.24194711905259353 0.45333011333759016 0.021469739767221305 0.02169975867638221
0 0.41421178671029896 0.3519705625680777 0.01960901113656851 0.020365201509915866
0 0.6413289583646334 0.5335022119375376 0.014215616079477163 0.014161916879507212
0 0.5145617998563327 0.529847291799692 0.024412888746995192 0.024239173302283652
0 0.7082685323861929 0.43093299865722656 0.014172774094801683 0.014064422020545373
0 0.6684696490948017 0.43262327634371245 0.045387561504657455 0.046018013587364785
0 0.22295328286977914 0.15421893046452448 0.016923244182880107 0.027779735051668607
0 0.3481040367713341 0.15243533024421105 0.013668060302734375 0.013563174467820387
