0 0.562491563650278 0.37778370197002703 0.14213429964505708 0.14257342998798078
0 0.37282738318810094 0.3791628617506761 0.18934059143066406 0.18425239049471343
0 0.508479485144982 0.4983709775484525 0.07765131730299729 0.07856332338773288
0 0.5714625945458045 0.7148317190317007 0.13222246903639573 0.13146517826960638
0 0.38056318576519305 0.8756609696608323 0.07044550088735727 0.07088529146634616
0 0.2777105478140024 0.40369316247793346 0.05052339113675631 0.060428472665640026
0 0.5635329760037936 0.13293027877807617 0.040864724379319414 0.040578438685490534
0 0.6267541738656851 0.45159156505878156 0.0283199823819674 0.028471726637620192
0 0.49343061447143555 0.19030959789569563 0.0423432863675631 0.042055570162259616
0 0.6919715587909405 0.7938597018902118 0.019474029541015625 0.01945627652681791
0 0.3513030272263747 0.8080758314866286 0.09603463686429538 0.09542171771709736
0 0.38256050990178037 0.7484914339505709 0.023931356576772835 0.023852128248948317
0 0.33410255725567156 0.5688645656292255 0.06329490588261531 0.06279688615065354
0 0.353971554682805 0.4391674261826735 0.03458360525277945 0.03449872823861929
0 0.2708746836735652 0.3461555334237906 0.021784525651198167 0.021733210637019232
0 0.5427680015563965 0.9259786605834961 0.018653356111966647 0.01861117436335637
0 0.30643518154437727 0.5225337835458609 0.049340981703538164 0.04873393132136418
0 0.3817136471088116 0.51092896094689 0.016962198110727165 0.01690849891075721
0 0.7114046536959134 0.08046589447901799 0.022753495436448317 0.02291241058936486
0 0.7213332836444561 0.7220979837270883 0.03566829974834736 0.036016024076021634
0 0.6636880727914664 0.10378269048837516 0.04881580059344952 0.04848487560565655
0 0.5692567825317383 0.28140742962176984 0.021159025338979866 0.021204141470102165
0 0.5484686631422776 0.521237116593581 0.020214667687049277 0.02050179701585036
0 0.5505365958580604 0.6023109876192533 0.02119137690617488 0.020930950458233174
0 0.4486539547259991 0.6445823082557092 0.017932304969200723 0.01812157264122596
0 0.5404451076801007 0.626456040602464 0.01633277306189904 0.016696049616887018
0 0.6650579892672025 0.2733877438765306 0.02971502450796274 0.03011186306293194
0 0.6670043651874249 0.683753673846905 0.05405440697303185 0.05280039860652043
0 0.5959633313692533 0.8333226717435397 0.04015218294583834 0.04051003089317909
0 0.5569086808424729 0.7939106867863581 0.018488003657414362 0.01832419175368089
0 0.4491106913639949 0.8468966850867639 0.04322741581843449 0.04338425856370192
0 0.4182912019582895 0.34210865314190203 0.02397434528057392 0.024012932410606973
0 0.38577996767484224 0.37170828305757964 0.01616976811335637 0.01650370084322416
0 0.38732770773080677 0.06211710893190824 0.017822999220628005 0.01775061167203463
0 0.4029774299034706 0.03547277588110704 0.03263253432053786 0.03278743762236375
0 0.4913367491502028 0.23443533824040338 0.026657251211313102 0.026930882380558893
0 0.29387463056124175 0.49452634958120495 0.02207037118765024 0.022031343900240384
0 0.6544939187856821 0.36859776423527646 0.02582726111778846 0.02595343956580529
0 0.5476605341984675 0.7524580588707557 0.037517620966984674 0.038141837486853965
0 0.5780255977924054 0.17629759128277117 0.020131771381084736 0.020052396334134616
0 0.4506415587205153 0.6738564417912409 0.019737977247971755 0.019797398493840143
0 0.5458869934082031 0.5597745822026179 0.0654299075786884 0.06498028681828426
0 0.43164898799015927 0.10459564282343937 0.01861410874586839 0.018837543634267952
0 0.3277618701641376 0.13887076194469744 0.020994919996995192 0.021054836419912484
0 0.5640414311335638 0.7150556124173678 0.015506891103891226 0.015529339130108174
0 0.6304583916297326 0.935202378493089 0.027632493239182692 0.027865776648888223
0 0.46622034219595104 0.6471497462346003 0.021473811222956732 0.02150550255408654
0 0.2724608274606558 0.6966131650484525 0.016438117394080527 0.016232710618239183
0 0.7401136251596304 0.6165158932025616 0.015073629525991587 0.015999280489408053
0 0.6498472507183368 0.20485672583946815 0.09438529381385216 0.09632638784555289
0 0.3196815344003531 0.7395292428823618 0.018394616933969352 0.018329620361328125
0 0.44618804638202375 0.6117896300095779 0.027036226712740384 0.026924573458158053
0 0.7324733734130859 0.6379040204561673 0.030306889460637018 0.04533738356370192
0 0.29584943331204927 0.9702942187969501 0.052388631380521335 0.05245076693021334
0 0.43328094482421875 0.17437096742483285 0.024762667142427884 0.024887708517221305
0 0.3583517808180589 0.42577908589289737 0.015699093158428486 0.016948626591609076
0 0.513018534733699 0.25313421396108776 0.017156307513897236 0.017085442176231973
0 0.32581263322096604 0.6992157422579252 0.023128362802358773 0.022951566256009616
0 0.29117437509390026 0.6027328051053561 0.08367633819580078 0.1152662130502554
0 0.48245837138249326 0.07204351975367619 0.018328740046574518 0.018564315942617562
0 0.6550452892596905 0.7788922970111554 0.06996008066030648 0.07083423321063702
0 0.32084131240844727 0.17256549688485953 0.021419011629544772 0.021806643559382513
0 0.7329465425931491 0.8471993666428786 0.03373512854942909 0.04042962881234976
0 0.7275811708890475 0.7743176680344802 0.021458845872145433 0.021835473867563102
0 0.46487364402184117 0.2865645702068622 0.018666414114145134 0.018768163827749398
0 0.57178651369535 0.6448832291823167 0.014997629018930288 0.015235314002403846
0 0.5601886602548453 0.9668250450721154 0.02089999272273137 0.021539834829477165
0 0.41386303534874547 0.7607688903808594 0.016825015728290264 0.016960730919471152
0 0.3934481694148137 0.16333526831406814 0.016864483173076924 0.016950717339148887
0 0.6275053024291992 0.653988764836238 0.05338331369253305 0.05314225416917067
0 0.3485556382399339 0.3581087772662823 0.014208280123197116 0.014114453242375301
0 0.5550226798424354 0.22205638885498047 0.1060477036696214 0.1058958493746244
0 0.5551904531625601 0.6663140517014724 0.01521924825815054 0.015323638916015625
0 0.5398271267230694 0.20667079778817984 0.015602405254657451 0.01584625244140625
0 0.4144901862511268 0.1625974178314209 0.01540374755859375 0.015142330756554237
0 0.7320175170898438 0.5235345180218036 0.030142564039963942 0.050945281982421875
0 0.5947644893939679 0.6803522843580979 0.024654681865985576 0.024563716008112982
0 0.6128468146690955 0.9844468923715445 0.04366992070124699 0.030364843515249398
0 0.5390726236196665 0.45450658064622146 0.023204876826359674 0.023383727440467246
0 0.6653685936560998 0.6699468172513522 0.029521648700420674 0.028935652512770433
0 0.41205732639019305 0.971057231609638 0.06441769233116737 0.05725772564227764
0 0.39791173201340896 0.6664966436532828 0.014205199021559495 0.014169106116661659
0 0.6395972325251653 0.6082295637864333 0.019205533541165866 0.01966403080866887
0 0.3659810286301833 0.47994147814237154 0.10532305790827824 0.11129922133225661
0 0.4928090755756085 0.9557646237886869 0.0993665548471304 0.08946990966796875
0 0.6084908705491286 0.9871074236356295 0.03573168241060697 0.025644302368164062
0 0.6039254848773663 0.9890628227820764 0.02677183884840745 0.021626105675330527
0 0.4635813786433293 0.5049028396606445 0.014375980083759014 0.014370918273925781
0 0.2837474529559796 0.7523172818697416 0.022841526911808893 0.022725618802584134
0 0.49394930326021635 0.2605413106771616 0.019242213322566107 0.01950990236722506
0 0.6308649503267728 0.8556104806753305 0.041748376993032604 0.04183769226074219
0 0.28604764204758865 0.04627510676017174 0.06362694960374099 0.08557575482588547
0 0.35663373653705305 0.16237332270695612 0.015927828275240384 0.01602004124568059
0 0.5924188540532038 0.27097390248225284 0.020468491774338942 0.020536276010366585
0 0.26076500232403094 0.3653449278611403 0.01621583791879507 0.0215762211726262
0 0.28279807017399716 0.4653640893789438 0.035161531888521634 0.03571180196908804
0 0.49806103339562047 0.6221808653611404 0.013981085557204027 0.013980718759390024
0 0.3129267692565918 0.9112984583928034 0.07880254892202523 0.07698235144981971
0 0.6025874798114483 0.1735508258526142 0.017079500051645134 0.01723003387451172
0 0.3154733364398663 0.9275272809542142 0.03560968545766977 0.035898648775540866
0 0.39064664107102615 0.653826273404635 0.014486459585336538 0.014279438899113582
0 0.27236311252300555 0.0754955869454604 0.03580529873187725 0.03991377353668213
