0 0.15142301412729117 0.2607227838956393 0.09619452403141902 0.09792790046105018
0 0.34260419698861927 0.5202775368323693 0.045644906850961536 0.045762135432316706
0 0.26894805981562686 0.5282754164475661 0.04469435031597431 0.04486538813664363
0 0.44838340465839094 0.32146615248460036 0.04676672128530649 0.046733581102811374
0 0.5828898503230169 0.9184653942401593 0.045035288884089544 0.04518949068509615
0 0.8109940015352689 0.7726634098933294 0.04160015399639423 0.04157579862154447
0 0.4484080534714919 0.13968689625079816 0.042481642503004804 0.04232509319598858
0 0.06741899710435134 0.13531175026526818 0.029314499634962816 0.029520401587853067
0 0.9520723636333759 0.6774002955510066 0.03238824697641226 0.03225238506610577
0 0.020469890191004828 0.2525277871351976 0.030362395139840934 0.030433067908653848
0 0.9439345139723557 0.8534668408907377 0.02110129136305589 0.020976873544546273
0 0.2189178833594689 0.8550768632155198 0.02556888873760517 0.0256802485539363
0 0.4854478102463942 0.04794143713437594 0.030858333294208232 0.03057485131117014
0 0.02353834188901461 0.8447286899273212 0.03090064342205341 0.030859727125901442
0 0.6501919673039362 0.903901980473445 0.03275343088003305 0.03293345524714543
0 0.2218965200277475 0.9471196394700271 0.02864969693697416 0.02881783705491286
0 0.3136734228867751 0.2834589664752667 0.021248230567345254 0.020862505986140326
0 0.4845356574425331 0.3457497816819411 0.03683545039250301 0.03675402127779447
0 0.8059837634746845 0.9009590148925781 0.023955125075120192 0.023932530329777643
0 0.9099611869225135 0.8521061677199143 0.02276772719163161 0.02269436762883113
0 0.1244372221139761 0.11977419486412635 0.02418231964111328 0.024543578808124248
0 0.8200063705444336 0.45875123830942005 0.027964958777794473 0.02781823965219351
0 0.538844842177171 0.2854636999276968 0.02563821352445162 0.02544091298029973
0 0.637053709763747 0.22876370870150053 0.028133979210486777 0.028010111588698167
0 0.5122561087975135 0.3981632819542518 0.023865919846754808 0.024225234985351562
0 0.44509220123291016 0.6188949438241812 0.028401594895582933 0.028331463153545674
0 0.5318124477679913 0.10328430395859939 0.02606201171875 0.026176892794095553
0 0.5903430351844201 0.10680785545935997 0.03449109884408804 0.034330551440899186
0 0.8146513425386869 0.8716778388390174 0.02672430185171274 0.026898017296424277
0 0.02203071117401123 0.7423471304086539 0.019278076978830192 0.0193020747258113
0 0.3971402094914363 0.46083274254432094 0.022994554959810697 0.023185289823091947
0 0.07670861024122971 0.7781223883995643 0.019541520338792067 0.01943177443284255
0 0.7965006461510291 0.3969271733210637 0.02157900883601262 0.021510857802170973
0 0.07144197133871225 0.06315731085263766 0.1362758966592642 0.1238405521099384
0 0.5841722121605506 0.2987370124230018 0.0264284427349384 0.026454998896672174
0 0.9225494678203876 0.9876141181358924 0.019770989051231973 0.01954034658578726
0 0.43244255506075346 0.9879114444439228 0.020437020521897536 0.019736656775841348
0 0.7495938814603366 0.5750052011930026 0.021206782414362982 0.02136399195744441
0 0.4567365279564491 0.557218991793119 0.0175476807814378 0.017728218665489785
0 0.07408634515909049 0.6974017803485577 0.03291049370398888 0.033064622145432696
0 0.37224542177640474 0.49743446936974156 0.023029033954326924 0.02281673137958233
0 0.5571264853844275 0.9442203228290265 0.024219512939453125 0.024187234731820915
0 0.9885633908785306 0.7891068825354943 0.017182570237379808 0.017461776733398438
0 0.8163940723125751 0.8310209421011118 0.019854912391075723 0.019696455735426683
0 0.4690723419189453 0.8239093927236704 0.018833747276893027 0.018862357506385215
0 0.28996878403883714 0.9694532247690054 0.020854876591609076 0.020980248084435098
0 0.10416184938870944 0.7518201974722055 0.018532606271597054 0.01861748328575721
0 0.3910823235144982 0.3379969963660607 0.01857610849233774 0.018665827237642728
0 0.4178744829618014 0.5429323636568509 0.016109759990985576 0.01608100304236779
0 0.5695825723501352 0.12509244221907395 0.023503596966083232 0.02316711499140813
0 0.4529431416438176 0.9829927591177133 0.017266053419846755 0.017518116877629206
0 0.5189129022451547 0.7545865865854117 0.02621313241811899 0.026476053091195915
0 0.9226212134728065 0.8721253321721003 0.027500299307016227 0.027637334970327523
0 0.4750786561232347 0.44426646599402797 0.015194232647235576 0.015331708467923678
0 0.5142918366652268 0.3227549332838792 0.017049789428710938 0.017234215369591348
0 0.25687397443331206 0.5718160042395959 0.01766626651470478 0.01774773230919471
0 0.11839531018183781 0.8113576448880709 0.019362743084247295 0.019307943490835335
0 0.5456445400531476 0.14145963925581712 0.02153778076171875 0.021694458447969876
0 0.3254201595599835 0.5732524578387921 0.01914669917179988 0.019114861121544473
0 0.9635500541100135 0.6296708033635066 0.02137888394869291 0.021378297072190505
0 0.5319112630990835 0.01274605210010822 0.030641702505258415 0.024089056711930495
0 0.5134094678438627 0.5258479118347168 0.018851353571965143 0.018950168903057393
0 0.30197954177856445 0.5077905654907227 0.022066409771259014 0.021988795353816107
0 0.875517698434683 0.852171384371244 0.02206288851224459 0.021949327909029447
0 0.285587714268611 0.10635193494650033 0.03160381317138672 0.03188268954937275
0 0.26128193048330456 0.06249035321749174 0.020839397723858174 0.02093815803527832
0 0.14980275814349836 0.15656872896047738 0.018480227543757513 0.018305154947134163
0 0.5298463014455942 0.7955529873187726 0.017050889822152946 0.017136647151066706
0 0.6036343574523926 0.7010311713585486 0.017287034254807692 0.017402208768404447
0 0.7128463891836313 0.438295657818134 0.022254210252028245 0.02256173353928786
0 0.7145564739520733 0.9648002477792593 0.02147527841421274 0.021509904127854567
0 0.35092071386484 0.32952037224402797 0.019663884089543268 0.019723011897160456
0 0.5025043854346642 0.1347825527191162 0.01697687002328726 0.01702249967134916
0 0.27244006670438325 0.84729370704064 0.016625037560096152 0.016907912034254808
0 0.04947864092313326 0.03729994251177861 0.016666137255155124 0.016346633434295654
0 0.8796787995558518 0.7993909395658053 0.016449854924128607 0.016237992506760817
0 0.9851599473219651 0.6290221581092248 0.01662445068359375 0.016886197603665866
0 0.7071035825289212 0.6282910567063552 0.020328668447641227 0.020235501802884616
0 0.27614930959848255 0.0854653945335975 0.02097621330848107 0.020988886172954854
0 0.713896971482497 0.3038803797501784 0.018454625056340143 0.018318726466252253
0 0.38958131350003755 0.5555826333852915 0.016612126277043268 0.01683528606708233
0 0.25757283430833083 0.09806671509375939 0.02144476083608774 0.021580255948580228
0 0.1576211819281945 0.038165081005830034 0.02084522980910081 0.020731912209437445
0 0.6635299095740685 0.13392139398134673 0.02201667198768029 0.02172530614412748
0 0.9297076005202073 0.6056167529179499 0.016188988318810098 0.016372093787560098
0 0.8818352772639348 0.7125407732450045 0.015914183396559495 0.015828646146334134
0 0.2754193819486178 0.2160342289851262 0.02924977816068209 0.029042794154240534
0 0.6720008116502029 0.815991475031926 0.016720111553485576 0.016744173490084134
0 0.4239357434786283 0.2021497946519118 0.017219396737905648 0.01731285682091346
0 0.40297519243680513 0.06995821457642776 0.01927603208101713 0.019425309621370755
0 0.7413266988900992 0.7661082194401667 0.01593193641075721 0.016025249774639424
0 0.33054007016695464 0.11305680641761193 0.018584178044245794 0.018568112299992487
0 0.08075698522421029 0.35601263779860276 0.014849130923931416 0.014919574444110576
0 0.7262941507192758 0.8223602588360126 0.015038270216721755 0.01517193134014423
0 0.12961298685807449 0.34778998448298526 0.015932028110210713 0.01595922616811899
0 0.055376832301800065 0.712615233201247 0.017557547642634466 0.017569908728966348
0 0.19036865234375 0.49584344717172474 0.015325472905085636 0.015723741971529447
0 0.2636756896972656 0.23932423958411583 0.02369103064903846 0.0240634037898137
0 0.4743505624624399 0.07600597234872672 0.01930552262526292 0.019168376922607422
0 0.338716250199538 0.391817019535945 0.021790137657752402 0.02224907508263221
0 0.6877554379976712 0.8648194533128005 0.0163418696476863 0.016548743614783652
0 0.8941780237051157 0.6856021881103516 0.017534255981445312 0.017563599806565505
0 0.5442793185894306 0.233216615823599 0.020717327411358174 0.02084218538724459
0 0.2235690997197078 0.8955029707688552 0.016428323892446663 0.01636505126953125
0 0.6039741956270658 0.2528887161841759 0.016077408423790567 0.01583260756272536
0 0.5515183302072378 0.49727689302884615 0.015102533193734976 0.015142220717210036
0 0.3326160724346454 0.45137999607966495 0.016239753136268027 0.016314579890324518
0 0.9320821028489333 0.6666615559504583 0.015142440795898438 0.014884361853966346
0 0.8862222524789664 0.19178937031672552 0.019229008601262018 0.019241809844970703
0 0.8397203592153696 0.5772187526409442 0.01538379375751202 0.015576656048114482
0 0.29847981379582333 0.24393488810612604 0.015963921180138223 0.015970156742976263
0 0.6102952223557693 0.30353591992304874 0.019850950974684495 0.019948702592116136
0 0.2279499127314641 0.9928329907930814 0.020650716928335335 0.012821490948016826
0 0.7331324357252854 0.875310310950646 0.019230182354266826 0.019253657414362982
0 0.5390020884000338 0.7066607842078576 0.01542348128098708 0.015589200533353366
0 0.013707710000184866 0.047490569261404186 0.021711067511485174 0.04026528505178598
0 0.6380588824932392 0.9530045435978816 0.017619793231670674 0.01766028771033654
0 0.5157028344961313 0.734650391798753 0.014380821814903846 0.014607062706580529
0 0.4614404531625601 0.8628267141488882 0.026151583744929388 0.025894751915564902
0 0.5391936668982873 0.1890584505521334 0.0151976071871244 0.015314689049353966
0 0.688515149630033 0.18790841102600098 0.02218466538649339 0.022092782534085788
0 0.9615339132455679 0.3711641018207257 0.0208432124211238 0.020858617929311898
0 0.1010443247281588 0.11378169976747952 0.015951229975773737 0.015972247490516074
0 0.5229044694166917 0.504361446087177 0.014765519362229567 0.014789801377516527
0 0.49820181039663464 0.8207458349374624 0.015785730802095853 0.015701880821814902
0 0.08769502089573787 0.04428297281265259 0.039120178956251875 0.039724111557006836
0 0.06071970554498526 0.8059159792386569 0.021238079437842734 0.021393409142127402
0 0.7345513563889724 0.8413674281193659 0.01937103271484375 0.019346090463491585
0 0.030961816127483662 0.7223447652963492 0.015180587768554688 0.015595069298377404
0 0.7414671090932993 0.03542656164902907 0.10284746610201322 0.06911842639629658
0 0.16664563692533052 0.10289643361018254 0.020899112407977764 0.020771595147939827
0 0.03688691900326656 0.7017813462477464 0.030686630652501032 0.031084500826322116
0 0.4857320785522461 0.9762799189640925 0.014274890606219951 0.01439197246844952
0 0.3539268420292781 0.8900902087871845 0.015947561997633714 0.016298440786508415
0 0.9556650748619666 0.6601112072284405 0.015389369084284855 0.01567840576171875
0 0.2508243780869704 0.8860257222102239 0.01536123569195087 0.015250426072340745
0 0.7149716890775241 0.8850884070763221 0.016099929809570312 0.01638001662034255
0 0.6793319995586689 0.1647953803722675 0.017412919264573317 0.01721616891714243
0 0.49494288517878604 0.8039753253643329 0.015828499427208535 0.01598519545335036
0 0.5870882914616511 0.35681944627028245 0.015930542579064004 0.0159759521484375
0 0.05146571764579186 0.6780727826631986 0.01908301390134371 0.018758480365459736
0 0.04157622502400325 0.7285754864032452 0.01424549176142766 0.01441486065204327
0 0.04260041163517879 0.14944788125845102 0.019023053921186008 0.019251896784855768
0 0.5081538053659292 0.14865436920752892 0.019648992098294772 0.019284505110520583
0 0.17518469003530648 0.700258915240948 0.016361750089205228 0.016425499549278848
0 0.7973665090707632 0.9368873742910532 0.014792222243088942 0.015257908747746395
0 0.07497665515312782 0.43278708824744594 0.01403051156264085 0.014090904822716346
0 0.914585333604079 0.7680675800030048 0.01584478525015024 0.015910515418419473
0 0.8762977306659405 0.9030635540301983 0.01656796382023738 0.016546982985276442
0 0.7770925668569711 0.4385821269108699 0.015733865591195915 0.016049311711237982
0 0.9737540758573092 0.8445076575646033 0.014193461491511418 0.014227940486027645
0 0.6799891545222356 0.7975592980018029 0.014673086313100962 0.014630831204927884
0 0.8306179046630859 0.6756175114558294 0.01636505126953125 0.01649343050443209
0 0.7881791041447566 0.7006455201369065 0.015508211576021634 0.015552960909329928
0 0.21635554387019232 0.9818103496844952 0.017590082608736478 0.01814123300405649
0 0.304575828405527 0.17304385625399077 0.01855949255136343 0.018546434549184945
0 0.4844064712524414 0.3964413862961989 0.017125056340144232 0.01701046870304988
0 0.5842719811659592 0.6729324780977689 0.014505899869478665 0.014445671668419471
0 0.24565931466909555 0.9336129702054538 0.014551346118633565 0.014269315279447116
0 0.9283582247220553 0.8338245978722205 0.013542762169471154 0.013667766864483174
0 0.6764373779296875 0.41515111923217773 0.01596832275390625 0.015979913564828727
0 0.11287169273083027 0.5207328796386719 0.014098662596482497 0.014301300048828125
0 0.3080301284790039 0.6226244706373948 0.01536264786353478 0.015334642850435697
0 0.285477693264301 0.4267637546245868 0.03782180639413687 0.03826273404634916
0 0.718445191016564 0.7909132884098933 0.014528567974384014 0.014960215641902043
0 0.23904842596787673 0.25641193756690395 0.030133760892427884 0.03043809303870568
0 0.1208641895881066 0.4764834550710825 0.014055985670823317 0.01403500483586238
0 0.5353260040283203 0.47144398322472203 0.013953722440279447 0.013950054462139424
0 0.3713821998009315 0.9388650013850286 0.014360721294696514 0.014305995060847355
0 0.4774057681743915 0.19664918459378755 0.013633287869966947 0.013693662790151743
0 0.0866227333362286 0.8749445401705228 0.014382435725285457 0.014200357290414663
0 0.9413061875563401 0.882877569932204 0.01420285151554988 0.014050850501427284
0 0.05107216193125798 0.7670524303729718 0.014143576988807091 0.014184805063100962
0 0.7490659860464243 0.6976481217604417 0.013541001539963942 0.013627712543194111
0 0.38988091395451474 0.04871410589951735 0.0158841059758113 0.015695571899414062
0 0.6055460709791917 0.831730475792518 0.014301886925330529 0.014244959904597355
0 0.22425160041222206 0.2390292607820951 0.03515401253333458 0.03622869344858023
0 0.3527498978834886 0.44486111861008865 0.015292974618765024 0.014842987060546875
0 0.46413663717416614 0.9175085654625525 0.013486568744365986 0.013441672691932091
0 0.676457038292518 0.30388663365290713 0.015717433049128607 0.015504837036132812
0 0.2917159153864934 0.4909213139460637 0.0177459716796875 0.018180407010591947
0 0.4004475520207332 0.31668692368727464 0.013376822838416466 0.01358626439021184
0 0.0656920075416565 0.21290137217595026 0.01434031816629263 0.014577205364520732
0 0.2619076692141019 0.7191255276019757 0.015207400688758263 0.015372349665715145
0 0.021528014769920938 0.3967589965233436 0.01717683099783384 0.01737638620229868
0 0.23877767416147086 0.2600721762730525 0.026111382704514723 0.025743374457726113
0 0.11445354498349704 0.15500996663020208 0.014428193752582256 0.014585504165062537
0 0.8548270005446214 0.24570630146906927 0.021247276893028848 0.021224388709435098
0 0.012268566168271579 0.6918135422926682 0.019850932634793796 0.021712083082932692
0 0.026441188958974984 0.6551912747896634 0.013579955467810998 0.013921590951772837
0 0.6177404110248272 0.2437589168548584 0.018518888033353366 0.019272730900691107
0 0.2245656527005709 0.22152216617877668 0.01921811470618615 0.018913635840782754
0 0.46831226348876953 0.6547445150522085 0.014163677509014424 0.014312157264122596
0 0.21881048495952898 0.44639095893272984 0.016183779789851263 0.01655131119948167
0 0.714421639075646 0.4032994783841647 0.029508590698242188 0.029908400315504808
0 0.03290100739552425 0.02680684969975398 0.020940798979539137 0.021104977681086615
0 0.014817495758716877 0.015227500062722426 0.020905588681881245 0.02764484744805556
0 0.987120114839994 0.46761270669790417 0.014353238619290866 0.01465313251201923
0 0.007531846945102398 0.18944481702951285 0.012628711186922513 0.014591143681452824
0 0.0628589941905095 0.030591331995450534 0.014652637334970327 0.01474139323601356
0 0.06642608917676486 0.7445071293757513 0.014110106688279372 0.013978224534254808
0 0.13335743317237267 0.09954736782954289 0.021874354435847357 0.022394913893479567
0 0.8695708788358248 0.9301203214205228 0.013627272385817308 0.013704006488506611
