0 0.42188343634972203 0.36045419252835786 0.12122594393216647 0.12243155332712027
0 0.4692894128652719 0.9203952642587515 0.08777904510498047 0.08836570152869591
0 0.5113208477313702 0.08418813118567833 0.18105741647573617 0.16557022241445687
0 0.6044067969689002 0.6851108991182767 0.2628407111534706 0.2645535102257362
0 0.44847869873046875 0.46844482421875 0.04932623643141527 0.04942541856032152
0 0.4000133734482985 0.9054776705228366 0.2267899880042443 0.18854933518629807
0 0.6443086770864633 0.5137599798349234 0.029538961557241585 0.02981112553523137
0 0.30562098209674543 0.6121768217820388 0.02638805829561674 0.026428956251878005
0 0.4030184012192946 0.9701800713172326 0.022801619309645433 0.022548968975360576
0 0.31080986903263974 0.9697645627535306 0.03632046626164363 0.03631386390099159
0 0.6654980732844427 0.5607993419353778 0.04374621464655949 0.043650333697979264
0 0.32033172020545375 0.35050641573392427 0.03976799891545223 0.04009716327373798
0 0.5058683248666617 0.08928204499758206 0.024481920095590446 0.02447174145625188
0 0.6952853569617639 0.03130823832291823 0.034005385178786054 0.034036572162921615
0 0.46352173731877255 0.7835606795090896 0.018338716947115384 0.018451103797325723
0 0.3343507326566256 0.22252765068641076 0.01768977825458233 0.017817240494948167
0 0.6123312436617337 0.9834772256704477 0.04759993919959435 0.032684032733623795
0 0.3617833944467398 0.39115076798659104 0.027583782489483174 0.02760769770695613
0 0.4992824701162485 0.45325741401085484 0.04570645552415114 0.04595316373384916
0 0.2697140620304988 0.6050775968111478 0.01722849332369291 0.017416000366210938
0 0.41787925133338344 0.7888652361356295 0.018236086918757513 0.018310546875
0 0.5516837927011343 0.2598591217627892 0.04765730637770433 0.04795969449556791
0 0.2691142742450421 0.0564917830320505 0.036821805513822116 0.03698339829078087
0 0.2630367645850548 0.10892299505380484 0.01661572089562049 0.01669135460486779
0 0.7012442075289212 0.577959574185885 0.024403498722956732 0.024467981778658353
0 0.27440221493060774 0.4524679183959961 0.017412185668945312 0.017496402447040264
0 0.6382116171029898 0.9026897136981671 0.03942592327411358 0.039174593411959134
0 0.6872708247258112 0.47244765208317685 0.14069483830378607 0.19205115391657904
0 0.4391662524296687 0.7162689795860877 0.021823589618389424 0.021755218505859375
0 0.34049140490018404 0.23813753861647385 0.023359372065617487 0.023689746856689453
0 0.5249252686133752 0.49510996158306414 0.018425941467285156 0.01860956045297476
0 0.648737907409668 0.3621386381296011 0.21630551264836237 0.2961009098933293
0 0.2998455304365892 0.22913650365976188 0.08029589286217323 0.08017415266770583
0 0.6508742112379807 0.7981149233304538 0.04213215754582332 0.0412896963266226
0 0.3548228924091046 0.0441735707796537 0.021400011502779447 0.021676998872023363
0 0.26766597307645357 0.4036970872145433 0.014853770916278545 0.015077664301945614
0 0.4732410724346454 0.8732951237605169 0.017441969651442308 0.017426710862379808
0 0.4158751047574557 0.48455069615290713 0.020825019249549277 0.02106197063739483
0 0.5744305757375864 0.663434101985051 0.016555932851938102 0.016672281118539665
0 0.30843063501211315 0.8028394992534931 0.015025138854980469 0.01550747798039363
0 0.36432908131526065 0.6398218595064603 0.2493110069861779 0.254878410926232
0 0.2646149488595816 0.5132300303532527 0.04865462963397686 0.0799710200383113
0 0.3025140395531288 0.12599622286283052 0.08896336188683143 0.08928603392380935
0 0.6922757808978741 0.8465639261099008 0.06501564612755409 0.06466469397911659
0 0.7216950930081881 0.22622013092041016 0.057966379018930286 0.05710462423471304
0 0.48370097233698917 0.7928675871628982 0.014601193941556491 0.014565687913161058
0 0.6041499651395358 0.8763618469238281 0.030696868896484375 0.03090491661658654
0 0.594211431650015 0.48368233900803786 0.059049753042367786 0.056967515211838946
0 0.3963318604689378 0.5406397306002103 0.06705357478215145 0.065460571875939
0 0.46875784947321963 0.7091459127572867 0.01689602778508113 0.01714324951171875
0 0.36342675869281477 0.20974309627826399 0.0399926992563101 0.03969423587505634
0 0.6153903374305139 0.9335645528940054 0.03583746690016527 0.035776725182166465
0 0.39972994877741885 0.14190792120420015 0.033544100247896634 0.033429274192223184
0 0.43112798837515026 0.9063863020676833 0.015408736008864183 0.01563849815955529
0 0.4478229009188138 0.536811901972844 0.026592181279109076 0.026422940767728366
0 0.5300174859853891 0.8713717827430139 0.04383424612192007 0.04321758563701923
0 0.36189900911771333 0.9770681674663837 0.01386715815617488 0.014123476468599759
0 0.6330151924720178 0.8520955305833083 0.048485829279972956 0.04908547034630409
0 0.7184571486253005 0.6342970041128305 0.024494758019080527 0.024724226731520433
0 0.36055836310753453 0.2559868005605844 0.015688602740948018 0.015928305112398587
0 0.48233171609731823 0.7646490243765024 0.03410500746506911 0.03362274169921875
0 0.4638835100027231 0.14215760964613694 0.014202704796424279 0.014124613541823167
0 0.29326339868398815 0.4657422946049617 0.028790987454927884 0.028748512268066406
0 0.7045354109544021 0.26377039689284104 0.027633080115685098 0.027133648212139424
0 0.7426359470073993 0.6575793486375076 0.03360293461726262 0.04700132516714243
0 0.5039065067584698 0.9965628844041091 0.017720369192270134 0.006513448861929087
0 0.4786518170283391 0.5629725456237793 0.05472425314096304 0.05521062704233023
