0 0.674952140221229 0.18874366466815656 0.13709229689378005 0.1622774050785945
0 0.28679548777066743 0.4623237756582407 0.05466310794536884 0.09007629981407753
0 0.3333335289588341 0.9175931490384616 0.035253084622896634 0.03523797255295973
0 0.3541230788597694 0.6801420358511118 0.028748438908503607 0.028675079345703125
0 0.30368815935575044 0.2492376290834867 0.029213098379281852 0.029013303609994743
0 0.6552225993229792 0.3551172476548415 0.024372100830078125 0.024500113267164964
0 0.33040611560528094 0.5490462963397686 0.020000164325420674 0.01988704387958233
0 0.6423232738788311 0.5006365409264197 0.047171372633713946 0.047495328463040866
0 0.47275623908409703 0.25196484419015736 0.06309069119966947 0.06354284286499023
0 0.5908187719491812 0.7981194716233474 0.024766261761005107 0.024817540095402643
0 0.3613438606262207 0.7421153141902044 0.024530337407038763 0.024425800030048076
0 0.546387085547814 0.44974085000845104 0.05948213430551382 0.06012571774996244
0 0.43127624805157 0.36386775970458984 0.019648625300480768 0.01971259483924279
0 0.6652969947228065 0.7649631500244141 0.02884087195763221 0.028614924504206732
0 0.7099693004901593 0.9289364447960486 0.03462718083308293 0.03450833834134615
0 0.3664776361905612 0.4506487479576698 0.05815315246582031 0.05775290269118089
0 0.5728922623854417 0.8965099041278546 0.029228357168344352 0.029200333815354567
0 0.3113248164837177 0.9272472675030048 0.016820394075833835 0.01695104745718149
0 0.6473624156071589 0.7899379730224609 0.03163587130033053 0.0317999032827524
0 0.36042991051307094 0.7083046252910907 0.01793846717247596 0.017729832575871393
0 0.5503442470843976 0.533424817598783 0.01625369145320012 0.016394835252028245
0 0.33489381350003755 0.9839288271390475 0.046913440410907455 0.029776353102463942
0 0.4640636444091797 0.9501369182880108 0.01872400137094351 0.018627753624549277
0 0.7066434713510367 0.8203185154841497 0.037067413330078125 0.036312103271484375
0 0.4857876484210675 0.37911752554086536 0.023356877840482272 0.02360666715181791
0 0.5187887778648963 0.9689269432654748 0.08447045546311599 0.05888924231896034
0 0.36806275294377255 0.8301498706524189 0.04768826411320613 0.04775575491098257
0 0.47503031217134917 0.3529797333937425 0.016689447256234977 0.016224787785456732
0 0.36631136674147385 0.4944862952599159 0.03654942145714393 0.03659512446476863
0 0.7089526836688702 0.8419290689321665 0.024931687575120192 0.025028815636268027
0 0.4967209742619441 0.28372540840735805 0.017226439255934495 0.01759939927321214
0 0.4987741983853854 0.6122612586388221 0.01695676950307993 0.016850838294396035
0 0.3249323918269231 0.08539412571833684 0.13789653778076172 0.16088522397554839
0 0.6702841245211087 0.8005874340350811 0.02532342764047476 0.0255126953125
0 0.5106986119196966 0.49861896955049956 0.0437468015230619 0.043824929457444414
0 0.6339861062856821 0.9896647379948542 0.020717327411358174 0.01787713857797476
0 0.4982791313758263 0.06601558740322407 0.20870502178485578 0.1311128597993117
0 0.524299694941594 0.5603174429673415 0.01666113046499399 0.016601709219125602
0 0.5393482354971079 0.8193063002366286 0.021810531616210938 0.021960918719951924
0 0.6881615565373347 0.5120182770949143 0.021001669076772835 0.021013406606820915
0 0.48839202293982875 0.9206776252159705 0.06209857647235577 0.06211002056415264
0 0.5367456582876352 0.6187920203575721 0.01577303959773137 0.016219946054311898
0 0.39749593001145583 0.659361325777494 0.03179102677565355 0.03219046959510216
0 0.6522099421574519 0.9433846840491662 0.022720923790564902 0.022656367375300482
0 0.7038577153132513 0.9588039104755108 0.020893683800330527 0.021407934335561898
0 0.27258084370539737 0.8451940096341647 0.016273058377779447 0.021336775559645433
0 0.7009796729454627 0.8878980783315805 0.018796480618990384 0.018906226524939902
0 0.6752470456636869 0.8297893084012545 0.017763871413010817 0.01770151578463041
0 0.3763125859774076 0.9686390803410456 0.01699058826153095 0.016971001258263223
0 0.6310027195857122 0.9528569441575271 0.016719818115234375 0.016706319955679085
0 0.6805201310377854 0.9483853853665866 0.02640958932729868 0.026535914494441107
0 0.604624711550199 0.3581130321209247 0.015026312607985277 0.015206043536846455
0 0.36834107912503755 0.6078208776620718 0.04240703582763672 0.042372483473557696
0 0.66113831446721 0.57073974609375 0.021985567533052884 0.02213771526630108
0 0.7163021381084735 0.9041412060077374 0.023358858548677884 0.023337437556340143
0 0.3694596290588379 0.7706111027644231 0.014412146348219652 0.014489540686974159
0 0.47502649747408354 0.772041394160344 0.015937658456655648 0.015937951894906852
0 0.6050711778494028 0.9621901145348182 0.07329346583439754 0.07057908865121695
0 0.6765031080979568 0.01631700648711278 0.020891923170823317 0.02179230864231403
0 0.332249091221736 0.8322939505943885 0.019031377939077523 0.019127625685471755
0 0.7260717978844275 0.7949635432316706 0.023468457735501803 0.03310379615196815
0 0.31219783196082485 0.2159118835742657 0.07761030930739182 0.07845570490910457
0 0.38660438244159406 0.7726227686955378 0.015033135047325721 0.015130556546724759
0 0.7050775381234976 0.7141152895413913 0.015950423020582933 0.015996199387770433
0 0.3991387440608098 0.9075641632080078 0.09204262953538161 0.08844581017127404
0 0.7290841616117038 0.633331665625939 0.017464857835036058 0.0216677739070012
0 0.3118072289686937 0.8594662592961237 0.01638647226186899 0.0163577153132512
0 0.6841435799231896 0.8126609508807843 0.017970745380108174 0.017636225773737982
0 0.36257076263427734 0.7978385778573843 0.014677634605994591 0.014555857731745793
0 0.269838993365948 0.9741274026724008 0.011417829073392428 0.016819293682391826
0 0.6134825119605432 0.6334093534029447 0.016036180349496696 0.016175196721003607
