0 0.5619158378014197 0.18062598888690656 0.2554331559401292 0.2576006375826322
0 0.270106682410607 0.06529912123313317 0.07654534853421725 0.07650262575883132
0 0.3358316421508789 0.2435314838702862 0.053704481858473554 0.05469916417048527
0 0.5974755653968225 0.4907071040226863 0.02975126413198618 0.02911538344163161
0 0.23963312002328727 0.14077909176166242 0.03549737196702223 0.03560143250685472
0 0.504336980672983 0.6050083453838642 0.034120926490196817 0.03388639596792368
0 0.6874898763803335 0.7577542525071365 0.025700202355018027 0.025847655076246995
0 0.7312186314509466 0.6201702998234675 0.20881095299353966 0.2830634850722093
0 0.7843390244704026 0.46375348017765927 0.019728440504807692 0.019942063551682692
0 0.4116393236013559 0.9361192263089694 0.023537562443659857 0.023455986609825723
0 0.25098571410545933 0.4613781708937425 0.17156553268432617 0.23853507408728966
0 0.40705112310556263 0.08405864238739014 0.05987350757305439 0.06010761627784142
0 0.49961053408109224 0.07362628900087796 0.026319577143742487 0.026294543192936823
0 0.5881049449627216 0.5219034781822791 0.02717106158916767 0.027191748985877402
0 0.3728033946110652 0.9618220696082482 0.02008364750788762 0.01995262732872596
0 0.31247487434974086 0.6406594056349534 0.017096812908466045 0.017006507286658652
0 0.523934217599722 0.6939363479614258 0.021315501286433294 0.021467062143179085
0 0.4410499426034781 0.7525699322040265 0.02020087608924279 0.020337618314302884
0 0.6944217681884766 0.11983926479633038 0.016648219181941107 0.016756571256197415
0 0.5388007897597092 0.336309946500338 0.03304437490609976 0.03294013096736027
0 0.4307581094595102 0.6256038225614108 0.027767474834735576 0.02771597642164964
0 0.831877194918119 0.021003773579230674 0.016869765061598558 0.017522307542654183
0 0.2202145136319674 0.21567671115581805 0.018274747408353366 0.018552046555739183
0 0.695605204655574 0.08939899848057674 0.0173336909367488 0.01763041202838604
0 0.5856172121488131 0.6914477715125451 0.016151868380033053 0.016221266526442308
0 0.42863919184758115 0.9765298549945538 0.016505608191856973 0.016420364379882812
0 0.2030500998863807 0.23470392593970665 0.015839650080754206 0.016012008373553935
0 0.5650127117450421 0.4689806424654447 0.01658806434044471 0.016562828650841348
0 0.7405103536752554 0.7658273256742038 0.01635918250450721 0.016333946814903848
0 0.7435902815598708 0.6352789952204778 0.02906960707444411 0.02898377638596755
0 0.559561509352464 0.19093469473031852 0.03475688054011418 0.034257705395038314
0 0.39684900870689976 0.7047516749455378 0.019374260535606973 0.019563968365009014
0 0.6809007938091571 0.9785886911245493 0.019089918870192308 0.01903533935546875
0 0.4528999328613281 0.39534587126511794 0.018727595989520732 0.01888143099271334
0 0.4449916986318735 0.4356196476862981 0.020344367394080527 0.020304459791917067
0 0.5326250516451322 0.5987121875469501 0.01575778080866887 0.01564451364370493
0 0.34427855564997745 0.15162723798018235 0.015642459575946514 0.015441986230703501
0 0.755031365614671 0.587002130655142 0.016567230224609375 0.016519619868351862
0 0.5600484701303335 0.5994878182044396 0.016106605529785156 0.01588924114520733
0 0.1831539227412297 0.6015925040611854 0.03965443831223708 0.05966670696551983
0 0.46416282653808594 0.9367242959829477 0.015328774085411659 0.015175159160907451
0 0.4435481291550856 0.22356810936560997 0.03136179997370793 0.031079805814302884
0 0.45289281698373646 0.5374065545889047 0.017193354093111478 0.017183450552133415
0 0.7731285095214844 0.9764891404371995 0.02484306922325721 0.02477601858285757
0 0.5181344839242789 0.8844943413367639 0.015058957613431491 0.015184842623197116
0 0.3630903684175931 0.9918258373553936 0.015299723698542668 0.013148087721604567
0 0.8174246274507962 0.032721443818165705 0.015144054706280049 0.015562355518341064
0 0.7915658217210036 0.6161645742563101 0.01451580341045673 0.01435386217557467
0 0.4707957047682542 0.3564130709721492 0.02119269737830529 0.020998294536884014
0 0.28823144619281477 0.2042571764725905 0.01592878194955679 0.01595416435828576
0 0.4808737314664401 0.44266414642333984 0.017312049865722656 0.017254756047175482
0 0.587546495290903 0.5714544149545523 0.025089850792518027 0.024919656606820915
0 0.4537183321439303 0.9069994412935697 0.01431582524226262 0.014401655930739183
0 0.3653246806218074 0.026348430376786452 0.03388228783240685 0.033524045577416055
0 0.22159693791316107 0.16878823133615348 0.019913966839130107 0.019693778111384466
0 0.6542198474590595 0.8117733735304612 0.04166823167067308 0.040986868051382214
0 0.3233846150911771 0.7161827087402344 0.09709446246807392 0.10364708533653846
0 0.31216137225811297 0.48775383142324596 0.2571987738976112 0.24047183990478516
0 0.34787867619441104 0.17844812686626726 0.017423629760742188 0.017284980187049277
0 0.5088657232431265 0.8344578376183143 0.014463204603928786 0.014339740459735576
0 0.4851965537438026 0.7724700340857873 0.017989378709059495 0.017934065598707933
0 0.34509783524733323 0.4859456282395583 0.19203785749582145 0.20500623262845552
0 0.48720543201153094 0.30392696307255673 0.014522919288048377 0.014270745790921725
0 0.4432535905104417 0.4231996536254883 0.014382875882662259 0.014273790212777944
0 0.7186872042142428 0.06393925501750065 0.014568328857421875 0.014634150725144606
0 0.5858703393202561 0.5739693274864783 0.020503777724045973 0.02069708017202524
0 0.7593614138089694 0.029498347869286172 0.015183668870192308 0.015034033701970028
0 0.33477126635037935 0.3528736187861516 0.03927773695725661 0.03918757805457482
0 0.814248671898475 0.011887898811927209 0.0167233393742488 0.016910250370319072
0 0.5949961222135104 0.6697785304142878 0.08965191474327674 0.08540578988882211
0 0.3285098075866699 0.8767933478722205 0.014286114619328426 0.014402536245492788
0 0.605186755840595 0.8765501609215369 0.03963411771334135 0.03942460280198317
0 0.39066487092238206 0.6485482729398288 0.013948147113506611 0.014101468599759616
0 0.26730260482201207 0.810978522667518 0.07034393457266 0.0723430926983173
0 0.46996270693265474 0.8796435136061448 0.014761851384089543 0.015005551851712741
