0 0.6839247483473557 0.3690246802109938 0.23328781127929688 0.2369971642127404
0 0.45044682576106143 0.3606595993041992 0.15591041858379656 0.15691183163569525
0 0.531315803527832 0.46277695435744065 0.1054079349224384 0.1046589337862455
0 0.8379890735332782 0.5092493203970102 0.06280752328725961 0.0629582038292518
0 0.928784443781926 0.16377843343294585 0.0399480966421274 0.03999009499183068
0 0.8009693439190204 0.17893086946927583 0.06346306434044471 0.06294529254619892
0 0.06075900334578294 0.847191150371845 0.05533623695373535 0.05550179114708534
0 0.8817034501295823 0.44202635838435245 0.06203812819260817 0.06273445716271034
0 0.17145391610952523 0.5455460181603065 0.1007468241911668 0.10323935288649339
0 0.33867835998535156 0.3056607429797833 0.024249883798452523 0.02433046927818885
0 0.670740714439979 0.5440293825589694 0.032425220196063705 0.03244693462665264
0 0.3916398561917819 0.8247449581439679 0.3058898632342999 0.31492189260629505
0 0.858212397648738 0.6072887273935171 0.02365273695725661 0.024008530836838942
0 0.25609962756817156 0.5294953126173753 0.032887972318209134 0.03335497929499699
0 0.7277088165283203 0.5640282264122596 0.01812876187838041 0.01787699185884916
0 0.5745001572829026 0.5470865689791166 0.025790287898137018 0.025815156789926384
0 0.7929118229792669 0.7616230891301081 0.029259461622971755 0.029175391564002402
0 0.934811518742488 0.1268234711426955 0.026183495154747598 0.026390259082500752
0 0.24222428982074445 0.4173859449533316 0.04008337167593149 0.03992682236891527
0 0.45734999730036807 0.5986639903141902 0.020908942589393027 0.02103453416090745
0 0.8379000150240384 0.2745220477764423 0.018701993502103366 0.0186923100398137
0 0.8391001774714544 0.7951158376840445 0.03220279400165264 0.03235362126277043
0 0.8670170123760517 0.6427421569824219 0.018262423001802884 0.018231318547175482
0 0.565128546494704 0.6697242443378155 0.02377150608943059 0.02363718472994291
0 0.56323792384221 0.13214549651512733 0.01902624276968149 0.018817021296574518
0 0.23042414738581732 0.8136528455294095 0.03433638352614183 0.0347284170297476
0 0.19556857989384577 0.6671874706561749 0.023031931657057542 0.023097698505108174
0 0.48770464383638823 0.28375412867619443 0.02811285165640024 0.02812847724327674
0 0.23769028370197004 0.5093578925499549 0.02530820553119366 0.025189766517052285
0 0.6693336780254657 0.21534123787513146 0.0244296147273137 0.024487055264986478
0 0.36454046689547026 0.6492780538705679 0.018864851731520433 0.018759507399338942
0 0.8125243553748498 0.6002995417668269 0.018842110267052285 0.018845191368689902
0 0.5424405611478366 0.5078657590425931 0.019416955801156852 0.019399056067833535
0 0.21224385041456956 0.25025237523592436 0.02178181134737455 0.02179241180419922
0 0.1945067552419809 0.009581346351366777 0.019783900334284857 0.017942542066940896
0 0.9282194284292368 0.9853839874267578 0.04866732083834135 0.0276028559758113
0 0.47375033451960635 0.42940682631272536 0.023529199453500602 0.02384039071890024
0 0.41798166128305286 0.16620960602393517 0.05812556927020733 0.05773852421687199
0 0.5599042819096491 0.04415079263540415 0.029484382042518027 0.029367760970042303
0 0.7257140232966497 0.6466871408315805 0.03990613497220553 0.03981927724984976
0 0.5125005061809833 0.10817518601050743 0.020704929645244893 0.02073060549222506
0 0.5767371471111591 0.30348873138427734 0.03238766009990986 0.032724967369666465
0 0.08634009728064904 0.8799929252037635 0.029098258568690374 0.028793188241811898
0 0.6735550807072566 0.011253886497937717 0.016821934626652643 0.01692723769408006
0 0.08020364321195163 0.4177378874558669 0.022758919459122878 0.022853631239670973
0 0.03584196475835947 0.6569615143996018 0.021912547258230355 0.02202606201171875
0 0.9086592014019306 0.24058156747084397 0.028326768141526442 0.028269474322979268
0 0.6076731315025916 0.25946628130399263 0.0649710435133714 0.06546490009014423
0 0.6746565745427058 0.6453484021700345 0.06278096712552585 0.06211515573354868
0 0.9605275667630709 0.6497314159686749 0.02777891892653245 0.02825472905085637
0 0.47987688504732573 0.6287725888765775 0.03075555654672476 0.03085151085486779
0 0.7552761664757361 0.4846312449528621 0.0253298832820012 0.025474695058969352
0 0.18680710058945876 0.38231570904071516 0.018012597010685846 0.017925555889423076
0 0.21765708923339844 0.5478759912344126 0.0227658932025616 0.022781885587252103
0 0.5366336749150202 0.26547422775855434 0.016541187579815205 0.016765080965482272
0 0.8140893349280725 0.493218862093412 0.018147395207331732 0.0181424067570613
0 0.36989593505859375 0.048329986058748685 0.01614203819861779 0.01636371245751014
0 0.5563768973717322 0.9038931039663461 0.02919761951153095 0.028536283052884616
0 0.8052392372718225 0.28342888905451846 0.019532130314753607 0.01993692838228666
0 0.6110532100384052 0.0599973201751709 0.018506783705491286 0.018390765556922324
0 0.4742588630089393 0.6533939655010517 0.018045572134164665 0.018004197340745192
0 0.2875538605910081 0.3825071041400616 0.015729390657865085 0.01554415776179387
0 0.6078706154456506 0.6458585445697491 0.017197682307316706 0.017271775465745192
0 0.7516827216515174 0.6260119218092698 0.023722428541917067 0.023789185744065505
0 0.1846154286311223 0.2845870531522311 0.02111647679255559 0.021358636709359977
0 0.692974750812237 0.24289105488703802 0.025158808781550482 0.025104449345515326
0 0.11344084372887245 0.08513877025017372 0.016864281434279222 0.0170289002932035
0 0.364594973050631 0.5336503248948318 0.020179014939528245 0.020016009990985576
0 0.22496469204242414 0.5741028785705566 0.023945735051081732 0.024068098801832933
0 0.12701907524695763 0.2133808686183049 0.01579710153432993 0.01578675783597506
0 0.9431544817410983 0.84460816016564 0.022573177631084736 0.02287923372708834
0 0.41614829576932466 0.513218512901893 0.01826000213623047 0.01810602041391226
0 0.5773166142977201 0.6786534236027644 0.02020373711219201 0.020699134239783652
0 0.9062012892503005 0.1805244225722093 0.03529695364145132 0.03457370171180138
0 0.17264707271869367 0.6180703823383038 0.01580047607421875 0.01582791255070613
0 0.33216593815730167 0.5483942765455979 0.015409249525803786 0.015631895798903245
0 0.8097224602332482 0.4802284240722656 0.018573760986328125 0.018341651329627402
0 0.2962176616375263 0.5751927082355206 0.018465408912071817 0.018451984112079326
0 0.8057575225830078 0.6284427642822266 0.017203110914963942 0.016974815955528848
0 0.16891629879291242 0.18714556327232948 0.03937710248506986 0.03980445861816406
0 0.14850746668302095 0.15610929635854867 0.03228414975679838 0.03178595579587496
0 0.476568735562838 0.5739983778733474 0.047648063072791465 0.047182670006385215
0 0.294721951851478 0.34513561542217547 0.019611542041485127 0.019660802987905648
0 0.4042820563683143 0.4198265809279222 0.028360513540414665 0.028411865234375
0 0.6178434078509991 0.9892768126267654 0.023502496572641227 0.01838346628042368
0 0.3542047647329477 0.4046903390150804 0.019146845890925482 0.019121243403508112
0 0.6169046255258414 0.5928542063786433 0.015143614548903245 0.015282704279972957
0 0.9143976064828726 0.6767384455754206 0.024361243614783652 0.024447807898888223
0 0.2827543845543495 0.6404198866624099 0.019099895770733174 0.018917377178485576
0 0.229523071875939 0.2710689397958609 0.0173037602351262 0.017552742591271035
0 0.5163540473351111 0.4082487913278433 0.022068170400766227 0.02167503650371845
0 0.9662139599139874 0.8177204132080078 0.022189800555889424 0.02998498769906851
0 0.29332370024461013 0.4278900439922626 0.015108328599196214 0.015359585101787861
0 0.6341505784254807 0.09637805131765512 0.015522296612079326 0.015669896052433893
0 0.3150320786696214 0.0074866391145266015 0.017942281869741585 0.014108142027488122
0 0.23737634145296538 0.08771558908315805 0.016988314115084134 0.017209676595834587
0 0.3911842199472281 0.6524244455190805 0.021162913395808294 0.021336482121394232
0 0.730869146493765 0.4916569636418269 0.026149456317608174 0.026082845834585335
0 0.8598782466008112 0.16104934765742376 0.017215728759765625 0.017386473142183743
0 0.7409472832312951 0.78514708005465 0.016188401442307692 0.016201899601862982
0 0.3047054364131047 0.16116133103003868 0.02361891819880559 0.024307984572190505
0 0.35225083277775693 0.666293217585637 0.015345206627478966 0.015238541823167067
0 0.49910809443547177 0.6000664784358098 0.021613194392277643 0.02178529592660757
0 0.5893646753751315 0.053452606384570785 0.02130611126239483 0.020972517820504997
0 0.16510820388793945 0.09802421239706186 0.016123478229229268 0.01626900526193472
0 0.4356025549081656 0.31394646717951846 0.01880983205942007 0.01902917715219351
0 0.17879363206716684 0.4895142408517691 0.015865032489483174 0.016143652108999398
0 0.5878837658808782 0.2238633816058819 0.01564363332895132 0.015749344458946817
0 0.5231644190274752 0.5238810319166917 0.016336734478290264 0.01636329064002404
0 0.16802092698904184 0.16505773250873274 0.015481985532320462 0.015293561495267428
0 0.6519407125619742 0.00905871563232862 0.01717523428109976 0.01591671544771928
0 0.23568925490746132 0.5504603385925293 0.01652805621807392 0.01641082763671875
0 0.904413810143104 0.4102326906644381 0.06380257239708534 0.0638427734375
0 0.49228228055513823 0.6155989720271184 0.020824285653921273 0.021314437572772685
0 0.9197937892033503 0.6962729233961839 0.029323284442608174 0.029918964092548076
0 0.5106108005230243 0.9920501708984375 0.019127772404597357 0.013863490178034855
0 0.44136656247652495 0.26398196587195766 0.03474998474121094 0.03515698359562801
0 0.8577362940861628 0.727752318749061 0.025745685283954326 0.025382848886343148
0 0.03354986355854915 0.11310863494873047 0.017460346221923828 0.02755146760206956
0 0.2590655180124136 0.4290167001577524 0.0561522703904372 0.05668009244478666
0 0.7383339955256536 0.7437750009390024 0.024416996882512018 0.024674195509690505
0 0.8994136223426232 0.5199810908390925 0.014752608079176683 0.014778724083533654
0 0.5134886961716872 0.5865238629854642 0.023139440096341647 0.022313411419208232
0 0.2996959869678204 0.6784507311307467 0.016007166642409105 0.016238285945012018
0 0.8240745250995343 0.2633981704711914 0.017704156728891227 0.017441749572753906
0 0.45515878383929914 0.23831921357374924 0.015314835768479567 0.015620818504920373
0 0.531890318943904 0.7398801950307993 0.015313001779409556 0.015595069298377404
0 0.21603617301354042 0.3210943662203275 0.017049495990459736 0.016869251544658955
0 0.7954211601844201 0.5587443571824294 0.014216349675105168 0.014043074387770433
0 0.044726596428797796 0.8842302469106821 0.01916952316577618 0.019564701960637018
0 0.8316285060002253 0.6906968630277194 0.02080051715557392 0.021009005033052884
0 0.37821102142333984 0.637646381671612 0.016709180978628304 0.01707297105055589
0 0.2506705981034499 0.7662492898794321 0.024765894963191107 0.024744473970853366
0 0.800451058607835 0.6483725034273587 0.01616389934833233 0.015944847693810098
0 0.3230703060443585 0.6707059420072116 0.014618286719689002 0.01470198998084435
0 0.3094722307645358 0.43962651032667893 0.0175778315617488 0.018076456510103665
0 0.6808751913217398 0.8287409268892728 0.019087718083308294 0.019410353440504808
0 0.9527266575739934 0.09906954948718731 0.01885047325721154 0.018684222148014948
0 0.567927727332482 0.5673559995797964 0.015274928166316105 0.01578059563269982
0 0.7775685237004206 0.23526719900277945 0.015654637263371393 0.015369488642765926
0 0.9077595197237455 0.567105219914363 0.01849511953500601 0.019062629112830527
0 0.7261110452505258 0.9045772552490234 0.014692453237680288 0.014384049635667067
0 0.7811365861159104 0.0968176951775184 0.014140789325420674 0.014105906853309045
0 0.44868924067570615 0.03672286180349497 0.015718606802133415 0.01578836257641132
0 0.7200634296123798 0.5941514235276443 0.022274604210486777 0.022589463454026442
0 0.23143304311312163 0.30088083560650164 0.016362447005051833 0.016525708712064303
0 0.8626474233774039 0.198655183498676 0.041206066425030045 0.04147122456477238
0 0.32341516934908354 0.45675989297720104 0.015492952786959134 0.015844198373647835
0 0.03705693666751568 0.8873852216280423 0.027936321038466234 0.027412561269906852
0 0.8987950545090896 0.5826369065504807 0.014816871056189904 0.014947597797100361
0 0.4937756611750676 0.40515782282902646 0.019184992863581732 0.019127919123722956
0 0.476719122666579 0.9670046292818509 0.022610884446364183 0.022372025709885817
0 0.5731911292442908 0.07397306882418118 0.014665163480318509 0.014921995309682993
0 0.03869841190484854 0.38260522255530727 0.015542901479280911 0.015663953927847054
0 0.8740334144005408 0.3214779266944298 0.019490755521334134 0.01971017397367037
0 0.20177745819091797 0.27711175038264346 0.014229114239032451 0.01448807349571815
0 0.8984176195584811 0.15981507301330566 0.02312161372258113 0.02355681932889498
0 0.7278358752910907 0.023902668402745172 0.014881134033203125 0.015042489537825951
0 0.3090059940631573 0.4522856565622183 0.03708663353553185 0.03858258174015926
0 0.6033189480121319 0.4418307084303636 0.014525193434495192 0.014506193307729868
0 0.22651158846341646 0.3455360485957219 0.031897398141714245 0.03248412792499249
0 0.17908433767465445 0.2108182540306678 0.03355730496920072 0.034121073209322415
0 0.1125812163719764 0.018033788754389837 0.01816397446852464 0.01796951202245859
0 0.7521174504206731 0.9365776502169095 0.020426530104417067 0.02057486314039964
0 0.47495643909160906 0.21432225520794207 0.015160193810096154 0.014985928168663612
0 0.7262400113619291 0.5031702335064228 0.02428773733285757 0.02394382770244892
0 0.13861467288090631 0.09443317009852482 0.013947633596567007 0.013837227454552284
0 0.4805614764873798 0.443110832801232 0.014375686645507812 0.01441662128155048
0 0.29595265021690953 0.6581721672644982 0.024351119995117188 0.024623283973106973
0 0.3738807531503531 0.6630772077120267 0.01668856694148137 0.016709401057316706
0 0.7336516747107873 0.5779910087585449 0.015778468205378607 0.015355110168457031
0 0.22580025746272162 0.6895332336425781 0.021183050595797025 0.021248450646033652
0 0.9126702822171725 0.6905620281512921 0.04239595853365385 0.0446014404296875
0 0.8511805901160607 0.4739998303926908 0.013913814838115986 0.014123476468599759
0 0.8250111799973708 0.1899242767920861 0.014153700608473558 0.014537957998422476
0 0.43968875591571516 0.24230595735403207 0.01690512437086839 0.01681067393376277
0 0.8689049940842849 0.4438750927264874 0.01650267380934495 0.014988459073580228
0 0.6438644115741436 0.7104341800396259 0.02266663771409255 0.02263039809006911
0 0.5194819890535795 0.44012619898869443 0.017047295203575723 0.016645284799429085
0 0.8058741642878606 0.009281616944533128 0.022839472844050482 0.017339204366390523
0 0.936470105097844 0.3788932653573843 0.026476199810321514 0.026585725637582634
0 0.30787075482881987 0.44150858659010667 0.02380062983586238 0.021785149207481973
0 0.19188497616694525 0.2317215479337252 0.03130828417264498 0.030711797567514274
0 0.2626925981961764 0.2836741300729605 0.015813167278583232 0.01537154271052434
0 0.9438678301297702 0.42613763075608474 0.013712662916917067 0.013756385216346154
0 0.49547415513258714 0.4314249112055852 0.014533262986403245 0.01460728278526893
0 0.9303219134990985 0.03983608575967642 0.016171382023737982 0.016339043012032144
0 0.8648119706373948 0.8087635040283203 0.013918656569260817 0.013932594886192909
0 0.7712235083946815 0.04713572447116558 0.013564476600060096 0.013767233261695275
0 0.8956926785982572 0.6822750384990985 0.015743255615234375 0.015785804161658652
0 0.2733462773836576 0.48733909313495344 0.015771792485163763 0.016046964205228366
0 0.44664507645827073 0.05292100172776442 0.017449599045973558 0.01777038207420936
0 0.8568697709303635 0.7303215907170222 0.021340443537785456 0.022052471454326924
0 0.8605018762441782 0.7191487092238206 0.016651740440955527 0.014851643488957332
0 0.041759225038381725 0.8853332812969501 0.025359848370918862 0.024860382080078125
0 0.28247697536761945 0.733288471515362 0.02429969494159405 0.024387212900015023
0 0.8617434868445764 0.48816629556509167 0.015114124004657451 0.015410569997934194
0 0.28618218348576474 0.6536400134746845 0.016747401310847357 0.018535614013671875
0 0.554377555847168 0.39004058104295 0.01764686291034405 0.01777362823486328
0 0.7558746337890625 0.5948389493502103 0.014133746807391826 0.014204025268554688
0 0.49797773361206055 0.6032339976384089 0.022456829364483174 0.02394558833195613
0 0.23522808001591608 0.7807561434232272 0.01407311512873723 0.014535170335036058
0 0.23510371721707857 0.10979931171123798 0.015454439016488882 0.015575225536639873
0 0.44742730947641224 0.28135992930485654 0.021528977614182692 0.021935169513408955
0 0.4407466008112981 0.06639614472022423 0.015121900118314303 0.015166429372934194
0 0.6872272491455078 0.5625518652109 0.016225081223707933 0.01616067152756911
0 0.7684637216421274 0.8560416881854718 0.015110602745643029 0.015076270470252404
0 0.29306543790377104 0.6561276362492487 0.027489588810847357 0.02581508343036358
0 0.5822600584763747 0.040058365234961875 0.01676031259390024 0.01696051313326909
0 0.12812289824852577 0.015064342663838314 0.014900299218984751 0.01483140541956975
0 0.7664871215820312 0.1520393261542687 0.01601718022273137 0.01600041756263146
0 0.6158418655395508 0.6151639864994929 0.031312208909254804 0.031220436096191406
0 0.03861698737511268 0.5018693850590632 0.013769184167568501 0.013822702261117788
