0 0.9184121351975661 0.5666469794053298 0.028920100285456732 0.028861485994779147
0 0.7871067340557392 0.7912141359769381 0.027826896080603965 0.028005453256460335
0 0.9409719613882211 0.508767348069411 0.022545741154597357 0.022347523615910456
0 0.7318275158221905 0.7842514331524189 0.02570166954627404 0.025228206927959736
0 0.911353771503155 0.5271628453181341 0.02327141394981971 0.023185583261343148
0 0.48292163702157825 0.09588241577148438 0.01884291722224309 0.01880931854248047
0 0.9280659602238581 0.6273024632380559 0.018148128802959736 0.018044398381159857
0 0.3970893713144156 0.040295967688927285 0.022598706758939303 0.022642633089652427
0 0.4544690205500676 0.7965599206777719 0.02298883291391226 0.02331264202411358
0 0.6421008476844201 0.6877299088698167 0.017894451434795674 0.017844713651216947
0 0.2696632972130409 0.975407967200646 0.018877396216759317 0.018828318669245794
0 0.8656315436730018 0.5801382064819336 0.01882787851186899 0.018721800584059495
0 0.8749198913574219 0.5405107278090256 0.017827840951772835 0.01786943582388071
0 0.2649553739107572 0.7458057403564453 0.022779538081242487 0.022840353158804085
0 0.724635857802171 0.27753609877366286 0.017513862022986777 0.01737220470721905
0 0.8781648782583383 0.1911787986755371 0.016951927771935098 0.016943711500901442
0 0.7755895761343149 0.5524849524864783 0.015865032489483174 0.015855789184570312
0 0.8223676681518555 0.10271275960482083 0.016152601975661058 0.016167677365816556
0 0.7527597867525541 0.6863231658935547 0.01623681875375601 0.016350819514347956
0 0.7583154531625601 0.10120434027451736 0.016138663658728965 0.01612094732431265
0 0.8196864494910607 0.2047587541433481 0.015116178072415866 0.015249839195838341
0 0.4014469293447641 0.65819395505465 0.01638346451979417 0.01654331500713642
0 0.20255085138174203 0.7767345721905048 0.016267776489257812 0.016371947068434495
0 0.5330825585585374 0.039831432012411266 0.015010833740234375 0.01487434827364408
0 0.5651422647329477 0.43583022631131685 0.015254827646108774 0.015320924612192007
0 0.5275402802687424 0.8626934931828425 0.015605559715857873 0.015324812669020433
0 0.96026611328125 0.09042923267071064 0.01140902592585637 0.015741715064415567
0 0.575625492976262 0.6198835372924805 0.015420473538912259 0.015167969923753005
0 0.9060396047738882 0.5738875315739558 0.014842693622295674 0.015377338115985576
0 0.26777027203486514 0.2901290746835562 0.014825674203725962 0.01473236083984375
0 0.4122311885540302 0.7099797175480769 0.02665262955885667 0.026543250450721152
0 0.27115658613351673 0.3549965344942533 0.015707896305964544 0.015853001521183893
0 0.8099649869478666 0.7248593843900241 0.014318906343900241 0.014385810265174279
0 0.7006312883817233 0.6486550111037034 0.014521085298978366 0.01447765643780048
0 0.10087380042442909 0.05772290779994084 0.014445671668419471 0.014621166082528921
0 0.17388283289395845 0.6050205230712891 0.28018867052518404 0.351319826566256
0 0.3609479757455679 0.5899515151977539 0.014939528245192308 0.015093143169696514
0 0.7620036785419171 0.9402700570913461 0.014711086566631611 0.014613958505483774
0 0.04270156071736263 0.6529102325439453 0.013245949378380409 0.015359585101787861
0 0.051441385195805475 0.7110836322490985 0.021707553129929762 0.021309485802283652
0 0.9575130756084735 0.8329070164607122 0.009804065410907451 0.01702088576096755
0 0.9437516285822942 0.7008881202110877 0.014516977163461538 0.014511695274939904
0 0.17930806600130522 0.33331852692824143 0.01433262458214393 0.014328443087064303
0 0.44634562272291917 0.6126715586735652 0.023129389836237982 0.023554435143103965
0 0.3650314257695125 0.3410453429588905 0.016994476318359375 0.017062260554387018
0 0.24990122134868914 0.43952831855187047 0.014422269967886118 0.01455842531644381
0 0.17416777977576622 0.9604971225445087 0.022838372450608473 0.02247751676119291
0 0.06762324846707858 0.5456929573645959 0.016144349024846003 0.016101690439077523
0 0.06653285943544827 0.28676095375647914 0.014472136130699744 0.014090831463153545
0 0.17375702124375564 0.036819629944287814 0.013768269465519832 0.013751813998589149
