0 0.560936267559345 0.5038767961355356 0.06499114403357872 0.06487222818227914
0 0.5790469829852765 0.6328961299015925 0.0608674562894381 0.060903695913461536
0 0.34397539725670445 0.9588758028470553 0.05562100043663612 0.05597334641676683
0 0.5391228749201848 0.21174109899080718 0.03459490262545072 0.034578690162071817
0 0.3189226664029635 0.804923571073092 0.04375619154710036 0.04363030653733473
0 0.5371063672579252 0.4210808827326848 0.027814278235802285 0.027943904583270732
0 0.14961680999168983 0.4838859117948092 0.0839528303879958 0.08434148935171273
0 0.7038090045635517 0.16789498695960411 0.05567227877103365 0.0564199502651508
0 0.3750501779409555 0.7185949912438025 0.020771540128267728 0.02110877403846154
0 0.7786903381347656 0.34966718233548677 0.10085472693810096 0.10181469183701736
0 0.70429016993596 0.2718036358173077 0.026271966787484977 0.0263519287109375
0 0.6814928788405198 0.15259176034193772 0.03567006037785457 0.0353240233201247
0 0.8425117639394907 0.3189874795766977 0.029725001408503607 0.02988859323354868
0 0.5575117698082557 0.8127202254075271 0.2977157005896935 0.3258875333345853
0 0.6019415855407715 0.023306722824390117 0.06313184591440055 0.04542153615217943
0 0.7521924238938552 0.39824617826021635 0.03204903235802284 0.031995186438927285
0 0.7300522144024189 0.014851358074408311 0.03065666785606971 0.0285661701972668
0 0.6719606839693509 0.36217931600717396 0.024708381065955527 0.024857594416691706
0 0.8897253183218149 0.6308576877300556 0.0457763671875 0.0704188713660607
0 0.58372739645151 0.5513830551734338 0.023874576275165264 0.023726610036996696
0 0.6603836646446815 0.061775739376361556 0.03815196110652043 0.03798231711754432
0 0.27369372661297137 0.30246419173020583 0.01679684565617488 0.016718277564415567
0 0.5769578493558444 0.5729194787832407 0.020272328303410456 0.020389850323016826
0 0.15926553652836725 0.6129519022428073 0.051981669205885664 0.05142908829909105
0 0.2978263268103966 0.4839665706341083 0.018427115220289964 0.018395057091346152
0 0.6318689493032602 0.5589300302358774 0.020329695481520433 0.020128690279447116
0 0.7078692362858698 0.5005975503187913 0.01811350308931791 0.018316048842210036
0 0.7777784787691556 0.4235049027663011 0.021956223707932692 0.021945366492638223
0 0.6126754100506122 0.1595764343555157 0.01880961198073167 0.018691869882436898
0 0.8476043114295373 0.8903035383958083 0.020559164193960335 0.02062812218299279
0 0.8318497584416316 0.6747059455284705 0.025790874774639424 0.025859539325420674
0 0.2341165542602539 0.9459166893592248 0.015715525700495794 0.015752645639272835
0 0.49171201999370867 0.5804001368009127 0.022436802203838643 0.022456022409292366
0 0.7737423823429987 0.6279424520639273 0.021027785081129808 0.021178318903996393
0 0.6823819967416617 0.5942472311166617 0.017691538884089544 0.01769388639009916
0 0.225402465233436 0.8054863856388972 0.01847520241370568 0.018363805917593148
0 0.6511227534367487 0.012646542145655705 0.021321810208834134 0.021498469206003044
0 0.3827970211322491 0.3083331034733699 0.018377157358022835 0.018518447875976562
0 0.49594783782958984 0.4359165338369516 0.01929605924166166 0.01907495351938101
0 0.8876001651470478 0.8794738329373873 0.01907979525052584 0.018959925724909857
0 0.6640440133901743 0.5246191024780273 0.016171382023737982 0.016482059772198018
0 0.5937170248765212 0.09188723564147949 0.021081997798039362 0.021090030670166016
0 0.32602328520554763 0.4163791583134578 0.01719320737398588 0.017310509314903848
0 0.47528861119196963 0.7902330251840445 0.020546839787409857 0.020712925837590143
0 0.3726811042198768 0.2722315788269043 0.017493834862342246 0.01743144255418044
0 0.4945822128882775 0.5311800883366511 0.017944849454439603 0.017959448007436898
0 0.7642412185668945 0.31914692658644456 0.029918670654296875 0.029828218313363884
0 0.19301715263953576 0.30773192185621995 0.06319302778977615 0.06360052182124211
0 0.3912206796499399 0.5599373303926908 0.01690673828125 0.0166778564453125
0 0.6072708276601938 0.5513979104849008 0.017537777240459736 0.01751092764047476
0 0.3516775644742526 0.07584465925510113 0.02062834226168119 0.020639795523423415
0 0.5514107484083909 0.37261005548330456 0.019797545212965745 0.0198513911320613
0 0.7350036914532001 0.4936348474942721 0.016565469595102165 0.016600755544809196
0 0.8165708688589243 0.31882612521831805 0.020279517540564902 0.020255895761343148
0 0.11750665994790885 0.20967494524442232 0.060404098950899564 0.10489207047682542
0 0.22680843793428862 0.6627836227416992 0.021458552433894232 0.02149053720327524
0 0.2512054076561561 0.6390498968271109 0.04089685586782602 0.04056901198167067
0 0.4436371143047626 0.02232610720854539 0.05230404780461238 0.04338248876424936
0 0.8667821150559646 0.03432136086317209 0.027194976806640625 0.026911226602701042
0 0.4724898338317871 0.15695650760944074 0.01810763432429387 0.018106387211726263
0 0.1437363624572754 0.44165721306434047 0.01737242478590745 0.017200469970703125
0 0.7633634713979868 0.22772811009333685 0.022592691274789665 0.022682740138127253
0 0.2980006291316106 0.733891853919396 0.027224614070012018 0.02742488567645733
0 0.6485429176917443 0.5208469537588266 0.020970271183894232 0.02092566856971154
0 0.8036703696617713 0.15196234446305495 0.030074633084810697 0.030093284753652718
0 0.6505493750939002 0.8478653247539814 0.017521784855769232 0.017354525052584134
0 0.5014550869281476 0.021986970534691445 0.0541989986713116 0.04208220885350154
0 0.9054154616135818 0.9024763840895432 0.01585212120643029 0.016345684344951924
0 0.7335274036114032 0.6451679376455454 0.020827660193810098 0.02125857426570012
0 0.8984969212458684 0.8562635275033804 0.016873579758864183 0.016955155592698317
0 0.7693294378427359 0.7557195516733023 0.033292183509239785 0.033180530254657455
0 0.8235897651085486 0.11594243233020489 0.04468976534329928 0.04410121991084172
0 0.19575076836806077 0.9786618306086614 0.02008617841280424 0.020363587599534255
0 0.09692108631134033 0.6616631287794846 0.016414367235623874 0.01680418161245493
0 0.4826001754173866 0.3640880584716797 0.01581412095289964 0.01574420928955078
0 0.2136231752542349 0.06672619397823627 0.05077659166776217 0.0516136701290424
0 0.8846482496995193 0.7098773075984075 0.01583128709059495 0.015895843505859375
0 0.673688375032865 0.22818576372586763 0.01960475628192608 0.01963666769174429
0 0.8310737609863281 0.13921945828657883 0.036571502685546875 0.03647387944735014
0 0.6216493753286508 0.25721251047574556 0.014635672936072716 0.014636553250826322
0 0.7513719705434946 0.8260420285738431 0.017417174119215745 0.017425683828500602
0 0.6160516005295974 0.6476863714364859 0.021180409651536208 0.020992865929236777
0 0.4041021787203275 0.5675886594332181 0.015442481407752404 0.01538225320669321
0 0.42125892639160156 0.9061619685246394 0.018490424522986777 0.0185086176945613
0 0.23605992243840143 0.9593004813561072 0.015325619624211239 0.015156379112830529
0 0.7951407065758338 0.5116958251366248 0.022272843580979567 0.02245792975792518
0 0.6619663238525391 0.1812577247619629 0.01834253164438101 0.01854859865628756
0 0.4958602831913875 0.3782041256244366 0.0157167728130634 0.015734159029447116
0 0.8890496033888596 0.3145586160513071 0.02219214806189904 0.02223819952744704
0 0.7777145092303936 0.9129506624661959 0.017182570237379808 0.017188145564152643
0 0.3939217053926908 0.02509302130112281 0.05508892352764423 0.048287845574892484
0 0.6874554707453802 0.3812464934128981 0.014651078444260817 0.014779751117412861
0 0.1545865902533898 0.4576359528761644 0.015064129462608924 0.015237808227539062
0 0.2890339814699613 0.6952159588153546 0.01612061720628005 0.01620307335486779
0 0.19544586768517128 0.23528117399949294 0.015607613783616286 0.015538215637207031
0 0.7801504135131836 0.9475078582763672 0.017810968252328727 0.017827840951772835
0 0.15451957629277155 0.288641672867995 0.014083018669715295 0.013992603008563701
0 0.9064554801354041 0.43387779822716344 0.011487227219801683 0.014158835777869591
0 0.5035126759455755 0.5627672488872821 0.01578096243051382 0.01568295405461238
0 0.45121119572566104 0.5235398365901067 0.017257837148813102 0.017478062556340143
0 0.1452169968531682 0.9083699446458083 0.015657681685227614 0.01552875225360577
0 0.4693199304433969 0.5412214719332181 0.013948587270883413 0.014315531804011418
0 0.11532027904803936 0.009134173966371097 0.020589204934927132 0.017380486314113323
0 0.6339149475097656 0.6104979148277869 0.015637911283052884 0.016019674447866585
0 0.8441998408390925 0.6904156758235052 0.015160340529221755 0.01563292283278245
0 0.857335457435021 0.4892530074486366 0.025313304020808294 0.025185364943284255
0 0.9042747204120343 0.7793650260338416 0.014981783353365384 0.015247491689828726
0 0.09876955472506009 0.5014507587139423 0.022881177755502555 0.024568851177509014
0 0.2663097014793983 0.4894992388211764 0.024176524235652044 0.024561075063852165
0 0.5642591256361741 0.427300709944505 0.015089841989370493 0.015144054706280049
0 0.1445912214425894 0.23266165073101336 0.01343705103947566 0.013538360595703125
0 0.6696648230919471 0.30160229022686297 0.014273129976712741 0.014483965360201322
0 0.14698882286365217 0.3258137336144081 0.027232995400061973 0.027162698599008415
0 0.8996641452495868 0.3004748087662917 0.020150257990910456 0.02353503153874324
0 0.6187554139357346 0.5819161488459661 0.013739805955153245 0.013733350313626803
0 0.8598189720740685 0.6345153221717248 0.025278531588040866 0.025787940392127402
0 0.18006464151235727 0.9855340077326848 0.015624266404371995 0.015549439650315505
0 0.8886944697453425 0.07346547108430129 0.014122889592097355 0.014354604941148024
0 0.6162523122934195 0.3686519035926232 0.013730012453519382 0.013885131249060998
0 0.29255393835214466 0.8208761948805589 0.018279662499060996 0.018574347862830527
0 0.1699699988731971 0.6621095217191256 0.013739182398869442 0.013919830322265625
0 0.6681941105769231 0.25668890659625715 0.014766693115234375 0.014747069432185246
0 0.45038733115563023 0.3340371572054349 0.015636150653545674 0.015188950758713942
0 0.5188466218801645 0.8969320150522085 0.015138479379507212 0.014982223510742188
0 0.9099457080547626 0.9698820114135742 0.008622976449819712 0.015013181246243991
0 0.6071880780733548 0.6040639143723708 0.014539865347055288 0.014683356651893029
0 0.5342410160945013 0.47076276632455677 0.018480887779822715 0.01858968001145583
