0 0.2650265877063458 0.30563589242788464 0.09700441360473633 0.0986327391404372
0 0.6374036348783053 0.08651978235978347 0.07748735868013822 0.07818299073439378
0 0.5684354488666241 0.40085785205547625 0.05983433356651893 0.059612127450796276
0 0.4791386677668645 0.937152202312763 0.03789799030010517 0.03748996441180889
0 0.5127008511469915 0.9357170691856971 0.03526650942288912 0.03527421217698317
0 0.3016331379230206 0.04002492702924288 0.01706695556640625 0.017056712737450234
0 0.34426300342266375 0.36934449122502255 0.041756776662973255 0.04122227888840895
0 0.3709096908569336 0.523847066439115 0.03288621168870192 0.033146051260141224
0 0.4158984330984262 0.5115736081049993 0.048623231741098255 0.04889877025897686
0 0.2689493252680852 0.7195541675274189 0.02735284658578726 0.027163578913762018
0 0.3063056285564716 0.5613621198214017 0.1692972183227539 0.1797460409311148
0 0.7272080641526443 0.7102817388681265 0.021688167865459736 0.021869806142953727
0 0.37480772458589995 0.2839183807373047 0.02941432366004357 0.02954857165996845
0 0.5948135669414814 0.8913515531099759 0.09116114102877103 0.09237054678109977
0 0.7347221374511719 0.4936835215641902 0.01743316650390625 0.017146477332481973
0 0.2881623781644381 0.13113597723153922 0.017398980947641227 0.01717369373028095
0 0.37013769149780273 0.40100457118107724 0.030640602111816406 0.030532983633188102
0 0.4488936937772311 0.9393066993126502 0.020571048443134014 0.020487271822415866
0 0.7216435945951022 0.5100030165452224 0.03185565655048077 0.03141491229717548
0 0.6912810985858624 0.9044047135573167 0.15326969440166766 0.1875463632436899
0 0.3485431671142578 0.187593386723445 0.06388180072490986 0.06283195202167217
0 0.4730423413790189 0.9821344522329477 0.018979439368614785 0.019304568950946514
0 0.3351115446824294 0.8539255582369291 0.016165806696965143 0.0159146235539363
0 0.36898220502413237 0.3036007514366737 0.01622170668381911 0.016209528996394232
0 0.3988288732675406 0.027894494625238273 0.059862576998197116 0.055322312391721286
0 0.7281257922832782 0.7307832424457257 0.016740945669320915 0.01659261263333834
0 0.40699085822472203 0.38033177302433896 0.01929341829740084 0.019238692063551683
0 0.31267914405235875 0.31507367354172927 0.029785669766939603 0.029521428621732272
0 0.5705867180457482 0.1517726733134343 0.01651895963228666 0.016460143602811374
0 0.4219788404611441 0.807311278123122 0.022118128263033353 0.022308202890249398
0 0.3098421830397386 0.5737923842210036 0.015875761325542744 0.015590814443734976
0 0.3121901292067308 0.3904254619891827 0.03100162286024827 0.031080979567307692
0 0.5671484286968524 0.8307364537165716 0.020641913780799277 0.020864339975210335
0 0.7466980127187876 0.13380570595081037 0.0868069575383113 0.10573583382826585
0 0.7444179975069486 0.19120537317716157 0.014343701876126803 0.014410935915433444
0 0.2962633829850417 0.6841102013221154 0.018277351672832783 0.018387427696814902
0 0.29404247724092925 0.7084418076735276 0.020929336547851562 0.02083895756648137
0 0.25376371236947864 0.4407796126145583 0.01711551959698017 0.01747410113994892
0 0.6187802094679612 0.26245781091543346 0.014008595393254207 0.014095012958233174
0 0.21457492388211763 0.04467375461871807 0.01630999491764949 0.021118184694877036
0 0.35635486015906703 0.6440976949838492 0.026196112999549277 0.02666326669546274
0 0.5506140268765963 0.9551365192119892 0.0824138934795673 0.07434962346003605
0 0.48014193314772385 0.08771907366239108 0.01599722642164964 0.016210519350492038
0 0.2789843999422513 0.22932782539954552 0.03917536368736854 0.04059461446908804
0 0.40996676224928635 0.1007839716397799 0.0504309580876277 0.050920115067408636
0 0.23781288587130034 0.23966140013474685 0.015556848966158353 0.01548297588641827
0 0.27768920018122745 0.6934547424316406 0.025933559124286357 0.026870874258188102
0 0.5646759546720065 0.08975905638474685 0.03122703845684345 0.031209230422973633
