0 0.6240276189950796 0.44917986943171573 0.11483485882098858 0.11543538020207332
0 0.35360626073984 0.059011564804957464 0.060526481041541465 0.06097893531505878
0 0.24320343824533316 0.2836015591254601 0.08474515034602238 0.08524465560913086
0 0.3079433807959923 0.7640482095571665 0.04626802297738882 0.04615108783428486
0 0.19690458591167742 0.7825569739708533 0.042756227346567005 0.042902432955228366
0 0.6931222035334661 0.5585406009967511 0.03267596318171574 0.03238721994253305
0 0.5184174317580003 0.07947393564077523 0.027399136469914362 0.02746372497998751
0 0.2027141130887545 0.025381157031426065 0.02470111846923828 0.024746252940251276
0 0.37892730419452375 0.6142569321852464 0.02000573965219351 0.020311355590820312
0 0.1556509274702806 0.394137089069073 0.030538302201491136 0.030415168175330527
0 0.10649786545680119 0.7233467102050781 0.021490133725679837 0.021606005155123197
0 0.39918877528263974 0.500858526963454 0.023420040424053486 0.023861224834735576
0 0.6484642762404221 0.8829131493201623 0.2625871805044321 0.23219798161433294
0 0.3792285919189453 0.5346358739412748 0.019558172959547777 0.019747147193321817
0 0.15191105695871207 0.09114350722386287 0.019505060636080228 0.019539301212017354
0 0.13951304325690636 0.9153902347271259 0.0703730399792011 0.07105431189903846
0 0.6246412717379056 0.6325209690974309 0.02321756803072416 0.023171644944411058
0 0.5749076696542593 0.6568226447472205 0.017986297607421875 0.018229851355919473
0 0.49347910514244664 0.26912595675541806 0.02223521012526292 0.022516434009258565
0 0.6949870769794171 0.5352979073157678 0.0195315434382512 0.01916049076960637
0 0.5569219589233398 0.6509281305166391 0.01803456819974459 0.01809413616473858
0 0.2880970881535457 0.7027126458974985 0.020022025475135215 0.02003640394944411
0 0.10932640845959003 0.008421166011920342 0.021170542790339544 0.015936664663828336
0 0.7683388636662409 0.6365520037137545 0.01869964599609375 0.018724441528320312
0 0.7540658804086539 0.4152766741239108 0.021268697885366585 0.021420918978177585
0 0.39465779524583083 0.7876104208139273 0.029506463270920973 0.029548058143028848
0 0.7056360978346604 0.63312134375939 0.020867127638596755 0.021107306847205527
0 0.904147221491887 0.7334336500901443 0.017647963303786058 0.028180635892427884
0 0.277927802159236 0.16239478037907526 0.017347115736741286 0.01735371809739333
0 0.6274463947002704 0.5134137226985052 0.026931029099684495 0.02688936086801382
0 0.8785983599149264 0.7232745243952825 0.015575408935546875 0.015508798452524038
0 0.6107337658221905 0.6013287764329177 0.01798673776479868 0.017776929415189303
0 0.14052085693065935 0.45234570136437047 0.022100356908944938 0.021669974693885215
0 0.4946506940401517 0.945433836716872 0.02062841562124399 0.020610809326171875
0 0.4674667578477126 0.5912377284123347 0.015402940603402944 0.015499261709359976
0 0.6566525972806491 0.0963124495286208 0.01895317664513221 0.01896073268010066
0 0.5583639878493089 0.9489469528198242 0.016581168541541465 0.016687686626727764
0 0.23648806718679574 0.7930225225595328 0.016214517446664665 0.016496951763446514
0 0.5039030221792368 0.1610287336202768 0.016846436720628005 0.016875817225529596
0 0.09293728608351487 0.027925518842843864 0.016124505263108473 0.015831984006441556
0 0.8672315890972431 0.8254507504976712 0.017419961782602165 0.017546433668870192
0 0.7060299653273362 0.1401353615980882 0.016342016366811898 0.016216424795297477
0 0.2868767518263597 0.013267910251250634 0.01735694591815655 0.01777508854866028
0 0.6448089893047626 0.6133773143474872 0.016799780038686898 0.01694965362548828
0 0.5716804357675406 0.637421387892503 0.01799319340632512 0.017880366398737982
0 0.828316175020658 0.24553001843965971 0.17374097383939302 0.2896415270291842
0 0.17689800262451172 0.17425115291888899 0.0966713153398954 0.09575080871582031
0 0.5538553091195914 0.12026410836439866 0.014845921443058895 0.015017326061542217
0 0.891894267155574 0.623165644132174 0.015184402465820312 0.015144054706280049
0 0.5858481480525091 0.08815703025230995 0.021453710702749398 0.02178357197688176
0 0.15430883260873648 0.04495475842402531 0.01398760538834792 0.014122781845239492
0 0.8170289259690505 0.622820414029635 0.027376908522385817 0.027582608736478366
0 0.4050907721886268 0.00894842640711711 0.01814380058875451 0.015710937289091256
0 0.12634088442875788 0.09994095105391282 0.014383646158071665 0.014308691024780273
0 0.6657103024996244 0.6171390826885517 0.014566274789663462 0.01459037340604342
0 0.385778757242056 0.9513655442457932 0.014805206885704627 0.014831983126126803
0 0.8869066971998948 0.8244094848632812 0.0180206298828125 0.018248484684870794
0 0.5611126606280987 0.4544835457435021 0.013737311730018029 0.013959444486177884
0 0.894286375779372 0.9051739619328425 0.03478314326359676 0.04109411973219652
0 0.16550768338716948 0.26587467927199143 0.07164107836209811 0.07213284419133113
0 0.37301085545466495 0.6046202732966497 0.12192139258751503 0.12170263437124398
0 0.4474313809321477 0.04479737465198223 0.097227903512808 0.0873409051161546
0 0.6360491239107572 0.36693492302527797 0.013515472412109375 0.01355288578913762
0 0.32877379197340745 0.78954527928279 0.01532437251164363 0.015490898719200721
0 0.19699850449195275 0.1605366009932298 0.13090837918795073 0.1349499409015362
0 0.598877686720628 0.7347692342904898 0.017101141122671273 0.017113905686598558
0 0.7097325691810021 0.18762746224036583 0.017108917236328125 0.01744710482083834
0 0.20529690155616173 0.3715724211472731 0.017073961404653695 0.01736024709848257
0 0.8718381294837365 0.01582770966566526 0.021695063664362982 0.022338841970150288
0 0.1271085922534649 0.44283430392925555 0.08301287430983323 0.084349485544058
0 0.35112945850078875 0.23943424224853516 0.018253032977764424 0.01833453545203576
