0 0.5827420674837552 0.7151989570030799 0.06544766059288612 0.06542792687049279
0 0.851441163283128 0.8875406705416166 0.048261789175180286 0.048305658193734974
0 0.2113186396085299 0.05559492111206055 0.03169969411996695 0.03154739966759315
0 0.17704266768235427 0.5215852443988507 0.024320015540489785 0.023616790771484375
0 0.5456120417668269 0.8665488316462591 0.032930814302884616 0.03262945321890024
0 0.6738344339224008 0.03353317425801204 0.03016031705416166 0.03026710106776311
0 0.149292909182035 0.2403718141409067 0.0346226692199707 0.03452799870417668
0 0.38744728381817156 0.035110810628304116 0.01985021737905649 0.01997186128909771
0 0.2727348254277156 0.18384959147526667 0.021647233229417067 0.02175734593318059
0 0.3339387453519381 0.4947229532095102 0.025317558875450723 0.025368763850285456
0 0.441804812504695 0.5018815260667068 0.0196688725398137 0.019608204181377705
0 0.03586037800862239 0.6686542217548077 0.0205075557415302 0.020233741173377402
0 0.0824969273347121 0.33539166817298305 0.02642479309668908 0.026480381305401143
0 0.19020451032198393 0.5373668670654297 0.023524944598858174 0.02344058110163762
0 0.8316532281728891 0.20556240815382737 0.04151784456693209 0.04164453653188852
0 0.5109541966364934 0.8580838716947116 0.034170884352463946 0.034043385432316706
0 0.41001195173997146 0.2648474986736591 0.021620677067683294 0.02147843287541316
0 0.23438466512239897 0.8939509758582482 0.022296612079326924 0.02214959951547476
0 0.7079125184279221 0.6287698012131911 0.02970299353966346 0.02971506118774414
0 0.20467703159038836 0.28713440895080566 0.024723273057204027 0.024994740119347207
0 0.31561895517202526 0.5546680963956393 0.018499392729539137 0.01839755131648137
0 0.3118443855872521 0.8615838564359225 0.024728921743539665 0.024809617262620192
0 0.25649683292095476 0.37253963030301607 0.018129862271822415 0.018302110525277946
0 0.14418640503516564 0.9098955301138071 0.02301810337946965 0.02274293165940505
0 0.1575614489041842 0.6110639572143555 0.024756220670846794 0.025043487548828125
0 0.3497797892643855 0.7072875683124249 0.01714809124286358 0.01684394249549279
0 0.576412897843581 0.19624851300166204 0.020611102764423076 0.0205078125
0 0.7309863750751202 0.593201417189378 0.04424197857196514 0.04403217022235577
0 0.683558830848107 0.5956502327552209 0.018195519080528848 0.018173951369065505
0 0.37213398860051083 0.28345353786761945 0.024111307584322415 0.024451402517465446
0 0.30323461385873646 0.9890845372126653 0.018842770503117487 0.017460456261268027
0 0.08260233585651104 0.15289386419149545 0.03204346161622267 0.03197176639850323
0 0.679470942570613 0.7122413928692157 0.03118896484375 0.03127787663386418
0 0.4177223719083346 0.03561129936805138 0.019976102388822116 0.020243002818180963
0 0.2750725746154785 0.06695715280679557 0.017461043137770433 0.017479786506065957
0 0.6946158775916467 0.6476082435021033 0.019733428955078125 0.01964539747971755
0 0.2739428923680232 0.3783090297992413 0.01890883078941932 0.019020520723783053
0 0.28186944814828724 0.9892466618464544 0.021494571979229268 0.016866243802584134
0 0.4586943112886869 0.8361530303955078 0.018386253943810098 0.01816984323354868
0 0.38583916884202224 0.09739792346954346 0.02192864051231971 0.021767616271972656
0 0.7523473592904898 0.2814464018895076 0.03339430002065805 0.033174368051382214
0 0.39667749404907227 0.05813521605271559 0.02035207014817458 0.020544822399432842
0 0.3223695755004883 0.806736579308143 0.01946287888746995 0.01981529822716346
0 0.5361501253568209 0.38586286398080677 0.026975705073429987 0.026958979093111478
0 0.4018150476308969 0.7054814558762771 0.01882024911733774 0.01882010239821214
0 0.8231086730957031 0.37178934537447417 0.022715641902043268 0.02272459176870493
0 0.11976927977341872 0.2470700190617488 0.02531288220332219 0.025516803448016826
0 0.5785080836369441 0.536223264840933 0.0247650146484375 0.02479069049541767
0 0.20103707680335411 0.3378674066983737 0.017739002521221455 0.017725210923414964
0 0.4694844025831956 0.6704997282761794 0.19080176720252404 0.19837291424091047
0 0.19772111452542818 0.2588552695054274 0.017300532414362982 0.017227319570688102
0 0.38843026527991664 0.5627266076894907 0.01964598435621995 0.01964745154747596
0 0.8157445467435397 0.5872401824364295 0.026540609506460335 0.02640878237210787
0 0.49576777678269607 0.2632760818188007 0.021119411175067607 0.020996570587158203
0 0.11082119208115798 0.20681601304274339 0.02272316125723032 0.022593865027794473
0 0.126145234474769 0.870029302743765 0.016242027282714844 0.016302842360276442
0 0.7488445868858924 0.8735438126784104 0.027613713191105768 0.027747521033653848
0 0.03674813188039339 0.11781822718106784 0.03245676022309523 0.03849337651179387
0 0.4014693040114183 0.6889899327204778 0.02228120657113882 0.022266387939453125
0 0.10882143790905292 0.6826902536245493 0.017102828392615683 0.017101581280048076
0 0.7905769348144531 0.5690175203176645 0.0234377934382512 0.023353063143216647
0 0.8615964742807242 0.5298673923198993 0.020172119140625 0.02019676795372596
0 0.3528755628145658 0.8331499099731445 0.02406795208270733 0.02400691692645733
0 0.08946906603299655 0.18255794965303862 0.029597997665405273 0.02995190253624549
0 0.36488940165593076 0.949607042165903 0.02407521467942458 0.024179752056415264
0 0.705628908597506 0.6993487431452825 0.020389263446514424 0.020441495455228366
0 0.40024981131920445 0.4432183779202975 0.01880190922663762 0.018937110900878906
0 0.22126091443575346 0.4757656684288612 0.018929444826566257 0.018810272216796875
0 0.4596831248356746 0.5707228000347431 0.02017813462477464 0.02029286898099459
0 0.2620502985440768 0.5174140196580154 0.015467130220853366 0.015328187208909255
0 0.6147198310265174 0.19179666959322417 0.020154219407301683 0.020386695861816406
0 0.7437301048865685 0.6290582510141226 0.02323179978590745 0.023178980900691107
0 0.6437267890343299 0.8479561438927283 0.01589173537034255 0.01600060096153846
0 0.5841324879572942 0.8260129048274114 0.015339924738957332 0.01536090557391827
0 0.44022472088153547 0.031392035576013416 0.02242308396559495 0.022500895536862887
0 0.16248050102820763 0.6726624415471003 0.015515914330115685 0.015495593731219951
0 0.3096020405109112 0.4113107461195726 0.015319384061373197 0.015337870671198918
0 0.6129571474515475 0.7940301161545974 0.028808006873497598 0.02883016146146334
0 0.050140743072216325 0.16898786104642427 0.02016023489145132 0.020148203923152044
0 0.0876157467181866 0.4731411567101112 0.01640470211322491 0.016102130596454326
0 0.2913313645582933 0.6599825345552884 0.016973055326021634 0.016564589280348558
0 0.7717596934391902 0.5870209473830003 0.019561033982496995 0.019836865938626803
0 0.8433072016789362 0.7029851033137395 0.025591190044696514 0.025865848247821514
0 0.38770235501802885 0.7706430141742413 0.016033466045673076 0.016141744760366585
0 0.9486493330735427 0.8835001725416917 0.015129969670222355 0.015154618483323317
0 0.23654268338130072 0.32954898247352016 0.01661197955791767 0.016522921048677884
0 0.41530785193810094 0.06275030282827523 0.018311280470628005 0.018373984556931715
0 0.6235196773822491 0.21341958412757286 0.02102939899151142 0.021155724158653848
0 0.4692687254685622 0.08717766174903283 0.01936619098369892 0.019481402177077074
0 0.4166462238018329 0.326875246488131 0.01720736576960637 0.017136206993689902
0 0.5718458615816556 0.781272081228403 0.017215141883263223 0.016944298377403848
0 0.09994918566483718 0.873507573054387 0.036144953507643476 0.03582925062913161
0 0.9485274094801682 0.2154853894160344 0.02272620567908654 0.022993748004619893
0 0.8360620645376352 0.1824352741241455 0.030602675217848558 0.03038817185621995
0 0.23764415887685922 0.9703408754788913 0.01609149345984826 0.016069705669696514
0 0.37532883424025315 0.4430723190307617 0.015870387737567607 0.015865179208608773
0 0.5221706537099985 0.7923229657686673 0.014661495502178486 0.014788994422325721
0 0.24176498559805062 0.13765406608581543 0.015155205359825721 0.015170537508451022
0 0.6126924661489633 0.5580795728243314 0.027205834021935098 0.027228135329026442
0 0.45292219748863805 0.7758905704204853 0.016795011667104866 0.016731995802659255
0 0.1262340912452111 0.07784086007338303 0.015864739051231973 0.015817133279947135
0 0.045199302526620716 0.5178441267747146 0.0155581717307751 0.015429423405573918
0 0.15923087413494402 0.09810033211341271 0.016521673936110277 0.016210372631366435
0 0.7053774320162259 0.8023930329542893 0.014862647423377404 0.014815257145808293
0 0.7816264812762921 0.7997428453885592 0.02043283902681791 0.020587627704326924
0 0.3513913154602051 0.5331127093388484 0.014616966247558594 0.014763465294471154
0 0.09150514235863319 0.21685545261089617 0.02350334020761343 0.02326796605036809
0 0.28987891857440656 0.7720059614915115 0.02052461183988131 0.02070001455453726
0 0.06381312700418326 0.18243118432851937 0.015535776431743916 0.01575323251577524
0 0.5641432175269494 0.9037826244647686 0.02736839881310096 0.026778001051682692
0 0.8590088624220628 0.9913710080660306 0.015268912682166466 0.014418381911057692
0 0.18521026464609 0.4995557711674617 0.01634040245643029 0.016217158390925482
0 0.044562037174518294 0.13553527685312125 0.022538535870038547 0.023195523482102614
0 0.3500970693734976 0.937931280869704 0.015212572537935697 0.01564157926119291
0 0.7994312873253455 0.960719475379357 0.01667198768028846 0.016745787400465745
0 0.12382223972907433 0.5211363572340745 0.043485403060913086 0.044200823857234076
0 0.32937108553372896 0.5228597934429462 0.01495053217961238 0.014845774723933293
0 0.5896230844350961 0.97936094724215 0.11286251361553486 0.04002937903771034
0 0.945060289823092 0.009560848084779886 0.017710172213040866 0.016810108835880574
0 0.3235913790189303 0.9902609311617337 0.014987505399263822 0.013956803541917067
0 0.6404427748460036 0.6429359729473407 0.015885279728816107 0.016150547907902643
0 0.35076244060809797 0.2897728956662692 0.01754892789400541 0.01772106610811674
0 0.28366965513962966 0.3457713493934044 0.016520133385291465 0.01659554701585036
0 0.14107861885657677 0.8089483701265775 0.016826482919546273 0.017255342923677884
0 0.2255414082453801 0.979922367976262 0.014627309945913462 0.014394026536207933
0 0.35321789521437424 0.6161589989295373 0.01700313274676983 0.016813278198242188
0 0.36812774951641375 0.09207498110257663 0.017292096064640924 0.01755982178908128
0 0.4166860580444336 0.4907434903658353 0.014074032123272236 0.014038746173565205
0 0.12534924653860238 0.5355556928194486 0.030371592595027044 0.03085019038273738
0 0.7928747030404898 0.011805733809104333 0.022624676044170674 0.021348072932316706
0 0.5443191161522498 0.21999436158400315 0.014272763178898739 0.014436061565692607
0 0.9078131455641526 0.007592906745580526 0.01681665273813101 0.014052279866658725
0 0.8226839945866511 0.9311995139488807 0.015258348905123197 0.015123954186072716
0 0.2558751106262207 0.40723305482130784 0.013891660250150241 0.014112399174616886
0 0.11181259155273438 0.28232622146606445 0.014673122992882362 0.01455981914813702
0 0.46637571774996245 0.2888911504011888 0.024338942307692308 0.024323059962346003
0 0.10596975913414589 0.4880542021531325 0.024932347811185397 0.024781447190504808
0 0.6766303135798528 0.8213275029109075 0.014036031869741587 0.014475308931790866
0 0.29885438772348255 0.0914458678318904 0.018017402062049277 0.01806954237130972
0 0.3425920926607572 0.970000853905311 0.01650208693284255 0.016362703763521634
0 0.20121965041527382 0.8747786008394681 0.014288902282714844 0.014219430776742788
0 0.39477429023155797 0.2163269703204815 0.015252186701847957 0.015072969289926382
0 0.3967316700862004 0.1778262211726262 0.014286187978891226 0.014445268190824069
0 0.764795890221229 0.6018444207998422 0.02219244150015024 0.022281720088078424
0 0.18886247048011193 0.6829462784987229 0.014287068293644832 0.01438434307391827
0 0.7727297269381009 0.8761925330528846 0.015240009014423076 0.015392890343299279
0 0.3810880367572491 0.2622931186969464 0.01458446796123798 0.01476588616004357
0 0.6212836045485276 0.4196585508493277 0.015521379617544321 0.01566446744478666
