0 0.4283941709078275 0.1545095443725586 0.042457287128155045 0.043252880756671615
0 0.7233477372389573 0.5114033038799579 0.12076245821439303 0.1209879655104417
0 0.15514371945307806 0.33226988865778995 0.06734899374154898 0.06747033045842098
0 0.5277225054227389 0.2185529378744272 0.03925881019005409 0.03937446154080904
0 0.683972432063176 0.22050373370830828 0.11342884944035457 0.11510166755089393
0 0.22272264040433443 0.6872219672569861 0.09162719433124249 0.09093445997971755
0 0.12861040922311637 0.7677462651179388 0.060570129981407754 0.06189287625826322
0 0.4087990980881911 0.6449695733877329 0.10305551382211539 0.10492911705603966
0 0.5618966909555289 0.1069330618931697 0.044454721304086536 0.04490826680110051
0 0.26680150398841274 0.08250300700847919 0.06669029822716346 0.06750314052288349
0 0.541877269744873 0.4721995500417856 0.07763202373798077 0.07686292208158053
0 0.2943577766418457 0.2844608747042142 0.028653291555551384 0.028713776515080378
0 0.5887867854191706 0.33428166462824893 0.058934725247896634 0.059677417461688705
0 0.43807059067946214 0.4443363776573768 0.022817171536959134 0.023083026592548076
0 0.5249846531794622 0.5834676302396334 0.02185337360088642 0.021836500901442308
0 0.47302576211782604 0.07546472549438477 0.03917906834528996 0.03896331787109375
0 0.9059321330143855 0.5011781912583572 0.026641992422250602 0.026817908653846152
0 0.179288937495305 0.5393296388479379 0.020817903371957634 0.020899039048414964
0 0.10297859632051908 0.4527139663696289 0.027402474330021784 0.02753111032339243
0 0.6744265189537635 0.6975719745342548 0.027634107149564303 0.027846116286057692
0 0.28124053661639875 0.5313397554250864 0.027477191044734076 0.027800853435809795
0 0.8178643446702224 0.4841131797203651 0.025667337270883415 0.02540104205791767
0 0.7638160999004657 0.34362286787766677 0.026213572575495794 0.026360218341533955
0 0.5234797551081731 0.10454416275024414 0.036905875572791465 0.03709983825683594
0 0.8479900360107422 0.0744934632227971 0.05224286592923678 0.051907594387347884
0 0.44703149795532227 0.03313733522708599 0.08044624328613281 0.06465673446655273
0 0.22916691119854266 0.19641733169555664 0.07943674234243539 0.07846920306865986
0 0.6962083669809195 0.5843318792489859 0.0238186762883113 0.024169334998497598
0 0.39331780947171724 0.07795234826894906 0.04487169705904447 0.045501378866342396
0 0.776568339421199 0.25888510850759655 0.018729283259465143 0.018726642315204326
0 0.1787266914661114 0.030632605919471152 0.0725870866041917 0.058670832560612604
0 0.6227807265061599 0.14841435505793646 0.029425694392277643 0.02946582207312951
0 0.7576563908503606 0.9177524860088642 0.018854434673602764 0.018946427565354567
0 0.8980671809269831 0.16427229000971869 0.06192515446589543 0.0887447137099046
0 0.6028391764714167 0.6083646921011118 0.020334977370042067 0.020381927490234375
0 0.45446175795335036 0.3427556111262395 0.018186569213867188 0.018321990966796875
0 0.8495613978459284 0.29535566843472993 0.043482266939603366 0.04314154845017653
0 0.8880450908954327 0.6780338287353516 0.01715366656963642 0.016811370849609375
0 0.6672562819260818 0.32079755342923677 0.04198499826284555 0.04169676854060246
0 0.7430331156804011 0.6021638283362756 0.018266677856445312 0.018223689152644232
0 0.10228301928593563 0.3611904291006235 0.0510822397011977 0.0514677487886869
0 0.5941666823167068 0.699974353496845 0.04507915790264423 0.044958848219651446
0 0.3210930824279785 0.6695135556734525 0.0787050540630634 0.07773384681114784
0 0.2806224272801326 0.48921467707707333 0.019052468813382663 0.0189511225773738
0 0.2501828853900616 0.15996424968426043 0.024891743293175332 0.0252380004295936
0 0.4931914989764874 0.18952244978684646 0.020252154423640326 0.020023419306828424
0 0.565342536339393 0.8552222618689904 0.016017326941856973 0.01615010775052584
0 0.732843985924354 0.8211542276235727 0.020672724797175482 0.02091818589430589
0 0.5807403417734 0.8157278941227839 0.02205511239858774 0.02227959266075721
0 0.4990207598759578 0.6779556274414062 0.07281420781062199 0.07320844210111178
0 0.5871544617872971 0.0889876989217905 0.026141533484825723 0.02617654433617225
0 0.8155833024245042 0.5956564683180589 0.07725583589993991 0.07823958763709435
0 0.7194318037766677 0.8657527336707482 0.0182345463679387 0.01831230750450721
0 0.11080002784729004 0.5501757401686448 0.016799339881310098 0.016593052790715143
0 0.8696479063767654 0.8390613702627329 0.12658163217397836 0.23100676903357872
0 0.30235844392042893 0.7899632087120643 0.024563936086801384 0.024918482853816107
0 0.7072374637310321 0.7415043757512019 0.0703125 0.07073094294621395
0 0.21915388107299805 0.39660171362069935 0.01694635244516226 0.01689749497633714
0 0.6438616239107572 0.1096657973069411 0.02558620159442608 0.0256649897648738
0 0.08896847871633676 0.04312655100455651 0.017961447055523213 0.017977045132563665
0 0.3469400405883789 0.06966832967904898 0.03643930875338041 0.035873706524188705
0 0.36275944342980015 0.32902464499840367 0.048473358154296875 0.04856175642747145
0 0.48036678020770734 0.8487439522376428 0.07504668602576622 0.0782624758206881
0 0.3512103007389949 0.024852858139918402 0.05179097102238582 0.04809779387253981
0 0.663479364835299 0.7297502664419321 0.019173255333533652 0.019264074472280648
0 0.5586179586557242 0.3029026251572829 0.056211618276742786 0.055993153498722956
0 0.8736308171198919 0.10635100878201999 0.04696801992563101 0.04760133303128756
0 0.12631501601292536 0.29036213801457333 0.07846830441401555 0.07687876774714543
0 0.36624930455134463 0.09443766337174636 0.02935174795297476 0.028888610693124626
0 0.6544663355900691 0.6326215450580304 0.016305189866286058 0.016456163846529447
0 0.35083484649658203 0.3418138577387883 0.07826541020320012 0.0763083237868089
0 0.2356869991009052 0.3691285206721379 0.014931752131535457 0.014897713294396034
0 0.17423068560086763 0.49504877970768857 0.05566231104043814 0.05692342611459585
0 0.801362917973445 0.32078075408935547 0.016316927396334134 0.01619089566744291
0 0.6051483154296875 0.2090469507070688 0.04769149193396935 0.04753263180072491
0 0.09179911246666542 0.39261810596172625 0.015700780428372897 0.01562206561748798
0 0.9018557621882513 0.17824569115271935 0.054398756760817304 0.0656583492572491
0 0.4862012496361366 0.2559334681584285 0.015018683213454027 0.015231646024263822
0 0.4430555563706618 0.10123911270728478 0.022500918461726263 0.02259966043325571
0 0.49765924307016224 0.30397980029766375 0.056970449594350964 0.05664326594426082
0 0.34999473278339094 0.8124421926645132 0.013911173893855168 0.014016958383413462
0 0.36571370638333833 0.6956917689396784 0.01679853292611929 0.017132098858173076
0 0.6949393199040339 0.970432134775015 0.04413824815016527 0.04325661292442909
0 0.554807002727802 0.23968762617844802 0.05425746624286358 0.05383917001577524
0 0.17751209552471453 0.0842135686140794 0.0333397938654973 0.03318144724919246
0 0.3969838069035457 0.43229154440072864 0.05010531498835637 0.050397432767427884
0 0.8807214590219351 0.521376793201153 0.10183070256159855 0.20168678577129656
0 0.1705910976116474 0.7495454641488882 0.04485995952899639 0.045757440420297474
0 0.6590131612924429 0.4414707330557016 0.030731788048377402 0.030875572791466348
0 0.23876267213087815 0.12462058434119591 0.017647449786846455 0.017496585845947266
0 0.42584749368520886 0.4739222893348107 0.013940224280724159 0.01402113987849309
0 0.3425428317143367 0.440639642568735 0.12632333315335786 0.12758929912860578
0 0.6378273597130408 0.5349407196044922 0.0139923095703125 0.014031336857722355
0 0.5225059802715595 0.4180934979365422 0.014579479510967549 0.014646236713115986
0 0.3554870898907001 0.4303341278663048 0.014880106999323918 0.015172444857083835
0 0.5484606669499323 0.6255182853111854 0.014913338881272536 0.015004231379582332
0 0.7456509516789362 0.7860243870661809 0.061475313626802884 0.06165167001577524
0 0.7163977256188025 0.2957018705514761 0.02948276813213642 0.02929063943716196
0 0.25553582264826846 0.3476833196786734 0.014198009784405049 0.014031410217285156
0 0.8014784592848557 0.49681722200833833 0.04793607271634615 0.04600612933819111
0 0.31305320446307844 0.6159215340247521 0.029762983322143555 0.029690669133112982
0 0.794712653526893 0.7475342383751502 0.014555124136117788 0.014490127563476562
0 0.7411233461820163 0.992279052734375 0.027529056255634014 0.014458876389723558
0 0.2627227856562688 0.41094042704655576 0.014579993027907152 0.014550869281475361
0 0.5306726969205416 0.33976254096397984 0.0423432863675631 0.04154484088604267
0 0.8231743299044095 0.03667288101636446 0.10389283987192008 0.07088688703683707
0 0.4137865946843074 0.3898991071260892 0.014634939340444712 0.014541039100060096
0 0.1431579039647029 0.8732687143179086 0.014029869666466346 0.013713836669921875
0 0.2956688587482159 0.4364348558279184 0.04975318908691406 0.04936643747182993
0 0.08908588152665359 0.23072224396925706 0.04159237788273738 0.07353782653808594
0 0.6840510001549354 0.45413483106173 0.04977079538198618 0.05011067023644081
0 0.6551431509164664 0.4054042376004733 0.03598697368915264 0.03619194030761719
0 0.7568219991830679 0.006711116777016566 0.023325113149789665 0.012423890141340403
0 0.6780802653386042 0.05921621506030743 0.015166942889873799 0.015131987058199368
0 0.5368780356187087 0.2330461281996507 0.09680887369009164 0.09383348318246695
