0 0.20044134213374212 0.40045496133657604 0.23037077830387995 0.24099494860722467
0 0.7070560455322266 0.5157678310687726 0.06740687443659855 0.06702467111440805
0 0.39981911732600284 0.5715588056124173 0.05957999596228966 0.05973537151630108
0 0.9477689449603741 0.7704639434814453 0.0332037118765024 0.03298333974984976
0 0.8853654127854568 0.07729933812068059 0.024547870342548076 0.02456591221002432
0 0.5304346084594727 0.7502497159517728 0.0497900155874399 0.05001332209660457
0 0.24167313942542443 0.5444823044996995 0.023364507235013522 0.023528906015249398
0 0.43700295228224534 0.4230636449960562 0.019444905794583835 0.0195309565617488
0 0.5189226590670072 0.9265866646399865 0.2005185347336989 0.14377447275015023
0 0.9486779433030349 0.21858560121976411 0.025630950927734375 0.02554600055401142
0 0.18891415229210487 0.5372482079725999 0.03487675006573017 0.034767517676720254
0 0.5699213468111478 0.16413263174203727 0.02431634756234976 0.024239677649277907
0 0.798422960134653 0.9445416377140925 0.054456123938927285 0.054674588716947116
0 0.6263496692364032 0.8599406022291917 0.07682125384990986 0.07730660071739784
0 0.593021979698768 0.671776111309345 0.04230998112605168 0.04208520742563101
0 0.780394040621244 0.11593451866736779 0.019810309776893027 0.01971589601956881
0 0.8323647425724909 0.8623726184551532 0.027905097374549277 0.02803215613731971
0 0.6258800213153546 0.6936737940861628 0.023690480452317458 0.023654057429387018
0 0.05031788349151611 0.5272418535672702 0.07041287422180176 0.0712132087120643
0 0.7064743041992188 0.1192487753354586 0.024365938626802884 0.024444029881403997
0 0.48889270195594203 0.7236788823054388 0.023927835317758415 0.023965982290414665
0 0.7323134495661809 0.10739680436941293 0.029036741990309495 0.029319212986872747
0 0.25575740520770734 0.8795183621920072 0.07141326023982121 0.07245533282940204
0 0.7024000608004056 0.6665567251352164 0.04445090660682091 0.04402923583984375
0 0.9195253665630634 0.7833378131573017 0.018111008864182692 0.018297635591947116
0 0.6676688561072717 0.9753856658935547 0.03048119178185096 0.03031129103440505
0 0.4666496423574594 0.5271941331716684 0.03136854905348558 0.03119373321533203
0 0.7132742221538837 0.6922546533437876 0.04415966914250301 0.043947660006009616
0 0.7259184030386118 0.8574339059682993 0.02135467529296875 0.021477625920222357
0 0.32513776192298305 0.30870676040649414 0.02558788886437049 0.025429578927847054
0 0.570141498859112 0.77421811910776 0.033059927133413464 0.033428045419546276
0 0.6143968288715069 0.16423252912668082 0.025088677039513223 0.025206932654747598
0 0.5638403158921462 0.48558528606708234 0.02413184826190655 0.024335421048677884
0 0.7337112426757812 0.23894493396465594 0.017483637883112982 0.01733567164494441
0 0.66503539452186 0.6442971596351037 0.016968653752253607 0.017061820397010215
0 0.8008331885704627 0.9722145520723783 0.03319080059344952 0.033265187190129206
0 0.19943875532883865 0.04830309060903696 0.08960980635422927 0.08736533385056716
0 0.978916021493765 0.1846593159895677 0.023637918325570915 0.024738898644080527
0 0.347044247847337 0.4986720451941857 0.02579975128173828 0.026207410372220553
0 0.17371727870060846 0.2244550631596492 0.019203882951002855 0.019197977506197415
0 0.32299078427828276 0.5619817880483774 0.02852762662447416 0.02834320068359375
0 0.40611956669734073 0.19503439389742339 0.017864007216233473 0.017473294184758112
0 0.030906062859755296 0.09722201640789326 0.04988435598520132 0.058306675690871015
0 0.43662331654475284 0.4042037817148062 0.01749882331261268 0.017479823185847357
0 0.1403840688558725 0.963348388671875 0.02911094518808218 0.029018988976111777
0 0.3477381926316481 0.27574841792766863 0.0381321540245643 0.038317350240854114
0 0.5338471486018255 0.8489152468167819 0.03524853633000301 0.0353550544151893
0 0.9314102759728065 0.011424950682199918 0.027528909536508415 0.021310758132200975
0 0.7211815027090219 0.7540727762075571 0.026600177471454326 0.026533860426682692
0 0.6129050621619592 0.317931211911715 0.29516836313100964 0.3336332027728741
0 0.9060931572547326 0.14601438779097337 0.017234948965219352 0.01727894636300894
0 0.42888509310208833 0.1429113791539119 0.024814605712890625 0.024788526388315055
0 0.1863384246826172 0.061341120646550104 0.018320303696852464 0.018216353196364183
0 0.7676422412578876 0.4070780827448918 0.026961693396935098 0.027083910428560697
0 0.5638539607708271 0.5844850540161133 0.029793445880596455 0.0298004150390625
0 0.6574473014244666 0.7229072130643405 0.015984461857722357 0.015998400174654447
0 0.6836911714993991 0.8087938748873197 0.040505629319411054 0.04056079571063702
0 0.9086213478675256 0.21425691017737755 0.01784089895395132 0.017702029301570013
0 0.3205377505375789 0.4417715072631836 0.01897144317626953 0.019234583928034857
0 0.0926509637099046 0.2558225668393649 0.0167847413283128 0.016715159782996543
0 0.44116665766789365 0.29557939676138073 0.015430157001201924 0.015467423659104567
0 0.476838992192195 0.41197930849515474 0.02234789041372446 0.022615872896634616
0 0.24414785091693586 0.22820505729088417 0.022164638225848857 0.02266219946054312
0 0.8571323981651893 0.8790598649245042 0.023912869966947116 0.02494195791391226
0 0.7551948840801532 0.8357962094820462 0.052953279935396634 0.05201809222881611
0 0.4725189208984375 0.7050867814284104 0.017963409423828125 0.018011826735276442
0 0.026874867769388053 0.3635078576894907 0.01672943738790659 0.016686512873722956
0 0.11494428377885085 0.9814256521371695 0.05641495264493502 0.034766857440655045
0 0.7959591792179987 0.7872472909780649 0.017512101393479567 0.017392965463491585
0 0.3657834713275616 0.39062782434316784 0.015642459575946514 0.01571068396935096
0 0.514006834763747 0.8668018487783579 0.023817062377929688 0.02424196096567007
0 0.5370585368229792 0.13818896733797514 0.02294921875 0.02337327370276818
0 0.7210903167724609 0.7336645126342773 0.022989419790414665 0.02285033005934495
0 0.7546253204345703 0.21756439942580003 0.015947635357196514 0.015722201420710638
0 0.8119958730844351 0.6475611466627854 0.018055255596454326 0.01790794959435096
0 0.07071739435195923 0.3564518415010892 0.03138651297642635 0.031566473153921276
0 0.8988816921527569 0.8093281525831956 0.017993780282827523 0.017870536217322715
0 0.7591863778921274 0.258774629006019 0.018368647648737982 0.01855149635901818
0 0.35168090233436 0.2402967673081618 0.0225374515240009 0.023066373971792366
0 0.03658886368458088 0.8681501975426307 0.031396329402923584 0.03137559157151442
0 0.9509724837083083 0.556296495290903 0.026423527644230768 0.02630952688363882
0 0.6710837437556341 0.49848204392653245 0.016298440786508415 0.016290664672851562
0 0.13632732171278733 0.23167560650752142 0.023114094367394082 0.023499562190129206
0 0.9725790023803711 0.9279790291419396 0.016947232759915866 0.016963078425480768
0 0.09669141586010273 0.3639725171602689 0.020209367458636943 0.02030357947716346
0 0.35811622326190656 0.20748501557570237 0.032539000877967246 0.03227930802565355
0 0.030062925357085008 0.6667710817777194 0.018788113043858454 0.01900511521559495
0 0.360626220703125 0.3298289959247296 0.01704098628117488 0.01674520052396334
0 0.3769882642305814 0.31906428703894985 0.017853663517878607 0.017772454481858473
0 0.17548440052912787 0.9900260338416467 0.018329106844388522 0.01698581988994892
0 0.1350640058517456 0.23707837324876052 0.01776234920208271 0.017353131220890924
0 0.7864009417020358 0.582910941197322 0.01627525916466346 0.016307537372295674
0 0.6056158726031964 0.14760134770320013 0.016750409052922174 0.016637912163367637
0 0.23460978728074294 0.0144862555540525 0.025339126586914062 0.02540930876365075
0 0.09278566103715163 0.8819150924682617 0.015201366864717923 0.015199807974008413
0 0.3918317648080679 0.4742591564471905 0.031826019287109375 0.03179476811335637
0 0.6886275364802434 0.9136491922231821 0.018127588125375602 0.018101031963641826
0 0.8215374579796424 0.9259713979867789 0.018610440767728366 0.01811071542593149
0 0.25826014005220854 0.13870076949779803 0.020803524897648737 0.020715841880211465
0 0.13161662908700797 0.5332789421081543 0.030245487506573018 0.029947207524226263
0 0.1318836762354924 0.0417705407509437 0.04102057677048903 0.0413355827331543
0 0.03798990983229417 0.6819608394916241 0.01462713571695181 0.014740283672626201
0 0.08189340738149789 0.09589035694415753 0.03361863356370192 0.03424156629122221
0 0.48832996074969953 0.2262594883258526 0.031586867112379804 0.03176102271446815
0 0.537799174969013 0.049073682381556585 0.059637950016902044 0.06034710774054894
0 0.08385727955744816 0.44124621611375076 0.014412788244394155 0.014507000262920674
0 0.8234496483435998 0.6830464143019456 0.015552520751953125 0.015369855440579928
0 0.8198440258319561 0.9276539729191706 0.021237740149864785 0.022656954251802884
0 0.3220847936776968 0.2663731208214393 0.01605562063363882 0.01617769094613882
0 0.17651913716242865 0.011025922802778391 0.02351247347318209 0.020286232233047485
0 0.7473932412954477 0.8347613261296198 0.04002791184645433 0.04143949655386118
0 0.30816173553466797 0.5772119668813852 0.014809535099909855 0.015422674325796274
0 0.5400178249065692 0.604792961707482 0.01996619884784405 0.02049431434044471
0 0.30326021634615385 0.09062048105093148 0.02476662855881911 0.02476365749652569
0 0.13514349093803993 0.5335763050959661 0.023427211321317233 0.025293937096228965
0 0.06535380620222825 0.9126645601712741 0.0705426289485051 0.07309752244215745
0 0.031052066729618952 0.43089558528019833 0.015344500541687012 0.014850469735952524
