0 0.3910340896019569 0.4486537713270921 0.13068749354435846 0.1327992952786959
0 0.22270474067101112 0.7882223862868089 0.15343975103818452 0.15367595966045672
0 0.9437468602107122 0.9215489901029147 0.05376698420597957 0.053999680739182696
0 0.47089206255399263 0.7842457844660833 0.04426281268780048 0.0440527108999399
0 0.5768823990455041 0.40236784861638 0.05570910527155949 0.05544581780066857
0 0.3668683125422551 0.8351750007042518 0.044937427227313705 0.04553310687725361
0 0.30144431040837216 0.831215344942533 0.02524390587439904 0.025241998525766227
0 0.1660008797278771 0.47212329277625453 0.035982828873854414 0.03563851576585036
0 0.957283093379094 0.8169824893657978 0.03353045536921574 0.033525320199819714
0 0.8546946598933294 0.9044095552884616 0.0258480952336238 0.025906196007361777
0 0.1762520716740535 0.9312948813805213 0.02517557144165039 0.025223805354191706
0 0.11403487278864934 0.9339587871844952 0.02140463315523588 0.021204581627478965
0 0.09451070198645958 0.6740658099834735 0.02431664100060096 0.024042569673978366
0 0.7875315592839167 0.3710298171410194 0.023614149827223558 0.02363102252666767
0 0.25594626940213716 0.825401599590595 0.02153359926663912 0.021785442645733174
0 0.4523266645578238 0.7415237426757812 0.0225527103130634 0.022745719322791465
0 0.8904511378361628 0.6534863985501803 0.02017798790564904 0.020138373741736777
0 0.5511592351473295 0.4648141860961914 0.028623580932617188 0.028777929452749398
0 0.3985327940720778 0.6732653837937576 0.029492598313551683 0.02973453815166767
0 0.4608036187978891 0.4028830895057091 0.02143573760986328 0.02167232219989483
0 0.055783904515779935 0.8993034362792969 0.029640766290517952 0.02979909456693209
0 0.4167575469383827 0.8378455822284405 0.02417645087608924 0.02430108877328726
0 0.37756648430457485 0.8008009103628305 0.02498758756197416 0.02535247802734375
0 0.5186139620267428 0.034330313022320084 0.020308861365685098 0.02037200560936561
0 0.25159483689528245 0.861815672654372 0.02128439683180589 0.021243462195763223
0 0.10582195795499362 0.728606444138747 0.02006248327401968 0.02001190185546875
0 0.3911287601177509 0.5555384709284856 0.04219260582557091 0.04167637458214393
0 0.6249035321749173 0.013492926955223083 0.020155833317683294 0.0201208064189324
0 0.2699324901287372 0.23388246389535758 0.025268041170560397 0.025063441349909857
0 0.9542906100933368 0.7811480302077073 0.017784558809720553 0.017795856182391826
0 0.9207432086651142 0.9793853759765625 0.020683875450721152 0.020877838134765625
0 0.6943721771240234 0.5705275168785682 0.018792225764347956 0.019006068889911357
0 0.9903436807485727 0.7816977867713342 0.019225487342247598 0.02711662879356971
0 0.042025547761183515 0.2453278394845816 0.02199198420231159 0.022054672241210938
0 0.9620621754572942 0.02023629958813007 0.023503523606520433 0.02338855083172138
0 0.43186763616708607 0.9455974285419171 0.019753382756159857 0.01981207040640024
0 0.10132791445805477 0.8994287344125601 0.020276326399583083 0.02044090857872596
0 0.4657176091120793 0.6656335683969351 0.02052908677321214 0.020604353684645433
0 0.16590494375962478 0.9884781470665565 0.01851488993718074 0.018168229323167067
0 0.7732560084416316 0.795467156630296 0.030217390794020433 0.029856168306790866
0 0.5465809015127329 0.2149927432720478 0.022875565748948317 0.022803820096529447
0 0.009781938332777757 0.900265987102802 0.018119532328385573 0.01786950918344351
0 0.2800017503591684 0.14553515727703387 0.0639178936298077 0.06441486798799954
0 0.8910589951735276 0.14390155902275673 0.028097005990835335 0.02830345814044659
0 0.04354747442098764 0.5787447049067571 0.01983543771963853 0.01976145230806791
0 0.33295844151423526 0.7687332446758564 0.020789219782902643 0.020636631892277643
0 0.266190583889301 0.7185745239257812 0.0267029175391564 0.026793406559870794
0 0.020590919714707594 0.8649853192842923 0.04039260057302622 0.042936471792367786
0 0.22871974798349234 0.7760617916400616 0.02682363069974459 0.026793259840745192
0 0.30042747350839466 0.9225673675537109 0.018497467041015625 0.018317002516526442
0 0.4308585753807655 0.7673040536733774 0.01870419428898738 0.018733978271484375
0 0.7218215648944561 0.8754542424128606 0.0321649404672476 0.03247158343975361
0 0.16289876057551458 0.2779385126554049 0.017307428213266227 0.01733530484713041
0 0.46150963123028094 0.15957177602327788 0.01793054433969351 0.01791686278123122
0 0.8940015205970178 0.07253706913727981 0.01807887737567608 0.01810157299041748
0 0.048285640203035794 0.06817070337442252 0.016693903849675104 0.016518391095674954
0 0.8915807283841647 0.8169903388390174 0.01792291494516226 0.017947563758263223
0 0.8332497523381159 0.8896042016836313 0.016632666954627402 0.016452642587515023
0 0.8569318331204928 0.6950831780066857 0.02350645798903245 0.02391844529371995
0 0.27321991553673375 0.6755423912635217 0.017227026132436898 0.017368316650390625
0 0.9448431455172025 0.09250615193293645 0.01869054941030649 0.01862467252291166
0 0.7659719173724835 0.8991389641394982 0.021006364088792067 0.02083734365609976
0 0.9919772514930139 0.5879860291114221 0.01570921677809495 0.019670999967134915
0 0.5138147794283353 0.38534435859093297 0.025408818171574518 0.025179936335637018
0 0.015925036026881292 0.7169636212862455 0.016390791306128867 0.016649246215820312
0 0.9907986567570612 0.2940236788529616 0.017376532921424277 0.01766054446880634
0 0.8140859603881836 0.8939430530254657 0.017833122840294473 0.017906775841346152
0 0.35786500343909633 0.7377463120680589 0.02652762486384465 0.02637643080491286
0 0.7981504293588492 0.41220492583054763 0.016123845027043268 0.01617879133958083
0 0.9156150084275466 0.7442527184119592 0.03455616877629207 0.0349572988656851
0 0.8974458254300631 0.8725762000450721 0.020829420823317308 0.021036881666917067
0 0.671409533574031 0.42271716778094953 0.018755545982947715 0.018812913161057692
0 0.8327587567842923 0.37875131460336536 0.015299723698542668 0.015615169818584736
0 0.9736246695885291 0.44801066471980167 0.01688693119929387 0.016831104572002705
0 0.8754920959472656 0.12193600948040302 0.016325730543870192 0.016294552729679987
0 0.36653812115009016 0.05931565394768348 0.014730380131648136 0.014647758924044095
0 0.1919267360980694 0.9388336768517127 0.016490862919734076 0.015457740196814904
0 0.46289568680983323 0.2413634520310622 0.02288077427790715 0.023077891423152044
0 0.5232365681574895 0.9893355736365685 0.015683100773737982 0.015104733980618991
0 0.8111678636991061 0.028872439494499795 0.019402577326847956 0.01950393273280217
0 0.6534589620736929 0.1261748533982497 0.01834561274601863 0.01822214860182542
0 0.25148703501774716 0.4107469411996695 0.014331450829139123 0.014574931218073918
0 0.660748188312237 0.6005683312049279 0.016936522263746995 0.017372864943284255
0 0.21411418914794922 0.9019978596613958 0.014867929311899038 0.014893605158879207
0 0.09190913347097543 0.9187501760629507 0.016209235558143027 0.016552851750300482
0 0.5926784735459548 0.5436977239755484 0.016113941486065205 0.016068678635817308
0 0.12357051555926983 0.9940161338219275 0.019943090585561898 0.010853400597205529
0 0.6980301783635066 0.9647577725923978 0.01675752493051382 0.016821934626652643
0 0.956378276531513 0.2845042852255014 0.015757047213040866 0.015748867621788613
0 0.8544034224290115 0.7733585651104267 0.020020558283879206 0.020091423621544473
0 0.19359174141517052 0.9631357926588792 0.014692966754619893 0.014663109412560096
0 0.433227905860314 0.3573039128230168 0.014640294588529147 0.014533262986403245
0 0.7942026578463041 0.6627679971548227 0.023061312161959134 0.022900801438551683
0 0.11509513854980469 0.8879153178288386 0.014411302713247446 0.01475979731633113
0 0.29935853297893816 0.9621155078594501 0.019821790548471305 0.020146003136268027
0 0.9745087256798377 0.4278732446523813 0.015105320857121395 0.015086980966421274
0 0.21909810946537897 0.24613237380981445 0.016335524045504056 0.016130924224853516
0 0.32390623826246995 0.9364879314716046 0.015241916363055889 0.015547532301682692
0 0.22251257529625526 0.8698918269230769 0.014224786024827223 0.014207106370192308
0 0.06023178650782658 0.22337209261380708 0.015021269138042744 0.015035115755521335
0 0.41494919703556943 0.7113869006817157 0.04021387833815355 0.041238638070913464
0 0.7455224990844727 0.8473093326275165 0.03868865966796875 0.04009188138521635
0 0.9625046069805439 0.7989884890042819 0.01674505380483774 0.016509422889122598
0 0.604397516984206 0.8781769092266376 0.014551456157977764 0.01484386737530048
0 0.5522732001084548 0.431848012484037 0.03452865894024189 0.0341343512901893
0 0.5382704368004432 0.821307108952449 0.013879482562725361 0.013802748460036058
0 0.06414205294388992 0.37767916459303635 0.014539305980388936 0.01444075657771184
0 0.03523145730678852 0.8689165848952073 0.01743466120499831 0.017344548152043268
0 0.10909548172583947 0.8397328303410456 0.014346489539513221 0.014383169320913462
0 0.10718534542964055 0.14065095094534066 0.015099782210129958 0.015111409700833835
0 0.25537919998168945 0.9387711745042068 0.014274670527531551 0.014378914466271034
0 0.6927680969238281 0.9530811309814453 0.017186384934645433 0.017294957087590143
0 0.0883933764237624 0.5708563877986028 0.01421029751117413 0.014256550715519832
0 0.5270825165968674 0.9438120768620417 0.021042750431941107 0.021433170025165264
0 0.5505989514864408 0.9696391912607046 0.016887077918419473 0.016901016235351562
0 0.5371048267071064 0.7703682826115534 0.014691866361177884 0.014760677631084736
0 0.45923181680532604 0.18921718230614296 0.038376881526066706 0.03885071094219501
0 0.761466173025278 0.5834690240713266 0.028040665846604567 0.027776057903583232
0 0.37595393107487607 0.7123647836538461 0.035924251262958236 0.036350103525015026
0 0.3011771348806528 0.3115403468792255 0.014629804171048678 0.014608529897836538
0 0.4373446978055514 0.9781383367685171 0.037786630483774036 0.03650503892164964
0 0.5757003197303185 0.7517478649432843 0.015706869272085335 0.01618355971116286
0 0.34123956240140474 0.3716399853046124 0.01353161151592548 0.013693002554086538
0 0.16883105498093826 0.7967028984656701 0.014380088219275841 0.014497316800631009
0 0.903175060565655 0.2905581731062669 0.0175930903508113 0.01766857734093299
0 0.27414316397446853 0.8494699184711163 0.01423186522263747 0.014367176936222957
0 0.34324143483088565 0.8844739473783053 0.07190506274883564 0.0716403080866887
0 0.5959132267878606 0.5310619794405423 0.015407562255859375 0.01566476088303786
0 0.9271771357609675 0.029218637026273288 0.014274303729717549 0.014264574417701134
0 0.40635013580322266 0.8716457807100736 0.0195156977726863 0.019991948054387018
0 0.6182699203491211 0.8723724805391752 0.014299099261944111 0.014160889845628005
0 0.9541474855863131 0.2574150012089656 0.01696924062875601 0.016995026515080378
0 0.6450187242948092 0.5749259361853967 0.013347479013296274 0.013731149526742788
0 0.6220084703885592 0.5919010455791767 0.0155488527738131 0.015825271606445312
0 0.7299064489511343 0.7732703869159405 0.014286628136268029 0.014490567720853366
0 0.32261958489051235 0.643827878511869 0.05643494312579815 0.05647541926457332
0 0.6546375568096454 0.16787098004267767 0.03159948495718149 0.03120246300330529
0 0.35819141681377703 0.34219653789813703 0.013907799353966346 0.013853806715745192
0 0.2894402283888597 0.9654323137723483 0.016107559204101562 0.015895256629356973
0 0.21697180087749773 0.7935491708608774 0.01440891852745643 0.014443030724158654
0 0.6609546954815204 0.7933309995211087 0.01825743455153245 0.018374809852013223
0 0.4432052465585562 0.8596153259277344 0.014432613666240986 0.01458446796123798
0 0.6824239584115835 0.5175398313082181 0.014175708477313701 0.014471054077148438
0 0.10304990181556115 0.6933106642503005 0.014094059283916768 0.014160743126502404
0 0.6510952436006986 0.5870078160212591 0.014850029578575721 0.01488186762883113
0 0.07725855937370887 0.24123028608468863 0.014891331012432393 0.014986294966477614
0 0.2714060086470384 0.9691969064565805 0.01651789591862605 0.01644750741811899
0 0.7520288320688101 0.8283934959998498 0.03202893183781551 0.030736336341271035
0 0.539031432225154 0.9430304307204026 0.01359095940223107 0.01397411639873798
0 0.16840171813964844 0.5530164425189679 0.051233841822697565 0.051765148456280045
0 0.09191745061140794 0.5443649291992188 0.01347657350393442 0.0136259519136869
0 0.7105450263390174 0.9935093659621018 0.014678368201622596 0.011879700880784255
0 0.756100581242488 0.8240553048940805 0.02971032949594351 0.029241415170522835
0 0.27533626556396484 0.3731992428119366 0.015234580406775841 0.015166502732496995
0 0.44473567375769985 0.637417353116549 0.06338310241699219 0.0632490011361929
0 0.04741962597920345 0.8099209712101862 0.014044789167550894 0.014141082763671875
0 0.7498113192044772 0.40620935880220854 0.013494344858022837 0.013830111576960636
0 0.8897156348595252 0.12758023005265456 0.016169914832481973 0.015952550447904147
0 0.49596647115854114 0.6993375924917368 0.06956540621243991 0.07138853806715745
0 0.6063485879164475 0.8589523021991436 0.01741335942195012 0.017733940711388223
0 0.28089163853571963 0.49172210693359375 0.014762108142559346 0.014802199143629808
0 0.11603874426621658 0.49330029120812047 0.02683734893798828 0.02700937711275541
0 0.9243681981013372 0.11201962140890268 0.013505202073317308 0.013547163743239183
0 0.4809857881986178 0.9041736309344952 0.01423336909367488 0.014185832096980168
0 0.9262123107910156 0.9129913770235502 0.1461052527794471 0.16851029029259315
0 0.691793808570275 0.9178667802077073 0.01334835932804988 0.013344104473407451
0 0.7359057939969577 0.9290115649883564 0.014634352463942308 0.014955373910757212
0 0.9624338150024414 0.5891846876878005 0.07564383286696214 0.132662112896259
0 0.629883179297814 0.23836165208082932 0.015196726872370793 0.015296642596905049
0 0.7632956871619592 0.7749154751117413 0.014016371506911058 0.014039406409630409
0 0.36043328505295974 0.6309978778545673 0.08991212111253005 0.08680372971754807
0 0.7009396186241736 0.35946053725022536 0.016407893254206732 0.01671593005840595
