0 0.5086951622596154 0.9085270808293269 0.12411352304311898 0.12515845665564904
0 0.367857602926401 0.6042009500356821 0.11610463949350211 0.11700894282414363
0 0.5289832261892465 0.29219891474797177 0.10146551865797776 0.1018992203932542
0 0.6816806059617263 0.2831482703869159 0.11868638258713943 0.12018522849449745
0 0.69482788672814 0.5725238506610577 0.09166629497821514 0.09951606163611779
0 0.3465862274169922 0.10245976081261268 0.07396947420560397 0.0750134541438176
0 0.5826113040630634 0.6150287114656888 0.06554390833928035 0.06654864091139573
0 0.616938591003418 0.6572804817786584 0.03149971595177284 0.03177173321063702
0 0.6531056624192458 0.8349559490497296 0.04627638596754808 0.04640285785381611
0 0.5769749421339768 0.22200668775118315 0.05880267803485577 0.05928949209359976
0 0.3699023907001202 0.4726718022273137 0.03709837106557993 0.03717803955078125
0 0.4719670369074895 0.5716635630680964 0.03233762887807993 0.03261375427246094
0 0.3119472356942984 0.5005127099844126 0.024703410955575798 0.02464125706599309
0 0.45303792219895583 0.13252766315753645 0.05648965101975661 0.0572053102346567
0 0.621882438659668 0.3759120060847356 0.028528653658353366 0.028163396395169772
0 0.3740666462824895 0.3682204026442308 0.055974300091083236 0.05631417494553786
0 0.620783805847168 0.20949697494506836 0.029876268826998197 0.02966899138230544
0 0.6449819711538461 0.4082519824688251 0.025254469651442308 0.025456061730018027
0 0.3654124920184796 0.9210914465097281 0.05167653010441707 0.05228570791391226
0 0.5960016250610352 0.39447784423828125 0.08722804142878605 0.08780670166015625
0 0.37677680529080904 0.3028537676884578 0.04481667738694411 0.04506338559664213
0 0.43246837762685925 0.2309571046095628 0.024359409625713643 0.024370706998384915
0 0.30195459952721226 0.024276545414557822 0.04557345463679387 0.044023752212524414
0 0.41164640279916614 0.4777684211730957 0.02316562946026142 0.02350895221416767
0 0.6127875768221341 0.522491638477032 0.03074183830848107 0.030559246356670674
0 0.4413637381333571 0.21328665659977838 0.028685936560997598 0.029194098252516527
0 0.35551122518686146 0.21705875029930702 0.017012962928185098 0.017038895533635065
0 0.33232765931349534 0.22901329627403846 0.017989158630371094 0.017986517686110277
0 0.34595430814302885 0.4097426487849309 0.051034780649038464 0.05098856412447416
0 0.6909963167630709 0.8494935402503381 0.0353845449594351 0.0347285637488732
0 0.7186907254732572 0.6868473199697641 0.04141851571890024 0.062189542330228366
0 0.5105628967285156 0.6023169297438401 0.01656825725848858 0.01653260451096755
0 0.34558274195744443 0.7247417156512921 0.017006360567533053 0.01706871619591346
0 0.29544415840735805 0.3478723672720102 0.028621526864858773 0.027992835411658652
0 0.4236291738656851 0.019302991720346305 0.061838736900916465 0.038527873846200794
0 0.5293468328622671 0.23235080792353704 0.02258924337533804 0.02292600044837365
0 0.3288307189941406 0.2950280996469351 0.031256455641526446 0.03122410407433143
0 0.27863773932823765 0.24672979574937087 0.016999318049504206 0.016818119929387018
0 0.2961255953862117 0.23329742138202375 0.016291471628042366 0.016356871678278997
0 0.536951101743258 0.5192697965181791 0.016065010657677285 0.016031632056603067
0 0.3699595011197604 0.3240199455848107 0.033050830547626205 0.03291526207557091
0 0.5956116456251878 0.4764469586885892 0.053682767427884616 0.055375172541691706
0 0.6234635573167068 0.3223236157343938 0.07451750681950496 0.07540702819824219
0 0.3640385407667894 0.7234348883995643 0.022568189180814303 0.02269143324631911
0 0.5083500788762019 0.4319918339069073 0.042415472177358776 0.042899058415339544
0 0.6073135962853065 0.46868074857271635 0.020351556631234977 0.020184736985426683
0 0.5347843170166016 0.7548725421612079 0.05425071716308594 0.05402330251840445
0 0.4199580412644606 0.8706782414362981 0.01738284184382512 0.01731285682091346
0 0.45790268824650693 0.0694202368076031 0.08406448364257812 0.08421657635615422
0 0.5922208932729868 0.3017720442551833 0.06179736210749699 0.06083070314847506
0 0.3870339026817909 0.934253032390888 0.03753500718336839 0.037199753981370196
0 0.5253749260535607 0.031721181594408475 0.024488155658428486 0.024522611728081338
0 0.628322014441857 0.03036402280514057 0.01601439255934495 0.015885463127723105
0 0.36245214022122896 0.026138184162286613 0.07095006796029898 0.05083353244341337
0 0.4809370774489183 0.41871848473182094 0.05093251741849459 0.05043499286358173
0 0.4111296213590182 0.2400697928208571 0.020355738126314603 0.0201871211712177
0 0.7066673132089468 0.9492338620699369 0.043361517099233776 0.041755382831280045
0 0.658424817598783 0.03771298665266771 0.05061765817495493 0.05090045928955078
0 0.48340221551748425 0.7447018990149865 0.04940524468055138 0.04984415494478666
0 0.3319874543410081 0.35274505615234375 0.04619789123535156 0.046851818378155045
0 0.5773441608135517 0.5183882346520057 0.035924324622521035 0.03621409489558293
0 0.2879131573897142 0.6183638205895057 0.0532689094543457 0.054470208974984974
0 0.7132509671724759 0.43747714849618763 0.044086456298828125 0.04523262610802284
0 0.5930095819326547 0.05681133270263672 0.07910009530874398 0.07721130664532001
0 0.4219544484065129 0.1650574390704815 0.01585666949932392 0.01595137669489934
0 0.5201514317439153 0.06631015814267673 0.053904019869290866 0.05414801377516527
0 0.47790160545936 0.9786702669583834 0.031579164358285755 0.031776134784405045
0 0.673802742591271 0.3815301014826848 0.07254849947415866 0.07378343435434195
0 0.3515908901508038 0.2777584882882925 0.027632493239182692 0.027872892526479866
0 0.28306132096510667 0.13021404926593488 0.015493172865647536 0.015994952275202826
0 0.6323321415827825 0.4787280009343074 0.01545407221867488 0.015543937683105469
0 0.7158971933218149 0.32621291967538685 0.053094130295973554 0.10083807431734525
0 0.3299537805410532 0.3573879828819862 0.03945614741398738 0.038405198317307696
0 0.6556248298058143 0.9784906827486478 0.015199221097506009 0.015274928166316105
0 0.45995426177978516 0.0786214700111976 0.07395348182091346 0.07208974544818585
0 0.324280702150785 0.062088425342853255 0.041989619915301986 0.04175927088810848
0 0.2716837662916917 0.7057834771963266 0.02282105959378756 0.02557240999661959
0 0.6578865784865159 0.6888966193565955 0.08142530001126803 0.08056493905874398
0 0.4772594158466046 0.1860965948838454 0.014643008892352764 0.014775789701021634
0 0.40325557268582857 0.34253604595477766 0.03768634796142578 0.03641715416541466
0 0.5461333348200872 0.6472710829514724 0.022433060866135817 0.022448026216947116
0 0.5493896190936749 0.01394678308413579 0.07483614408052884 0.027904184964986947
0 0.4782306964580829 0.3715698168827937 0.014099781329815205 0.014065742492675781
0 0.39227896470289964 0.042334253971393294 0.022010069627028245 0.022284620083295383
0 0.6257495880126953 0.33100153849675107 0.06358586824857272 0.06284574361947867
0 0.3963636251596304 0.33943066230187047 0.02838736314039964 0.02853261507474459
0 0.7168592306283804 0.02033920929982112 0.05999286358173077 0.040160224987910345
0 0.3550880138690655 0.2823794438288762 0.032788643470177285 0.03355495746319111
0 0.7078844217153696 0.9556782062237079 0.05297499436598558 0.05386557945838341
0 0.5514163604149451 0.33143072861891526 0.04281124701866737 0.043336061330942005
0 0.3054505678323599 0.39367055892944336 0.03917705095731295 0.0399628419142503
0 0.5040567471430852 0.36698157970721906 0.06138933621920072 0.060330904447115384
0 0.3297535456143893 0.4806043551518367 0.03954476576585036 0.04064031747671274
0 0.2636393216940073 0.21024489402770996 0.0130157837500939 0.014598993154672476
0 0.30391329985398513 0.4205938485952524 0.031687149634728067 0.03234936640812801
0 0.5102330721341647 0.1097035866517287 0.028213647695688102 0.02867854558504545
0 0.3584753183218149 0.28550978807302624 0.032772210928109974 0.031418910393348105
0 0.6605642758882962 0.3588425929729755 0.017765045166015625 0.01802818591778095
0 0.2827194654024564 0.6780722691462591 0.04502688921414889 0.08364369319035457
0 0.40936939532940203 0.34424459017240083 0.03157821068396935 0.03208219088040865
0 0.5031443375807542 0.659821290236253 0.26287166888897234 0.2505340576171875
0 0.3263822335463304 0.0974579407618596 0.015824391291691706 0.015484112959641676
0 0.30318795717679536 0.416263617002047 0.03980526557335487 0.04121611668513371
0 0.34977326026329625 0.2747713052309476 0.025116627032940205 0.024920170123760518
0 0.6335078019362229 0.5908572123600886 0.030911959134615384 0.030899928166316107
0 0.4612756142249474 0.3049887510446402 0.03014799264761118 0.030555211580716647
