0 0.3261606509868915 0.17699138934795672 0.07186669569749099 0.09638596498049222
0 0.41532146013700044 0.09074164353884183 0.0747986573439378 0.07631164330702561
0 0.6758830730731671 0.08430902774517353 0.06805243858924279 0.08215524600102352
0 0.47205455486591047 0.026008635759353638 0.06259815509502704 0.05210586236073421
0 0.3659602678739108 0.21010464888352615 0.06883562528170072 0.06924651219294621
0 0.4743044559772198 0.17562336188096267 0.04318919548621544 0.04312559274526743
0 0.5708756446838379 0.11897634542905368 0.07245239844689003 0.07291366503788875
0 0.5015083459707407 0.28499489564162034 0.04910718477689303 0.04911716167743389
0 0.6113126461322491 0.03104886641869178 0.09441463763897236 0.060528773527878985
0 0.5092792144188514 0.44088018857515776 0.03227556668795072 0.03219927274263822
0 0.6052127984853891 0.35053906073937047 0.02075371375450721 0.02091642526479868
0 0.6423891507662259 0.5139832863440881 0.09276683513934796 0.09294788654033954
0 0.5903893250685471 0.5659507604745718 0.019361349252554085 0.01968530508188101
0 0.35265379685621995 0.7465164478008564 0.019280507014347956 0.019220498891977165
0 0.6322318590604342 0.9035686346200796 0.023564998920147236 0.02357321519118089
0 0.5036603487454928 0.48753907130314755 0.030075953556941107 0.029997825622558594
0 0.5744110254141 0.18734033291156477 0.024643824650691107 0.024867754716139574
0 0.6743243290827825 0.3041204305795523 0.018962860107421875 0.019094173724834736
0 0.5631281045766977 0.5271393335782565 0.031234301053560697 0.03084432161771334
0 0.42928490271935094 0.7580355130709134 0.021656183096078727 0.021833273080679085
0 0.45813971299391526 0.20993399620056152 0.02773886460524339 0.0278774774991549
0 0.4403582719656137 0.5961522322434646 0.03322520622840294 0.03330560830923227
0 0.3869182513310359 0.3650220724252554 0.030799278846153848 0.030965805053710938
0 0.6507554421058068 0.752799547635592 0.02925740755521334 0.029859102689302884
0 0.30587018453157866 0.2832027948819674 0.032183390397291914 0.0327000984778771
0 0.47564106721144456 0.46295532813439 0.03756919273963341 0.03758327777569111
0 0.4780158996582031 0.8436716519869291 0.020393811739408053 0.020603473369891826
0 0.6274372981144831 0.8808168264535757 0.03820452323326698 0.03811029287484976
0 0.6236429214477539 0.5447429510263296 0.01829983637883113 0.018228971041165866
0 0.34300679426926833 0.40029092935415417 0.02248404576228215 0.022281500009390023
0 0.35364602162287784 0.9243238155658429 0.04209092947152945 0.04259843092698317
0 0.5621126248286321 0.8231613452617939 0.030481631939227764 0.03027197030874399
0 0.613742498251108 0.43536868462195766 0.026327059819148138 0.026655050424429085
0 0.6233877768883338 0.7874405200664814 0.018228824322040264 0.018218113825871393
0 0.4913121003371019 0.33879294762244594 0.039073944091796875 0.03938498863807091
0 0.6438581760113056 0.3343511728140024 0.01802488473745493 0.017794095552884616
0 0.6793877528263972 0.5192333368154672 0.019266568697415866 0.019166212815504808
0 0.3278502684373122 0.24501730845524713 0.023953364445612982 0.02418386019193209
0 0.6175265678992639 0.606976949251615 0.018889207106370192 0.01882479741023137
0 0.43155589470496547 0.32985580884493315 0.026085560138408955 0.025788160470815804
0 0.6255720578707181 0.8612802212054913 0.02655308063213642 0.026305125309870794
0 0.6370739570030799 0.7240183903620794 0.01829660855806791 0.018503922682542067
0 0.3413493816669171 0.9543962478637695 0.04404728229229267 0.0448298821082482
0 0.6316289168137771 0.6761623529287485 0.01642124469463642 0.01646115229679988
0 0.684539794921875 0.9387619311992939 0.017466325026292067 0.017403529240534857
0 0.5109791388878455 0.32267277057354266 0.02736517099233774 0.02702786372258113
0 0.6105227103600135 0.1377887725830078 0.08167178814227764 0.08475186274601863
0 0.5430883627671462 0.8085659467256986 0.022799565241887018 0.023082439716045674
0 0.30086623705350435 0.0322350080196674 0.025911404536320612 0.03518701516664945
0 0.5781088608961839 0.8687057495117188 0.017719415517953727 0.017763871413010817
0 0.46314844718346226 0.31376009721022385 0.033571023207444414 0.03312103564922626
0 0.40387329688439 0.6768126854529748 0.016124431903545674 0.016345977783203125
0 0.5844887219942533 0.8483439225416917 0.02414277883676382 0.024245042067307692
0 0.42928310541006237 0.2519366924579327 0.025870323181152344 0.02568208254300631
0 0.6547663762019231 0.042569756507873535 0.02081577594463642 0.020646776144321147
0 0.5599790719839243 0.8556715158315805 0.025334284855769232 0.025584000807542067
0 0.42741562769963193 0.7080155886136569 0.01715388664832482 0.017111851618840143
0 0.6945601243239182 0.3106842407813439 0.029355269211989183 0.032148581284743086
0 0.5108884664682242 0.8442280109112079 0.0162353515625 0.016391460712139424
0 0.427248294536884 0.1430188142336332 0.016697810246394232 0.016555052537184495
0 0.46332293290358323 0.26497653814462513 0.03851391718937801 0.03890543717604417
0 0.6175898038423978 0.3995065689086914 0.03021684059729943 0.030274024376502402
0 0.403628239264855 0.5627885231604943 0.015484002920297476 0.015645393958458535
0 0.4652401850773738 0.9908039386455829 0.022458223196176384 0.01581089313213642
0 0.6147728699904221 0.743827746464656 0.01822999807504507 0.018031927255483773
0 0.6700923626239483 0.7385736612173227 0.015967149000901442 0.016030531663161058
0 0.5353452975933368 0.3812287403987004 0.02591118445763221 0.025954613318810098
0 0.39483099717360276 0.5333474966195914 0.018090468186598558 0.018094356243426982
0 0.5824740483210638 0.5120383776151217 0.026241009051983174 0.02646020742563101
0 0.649078002342811 0.614530636714055 0.014862794142503005 0.014771094689002404
0 0.5302908603961651 0.07029763551858756 0.01742663750281701 0.017139618213360127
0 0.4553442368140587 0.5318739230816181 0.018329840440016527 0.01849673344538762
0 0.6391011751615084 0.38358160165640026 0.02611541748046875 0.02657772944523738
0 0.6950103319608248 0.9021902084350586 0.015051621657151442 0.01581265376164363
0 0.68249144920936 0.5597977271446815 0.02269612825833834 0.023335090050330527
0 0.3464062764094426 0.5167302351731521 0.022603401770958535 0.023149490356445312
0 0.42727026572594273 0.045862908546741195 0.016685339120718148 0.01666367970980131
0 0.5744442939758301 0.374664306640625 0.016143798828125 0.016081589918870192
0 0.5942246363713191 0.8764532529390775 0.014849589421198918 0.014896392822265625
0 0.4537381392258864 0.29393298809344953 0.02329122103177584 0.022704051091120794
0 0.4383701911339393 0.7204724825345553 0.01898472125713642 0.019176483154296875
0 0.5439907220693735 0.2366323471069336 0.03377107473520132 0.03436609414907602
0 0.6355970822847806 0.5615115532508264 0.014116287231445312 0.014358153709998498
0 0.5891558573796198 0.8284367047823392 0.0191189692570613 0.01830907968374399
0 0.6358831112201397 0.7453891313993014 0.01921873826246995 0.019954681396484375
0 0.6543218172513522 0.6029542409456693 0.015541663536658654 0.015396191523625301
0 0.5173040536733774 0.23466368821951059 0.0781412858229417 0.07446802579439603
0 0.5995090924776517 0.605460680448092 0.01612545893742488 0.016332479623647835
0 0.535765867966872 0.17211549098675066 0.05926704406738281 0.05834528116079477
0 0.38635958158052885 0.010153309657023503 0.026123193594125602 0.0193747878074646
0 0.32367823674128604 0.8603204580453726 0.015713031475360576 0.015980353722205527
0 0.5904694337111253 0.9508460118220403 0.015267592210036058 0.015742962176983174
0 0.37184696931105393 0.056443677498744085 0.016951267535869893 0.016955293141878568
0 0.38183050889235276 0.8635629507211539 0.01663075960599459 0.016582489013671875
0 0.6381127284123347 0.23294544219970703 0.028812408447265625 0.028785852285531852
0 0.4259399634141188 0.5523794247553899 0.01426249284010667 0.014483892000638522
0 0.5523757934570312 0.875127205481896 0.01638485835148738 0.016420511099008415
0 0.5444236168494592 0.3242066456721379 0.02141270270714393 0.021532645592322715
0 0.5480851393479568 0.7797364455003005 0.020801250751201924 0.02139003460223858
0 0.43115989978496844 0.4475590632512019 0.026474585899939902 0.026951936575082634
0 0.37395620346069336 0.5797847601083609 0.015252186701847957 0.015523910522460938
0 0.40340056786170375 0.022323842232043926 0.0289764404296875 0.028823045583871696
0 0.39205301724947417 0.24541920882004958 0.017841925987830527 0.017922107989971455
0 0.3585954812856821 0.8882471231313852 0.12863848759577826 0.18588579618013823
0 0.5955655024601862 0.9415561969463642 0.015085807213416466 0.014893018282376803
0 0.5497930233295147 0.7742506907536433 0.01766175490159255 0.017766659076397236
0 0.6533213395338792 0.1848912605872521 0.015111483060396634 0.015064679659329928
0 0.4918344204242413 0.6953039902907151 0.01388843242938702 0.013996417705829326
0 0.4969341571514423 0.20903822091909555 0.05076188307542067 0.051237253042367786
0 0.5558591989370493 0.8202799283541166 0.033933199368990384 0.031370896559495196
0 0.4487726871783917 0.8217180692232572 0.01697709010197566 0.016982151911808893
0 0.3745021086472731 0.9635084592379056 0.01970335153432993 0.019663297213040866
0 0.4476630137516902 0.1621403510753925 0.014422930203951322 0.014714607825646034
0 0.6388529997605544 0.20453291672926682 0.03312536386343149 0.03413992661696214
0 0.5439644593458909 0.3690323096055251 0.015074656559870793 0.015296349158653846
0 0.3061846586374136 0.9843337719257061 0.015766217158390924 0.015238541823167067
0 0.69922241797814 0.20165091294508714 0.020758408766526442 0.02471784444955679
0 0.3636899728041429 0.8672384115365835 0.12294087043175331 0.11266414935772236
0 0.5736386959369366 0.9438724517822266 0.017642828134390023 0.017466031588040866
0 0.41114513690655047 0.3673160993135892 0.017193720890925482 0.017374478853665866
