0 0.7088925288273737 0.8818101149338943 0.07554127619816707 0.0761871337890625
0 0.7594164334810697 0.8372509296123798 0.09801424466646634 0.09837018526517428
0 0.23222563816950872 0.7389574784498948 0.029836214505709134 0.02993158193734976
0 0.2077775001525879 0.2860076427459717 0.022633699270395134 0.022750707773061898
0 0.2783918564136212 0.9656511453481821 0.02297232701228215 0.023362086369441107
0 0.22734763072087213 0.3427590590256911 0.0364525868342473 0.03620719909667969
0 0.5699094992417556 0.528603407052847 0.021923652062049277 0.021928933950570915
0 0.574032710148738 0.9170698752770057 0.039916625389685996 0.03993929349459135
0 0.6877705500676081 0.7143487196702224 0.028071476862980768 0.0279080317570613
0 0.4484813396747296 0.14867822940532976 0.3270075871394231 0.29552775162916917
0 0.19878416794996995 0.5696561153118427 0.03048251225398137 0.0304260987501878
0 0.8184804182786208 0.7941888662484976 0.01984376173753005 0.019767174353966348
0 0.4098655994121845 0.6625586289625901 0.01976159902719351 0.01979211660531851
0 0.17613843771127555 0.621127201960637 0.018396817720853366 0.018017952258770283
0 0.7678874822763296 0.13799606836759126 0.1342004629281851 0.1328459886404184
0 0.7695817213792068 0.7825145721435547 0.01929327157827524 0.019560887263371393
0 0.5380227015568659 0.3177488033588116 0.018335489126352165 0.018354122455303486
0 0.7276919438288763 0.7486385198739859 0.017557144165039062 0.017598812396709736
0 0.43847392155573917 0.6320606378408579 0.017257103553185098 0.017098353459284857
0 0.6201758751502404 0.5302871557382437 0.03450481708233173 0.0345308597271259
0 0.3783283233642578 0.6761723298292893 0.015983141385591947 0.015970963698167067
0 0.22109600213857797 0.11496564058157113 0.09431259448711689 0.09349555235642654
0 0.2676067352294922 0.6458969849806565 0.01669938747699444 0.01671453622671274
0 0.7131727658785306 0.8008399376502404 0.032587491548978366 0.031775401188777044
0 0.6053069188044622 0.8914865347055289 0.027422098013070915 0.02746728750375601
0 0.19203593180729792 0.07467608726941623 0.03402867683997521 0.03337136598733755
0 0.2617015105027419 0.23769360322218674 0.019029910747821514 0.018897350017841045
0 0.27543038588303786 0.8907818427452674 0.0171505854679988 0.01728644737830529
0 0.32781777015099156 0.8171826876126803 0.058759102454552285 0.05814831073467548
0 0.8053729717548077 0.5165805449852576 0.0159915043757512 0.016122084397536058
0 0.5061148863572341 0.8093822185809796 0.01786011915940505 0.017785292405348558
0 0.23144336847158578 0.9912275901207557 0.023232166583721455 0.015523323645958534
0 0.3117466706496019 0.9847117203932542 0.018149595994215745 0.018548965454101562
0 0.5424632659325233 0.6718591543344351 0.01677050957312951 0.01683836716871995
0 0.2429019854618953 0.7159689389742337 0.01469278335571289 0.014546614426832933
0 0.27942134783818173 0.5287715471707858 0.01793810037466196 0.017935532789963942
0 0.48869059636042667 0.305116396683913 0.08917001577524039 0.09026930882380559
0 0.4603109359741211 0.6747066791240985 0.013834439791165866 0.013917776254507212
0 0.8184487269474909 0.7394651999840369 0.01477344219501202 0.014924709613506611
0 0.7714299422044021 0.6533866295447717 0.014725905198317308 0.014794423029972957
0 0.17002520194420448 0.10603381120241605 0.015859530522273138 0.016004580717820387
0 0.5507362072284405 0.9488356663630559 0.01650714874267578 0.016452495868389424
0 0.1866905139042781 0.19783478516798753 0.015503810002253605 0.015451284555288462
0 0.3356117101816031 0.9934006470900315 0.025600726787860576 0.012259409977839543
0 0.22819651090181792 0.6357244344858023 0.05331545609694261 0.05246646587665264
0 0.5053522036625788 0.1559302806854248 0.013967660757211538 0.013927092918982873
0 0.3257118371816782 0.7439030867356521 0.015731371366060697 0.01595174349271334
0 0.19214925399193397 0.6206122178297776 0.018509314610407904 0.018971663254957933
0 0.36472496619591344 0.9462262667142428 0.016787308913010817 0.016878714928260215
0 0.7867246774526743 0.9247760772705078 0.09403463510366586 0.09121850820688102
0 0.18364942990816557 0.636553324185885 0.014286994934082031 0.014159569373497596
