0 0.05928051471710205 0.9452347388634315 0.07904135263883151 0.10415473351111779
0 0.0784452328315148 0.4775723677415114 0.11404532652634841 0.18562977130596453
0 0.18665829071631798 0.38799707706157976 0.08410017306988056 0.08426673595721905
0 0.4425601592430702 0.3481780932499812 0.056125714228703424 0.05573140657865084
0 0.5298471450805664 0.556157112121582 0.07309268071101262 0.07305042560283954
0 0.12951813294337347 0.6381425857543945 0.12681086246783918 0.13033250661996695
0 0.576996950002817 0.10416140923133263 0.03809283329890324 0.03803454912625826
0 0.30636659035315883 0.6670575508704553 0.09162470010610727 0.0927426264836238
0 0.20739192229050857 0.08531452142275296 0.052505786602313705 0.0528259460742657
0 0.7676525115966797 0.2284876016470102 0.02225347665640024 0.02228678189791166
0 0.5768307539132925 0.6699347862830529 0.02562860342172476 0.025873330923227165
0 0.135375793163593 0.2997045883765587 0.020464273599477913 0.020418313833383415
0 0.4794709865863507 0.8256945243248572 0.04363734905536358 0.04350471496582031
0 0.10565304756164551 0.11940941443810096 0.023093003493088942 0.02293223601121169
0 0.48354159868680513 0.8908309936523438 0.020123628469613884 0.020215841440054085
0 0.3760977524977464 0.2306082798884465 0.03616127601036659 0.035622816819411054
0 0.15466825778667742 0.1789413598867563 0.028736407940204326 0.02889845921443059
0 0.6080103654127854 0.06365839793131901 0.0677325908954327 0.06703273149637076
0 0.9321729219876803 0.8747545389028696 0.02121573228102464 0.021349099966195915
0 0.4672824419461764 0.43854225598848784 0.05815872779259315 0.058974192692683294
0 0.42263020001924956 0.13628704731280988 0.021474398099459134 0.021612093998835638
0 0.3548435064462515 0.9687963632436899 0.019783753615159255 0.01996465829702524
0 0.17261200684767503 0.22983675736647385 0.018775573143592246 0.018723414494441107
0 0.3440608244675856 0.9082270402174729 0.04433103708120493 0.04477897057166466
0 0.3260807257432204 0.45030857966496396 0.016693261953500602 0.016472743107722357
0 0.49078970689039964 0.24618284518902117 0.018907840435321514 0.018798167888934795
0 0.1616194614997277 0.09225296974182129 0.020433976100041315 0.020519513350266676
0 0.40656258509709287 0.9441283299372747 0.06372525141789363 0.06322743342472957
0 0.7914776435265174 0.3239575165968675 0.016522921048677884 0.016361089853140023
0 0.7649317521315354 0.8220373300405649 0.021672615638146035 0.02160497812124399
0 0.2229920167189378 0.18034124374389648 0.03311597383939303 0.033477783203125
0 0.3238372069138747 0.01953373047021719 0.021759620079627402 0.021593552369337816
0 0.3249811025766226 0.4971350889939528 0.016484920795147236 0.016406132624699518
0 0.6724921006422776 0.8154332087590144 0.0285494877741887 0.028321486253004808
0 0.33832421669593227 0.04513770800370436 0.01762052682729868 0.01764220228561988
0 0.2777240459735577 0.8914243257962741 0.02180642348069411 0.021832099327674277
0 0.3777790069580078 0.44884483630840594 0.01858945993276743 0.018651228684645433
0 0.39635804983285755 0.8741810138408954 0.016812984759990986 0.016841008112980768
0 0.8528072650615985 0.7230540055495042 0.017458548912635215 0.017284686748798076
0 0.2592148780822754 0.9144012744610126 0.030054422525259163 0.0306854248046875
0 0.49765729904174805 0.057750316766592175 0.017679801354041465 0.01784819823044997
0 0.3148986743046687 0.8410358428955078 0.044092031625600964 0.04443916907677284
0 0.3919891577500563 0.9053856042715219 0.050954965444711536 0.05073048518254207
0 0.3246005865243765 0.813318839439979 0.04527847583477314 0.04517027047964243
0 0.7747393388014573 0.5372317387507513 0.28197332528921276 0.2811927795410156
0 0.9425672384408804 0.8468803259042593 0.01660493703988882 0.01658292917104868
0 0.8927330603966346 0.12928318977355957 0.0336761474609375 0.033740300398606524
0 0.5164891756497897 0.9743907635028546 0.04785904517540565 0.04603987473707933
0 0.1592872692988469 0.2505815395942101 0.024695313893831693 0.024693819192739632
0 0.8129860804631159 0.8207260278555063 0.0164950444148137 0.016352139986478366
0 0.4341561244084285 0.30288384510920596 0.030048957237830527 0.03036836477426382
0 0.6261631892277644 0.5082940321702224 0.01720281747671274 0.01697540283203125
0 0.279828456731943 0.8203512338491586 0.04244433916532076 0.042146536020132214
0 0.9474887847900391 0.1254397172194261 0.021323717557466947 0.021987731640155498
0 0.654379991384653 0.9556293487548828 0.22910675635704628 0.08786626962515023
0 0.21434699572049654 0.7455721635084885 0.02313514856191782 0.02370423537034255
0 0.07388574343461257 0.08281104381267841 0.026560856745793268 0.026445320019355185
0 0.4530370052044208 0.17324036818284255 0.06985759735107422 0.06855354859278752
0 0.9611200185922476 0.3334142244779147 0.016016446627103366 0.016013218806340143
0 0.9666359241192157 0.8981763399564303 0.01895772493802584 0.019923576941856973
0 0.6160030364990234 0.4379145915691669 0.048974257249098554 0.04956194070669321
0 0.08298771197979267 0.5847757046039288 0.11868851001446064 0.13831344017615685
0 0.9611543508676382 0.7952139927790716 0.031411244319035456 0.05200899564302885
0 0.30030397268442005 0.9434102865365835 0.017123662508451022 0.017042013315054085
0 0.8713343693659856 0.06383446546701285 0.016316633958082933 0.01619258293738732
0 0.9693358494685247 0.4538910205547626 0.011038853571965145 0.01904164827786959
0 0.11001135752751277 0.5978363110468938 0.04300476954533504 0.04375919928917518
0 0.5093184984647311 0.9483305124136118 0.025063441349909857 0.02523216834435096
0 0.2331248246706449 0.5130673922025241 0.20197615256676307 0.214202880859375
0 0.24538856286268967 0.4692581616915189 0.02330952424269456 0.023426936222956732
0 0.5048668201153095 0.9438288028423603 0.034236761239858776 0.03377063457782452
0 0.4880503507760855 0.47413881008441633 0.04807780339167668 0.047988524803748496
0 0.34117794036865234 0.1333500605363112 0.014451980590820312 0.0145874573634221
0 0.6906615037184495 0.7200222015380859 0.027234884408804085 0.027388352614182692
0 0.9176717171302209 0.38002373622013974 0.016959557166466348 0.017077079186072715
0 0.08350980281829834 0.5748420495253342 0.02417890842144306 0.024683218735914964
0 0.6538754243117112 0.22562140684861404 0.01701076214130108 0.01707744598388672
0 0.09423377880683312 0.9512497094961313 0.13648130343510553 0.09532576340895432
0 0.38147669572096604 0.920402086698092 0.09043180025540866 0.08679654048039363
0 0.2836105273320125 0.9728667919452374 0.014294917766864482 0.014388744647686299
0 0.9308129090529221 0.04616139485285832 0.01501758282001202 0.01519630505488469
0 0.04952219816354605 0.60406677539532 0.014603449748112606 0.014331964346078726
