0 0.4326768655043382 0.49559967334453875 0.041544474088228665 0.041310677161583535
0 0.7381333571213943 0.09612693236424373 0.046817779541015625 0.04650712013244629
0 0.6914617098294772 0.8947208111102765 0.02507151090181791 0.02495428232046274
0 0.2819632933689998 0.7574474628155048 0.03038307336660532 0.030452728271484375
0 0.25329919961782604 0.5774944011981671 0.02197093230027419 0.021962092472956732
0 0.09313407311072716 0.29181799521813023 0.02161411138681265 0.021852713364821214
0 0.42379159193772536 0.8794007668128381 0.024905938368577223 0.02492185739370493
0 0.3265109428992638 0.7334505227895883 0.018467169541579027 0.018593714787409857
0 0.30007105607252854 0.7236523261437049 0.017691685603215143 0.017549661489633415
0 0.7403163176316482 0.3497468508206881 0.019594339224008415 0.01973592318021334
0 0.3861527076134315 0.39489397635826695 0.017864007216233473 0.017760423513559196
0 0.778162589439979 0.8994785455557016 0.01791205772986779 0.017750373253455527
0 0.4965399962205153 0.6192880043616662 0.01896388714130108 0.018951856173001803
0 0.6717178638164814 0.2272030757023738 0.017130044790414665 0.017223504873422477
0 0.819854736328125 0.02653819781083327 0.01784662099984976 0.018148035957263067
0 0.13550939926734337 0.6625040494478666 0.017421227235060472 0.017534989577073317
0 0.7958968235896184 0.8821207193227915 0.02075928908128005 0.020793621356670674
0 0.14581475808070257 0.5310730567345252 0.044860197947575495 0.044547007634089544
0 0.4278531074523926 0.45440255678617036 0.03171121157132662 0.031839224008413464
0 0.1528025040259728 0.5621431790865384 0.01652182065523588 0.016749748816856973
0 0.7438695614154522 0.15073613020089957 0.03721545292780949 0.03686244671161358
0 0.6209688186645508 0.6053197567279522 0.0192868159367488 0.01944703322190505
0 0.6547754727877103 0.024968981742858887 0.05378048236553486 0.047944839184100814
0 0.7472279622004583 0.9049201378455529 0.022709479698768027 0.022679255558894232
0 0.7409477233886719 0.16150149932274452 0.017378586989182692 0.017763908092792217
0 0.394317626953125 0.6003211828378531 0.015891441932091348 0.015915357149564303
0 0.7929741052480844 0.06641818926884578 0.01743448697603666 0.01756549798525297
0 0.4330880091740535 0.07334641309884879 0.016683578491210938 0.016700231111966647
0 0.11280503639808068 0.7814361865703876 0.017548230978158805 0.017293783334585335
0 0.2143844457773062 0.7514150326068585 0.035712205446683444 0.035760732797475964
0 0.31969048426701474 0.43059070293719953 0.05555123549241286 0.056487010075495794
0 0.41948692615215594 0.795086934016301 0.016085404616135817 0.016034933236929085
0 0.903982896071214 0.2210096029134897 0.017165404099684495 0.01732635498046875
0 0.87401426755465 0.7967039254995493 0.0915066645695613 0.11797508826622596
0 0.5004560030423678 0.5688343414893517 0.026761715228740986 0.0261077147263747
0 0.5634865394005408 0.8958116678091196 0.019554945138784554 0.019826742318960335
0 0.4999990463256836 0.1171025404563317 0.0147705078125 0.01490470079275278
0 0.710966183589055 0.7274009264432467 0.014831102811373197 0.014830956092247596
0 0.1088579984811636 0.5899063990666316 0.017157297867995042 0.01695427527794471
0 0.264301061630249 0.7694626588087815 0.014418822068434495 0.014277091393103966
0 0.9009999495286208 0.49459365698007435 0.01369769756610577 0.014090611384465145
0 0.49870931185208833 0.8762312669020432 0.01582952646108774 0.015934283916766826
0 0.5467763680678147 0.556364499605619 0.0723727299616887 0.07264276651235727
0 0.5487965803879958 0.5195680765005258 0.014918840848482572 0.014970192542442909
0 0.21933740835923415 0.6468812502347506 0.014524569878211388 0.014682476337139424
0 0.5044297805199256 0.5675632036649264 0.01982402801513672 0.020549920889047477
0 0.4006351691025954 0.6310233336228591 0.014936153705303486 0.01500232403094952
0 0.7361596914438101 0.008940656597797688 0.023681053748497598 0.016879592950527485
0 0.1353104573029738 0.6282965586735652 0.014888158211341271 0.014910477858323317
0 0.6463140340951773 0.9314700640164889 0.03467119657076322 0.03399658203125
0 0.5565154735858624 0.9624952169565054 0.0163117188673753 0.01624635549692007
0 0.5167551407447228 0.34859822346613956 0.06100940704345703 0.06181518848125751
0 0.6268451397235577 0.3120844914362981 0.015096957866962139 0.015257908747746395
0 0.3415095255925105 0.34102410536545974 0.07917272127591647 0.08009134806119479
0 0.7236809363731971 0.22908350137563852 0.014346489539513221 0.014440683218149038
0 0.25670796174269456 0.6630985553448017 0.015731664804311898 0.015932083129882812
0 0.24545379785391 0.771023676945613 0.013973236083984375 0.014023707463191105
0 0.10649287700653076 0.5004210472106934 0.05717380230243389 0.07933756021352914
0 0.6517932598407452 0.2432390543130728 0.013689481295072116 0.013730269211989183
0 0.5905439303471491 0.10287919411292443 0.07519171788142277 0.07799456669734074
0 0.6794718228853666 0.837420390202449 0.023740621713491585 0.023372356708233174
