0 0.32389105283297026 0.60340272463285 0.27227233006403995 0.26975162212665266
0 0.4399164639986478 0.17857745977548453 0.10466619638296273 0.1056596957720243
0 0.7496779515193059 0.7989733035747821 0.07148273174579327 0.07210188645582932
0 0.8009403668917142 0.4129333129295936 0.04482430678147536 0.06163597106933594
0 0.2548579986278827 0.3972740906935472 0.0218356205866887 0.022057313185471755
0 0.7598787454458383 0.6827700688288763 0.1295145474947416 0.13030242919921875
0 0.22359004387488732 0.3230901131263146 0.01950696798471304 0.01957218463604267
0 0.3632991130535419 0.8907425220196064 0.024191929743840143 0.024139404296875
0 0.7871847886305589 0.8276064212505634 0.02574891310471755 0.02575830312875601
0 0.79412108201247 0.7549395928016076 0.020981421837439902 0.0207672119140625
0 0.7376931997445914 0.3325572380652794 0.029721186711237982 0.029659051161545973
0 0.742922856257512 0.436161628136268 0.023086107694185697 0.02330442575307993
0 0.7390844638531024 0.07832541832557091 0.16319993826059195 0.1543892346895658
0 0.6677511655367337 0.7414867694561298 0.06860762376051682 0.06869858961838943
0 0.3855685820946327 0.21903745944683367 0.025214635408841647 0.02490087655874399
0 0.5762403928316556 0.9573411207932693 0.02229000971867488 0.022318033071664665
0 0.7253470787635217 0.6935614072359525 0.03174737783578726 0.03170277522160457
0 0.6864154522235577 0.6325252239520733 0.02039307814378005 0.020759729238656852
0 0.4309532825763409 0.3540218426631047 0.017700635469876803 0.01770467024583083
0 0.6473505313579853 0.16971701842087966 0.07068061828613281 0.07029471030602089
0 0.7357057424692007 0.8385841663067157 0.030026655930739183 0.029761387751652643
0 0.6238601391132061 0.42897477516761195 0.02081929720365084 0.020719308119553786
0 0.4723230508657602 0.9870659021230844 0.02626323699951172 0.022136981670673076
0 0.5344202701862042 0.672177608196552 0.01787699185884916 0.017946830162635215
0 0.502225949214055 0.9882091375497671 0.023072096017690804 0.019881028395432692
0 0.7833045079157903 0.38309199993426984 0.020409510685847357 0.020678593562199518
0 0.663883429307204 0.10213826252863957 0.026122166560246393 0.02600827583899865
0 0.7538290757399339 0.6745337706345779 0.016320155217097357 0.015987542959359977
0 0.5629692811232346 0.803891108586238 0.017763871413010817 0.017673785869891826
0 0.7801652321448693 0.8931366847111628 0.09272443331204928 0.13934003389798677
0 0.7546304556039664 0.46913638481727016 0.01613763662484976 0.01605063218336839
0 0.6402080242450421 0.5274773744436411 0.019207294170673076 0.01908735128549429
0 0.44082043721125674 0.08029733254359318 0.051927346449631914 0.05286070016714243
0 0.7545198293832632 0.5844083932729868 0.015562204214242788 0.015453632061298076
0 0.415589112501878 0.8034508778498723 0.05722662118765024 0.05702884380634014
0 0.49197134604820836 0.2746291160583496 0.02721294989952674 0.026704054612379808
0 0.5310718096219577 0.23902452909029448 0.020649836613581732 0.02095486567570613
0 0.7334298353928786 0.5514615132258489 0.01606882535494291 0.016202633197490986
0 0.47396271045391375 0.7833139712993915 0.025016637948843148 0.02511449960561899
0 0.7605745608990009 0.3429388633141151 0.01613279489370493 0.01622742872971755
0 0.6888611133282001 0.6460166344275842 0.020915985107421875 0.021428328294020433
0 0.4840244880089393 0.15186744469862717 0.03585742070124699 0.03645618145282452
0 0.2811881945683406 0.7686793987567608 0.01976468012883113 0.01975103525015024
0 0.6611533531775842 0.9547165357149564 0.015349461482121395 0.015161367563100962
0 0.33945186321551984 0.9813904395470252 0.031444549560546875 0.03080133291391226
0 0.26576959169827974 0.21592404292179987 0.014706098116361178 0.014567741980919471
0 0.7335279904879056 0.9469994765061599 0.014586522028996395 0.014408258291391226
0 0.5927597192617563 0.8752913841834435 0.014515069814828726 0.014451540433443509
0 0.2720779272226187 0.9054270524245042 0.1344280242919922 0.13402557373046875
0 0.1984710876758282 0.39429136422964245 0.014917263617882362 0.014466138986440806
0 0.38535184126633865 0.9565519919762244 0.042142281165489785 0.04306573134202223
0 0.5985380319448618 0.06070116850046011 0.05596850468562199 0.05559957944429838
0 0.3218989372253418 0.18410534125107986 0.03359559866098257 0.03327608108520508
0 0.46319249960092396 0.6455767704890325 0.015419079707219051 0.01540682866023137
0 0.7986029111422025 0.3707416240985577 0.014210921067457933 0.01441493401160607
0 0.524135002723107 0.15013593893784744 0.015503369844876803 0.01575624025785006
0 0.816266133235051 0.7671704659095178 0.015278449425330529 0.015117645263671875
0 0.7627919270442083 0.6883657895601712 0.013865984403170072 0.01385791485126202
0 0.30722786830021787 0.8734624569232647 0.017237076392540567 0.0173184321476863
0 0.6360701047457181 0.6157368880051833 0.056303171011117786 0.05664770419781025
0 0.7006171299861028 0.16597659771259016 0.04571401155911959 0.045336429889385514
0 0.3854217162499061 0.3483887085547814 0.025230040917029746 0.025207666250375602
0 0.6320831592266376 0.38917882625873274 0.014456235445462741 0.014545220595139723
0 0.7244742466853216 0.7232073270357572 0.0817562983586238 0.08022572444035457
0 0.6397732221163236 0.037573498028975263 0.021525016197791465 0.02135441853449895
0 0.3864334546602689 0.14843484071584848 0.023670489971454326 0.023421617654653695
0 0.724011494563176 0.009812740179208608 0.020895884587214544 0.018060780488527738
0 0.5728042309100811 0.5499513699458196 0.08034838162935697 0.08008612119234525
0 0.6397564227764423 0.5609789628248948 0.0314637697660006 0.031212880061222956
0 0.7998459155742939 0.261503659761869 0.019734602708082933 0.020210779630220853
0 0.5567837495070237 0.02853780067884005 0.07334034259502704 0.055547540004436784
0 0.4118069135225736 0.02839335111471323 0.01574281545785757 0.015778156427236702
0 0.7869459298940805 0.6137906954838679 0.07493239182692307 0.1202074931218074
0 0.5738678345313439 0.6295403700608474 0.014352871821476864 0.0142974853515625
0 0.796201045696552 0.9444524324857272 0.015080085167518029 0.015335669884314904
0 0.6482581358689529 0.07406706076401931 0.04079290536733774 0.03916782599229079
