0 0.6146491857675406 0.8245044121375451 0.24427443284254807 0.2578089787409856
0 0.326659972851093 0.24547338485717773 0.057843795189490683 0.057268656217134915
0 0.5044309175931491 0.47526154151329625 0.08982643714317909 0.08937292832594651
0 0.4369998345008263 0.38102120619553786 0.09344981266902043 0.09313025841346154
0 0.3803065373347356 0.3146202380840595 0.06479806166428786 0.06548355175898625
0 0.224855533012977 0.39494463113638073 0.05488711137038011 0.05508012038010817
0 0.3771931574894832 0.09394250466273381 0.05344948401817909 0.053080265338604264
0 0.18340970919682428 0.5488401559682993 0.07425594329833984 0.1151109842153696
0 0.466619821695181 0.5390596389770508 0.05631542205810547 0.056134590735802285
0 0.2737923768850473 0.3632326126098633 0.01962724098792443 0.01975088853102464
0 0.24638878382169282 0.15496242963350737 0.023862948784461387 0.023627501267653245
0 0.6829924950232873 0.326564935537485 0.028032743013822116 0.028119013859675482
0 0.42554576580341047 0.5790750063382663 0.027320421659029447 0.027094180767352764
0 0.4518217673668495 0.4575472611647386 0.03225091787484976 0.03232625814584585
0 0.29100550138033354 0.47139563927283656 0.04807288830096905 0.048264723557692304
0 0.19425179408146784 0.36731837346003604 0.0254058837890625 0.025457235483022835
0 0.3389314137972318 0.597953723027156 0.032143812913161054 0.03220044649564303
0 0.8189911475548377 0.5126485824584961 0.03640409616323618 0.036291856032151446
0 0.3789237829355093 0.010786410707693834 0.022927210881159857 0.020541885724434487
0 0.27615686563345104 0.9562303102933444 0.024324453794039212 0.02431341317983774
0 0.3101431406461276 0.3891790830172025 0.06587776770958534 0.06556202815129207
0 0.7800442622258112 0.36997142204871547 0.040581923264723554 0.040494478665865384
0 0.47376049481905425 0.18434016521160418 0.01688700455885667 0.016811921046330378
0 0.7666788834791917 0.8671295459453876 0.018132429856520433 0.01822530306302584
0 0.4383105131296011 0.5135584244361291 0.05389118194580078 0.05413385537954477
0 0.20764567301823542 0.13881390828352708 0.024172562819260817 0.024191581285916842
0 0.3850732216468224 0.2634296417236328 0.03962399409367488 0.0392608642578125
0 0.21544632544884315 0.021925245340053853 0.06344710863553561 0.04274632839056162
0 0.23661077939547026 0.7048178452711839 0.03655110872708834 0.03672497089092548
0 0.571340377514179 0.32078049733088565 0.03560829162597656 0.03557872772216797
0 0.5969071755042443 0.3511783159696139 0.029485555795522835 0.029598529522235576
0 0.7607859831589919 0.6052098641028771 0.04018534146822416 0.040573413555438705
0 0.8253330083993765 0.02015688786139855 0.042930309589092545 0.03900724190932054
0 0.30543895868154675 0.9234674893892728 0.020172779376690205 0.02029873774601863
0 0.1964117196890024 0.6944835369403546 0.029430169325608473 0.02970123291015625
0 0.5641634280865009 0.05429281638218807 0.02363718472994291 0.023856144685011644
0 0.39194389489980846 0.5600203000582181 0.03732798649714543 0.03812254392183744
0 0.30124504749591535 0.5354844606839694 0.04457528774554913 0.04399798466609074
0 0.8321597759540265 0.39792324946476865 0.02826866736778846 0.028332636906550482
0 0.4306149115929237 0.33355947641225964 0.05055317511925331 0.04947647681603065
0 0.43403177994948167 0.8635831979604868 0.026711097130408652 0.027062342717097357
0 0.32100725173950195 0.04053796254671537 0.04207625755896935 0.042563630984379694
0 0.435581427354079 0.08609854258023776 0.01607484083909255 0.01593930904681866
0 0.2679418417123648 0.9854108370267428 0.017817203815166768 0.017669090857872598
0 0.5747697903559759 0.4548355249258188 0.06288433074951172 0.06416130065917969
0 0.28283196229201096 0.8838495841393104 0.017150071951059196 0.01721352797288161
0 0.7152822201068585 0.09281702225024883 0.2506483518160306 0.1848137745490441
0 0.44141310911912185 0.6735640305739182 0.20462556985708383 0.19961368120633638
0 0.35608269618107724 0.5643726495596079 0.038114180931678183 0.03829545241135817
0 0.5542004658625677 0.6878830836369441 0.018538401677058294 0.018777113694411058
0 0.6056684347299429 0.1398918078495906 0.017941841712364785 0.018035155076246995
0 0.2743265628814697 0.7199278611403245 0.03227039483877329 0.032006483811598554
0 0.22102205569927508 0.5205497008103591 0.020148277282714844 0.020238582904522236
0 0.4007172951331505 0.44728976029616135 0.04271360544057993 0.04232098506047176
0 0.8048350260807917 0.2352302441230187 0.01559903071476863 0.015633913186880257
0 0.3375763159531813 0.5347571739783654 0.024307104257436898 0.02403405996469351
0 0.25104212760925293 0.09041357040405273 0.01567363739013672 0.015770582052377555
0 0.41091625507061297 0.046484676691202015 0.014708005464993991 0.014775991439819336
0 0.4970979323753944 0.24520461375896746 0.014879740201509915 0.014836934896615835
0 0.44265963481022763 0.07085453546964206 0.014142623314490685 0.014248847961425781
0 0.7154524876521184 0.6514272689819336 0.016236525315504808 0.01633306650015024
0 0.408326662503756 0.25357895631056565 0.021103785588191107 0.021411308875450723
0 0.4143572954031137 0.4800877204308143 0.048793939443734974 0.04854136246901292
0 0.8210905515230619 0.32528173006497896 0.021220574012169473 0.02131029275747446
0 0.3730298555814303 0.405915773831881 0.05492606529822716 0.052288202139047474
0 0.6724072969876803 0.21436463869535005 0.02339451129619892 0.023546145512507513
0 0.5293490703289325 0.991152836726262 0.02022376427283654 0.015894376314603366
0 0.3918912960932805 0.937162839449369 0.0312502200786884 0.03133744459885817
0 0.8250767634465144 0.4838704329270583 0.034314669095552884 0.033777823814978965
0 0.5825012647188627 0.5149372540987455 0.04105699979341947 0.04093434260441707
0 0.19931507110595703 0.45579169346736026 0.024020561805138223 0.024025843693659857
0 0.42145809760460484 0.9390053382286658 0.08875113267164964 0.08713648869441105
0 0.24124853427593523 0.427824460543119 0.01797595390906701 0.018169256357046273
0 0.6272208874042218 0.32805472153883714 0.015108842116135817 0.014952146089993991
0 0.28288437769963193 0.056393637106968805 0.04289799470167894 0.042596165950481706
0 0.4285430908203125 0.12922101754408616 0.01444229712853065 0.01472172370323768
0 0.6464443206787109 0.4994347278888409 0.027216984675480768 0.02687498239370493
0 0.1564481991987962 0.27328707621647763 0.017519547389103815 0.024169775155874398
0 0.7098327049842248 0.13340087120349592 0.03284601064828726 0.03258829850416917
0 0.5053190818199744 0.3874315848717323 0.03692979079026442 0.0369726327749399
0 0.2593511984898494 0.5194052916306716 0.019453965700589694 0.01989261920635517
0 0.5704722037682166 0.9494712536151593 0.24072793813852164 0.10100731482872596
0 0.5687083464402419 0.3995814323425293 0.014768160306490384 0.014526147108811598
0 0.32822102766770583 0.6896412189190204 0.016328811645507812 0.016400557297926683
0 0.4500571397634653 0.6152630219092736 0.04893075502835787 0.0491792972271259
0 0.6743313716008112 0.288665588085468 0.036991119384765625 0.037545204162597656
0 0.8402862548828125 0.432039737701416 0.019821753868689902 0.026006111731896035
0 0.4709948026216947 0.28903808960547817 0.0384367429293119 0.03821339974036583
0 0.5819939833420974 0.6735656444842999 0.06834734403170072 0.06619086632361779
0 0.30919548181387096 0.10714248510507438 0.03738271273099459 0.035999408135047324
0 0.5500920369074895 0.06135493975419264 0.0160677983210637 0.015958492572490986
0 0.16614040961632362 0.4729175567626953 0.01908269295325646 0.019446739783653848
0 0.7452448331392728 0.2110306299649752 0.033881847675030045 0.03353390326866737
0 0.5098915833693284 0.6313995214609 0.028210860032301683 0.02844517047588642
0 0.1938611910893367 0.06401446232428917 0.09001812568077674 0.12514827801631048
0 0.5771001669076773 0.14241979672358587 0.018818195049579326 0.01909028566800631
0 0.5024496958805964 0.530477890601525 0.021199886615459736 0.021590452927809495
0 0.31003731947678786 0.11046915787916917 0.030726231061495267 0.030989573552058294
0 0.29541652019207293 0.20444387655991775 0.01676379717313326 0.0168456664452186
0 0.8218288421630859 0.45211307819073016 0.030263460599459134 0.030119015620304987
0 0.45650364802433896 0.772706545316256 0.08413380842942458 0.0820010258601262
0 0.3504016582782452 0.03132613347126888 0.02884674072265625 0.029382925767164964
0 0.43992189260629505 0.32698726654052734 0.014922362107496995 0.014838585486778846
0 0.7872010744535006 0.8144091092623197 0.014260805570162259 0.014154287484975962
0 0.6675189091609075 0.3919887909522423 0.021132835975060098 0.02089104285606971
0 0.3520415746248685 0.21488351088303786 0.014139762291541466 0.014007128201998197
0 0.16064790578988883 0.24728789696326622 0.014114755850571852 0.014392779423640324
