0 0.29744436190678525 0.15201271497286284 0.15294394126305214 0.1914048561683068
0 0.5436340478750376 0.22397950979379508 0.02067697965181791 0.020758555485652044
0 0.6456338442288913 0.11426764268141526 0.027655674861027643 0.027773343599759616
0 0.6488026839036208 0.6854994847224309 0.026530045729417067 0.026286491980919473
0 0.408079037299523 0.22584834465613732 0.033404056842510514 0.03321552276611328
0 0.2409389569209172 0.8091746110182542 0.018601050743689902 0.018963740422175482
0 0.5288338294396033 0.009083311145122234 0.04441701448880709 0.01818481316933265
0 0.31433483270498425 0.7749718886155349 0.018958898691030648 0.019020960881159857
0 0.6290879616370568 0.2511605116037222 0.02134543198805589 0.0216372563288762
0 0.717043583209698 0.8365259904127854 0.10308030935434195 0.16153394258939302
0 0.414274655855619 0.10697183242210975 0.01969146728515625 0.01967650193434495
0 0.5319732152498685 0.29920480801508975 0.08783765939565805 0.09307234103863056
0 0.5893589166494516 0.04519621225503775 0.06661356412447415 0.06616704280559833
0 0.46606151874248797 0.08776162220881535 0.01651279742901142 0.01665984667264498
0 0.3744966800396259 0.49944133024949294 0.10660215524526742 0.10783232175386868
0 0.3485383620628944 0.98077759375939 0.020616678091195915 0.020526592548076924
0 0.5285579974834735 0.3066740586207463 0.015628667978140023 0.015405544867882362
0 0.5004819723275992 0.15690816365755522 0.014386690579927884 0.014583257528451772
0 0.722350707420936 0.24755410047677848 0.01956763634314904 0.019659959352933444
0 0.35547557243934047 0.8279453424307016 0.014801979064941406 0.014893165001502404
0 0.41230960992666393 0.06555500397315392 0.015560150146484375 0.01576390633216271
0 0.2727679656102107 0.9153907482440655 0.015019490168644832 0.014993227445162259
0 0.7182567302997296 0.21826593692486101 0.014171306903545674 0.01427309329693134
0 0.7186342386099008 0.45946935506967396 0.016208795400766227 0.016193243173452523
0 0.6069017556997446 0.20481250836299017 0.05613415057842548 0.05644523180448092
0 0.4107529566838191 0.005948328054868258 0.0339970221886268 0.01194621966435359
0 0.613407355088454 0.34195514825674206 0.014556884765625 0.014819071843073918
