0 0.7940334906944861 0.6920675130990835 0.08655636127178486 0.0867906717153696
0 0.3587847856374887 0.8247575026292068 0.047149364764873795 0.047125742985652044
0 0.7399491530198318 0.44706080510066104 0.04944053063025841 0.04956128047062801
0 0.4336982873769907 0.9724560517531174 0.053872108459472656 0.04992000873272236
0 0.11898275522085336 0.732784051161546 0.03811234694260817 0.04809159498948317
0 0.6620160616361178 0.5320559648367075 0.034116304837740384 0.03396826524000902
0 0.5958079191354605 0.3996031100933368 0.0505681404700646 0.05019041208120493
0 0.3422996814434345 0.1892517896798941 0.022763619056114785 0.0227812987107497
0 0.7368095104510968 0.935061161334698 0.03256680415226863 0.03265923720139723
0 0.3350910773644081 0.43631986471322864 0.024518453157865085 0.024721145629882812
0 0.26404861303476185 0.5979912831233098 0.030345843388484076 0.030291924109825723
0 0.8697236134455755 0.6776328453650842 0.029789557823768027 0.029949481670673076
0 0.5355355922992413 0.7473844381479117 0.023577470045823317 0.023548126220703125
0 0.5534052848815918 0.8296228555532602 0.023131663982684795 0.0233767582820012
0 0.47027419163630557 0.7057131253756009 0.030620795029860277 0.030262286846454326
0 0.2757878670325646 0.7551312079796424 0.05881801018348107 0.058603726900540866
0 0.6815754817082331 0.0920575948861929 0.043199392465444714 0.04346361527076134
0 0.7252885378324069 0.8134764157808744 0.02390113243689904 0.02409641559307392
0 0.2088332176208496 0.8105264810415415 0.04415761507474459 0.04426501347468449
0 0.39992380142211914 0.828341557429387 0.026422647329477165 0.026364253117487982
0 0.39949461129995495 0.5818369205181415 0.02076999957744892 0.020710284893329326
0 0.8468097540048453 0.06264121715839092 0.020788926344651442 0.020694457567655124
0 0.35336193671593297 0.6107935538658729 0.026148429283728965 0.026132877056415264
0 0.1186139858686007 0.4254736533531776 0.04477818195636456 0.061235794654259317
0 0.5467256766099197 0.43325493885920596 0.025205685542179987 0.025041580200195312
0 0.12195602747110221 0.5570379403921274 0.04031260196979229 0.04151447002704327
0 0.7276982527512771 0.0149003634086022 0.01764649611253005 0.01772143290593074
0 0.1920492832477276 0.9550442328819861 0.017287327693058893 0.017222771277794473
0 0.8238698519193209 0.27013670481168306 0.017514155461237982 0.017328812525822565
0 0.33183618692251354 0.6236695509690505 0.023201135488656852 0.023305416107177734
0 0.7464995751014123 0.9803485870361328 0.02391785841721755 0.0236056401179387
0 0.7564860123854417 0.7984412266657903 0.0193484379695012 0.0194247319148137
0 0.5394180004413311 0.399656002338116 0.017299945537860576 0.017255489642803486
0 0.5308108696570764 0.9081485454852765 0.028725550724909857 0.02895017770620493
0 0.5520474360539362 0.6906509399414062 0.017695793738731973 0.017658820519080527
0 0.8325848946204553 0.8958379305326022 0.017844566932091348 0.017825493445763223
0 0.5080931736872747 0.5926433709951547 0.031172679020808294 0.031247505774864785
0 0.5256834030151367 0.23616207562960112 0.04394839360163762 0.04386267295250526
0 0.17767460529620832 0.6000725305997409 0.01825541716355544 0.018364392794095553
0 0.8929850504948542 0.43633233583890474 0.015909928541917067 0.01792562924898588
0 0.6461742107684796 0.39705907381497896 0.024204841026893027 0.024938656733586237
0 0.314270936525785 0.5820211263803335 0.015568366417518029 0.015811920166015625
0 0.5887574415940505 0.9697238481961764 0.018635089580829326 0.018604572002704326
0 0.6133272464458759 0.609618407029372 0.04094490638146034 0.040755051832932696
0 0.6793928879957932 0.040966762946202204 0.028621673583984375 0.028619142679067757
0 0.7278235508845403 0.558449598459097 0.06386302067683293 0.06406006446251503
0 0.7019622509296124 0.1369018921485314 0.05335705096905048 0.05375363276554988
0 0.21188827661367562 0.4930880253131573 0.01917611635648287 0.019238838782677285
0 0.7095072819636419 0.22525493915264422 0.032860095684344955 0.03273289020244892
0 0.8908098660982572 0.24530792236328125 0.019652146559495192 0.024880079122690055
0 0.15634740315950835 0.7058035043569711 0.026069090916560247 0.025811415452223558
0 0.561835399040809 0.37408021780160755 0.020468638493464544 0.020717327411358174
0 0.7065793550931491 0.29944973725538987 0.015127035287710337 0.014970889458289513
0 0.8270058265099158 0.32585437481219953 0.015051328218900241 0.015205970177283654
0 0.5930048502408541 0.26834535598754883 0.01600052760197566 0.016111300541804388
0 0.776455805851863 0.6492381462684045 0.02111640343299279 0.02121866666353666
0 0.19437014139615572 0.9073069645808294 0.01405506867628831 0.014070217426006611
0 0.10733303656944862 0.5836683420034555 0.017091787778414212 0.026566285353440505
0 0.5582880607018104 0.3483690115121695 0.023260850172776442 0.02309872553898738
0 0.5056826518132136 0.7000849797175481 0.020060612605168268 0.020028040959284857
0 0.4357315943791316 0.3957668084364671 0.02194976806640625 0.02153147183931791
0 0.325533573444073 0.5488978165846604 0.032729809100811295 0.033086263216458835
0 0.6025781631469727 0.29851678701547474 0.024953108567457933 0.024602523216834433
0 0.5480807744539701 0.9829336313100961 0.030891931973970853 0.030382889967698317
0 0.7693767547607422 0.9855976104736328 0.015431477473332332 0.015297229473407451
0 0.37236892260037935 0.7103212063129132 0.0346373044527494 0.034288993248572715
0 0.18232609675480768 0.70564027932974 0.019675474900465745 0.019755143385667067
0 0.4831821368290828 0.6355282710148737 0.02054170461801382 0.020738748403695915
0 0.562354748065655 0.7120851370004507 0.026825391329251803 0.027304429274338942
0 0.1606938105363112 0.69048522068904 0.01620373359093299 0.016131767859825723
0 0.576380362877479 0.38309390728290266 0.014311423668494591 0.014239824735201322
0 0.14845556479233962 0.03532197154485262 0.01452332276564378 0.014415497963245098
0 0.13666901221642128 0.2345700997572679 0.014852120326115536 0.014926690321702223
0 0.7735977172851562 0.5457088763897235 0.03364856426532452 0.03345416142390324
0 0.3692465562086839 0.714739726139949 0.04223955594576322 0.041848989633413464
0 0.5572327100313627 0.2260408768287072 0.015984755295973558 0.016052099374624398
0 0.5550314829899714 0.869171509375939 0.018112696134127103 0.018058336698091947
0 0.717282221867488 0.8711470090425931 0.016963078425480768 0.01673713097205529
0 0.36388250497671276 0.7697443595299354 0.036814249478853665 0.036893257727989785
0 0.5693470881535456 0.4744078562809871 0.018915909987229567 0.019037980299729567
0 0.8799973267775315 0.9062027564415565 0.014376420241135817 0.014394906850961538
0 0.8003965524526743 0.9566846260657678 0.01969733605018029 0.01984273470365084
0 0.1869361400604248 0.5613377277667706 0.015470614800086388 0.015398465670072116
0 0.5915250044602615 0.8279600143432617 0.0157012939453125 0.015720660869891826
0 0.8572563024667593 0.6460318932166467 0.08192972036508414 0.09650949331430289
