0 0.4219781435452975 0.6707324981689453 0.062076715322641224 0.061721508319561295
0 0.5255089172950158 0.6919017938467172 0.04049954047569862 0.03986343970665565
0 0.23775342794565055 0.8241367340087891 0.03426346412071815 0.034343719482421875
0 0.33699483137864333 0.03807291159263024 0.05563486539400541 0.0551070341697106
0 0.6893458733191857 0.6541775923508865 0.027582902174729567 0.027675628662109375
0 0.5934838148263785 0.19225076528695914 0.021358269911545973 0.021299435542179987
0 0.26817598709693324 0.7201391366811899 0.019594742701603815 0.019499852107121393
0 0.5894839213444636 0.9738056476299579 0.023456426767202523 0.023504257202148438
0 0.3383012918325571 0.680880619929387 0.027680176955003005 0.027674748347355768
0 0.23128639734708345 0.8963460188645583 0.020851281973031852 0.020852309006911058
0 0.5872644277719351 0.9871033888596755 0.019196290236253005 0.018189650315504808
0 0.7741030913132888 0.6581494991595929 0.026192298302283652 0.026425581711989183
0 0.7192189143254206 0.042390552850869984 0.046939849853515625 0.04695207339066725
0 0.26688256630530727 0.8277888664832482 0.02363923879770132 0.02349706796499399
0 0.298405280480018 0.8519832904522235 0.04407794658954327 0.04391684898963341
0 0.554719117971567 0.7647567895742563 0.023063219510591947 0.023426055908203125
0 0.7555082761324369 0.6928801903357873 0.018968728872445915 0.019177656907301683
0 0.5781325560349685 0.8442593354445237 0.020902486947866585 0.021039375892052285
0 0.7745022406944861 0.5768576401930589 0.024577801044170674 0.02444296616774339
0 0.6805487412672776 0.7552143977238581 0.014997335580679087 0.015174572284405049
0 0.32364819600031924 0.8096726490901067 0.034707289475661054 0.035269663884089544
0 0.7247521327092097 0.649811157813439 0.015237368070162259 0.014972980205829326
0 0.5738438826340896 0.8878692480234 0.023520689744215745 0.023391870351938102
0 0.45782470703125 0.9300308227539062 0.09793721712552585 0.09751011775090145
0 0.6901221642127404 0.6186120693500226 0.015363253079927884 0.015139212975135216
0 0.2460028208219088 0.9793934455284705 0.01829418769249549 0.018321990966796875
0 0.38711140705988956 0.6897646097036508 0.014795009906475361 0.014761557945838341
0 0.6042777574979342 0.7856389559232272 0.01506651364839994 0.015148602999173678
0 0.5397686591515174 0.7208604079026443 0.015694838303786058 0.01586004403921274
0 0.7247748741736779 0.8426306797907903 0.016784814687875602 0.016709401057316706
0 0.7248246119572566 0.7556899144099309 0.01777032705453726 0.01795372596153846
0 0.3616061210632324 0.6516958383413461 0.029970682584322415 0.0300445556640625
0 0.7770287440373347 0.8009476294884315 0.0173342778132512 0.017452533428485576
0 0.2439574461716872 0.6879724355844351 0.017810748173640326 0.017806126521183893
0 0.24377907239473784 0.7895441788893479 0.034062789036677435 0.03375097421499399
0 0.3301743727463942 0.8491110434898963 0.017171272864708535 0.017028074998121995
0 0.41581616034874547 0.9813481844388522 0.04886436462402344 0.033647977388822116
0 0.3188940928532527 0.5751556616563064 0.042710304260253906 0.04319066267747145
0 0.23543764994694635 0.9318750821627103 0.04378054692195012 0.044145437387319714
0 0.49665186955378604 0.11156502136817345 0.026131923382098857 0.026004864619328424
0 0.20752286911010742 0.6107310515183669 0.029686634357158955 0.04247562701885517
0 0.8031217134915866 0.6783680549034705 0.012431804950420674 0.015282704279972957
0 0.6073872859661396 0.6740870842566857 0.015095343956580529 0.015108548677884616
0 0.5425570561335638 0.8921868250920222 0.017104515662560098 0.017075025118314303
0 0.24371565305269682 0.6776509651770959 0.03977049314058744 0.039872242854191706
0 0.5055302106417142 0.4152386005108173 0.014077846820537861 0.014554023742675781
0 0.5169522212101862 0.6562128800612229 0.016335487365722656 0.01623681875375601
0 0.5824755155123197 0.6468493388249323 0.02495567615215595 0.025217056274414062
0 0.24678266965425932 0.8945314700786884 0.01414174299973708 0.01476581280048077
0 0.5504007339477539 0.9292800609882061 0.019392893864558294 0.019925924447866585
