0 0.5808602479787973 0.893834480872521 0.059445894681490384 0.05986991295447716
0 0.6415446354792669 0.4502552839425894 0.13318487314077523 0.1317579562847431
0 0.49058767465444714 0.6508306356576773 0.028440475463867188 0.028621086707481973
0 0.5370886142437274 0.777103644150954 0.027822421147273138 0.02803963881272536
0 0.6433319678673377 0.4284063485952524 0.024875934307391826 0.024920243483323317
0 0.31467811877910906 0.0535780328970689 0.020226130118736856 0.020343716327960674
0 0.6289372077355018 0.5682019820580115 0.030910161825326774 0.031068948599008415
0 0.6229623647836539 0.755285042982835 0.04276455365694486 0.04311972398024339
0 0.2626632543710562 0.5075167876023513 0.029468536376953125 0.0293270991398738
0 0.49506510221041167 0.9513450035682092 0.025393926180326022 0.025490980881911058
0 0.36554710681621844 0.20487737655639648 0.03101686330942007 0.03098909671490009
0 0.6170348387498122 0.937691908616286 0.03298201927771935 0.03317055335411659
0 0.36995737369243914 0.8171810737022986 0.03816633958082933 0.038344163161057696
0 0.6435646644005408 0.14014563193688026 0.024065457857572116 0.02438644262460562
0 0.29225727228017956 0.44278570321890026 0.022959342369666465 0.022813063401442308
0 0.7119624798114483 0.591858093555157 0.019026829646183893 0.019048544076772835
0 0.5545229545006385 0.6562312199519231 0.02857354971078726 0.028517503004807692
0 0.4605787717379056 0.4836141879741962 0.023139073298527643 0.023355630727914665
0 0.6446854518010066 0.8493712498591497 0.01618223923903245 0.016028771033653848
0 0.5905207854050857 0.6299416468693659 0.016374588012695312 0.016442372248722956
0 0.7161906315730169 0.03526491614488455 0.018475165733924277 0.018623072367448073
0 0.7428398132324219 0.03707925402201139 0.021146627572866585 0.021860925050882194
0 0.5728310805100661 0.8419739649846003 0.023102980393629808 0.023486210749699518
0 0.4218783745398888 0.9868778815636268 0.03495641855093149 0.026073455810546875
0 0.4940167940579928 0.8243130903977615 0.022840353158804085 0.02319952157827524
0 0.7124271392822266 0.07174044847488403 0.01497180645282452 0.015218762251046987
0 0.33274415823129505 0.2211757073035607 0.017185798058143027 0.01740683042086088
0 0.42035095508282 0.32428763462946963 0.07925613109882061 0.07936851794903095
0 0.5184527910672702 0.04299322458413931 0.08152594933143029 0.08030170660752517
0 0.5282122538639948 0.4573641556959886 0.01606603769155649 0.016020554762620192
0 0.34145179161658656 0.9002694350022536 0.03329658508300781 0.033483065091646634
0 0.5018543096689078 0.8734902601975661 0.02316885728102464 0.02339025644155649
0 0.369078122652494 0.37552694173959583 0.018778507526104268 0.018984281099759616
0 0.5310811262864333 0.8031375591571515 0.02609076866736779 0.025881547194260817
0 0.5039888528677133 0.3500682757450984 0.03535960270808293 0.03505207942082332
0 0.48502291165865385 0.8858812772310697 0.01844626206618089 0.01827401381272536
0 0.45444345474243164 0.9035480939424955 0.01831194070669321 0.01894349318284255
0 0.403294196495643 0.7999731210561899 0.030964484581580527 0.030729147104116585
0 0.7476379687969501 0.35041134174053484 0.015348874605618991 0.01717200646033654
0 0.6891454549936148 0.16034252826984113 0.017658233642578125 0.01767169512235201
0 0.6093344321617713 0.5287540875948392 0.017971919133112982 0.018080858083871696
0 0.6569227805504432 0.0267847661788647 0.016541407658503607 0.01694183166210468
0 0.6917546345637395 0.5024906305166391 0.035552978515625 0.035171215350811295
0 0.32837669665996844 0.49559651888333833 0.01650722210223858 0.01657706040602464
0 0.6244853093073919 0.4283601687504695 0.016561068021334134 0.01578947213979868
0 0.7398187197171725 0.5506454247694749 0.02169036865234375 0.0215756342961238
0 0.6386449520404522 0.8296933540931115 0.02119167034442608 0.021274860088641826
0 0.5114808449378381 0.45488643646240234 0.015991797814002402 0.01607997600848858
0 0.7423694317157452 0.9090835864727314 0.02384802011343149 0.02402628385103666
0 0.44608057462252104 0.0676952417080219 0.07815346351036659 0.07932651959932767
0 0.7201625383817233 0.5521229964036208 0.015873248760516826 0.016359769381009616
0 0.3831301469069261 0.41944401080791766 0.023152571458082933 0.0231167719914363
0 0.3545326086191031 0.8251256942749023 0.01743426689734826 0.01750667278583233
0 0.6304111480712891 0.9935505206768329 0.06122369032639723 0.012682254497821514
0 0.5263320482694186 0.8267356432401217 0.031998707697941706 0.03172170198880709
0 0.39894830263577974 0.9591745229867789 0.04816392751840445 0.04851443950946514
0 0.537008652320275 0.04911162303044246 0.020930363581730768 0.02023761089031513
0 0.4569570834820087 0.37079370938814604 0.020014616159292366 0.02001043466421274
0 0.5276379952063928 0.7011646857628455 0.016342749962439902 0.016106238731971152
0 0.334991088280311 0.10674536228179932 0.016938136174128607 0.01687203920804537
0 0.31475584323589617 0.21497803467970628 0.0159301024216872 0.01601549295278696
0 0.269346127143273 0.8900002699631911 0.047502297621506914 0.04644863422100361
0 0.4820551505455604 0.5976104736328125 0.014997115501990685 0.015090208787184495
0 0.5438209680410532 0.4771578862116887 0.014846214881310096 0.015167749845064603
0 0.6601597712590144 0.7753309103158804 0.018016228309044473 0.0182339594914363
0 0.6740531187791091 0.9183695866511419 0.03457509554349459 0.03462659395658053
0 0.6886672973632812 0.9545243336604192 0.056957244873046875 0.0559999025785006
0 0.5504105274493878 0.7201345150287335 0.023849340585561898 0.023885726928710938
0 0.31908592810997594 0.6946921715369592 0.020084454463078424 0.020308274489182692
0 0.30991554260253906 0.3416870924142691 0.015019765267005334 0.014972099891075721
0 0.7043925065260667 0.21800936185396635 0.05791341341458834 0.05738500448373648
0 0.30144297159635103 0.16657319435706505 0.016370736635648288 0.0164797856257512
0 0.2975307611318735 0.39542187177217925 0.017829491541935846 0.017748319185697116
0 0.7184284650362455 0.5225488589360163 0.024837200458233174 0.024944378779484674
0 0.5945559648367075 0.07325273293715256 0.016090026268592246 0.0162509037898137
0 0.46317126200749326 0.9961034334622897 0.015965388371394232 0.007451864389272837
0 0.606107785151555 0.8241517727191632 0.01510025904728816 0.015255121084359976
0 0.321045472071721 0.7853464713463416 0.016469515286959134 0.016301668607271634
0 0.6052378140963041 0.61828246483436 0.0138397216796875 0.01401989276592548
0 0.42124638190636265 0.6334729561438928 0.014994401198167067 0.015059397770808293
0 0.4558579738323505 0.9103527802687424 0.04949481670673077 0.04765246464655949
0 0.7489210275503305 0.4005311085627629 0.013998618492713341 0.017789253821739785
0 0.42304229736328125 0.9304216825045072 0.026327206538273737 0.02630439171424279
0 0.49153643388014573 0.4255214104285607 0.023842004629281852 0.02400053464449369
0 0.2521435297452487 0.8455870701716497 0.030788898468017578 0.036400134746844955
0 0.2890933476961576 0.36582081134502703 0.0885938497690054 0.09388982332669772
0 0.5460908596332257 0.8973024808443509 0.013900830195500301 0.014056865985576924
0 0.2750663757324219 0.42099857330322266 0.014924049377441406 0.015502636249248799
0 0.35082164177527797 0.18108716377845177 0.017320926372821514 0.017729685856745794
0 0.34200235513540417 0.704469240628756 0.019314399132361777 0.019744432889498197
0 0.39999976524939906 0.8219272906963642 0.01692815927358774 0.016732142521784857
0 0.32653041986318737 0.07203462032171395 0.014298732464130107 0.014708583171551045
0 0.2929534545311561 0.007689780340744899 0.01549544701209435 0.013562476405730614
0 0.3805171526395358 0.3451989980844351 0.044306388268103965 0.04341037456805889
0 0.5469154944786658 0.9278404529278095 0.02350777846116286 0.02350792518028846
0 0.525903921860915 0.9351934286264273 0.017955633310171273 0.017796443058894232
0 0.7285815018873948 0.8357428037203275 0.06203930194561298 0.07251563439002404
0 0.7454732748178335 0.18274657542888934 0.019068204439603366 0.026416705204890326
0 0.38937700711763823 0.9938757969782903 0.01656341552734375 0.0120698488675631
0 0.5042779262249286 0.5475781514094427 0.028893690842848558 0.02915470416729267
0 0.31245627770057094 0.6125571544353778 0.016543094928448018 0.01644552670992338
0 0.2638089473430927 0.30287955357478213 0.014728949620173527 0.015523617084209736
