0 0.5351244853093073 0.4491437031672551 0.19569851801945612 0.19829691373384917
0 0.6308319385235126 0.2920215863447923 0.06696528654832107 0.06758913627037635
0 0.883113641005296 0.6746334662804236 0.06377308185283954 0.06380697397085336
0 0.5367290056668795 0.7823528143075796 0.21503477830153245 0.2182917961707482
0 0.7690825095543494 0.49370076106144833 0.13044870816744292 0.13424110412597656
0 0.4445223074692946 0.3145256042480469 0.22612241598275992 0.21908407944899339
0 0.36671972274780273 0.5263375135568472 0.04090690612792969 0.040963979867788464
0 0.1748660160945012 0.07582032680511475 0.2227189724261944 0.1500230202308068
0 0.17055128170893744 0.87134522658128 0.031570728008563705 0.031412564791165866
0 0.8294511941763071 0.8689079284667969 0.20735036409818208 0.2228843982403095
0 0.1989280810722938 0.9070926079383264 0.03644778178288387 0.0360876230093149
0 0.3910958950336163 0.6621154638437124 0.16613329373873198 0.16335634084848258
0 0.749689689049354 0.6723600534292368 0.022962130033052884 0.023061605600210335
0 0.9776690556452825 0.7302003273597131 0.019719930795522835 0.02328946040226863
0 0.17212864068838266 0.46327990752000076 0.023215587322528545 0.023350348839393027
0 0.6528324714073768 0.7696097447321966 0.039592742919921875 0.03956882770244892
0 0.890067614041842 0.9654280589177058 0.025207959688626803 0.02504862271822416
0 0.8872274252084585 0.5213086788470929 0.024829864501953125 0.0250241939838116
0 0.08197890795194186 0.34954386491041917 0.02743223997262808 0.02726877652681791
0 0.48237767586341274 0.3890675398019644 0.02769052065335787 0.02745532989501953
0 0.24175788806034967 0.5174154868492713 0.06366520661574143 0.06443287776066707
0 0.3843710239116962 0.45338990138127255 0.02648588327261118 0.026466809786283053
0 0.9614841754619892 0.8371180754441482 0.0187680171086238 0.01883536118727464
0 0.3610867720383864 0.49121897037212664 0.026256854717548076 0.02639139615572416
0 0.026980741665913507 0.5838712545541617 0.022751996150383584 0.022492188673753005
0 0.5345644584068885 0.6647779758159931 0.03811242030217098 0.03762039771446815
0 0.9429799593411959 0.7785155956561749 0.02665226276104267 0.026747776911808893
0 0.8441999875582181 0.4701531483576848 0.019925044133112982 0.020087682283841647
0 0.44075217613807094 0.7493865673358624 0.02035977290226863 0.02037987342247596
0 0.2902365097632775 0.19298692849966195 0.12861904731163612 0.1290510709469135
0 0.8557760532085712 0.5015530586242676 0.01713283245380108 0.017247493450458232
0 0.9007376157320462 0.4885101685157189 0.01855615469125601 0.01867851844200721
0 0.8677635926466721 0.09591505160698524 0.02192233158991887 0.022031894096961387
0 0.2063157741840069 0.6753079341008112 0.01997712942270132 0.01999062758225661
0 0.5935973387498122 0.3689238474919246 0.018855168269230768 0.01929635267991286
0 0.6395093477689303 0.06208190551170936 0.01858344444861779 0.018179774284362793
0 0.3078122138977051 0.8045943333552434 0.018831839928260215 0.018740433913010817
0 0.18790494478665865 0.9417975499079778 0.018519768348106973 0.018505096435546875
0 0.8882593008188101 0.22978503887469953 0.021115523118239183 0.021563383249136116
0 0.9159727830153245 0.977207037118765 0.016803448016826924 0.016716590294471152
0 0.12960428457993728 0.3874939771798941 0.024158624502328727 0.024370853717510518
0 0.764779310960036 0.6236102030827448 0.020463209885817308 0.020505611713115986
0 0.07708107508145846 0.7448638035700872 0.016647224242870625 0.01649299034705529
0 0.6641615354097806 0.19825939031747672 0.020896031306340143 0.02087094233586238
0 0.41314587226280797 0.49618200155404896 0.01700283930851863 0.017239864055926982
0 0.9760594001183143 0.957964823796199 0.015863858736478366 0.015774653508112982
0 0.8563367403470553 0.029345365671011116 0.02581024169921875 0.025774451402517464
0 0.66008237692026 0.8426628112792969 0.12302765479454628 0.12410471989558293
0 0.022496755306537334 0.5155068177443284 0.01779030836545504 0.019305962782639723
0 0.21406223223759577 0.39154507563664365 0.018624342404879056 0.018751878004807692
0 0.31719200427715594 0.08553231679476224 0.015553107628455529 0.016068641956035908
0 0.5112041326669546 0.1738614302415114 0.01708837655874399 0.01706394782433143
0 0.4517054924598107 0.3234533163217398 0.015186309814453125 0.015245951139009915
0 0.44038882622352016 0.5277614593505859 0.020136906550480768 0.020247679490309495
0 0.2037069980914776 0.9303260216346154 0.02181867452768179 0.021755805382361777
0 0.17709697209871733 0.34299909151517427 0.015418015993558444 0.01547989478478065
0 0.3592323890099159 0.10709721308488113 0.019309557401216947 0.01919860106248122
0 0.6718563666710486 0.7353897094726562 0.023541964017427884 0.023935317993164062
0 0.9428619971642127 0.27857393484849197 0.021409254807692308 0.021834630232590895
0 0.38488087287315953 0.9737109404343826 0.015845225407527044 0.015915503868689902
0 0.777983151949369 0.1133878781245305 0.01601263192983774 0.016003883801973783
0 0.9503650665283203 0.07877049996302678 0.027570577768179085 0.02744878255403959
0 0.38811434232271635 0.23019609084496132 0.11199547694279598 0.11542778748732346
0 0.07076326241860023 0.5181867159329928 0.02372742616213285 0.0240933344914363
0 0.8230782288771409 0.42814966348501354 0.01634671137883113 0.01656957773061899
0 0.5834877674396222 0.5569023719200721 0.01724866720346304 0.0175625727726863
0 0.8745894798865685 0.40122398963341344 0.01685186532827524 0.017016190748948317
0 0.72735412304218 0.11924137518956111 0.014395053570087139 0.01458270733173077
0 0.056642348949725814 0.917080072256235 0.01559901237487793 0.015296202439528245
0 0.06927465475522555 0.9115886688232422 0.02750405898460975 0.027022435114933893
0 0.4211235779982347 0.13421186117025521 0.015139946570763221 0.015202467258159932
0 0.4760390061598558 0.9700863177959735 0.015673417311448317 0.015555455134465145
0 0.3340083635770358 0.9165040529691256 0.015635343698354866 0.01577421335073618
0 0.7758512496948242 0.8405841680673453 0.016951340895432692 0.01719063978928786
0 0.2162629274221567 0.1786928543677697 0.015795194185697116 0.015623752887432393
0 0.7780281213613657 0.2713494851039006 0.02524434603177584 0.0254514033977802
0 0.7766814598670373 0.4185331051166241 0.028473780705378607 0.029059190016526442
0 0.7680642054631159 0.3831021969134991 0.014153700608473558 0.014191700862004207
0 0.7013316521277795 0.21355872887831467 0.01496124267578125 0.015106567969689002
0 0.16406811200655425 0.7119288811316857 0.019009810227614183 0.01885810265174279
0 0.6884516202486478 0.3873435900761531 0.014564220721905049 0.014719669635479268
0 0.6418052086463342 0.5064423634455755 0.016752976637620192 0.016709401057316706
0 0.9188341727623572 0.09140831690568191 0.031231219951923076 0.031148507044865534
0 0.25183974779569185 0.2146757015815148 0.016438667590801533 0.016627788543701172
0 0.6568978382990911 0.48327269920936 0.014415300809420072 0.014715781578650841
0 0.588445626772367 0.13414498475881723 0.01637568840613732 0.016350636115440957
0 0.03754612115713266 0.8804198044996995 0.05275074335244986 0.06927842360276443
0 0.5171257165762094 0.1047824896298922 0.016399897061861478 0.016638444020197943
0 0.9745476796076848 0.5115922047541692 0.016891919649564303 0.01775081341083233
0 0.5337908818171575 0.46864256492027867 0.013986000647911659 0.014339593740609976
0 0.38965533329890323 0.1441960518176739 0.015909341665414665 0.015640625586876504
0 0.3087739944458008 0.5831484427818885 0.014089712729820838 0.014297778789813701
0 0.8114562401404748 0.6632122626671424 0.04386080228365385 0.04344470684344952
0 0.1459665481860821 0.7022651525644156 0.0261690800006573 0.026000096247746393
0 0.6414688550508939 0.22842596127436712 0.01564480708195613 0.015910882216233473
0 0.5422819577730619 0.16868000764113206 0.05018542363093449 0.0510100217965933
0 0.2486118903526893 0.4296763493464543 0.015464452596811147 0.015479748065655049
0 0.6732088235708383 0.5562862249521109 0.01564172598031851 0.01596406789926382
0 0.18306706501887396 0.889193241412823 0.01398299290583684 0.014400042020357572
0 0.8354337398822491 0.4430851936340332 0.01781302232008714 0.017764971806452826
0 0.06187678300417387 0.1952199569115272 0.01638971842252291 0.016275589282696065
0 0.8090725678663987 0.7250586289625901 0.014628923856295072 0.014552629910982572
0 0.060618345554058366 0.7504508678729718 0.01874056229224572 0.018630101130558893
0 0.754376484797551 0.02202764841226431 0.014736175537109375 0.014879057040581336
0 0.1379141532457792 0.6009195767916166 0.014257431030273438 0.014376346881573018
0 0.39057181431696963 0.4841480255126953 0.014287655170147236 0.014139468853290264
0 0.8862374379084661 0.2907257813673753 0.014357933631310096 0.014364315913273739
0 0.27666106590857875 0.021977928968576286 0.01782857454740084 0.017699117843921367
0 0.022941584770496074 0.7913232950063852 0.016416145058778617 0.016981858473557692
0 0.03469282617935768 0.8034174258892353 0.019656717777252197 0.019891738891601562
