0 0.36802167158860427 0.39618961627666766 0.04096537369948167 0.04097821162297176
0 0.3217622683598445 0.3084284709050105 0.02870523012601412 0.02862682709327111
0 0.506500977736253 0.061429161291856035 0.04162957118107723 0.04111724633436937
0 0.7409810286301833 0.36861918522761417 0.023587740384615384 0.02374135530911959
0 0.29929417830247146 0.4153899412888747 0.026828545790452223 0.026500848623422477
0 0.7005502260648288 0.2431792846092811 0.022278712346003607 0.022353245661808893
0 0.3762786571796124 0.48055351697481596 0.02193876413198618 0.02206699664776142
0 0.445278314443735 0.7301426667433518 0.018134924081655648 0.018143873948317308
0 0.4849869654728816 0.2808961868286133 0.025377566997821514 0.025459729708158053
0 0.5078866665179913 0.1987307988680326 0.018563343928410456 0.0184628780071552
0 0.29307002287644607 0.3723400922921988 0.01880777799166166 0.018814747150127705
0 0.7310077960674579 0.6364957369290866 0.017003279465895433 0.016815772423377402
0 0.3211525036738469 0.4141712922316331 0.017867235036996696 0.017655152540940505
0 0.6215994908259466 0.2932111666752742 0.027451111720158503 0.027343089763934795
0 0.2563004493713379 0.3603636668278621 0.01579438723050631 0.015918878408578727
0 0.23748295123760516 0.5579520005446214 0.02013734670785757 0.024266609778771035
0 0.31421334926898664 0.16579642662635216 0.026319577143742487 0.026351406024052546
0 0.2985643973717323 0.3944279597355769 0.01806178459754357 0.01808276543250451
0 0.374389281639686 0.18180506046001726 0.042594616229717545 0.04237783872164213
0 0.25984997015732986 0.3349781036376953 0.01537634776188777 0.015295028686523438
0 0.4548514806307279 0.21118527192335862 0.027829463665301982 0.027928645794208232
0 0.4022964330819937 0.457213621873122 0.018555567814753607 0.01843995314378005
0 0.7323945852426382 0.1405192521902231 0.01664147010216346 0.01672704403217022
0 0.4103745680588942 0.13985778735234186 0.015344326312725361 0.015414017897385817
0 0.3320477192218487 0.3886685371398926 0.03478167607234074 0.03371275388277494
0 0.4791055459242601 0.66527953514686 0.02223036839411809 0.02220300527719351
0 0.31488330547626203 0.36100974449744594 0.014235496520996094 0.01434781001164363
0 0.7197411610529973 0.985900512108436 0.025363775400015023 0.024684906005859375
0 0.3278942841749925 0.5102672576904297 0.019844642052283652 0.020621593181903545
0 0.31244747455303484 0.37770968217116135 0.021340461877676156 0.02051690908578726
0 0.7484538738544171 0.23953811938946062 0.05159847552959736 0.07654160719651443
0 0.422662221468412 0.9684775425837591 0.015703201293945312 0.0156405522273137
0 0.28446080134465146 0.8596693919255183 0.05439890347994291 0.053320664625901446
0 0.3295313028188852 0.3918313246506911 0.028583673330453727 0.028602233299842246
0 0.7469213192279522 0.9589956723726712 0.01693872305063101 0.016590411846454326
0 0.438048949608436 0.2579828959244948 0.024111821101262018 0.024350056281456582
0 0.24730432950533354 0.03083890676498413 0.013970595139723558 0.013977720187260555
0 0.33889168959397536 0.18667294428898737 0.015398979187011719 0.015392156747671274
0 0.5571685204139123 0.5412432597233698 0.018247604370117188 0.018210851229154147
0 0.548860109769381 0.00890712898511153 0.022033838125375602 0.017911104055551384
0 0.6541570516733023 0.9771227469811072 0.04072365394005409 0.039461722740760215
0 0.39249566885141224 0.3545348827655499 0.01737829355093149 0.017293196458082933
0 0.3317279815673828 0.47162991303663987 0.0428163088285006 0.04289531707763672
0 0.3570149861849271 0.5107322105994592 0.03409620431753305 0.03426933288574219
0 0.27072734099168044 0.7796129079965445 0.028103461632361777 0.027684725247896634
0 0.3214190923250638 0.08655984585101788 0.01331952901986929 0.013262198521540714
0 0.5646323057321402 0.6589902731088492 0.015122780433067909 0.015337137075570913
0 0.23437650387103742 0.3109562580402081 0.017377486595740683 0.024881876431978665
0 0.4608739706186148 0.019795539287420418 0.02306542029747596 0.022742184308859017
0 0.2654991333301251 0.4254041818472055 0.014104696420522837 0.014162650475135216
0 0.4432201385498047 0.30373452259944034 0.0272372319148137 0.027170694791353665
0 0.7181371542123648 0.030138075351715088 0.01433108403132512 0.01421499252319336
0 0.6693156315730169 0.05910823895381047 0.014823033259465145 0.014815990741436299
0 0.3683079206026517 0.0709116321343642 0.04727620344895583 0.047362685203552246
0 0.26527872452369106 0.7519369858961839 0.01807851057786208 0.018543243408203125
0 0.5265751985403208 0.8961127354548528 0.09058959667499249 0.09094003530649039
0 0.24980060870830828 0.8044930971585788 0.01902030064509465 0.018836388221153848
0 0.6809180333064153 0.28128504753112793 0.013486422025240384 0.013805682842548076
0 0.45155099722055286 0.8730804736797626 0.05649507962740385 0.056344839242788464
0 0.2413062315720778 0.6204937421358548 0.017471166757436898 0.017425390390249398
0 0.41726900981022763 0.7413713015042819 0.022682923537034255 0.022502312293419473
0 0.5690512290367713 0.1011576194029588 0.033521798940805286 0.03385371428269606
0 0.24475985306959885 0.7835797529954177 0.024734863868126504 0.025397667518028848
0 0.40977646754338193 0.3429718017578125 0.019977276141826924 0.02022244380070613
0 0.7596576397235577 0.847868772653433 0.015372936542217549 0.021333841177133415
0 0.29447166736309344 0.3302116394042969 0.01732466771052434 0.017579005314753607
