0 0.4842946712787335 0.6804879995492789 0.07447345440204327 0.07456618088942307
0 0.41931519141564 0.5862220617441031 0.04228988060584435 0.0419927743765024
0 0.3952072583712064 0.6545849580031174 0.0730891594519982 0.07322252713716947
0 0.09774098029503456 0.4999087407038762 0.06418544054031372 0.06419563293457031
0 0.8081902724045974 0.3678751725416917 0.04268382145808293 0.04282569885253906
0 0.7622862595778245 0.614967786348783 0.04001969557542067 0.03985243577223558
0 0.770407456618089 0.4891325877262996 0.027164312509390023 0.027175169724684495
0 0.8495719616229718 0.1368557306436392 0.03226764385516827 0.03249417818509615
0 0.3205260130075308 0.2577995153573843 0.08393808511587289 0.08487701416015625
0 0.7448880855853741 0.2959937315720778 0.03163821880634014 0.03138241401085487
0 0.9229059952955979 0.5281166663536658 0.023180741530198317 0.02318712381216196
0 0.78718324807974 0.3436640225923978 0.028738902165339544 0.028758929325984076
0 0.08377589629246639 0.29632280423091006 0.025379364307110127 0.025606045356163613
0 0.7390870314378005 0.12645345467787522 0.029224689190204326 0.028909719907320462
0 0.14040594834547776 0.014074925046700697 0.033101411966177136 0.026667798940952007
0 0.4677922175480769 0.4787153097299429 0.24626878591684195 0.2676214071420523
0 0.8534923700185922 0.2688274016747108 0.021336922278771035 0.02117296365591196
0 0.8528516475970929 0.7417920919565054 0.027751042292668268 0.027962317833533652
0 0.8774224794827975 0.4555364755483774 0.02622252244215745 0.026289059565617487
0 0.087638258934021 0.7955854856050931 0.052466209118182845 0.0720071059006911
0 0.8405653146597055 0.9641264401949369 0.031205397385817308 0.03121610788198618
0 0.9266425646268405 0.3031938442817101 0.024637222290039062 0.03348742998563326
0 0.27365941267747146 0.13171541690826416 0.03018470910879282 0.029680233735304613
0 0.3416782525869516 0.040713562415196344 0.031132991497333232 0.031082666837252103
0 0.8391233590932993 0.35817861557006836 0.022288982684795674 0.022364322955791768
0 0.7564092049231896 0.1664109780238225 0.01758736830491286 0.01740723389845628
0 0.2858794652498685 0.5658760804396409 0.019303065079909105 0.0191653325007512
0 0.8571593944842999 0.21738659418546236 0.021402652447040264 0.021544603201059196
0 0.7338934678297776 0.4414187578054575 0.0322729257436899 0.03247635181133564
0 0.9033403396606445 0.19631572870107797 0.01873617905836839 0.018671182485727165
0 0.8337685511662409 0.22658978975736177 0.02432104257436899 0.02447201655461238
0 0.79888549217811 0.020598292350769043 0.02213287353515625 0.022068867316612832
0 0.6988739600548377 0.3560595145592323 0.016379723182091348 0.01693578866811899
0 0.7931288205660306 0.7423416284414438 0.029316828801081732 0.029358056875375602
0 0.7171685145451472 0.2860290453984187 0.023916097787710335 0.02393971956693209
0 0.7221967990581806 0.17826960637019232 0.0241696284367488 0.024281868567833535
0 0.9256502298208383 0.5942363372215858 0.017752867478590745 0.017730859609750602
0 0.8871108568631686 0.14456689357757568 0.03876642080453726 0.03860570834233211
0 0.7587766647338867 0.8523464202880859 0.0209195063664363 0.020800076998197116
0 0.6781690304095929 0.10014489980844352 0.0178680419921875 0.01795020470252404
0 0.8226364575899564 0.481415161719689 0.017262972318209134 0.016823988694411058
0 0.6810686404888446 0.3852233153123122 0.025414246779221755 0.02571707505446214
0 0.8014390651996319 0.09144280507014348 0.01841897230881911 0.018276141240046576
0 0.8790085132305439 0.982204217177171 0.027314406174879808 0.02736047598031851
0 0.8582470233623798 0.04780002740713266 0.04094211871807392 0.04044464918283316
0 0.12949835337125337 0.3705291381249061 0.01777513210590069 0.017618692838228665
0 0.7099618911743164 0.8151432917668269 0.01878488980806791 0.01891180185171274
0 0.2530240278977614 0.34322155438936675 0.019732108482947715 0.019649285536545973
0 0.752960205078125 0.8011251596304086 0.02536318852351262 0.025330470158503607
0 0.8181291726919321 0.7550396552452674 0.02152839073768029 0.02146764901968149
0 0.7834494664118841 0.22286378420316255 0.01975866464468149 0.01956008030818059
0 0.9296028430645282 0.14756055978628305 0.014539865347055288 0.0209353520320012
0 0.5383540667020358 0.6048008111807016 0.022060981163611777 0.022233082697941706
0 0.8589671208308294 0.3926164186917819 0.026118351862980768 0.026329847482534554
0 0.07047093831575833 0.11920784069941594 0.01354525639460637 0.017267722349900465
0 0.7225453303410456 0.7263193130493164 0.17278715280386117 0.17375784653883714
0 0.20421926791851336 0.15042741482074445 0.01778261478130634 0.017873727358304538
0 0.709961671095628 0.6171574959388146 0.018052027775691107 0.018027378962590143
0 0.5648695138784555 0.055286068182725176 0.016199111938476562 0.016236066818237305
0 0.24472542909475473 0.2475899916428786 0.03275849268986629 0.03276348114013672
0 0.3729068315946139 0.4125491655789889 0.016872699444110576 0.017021912794846755
0 0.7324356665978065 0.8699757502629206 0.02684197059044471 0.026990156907301683
0 0.7467024142925556 0.9032032306377704 0.03310819772573618 0.03251325167142428
0 0.2754754653343788 0.27405676474938023 0.023558983435997598 0.0234072025005634
0 0.7050997660710261 0.3727857516362117 0.021889613224909857 0.021630213810847357
0 0.6561607214120718 0.039943617123823896 0.015565285315880409 0.015469771165114183
0 0.7993257962740384 0.13880557280320388 0.015962747427133415 0.016475860889141377
0 0.6776694517869216 0.00671779765532567 0.021345872145432692 0.012746169016911434
0 0.6637060458843524 0.941749646113469 0.020397186279296875 0.02027746347280649
0 0.23782785122211164 0.09855833420386681 0.026732958280123197 0.026883602142333984
0 0.08241044558011569 0.12993808893057016 0.015238683957319994 0.015297577931330754
0 0.3259388850285457 0.16276399905865008 0.01807887737567608 0.01804014352651743
0 0.7313511188213642 0.14057284135084885 0.02022699209359976 0.020429611206054688
0 0.7621019069965069 0.4325845424945538 0.015376604520357572 0.015384380634014424
0 0.9088538243220403 0.761986072246845 0.015493833101712741 0.015548412616436299
0 0.7137148930476263 0.8916944357065054 0.0202944828913762 0.02030798105093149
0 0.6444603846623347 0.14748035944425142 0.021277207594651442 0.02153125176062951
0 0.3842882009652945 0.21112709779005784 0.048775892991286054 0.04904578282282902
0 0.8302626243004432 0.9450696798471304 0.016528202937199518 0.016648365901066706
0 0.3331411068256085 0.4338377439058744 0.10687952775221604 0.10812906118539664
0 0.4331882916964017 0.693815671480619 0.015679286076472357 0.015431917630709134
0 0.2911685430086576 0.3434353241553673 0.017714793865497295 0.017984977135291465
0 0.395843139061561 0.06995636683243972 0.016286629896897536 0.016458951509915866
0 0.7962903242844802 0.16123758829556978 0.01968530508188101 0.01975870132446289
0 0.5643859643202561 0.1360285098736103 0.016425426189716045 0.016406976259671725
0 0.273682557619535 0.24551677703857422 0.01719819582425631 0.01765331855187049
0 0.7183602406428411 0.7728705772986779 0.01888612600473257 0.018965501051682692
0 0.6504493860098032 0.3638735551100511 0.01932672353891226 0.019355333768404447
0 0.657466301551232 0.10321263166574332 0.016675508939302884 0.017032073094294622
0 0.346673451937162 0.39839869279127854 0.020474800696739785 0.019914627075195312
0 0.24592036467332107 0.23062471243051383 0.015801649827223558 0.016358265509972207
0 0.24701984112079328 0.4638562569251427 0.01619584743793194 0.016360062819260817
0 0.8108001122107873 0.4095402497511644 0.014440389779897837 0.014719449556790866
0 0.4493700907780574 0.21355794026301458 0.01644105177659255 0.01638005330012395
0 0.11783322921166053 0.7598031850961539 0.019069634951077975 0.019299140343299277
0 0.8655157089233398 0.3606510895949144 0.017486718984750602 0.017325768103966348
0 0.35413573338435245 0.49292718447171724 0.01930838364821214 0.019238692063551683
0 0.19576153388390174 0.15777008350078875 0.01636787561269907 0.016317184154803935
0 0.6238150963416467 0.4825596442589393 0.08704919081467849 0.0863047379713792
0 0.5292160327617939 0.28351710392878604 0.016754297109750602 0.016408333411583535
0 0.24303238208477312 0.3852723561800443 0.02470544668344351 0.024374888493464544
0 0.4325726582453801 0.3952358686006986 0.01668071746826172 0.01688722463754507
0 0.45659754826472354 0.2286220147059514 0.014235863318810096 0.01437234878540039
0 0.8570500153761643 0.33464989295372594 0.014802786020132212 0.015154471764197716
0 0.5976098867563101 0.30437337435208833 0.02116115276630108 0.021373161902794473
0 0.627810551570012 0.10962576132554275 0.016167273888221152 0.01619878182044396
0 0.39041797931377703 0.12331080436706543 0.014446405264047476 0.014623055091271034
0 0.4622970360975999 0.455993468944843 0.017460382901705228 0.01778067075289213
0 0.1044758466573862 0.6064560229961689 0.08673909994272086 0.12701738797701323
0 0.32187326137836164 0.5990095505347619 0.017244338989257812 0.017055364755483773
0 0.6320158151479868 0.1723497097308819 0.015111776498647837 0.014985377971942607
0 0.5077297870929425 0.17238844358004057 0.01429887918325571 0.01410843775822566
0 0.8274197211632361 0.3907936536348783 0.016978043776292067 0.017194601205679085
0 0.07060242616213284 0.44388492290790266 0.0164493047274076 0.020401587853064902
0 0.2753792726076566 0.2714431836054875 0.028366675743689902 0.02889882601224459
0 0.73480591407189 0.965698608985314 0.015687208909254808 0.01577127896822416
0 0.815799199617826 0.060402319981501654 0.014336072481595553 0.013843242938701924
0 0.8370504379272461 0.042483742420489974 0.014416914719801683 0.014503735762376051
0 0.2757299496577336 0.4645672944875864 0.014365636385404147 0.014370991633488582
0 0.3592212383563702 0.6944651236900916 0.016930213341346152 0.016893386840820312
0 0.5101834077101487 0.7690850771390475 0.014561873215895433 0.014530181884765625
0 0.9114836179293119 0.34415809924785906 0.014785473163311299 0.014900647676908053
0 0.6157189149122971 0.2677318499638484 0.021455911489633415 0.02128006861760066
0 0.6468500724205604 0.3066245592557467 0.052881827721228965 0.05334758758544922
0 0.8388790717491736 0.44220953721266526 0.0134429931640625 0.013278667743389424
0 0.3277786695040189 0.3204437035780687 0.015545478233924279 0.01543727287879357
0 0.32721490126389724 0.7927819031935471 0.013482607327974759 0.01338650630070613
0 0.08525951092059796 0.39583569306593674 0.04687745296038114 0.05668823535625751
0 0.1252953731096708 0.4194492193368765 0.013266911873450646 0.013644731961763822
0 0.7820576887864333 0.41556666447566104 0.015012300931490384 0.014692599956805889
0 0.3091128055865948 0.35616434537447417 0.015059837928185096 0.014944663414588341
0 0.5626964569091797 0.7813518230731671 0.05576617901141827 0.056436978853665866
0 0.31782861856313854 0.5450631288381723 0.01866325965294471 0.018743074857271634
0 0.5543402158297025 0.8597032106839694 0.013865104088416466 0.013932448167067308
0 0.6191294743464544 0.7023019057053786 0.027756654299222507 0.02825135451096755
0 0.0902173060637254 0.31030823634221005 0.013751525145310622 0.01413567249591534
