0 0.41802112872783953 0.10703618709857647 0.13237542372483474 0.13475139324481672
0 0.3216542097238394 0.34277703211857724 0.05842384925255409 0.05847916236290565
0 0.18251851888803336 0.6291608810424805 0.04524905865009014 0.04527121323805589
0 0.2294448339022123 0.21759614577660194 0.04771775465745192 0.0478819700387808
0 0.12764175121600813 0.5982964222247784 0.039114145132211536 0.039163369398850664
0 0.39923301109900844 0.7404381678654597 0.030066270094651442 0.029629633976862982
0 0.421565239246075 0.8798615382267878 0.08200307992788461 0.08294501671424279
0 0.32741542962881237 0.7059625478891226 0.034839776846078724 0.034856356107271634
0 0.06136719997112568 0.663586689875676 0.03238654136657715 0.032316941481370196
0 0.37512720548189604 0.9785911853496845 0.04148307213416466 0.0381170419546274
0 0.5630635481614333 0.22530108231764573 0.018819222083458535 0.018884658813476562
0 0.26369956823495716 0.47986324016864484 0.04941984323354868 0.04970213083120493
0 0.5418242674607497 0.013890108236899743 0.020864486694335938 0.020745245309976432
0 0.2564866359417255 0.037106683621039756 0.032682638901930586 0.03269469738006592
0 0.8611274865957407 0.06113724066660954 0.029408968411959134 0.029222570932828464
0 0.5070700645446777 0.6614341735839844 0.08887423001802884 0.08846737788273738
0 0.4600370847261869 0.1717378542973445 0.020415526169996995 0.020485951350285456
0 0.1857753716982328 0.8823751302865835 0.304535462306096 0.2292028573843149
0 0.23182326096754807 0.442714471083421 0.0236203853900616 0.02345143831693209
0 0.6310053605299729 0.9682180698101337 0.05955186256995568 0.05733020489032452
0 0.1396018541776217 0.30801923458392805 0.03113981393667368 0.031224690950833835
0 0.32117315439077526 0.14359211921691895 0.01951877887432392 0.019429115148691032
0 0.03294209562815153 0.15244471109830415 0.03613857581065251 0.03634372124305138
0 0.21896063364469087 0.748476688678448 0.020978744213397685 0.021031012901893027
0 0.7188257804283729 0.5080359165485089 0.021047152005709134 0.020991031940166768
0 0.5619317935063288 0.277858147254357 0.033963716947115384 0.03395542731651893
0 0.0896149965432974 0.7290251805232122 0.02229928970336914 0.022446265587439902
0 0.615061356471135 0.53783629490779 0.05429480626032902 0.05453183100773738
0 0.06861704129439133 0.48810760791485125 0.021251880205594577 0.021120584928072415
0 0.03690109115380507 0.8125897921048678 0.02528578959978544 0.025438455434945915
0 0.5582082821772649 0.6909348414494441 0.09466780149019681 0.09509834876427284
0 0.7058667403001052 0.012514078846344581 0.017691392164963942 0.017520118218201857
0 0.057516597784482516 0.7545741154597356 0.026910433402428262 0.026703614455003005
0 0.3515569246732272 0.0824603667626014 0.021889980022723857 0.02185397881727952
0 0.16294138248150164 0.4414500456589919 0.01718279031606821 0.01698904771071214
0 0.06082311960367056 0.14355587042295015 0.023683639673086312 0.023920297622680664
0 0.9813516323383038 0.1588094968062181 0.020648369422325723 0.021483678084153395
0 0.1980113432957576 0.3675791300260104 0.02120370131272536 0.021271705627441406
0 0.5573163399329553 0.15674176582923302 0.01752501267653245 0.01761517157921424
0 0.5050215354332557 0.22116547364455003 0.0887451171875 0.08849833561823918
0 0.22523892842806303 0.4818539252647987 0.03950218053964468 0.040117117074819714
0 0.7320559575007513 0.03303824938260592 0.023650536170372598 0.023700695771437425
0 0.5981990374051608 0.512478021474985 0.028849675105168268 0.028968664316030648
0 0.3628651545597957 0.7395489032451923 0.01990641080416166 0.019895406869741585
0 0.5803116651681753 0.1852390582744892 0.026473192068246696 0.026850810417762168
0 0.03970398352696346 0.5942109181330755 0.041479880993182845 0.04202754680926983
0 0.30187647159282976 0.6807418969961313 0.01987772721510667 0.020247826209435098
0 0.7826647391686072 0.8762193826528696 0.024448248056265023 0.024803748497596152
0 0.20518937477698693 0.15286321823413557 0.01986855726975661 0.019875398048987754
0 0.03614702133031992 0.31583180794349086 0.06333120969625619 0.1079854965209961
0 0.4334255732022799 0.4423522215623122 0.018122012798602764 0.018018649174616888
0 0.16500346477215105 0.8439394143911508 0.020447767697847806 0.020220096294696514
0 0.7820905538705679 0.5775429652287409 0.017798497126652643 0.017608202420748197
0 0.8258961897629958 0.6748374792245718 0.017805833082932692 0.017924088698167067
0 0.7617551363431491 0.8922440455510066 0.01595306396484375 0.015935751108022835
0 0.8888934208796575 0.7372104938213642 0.027026249812199518 0.026833754319411058
0 0.07664974836202768 0.7711635002723107 0.019428253173828125 0.019219031700721152
0 0.41470630352313703 0.23568043342003456 0.01714603717510517 0.017232821537898138
0 0.0883192099057711 0.09666758317213792 0.01983983700092022 0.019760755392221305
0 0.48356232276329625 0.3005358989422138 0.019351739149827223 0.019531910236065205
0 0.10251371677105243 0.4482112664442796 0.018970819619985726 0.01941996354323167
0 0.40997916001539964 0.9328494438758264 0.19828598315899187 0.13284859290489784
0 0.11399344297555777 0.9480612828181341 0.020463870121882513 0.02055021432729868
0 0.820283816410945 0.6111673208383414 0.021587518545297477 0.02163843008188101
0 0.014460748204818139 0.10628201411320613 0.01687133999971243 0.02560905309823843
0 0.6089691748985877 0.862452140221229 0.036892083974984974 0.03689076350285457
0 0.7682665311373197 0.3290059016301082 0.1013943598820613 0.10225728841928336
0 0.8439598083496094 0.04429703950881958 0.015627054067758415 0.015578911854670597
0 0.5352591001070462 0.25789286540104794 0.021573580228365384 0.021953582763671875
0 0.052878554050739 0.4747916001539964 0.02039511387164776 0.020327201256385215
0 0.020152124074789193 0.8403280698336087 0.02414780855178833 0.04336753258338341
0 0.8023952337411734 0.9504109896146334 0.019138629619891826 0.019261580247145433
0 0.06528935982630803 0.16408766233004057 0.0209353153522198 0.02073655678675725
0 0.2631550568800706 0.5953220954308143 0.018910041222205527 0.018726935753455527
0 0.5946444731492263 0.20639938574570876 0.01620336679311899 0.016170281630295973
0 0.2728276619544396 0.3618519122783954 0.02008643517127404 0.020133385291466348
0 0.8807440537672776 0.5486116042503943 0.015431037315955529 0.01533046135535607
0 0.491845571077787 0.5565894200251653 0.017514595618614785 0.017336185161884014
0 0.5580076070932242 0.5804953208336463 0.019363256601186898 0.019144791823167067
0 0.0870057436136099 0.4700319583599384 0.028715248291309062 0.028101554283728965
0 0.10467687936929557 0.5595204279972956 0.01932362409738394 0.019582601693960335
0 0.07649505596894485 0.590727659372183 0.03974433128650372 0.0394598153921274
0 0.014499651697965769 0.5372985693124624 0.012840892259891216 0.017333984375
0 0.10452640973604642 0.774018801175631 0.03691709958589994 0.03687286376953125
0 0.0732756440456097 0.6957440009483924 0.022995976301339958 0.02316430898813101
0 0.9407912034254807 0.7954141176663913 0.05331274179311899 0.052582080547626205
0 0.48286834129920375 0.9903945922851562 0.023902452909029447 0.016834405752328727
0 0.10075710369990422 0.5451378455528846 0.01467741452730619 0.014803813054011418
0 0.5367278685936561 0.11809406830714299 0.017536089970515326 0.017660801227276143
0 0.697644307063176 0.0350664693575639 0.01827416053185096 0.018038800129523642
0 0.29255542388329137 0.044771116513472334 0.02356686958899865 0.0235829261633066
0 0.197236207815317 0.49402640416071963 0.01545256834763747 0.015587219825157752
0 0.060692667961120605 0.7370694967416617 0.017101397881141074 0.017153519850510817
0 0.6661394559420072 0.6113941852863019 0.030283120962289665 0.030763992896446817
0 0.043859628530649036 0.1254107401921199 0.016654048974697407 0.0166168763087346
0 0.5348471494821402 0.5460511721097506 0.01408217503474309 0.01421965085543119
0 0.6186706102811373 0.12381560985858624 0.019192328819861777 0.019119464434110202
0 0.9839496612548828 0.5520903513981745 0.011775677020733174 0.015855789184570312
0 0.5264701843261719 0.15472780741178072 0.020632230318509616 0.021056688748873197
0 0.8161181669968826 0.8639596792367789 0.3411379594069261 0.2685397221491887
0 0.09571068103496845 0.32047183697040266 0.024721769186166618 0.024814458993765023
0 0.07552062548123874 0.31140668575580305 0.01447455699627216 0.014672279357910156
0 0.5448848651005671 0.10690894493689904 0.014482351449819712 0.014325655423677884
0 0.37418211423433745 0.7836892054631159 0.03792762756347656 0.03751167884239784
0 0.8125294905442458 0.9657244315514197 0.019263634314903848 0.01919981149526743
0 0.9822804377629206 0.9630431395310622 0.014055252075195312 0.01979549114520733
0 0.33282254292414737 0.9686905787541316 0.023461048419658955 0.023539029634915866
0 0.7354505979097806 0.5134506959181565 0.015454952533428486 0.015384527353140024
0 0.18305132939265326 0.7472032400277945 0.014146878169133114 0.014104109544020433
0 0.7887869614821214 0.9771633148193359 0.015242943396935096 0.015385847825270433
0 0.5242212002093976 0.4823085344754733 0.018192584698016826 0.01768640371469351
0 0.09933772453894982 0.028754266408773568 0.014789948096642127 0.014367002707261305
0 0.5313467612633338 0.5992529208843524 0.043721565833458535 0.04405843294583834
0 0.15843461110041693 0.48404451516958386 0.017769226661095254 0.01754907461313101
0 0.8676933875450721 0.585166490994967 0.014641394981971154 0.014782392061673678
0 0.017904960192166842 0.023746330004472 0.022282976370591383 0.027126119687007025
0 0.15200202281658465 0.6960007594181941 0.013927276317889873 0.014296605036808895
0 0.4505186080932617 0.2603951417482816 0.02910951467660757 0.0295101679288424
0 0.09877531345073993 0.3221643888033353 0.020898048694317158 0.020879452045147236
0 0.21161537904005784 0.03443938952225905 0.01582794923048753 0.01596346268287072
0 0.22072748037484977 0.5846661054171048 0.014400702256422777 0.014159202575683594
0 0.5518816434420072 0.32384212200458234 0.015640698946439303 0.015650088970477764
0 0.35126524705153245 0.7747686092670147 0.0368501223050631 0.03709558340219351
0 0.9107808333176833 0.045411994824042685 0.013747875507061299 0.013727802496690016
0 0.6631664862999549 0.057735287226163425 0.013472043550931491 0.013348029210017277
0 0.5434102645287147 0.5056274854219877 0.02129364013671875 0.020608021662785456
0 0.2574571462777945 0.7760422046367939 0.020161188565767728 0.0204007075383113
0 0.4522520945622371 0.3381360860971304 0.04065249516413762 0.040869639470027044
0 0.5661107576810397 0.5092338782090408 0.022297785832331732 0.021954829876239482
0 0.7738274794358474 0.9656397012563852 0.018514193021334134 0.018464015080378607
0 0.5740004686208872 0.005771359572043786 0.01741489997276893 0.010720764215175923
0 0.8410380436823919 0.6531800490159255 0.016614473783052884 0.016045790452223558
0 0.5246321604802058 0.15139167125408465 0.024242694561298076 0.023614259866567757
0 0.7628187032846304 0.8551513965313251 0.01950982900766226 0.019655667818509616
0 0.1106644868850708 0.4707768146808331 0.014860886793870192 0.01482853522667518
0 0.6913207127497747 0.8041857205904447 0.025299952580378607 0.025979262131911058
0 0.34606610811673677 0.6890478867750901 0.014866315401517428 0.01523883526141827
0 0.34517765045166016 0.9880591172438401 0.02473024221567007 0.019589350773737982
0 0.2882568652813251 0.6650161743164062 0.021494205181415264 0.02124962439903846
0 0.28682994842529297 0.5963481022761419 0.018872847923865683 0.019031671377328727
