0 0.19718072964594915 0.5124641931973971 0.07822748330923227 0.07855965540959285
0 0.33040596888615537 0.4315958023071289 0.04117789635291466 0.041072772099421576
0 0.23044916299673227 0.6919042880718524 0.021914958953857422 0.022150186391977165
0 0.8337429486788236 0.8324100787823017 0.07461988008939303 0.07541729853703426
0 0.9221376272348257 0.7286611703725961 0.0334314199594351 0.050655364990234375
0 0.7766615060659555 0.45596636258638823 0.027822347787710335 0.02786078819861779
0 0.2581990865560678 0.795672343327449 0.017942098470834587 0.017896505502554085
0 0.10959130067091721 0.15553929255558893 0.027731968806340143 0.02778493441068209
0 0.7967331226055439 0.2940382223862868 0.017086909367487982 0.01706101344181941
0 0.60534484569843 0.023120694435559787 0.020940340482271634 0.021040930197789118
0 0.6170524450448843 0.5123229760390061 0.018351334791917067 0.018665020282451924
0 0.494600956256573 0.3584578587458684 0.01814900911771334 0.018285457904522236
0 0.5675426629873422 0.2342984492962177 0.09704824594350961 0.0967268576988807
0 0.7558226952185998 0.7106034205510066 0.04452778742863582 0.044544219970703125
0 0.8805010135357196 0.6591421274038461 0.022371878990760215 0.022333291860727165
0 0.90782957810622 0.3697655751154973 0.022585355318509616 0.02269876920259916
0 0.7487904475285456 0.9216239635760968 0.019536825326772835 0.019693521352914665
0 0.5951711214505709 0.9215118701641376 0.0185394287109375 0.018458733191856973
0 0.2549872031578651 0.9024787315955529 0.017831802368164062 0.017733647273137018
0 0.1472764932192289 0.6065084384037898 0.015430853917048527 0.01553205343393179
0 0.9177774282602164 0.2518639931311974 0.014807481032151442 0.014769920935997596
0 0.8602498127863958 0.4066460682795598 0.15729713439941406 0.3112892004159781
0 0.11660216404841496 0.021152338156333335 0.014787710629976712 0.014792167223416842
0 0.8057614839993991 0.9936502163226788 0.0305478022648738 0.011994435237004207
0 0.6481791276198167 0.052040879543011 0.014923976017878605 0.014803079458383413
0 0.7646660437950721 0.3091944181002103 0.03709851778470553 0.036996107835036054
0 0.11744374495286208 0.9596346341646634 0.02266847170316256 0.022655340341421273
0 0.7100166907677283 0.49751677879920375 0.016451468834510215 0.01626249460073618
0 0.6584231303288386 0.4367537865271935 0.018209017240084134 0.01797632070688101
0 0.5932697516221267 0.4974536895751953 0.01722570566030649 0.01764825674203726
0 0.714068339421199 0.022936224937438965 0.020488739013671875 0.020492512446183424
0 0.9313492408165565 0.44364789816049427 0.014623788686899038 0.01590391305776743
0 0.3301193163945125 0.7563343048095703 0.015193792489858774 0.01532451923076923
0 0.503933099599985 0.08016698177044208 0.01885091341458834 0.01869379557096041
0 0.09877566190866324 0.23532313566941482 0.013765646861149715 0.013523321885329027
0 0.8472290772658128 0.6656075991117038 0.014300126295823317 0.01439197246844952
0 0.7813166104830228 0.13300079565781814 0.01584625244140625 0.01600823035606971
0 0.7976137307974008 0.22855204802293044 0.026553520789513223 0.02693286308875451
0 0.0761634845000047 0.05821238114283635 0.029887272761418268 0.029412086193378154
