0 0.39013671875 0.6888392521784856 0.019443218524639424 0.019652733435997598
0 0.3262784664447491 0.8014717102050781 0.029491131122295674 0.02969976571890024
0 0.642668944138747 0.3161311516394982 0.024918189415564902 0.025084257125854492
0 0.7827276083139273 0.3955217508169321 0.022960956280048076 0.02303658998929537
0 0.4602056650015024 0.6310873765211839 0.01858359116774339 0.018294847928560697
0 0.4847001295823317 0.8996753692626953 0.018682479858398438 0.01891180185171274
0 0.22649741172790527 0.3605152643643893 0.017084745260385368 0.017296644357534554
0 0.6642990112304688 0.7709547923161433 0.016799486600435697 0.016727300790640023
0 0.581330812894381 0.43513011932373047 0.01822500962477464 0.017902961144080527
0 0.6573264048649714 0.7192423893855169 0.015796074500450723 0.015704815204326924
0 0.6179293118990384 0.665610826932467 0.015546065110426683 0.015522003173828125
0 0.48234954247107875 0.024729760793539193 0.01619573739858774 0.016303329513623163
0 0.8818778991699219 0.8228253584641677 0.016443986159104567 0.016326904296875
0 0.6812287110548753 0.4792823791503906 0.015104733980618991 0.015001883873572716
0 0.8586107400747446 0.3309165147634653 0.015130556546724759 0.015145815335787259
0 0.7178466503436749 0.2478187084197998 0.014935566828801082 0.015179083897517277
0 0.4463918392474835 0.6404374195979192 0.015107154846191406 0.015241476205679087
0 0.33425118372990537 0.25576015619131237 0.01559308859018179 0.015403160682091346
0 0.0883326347057636 0.04935570863577036 0.013035224034236027 0.015127622164212741
0 0.8210119834313025 0.4381224558903621 0.014641248262845553 0.014639927790715145
0 0.7921992081862229 0.3147602081298828 0.014711820162259616 0.014676094055175781
0 0.6918524228609525 0.3354741610013522 0.014795743502103366 0.014742484459510216
0 0.2097189059624305 0.8814855722280649 0.01466831794151893 0.01447281470665565
0 0.26094711743868315 0.37121156545785755 0.014516683725210337 0.014780778151292067
0 0.2725426967327411 0.26097904718839204 0.014777110173152043 0.014756606175349308
0 0.7462541140042819 0.14507362475762 0.014482351449819712 0.014377704033484826
0 0.6222777733435998 0.43599957686204177 0.014637616964486929 0.014807481032151442
0 0.25608513905451846 0.8998495982243464 0.0198971308194674 0.01981661869929387
0 0.15065168417417085 0.01841747187651121 0.014158854117760291 0.014110677517377414
0 0.10563936600318322 0.7600429975069486 0.014795560103196364 0.014560699462890625
