0 0.2606995655940129 0.08420465542719914 0.07205511973454402 0.07199573058348435
0 0.2611703139085036 0.35407374455378604 0.2291262700007512 0.2739429473876953
0 0.31930266893827 0.22966799369225135 0.15610012641319862 0.15706429114708534
0 0.5598997702965369 0.3475924271803636 0.06390116764948918 0.06420619671161358
0 0.2100844383239746 0.031275070630587064 0.031481376061072715 0.03161982389596792
0 0.4586711296668419 0.7792574075552133 0.03279583270733173 0.032816373384915866
0 0.6166607049795297 0.24262666702270508 0.030197583712064303 0.029901724595289964
0 0.7087274698110727 0.9063483018141526 0.023193506094125602 0.023340371938852165
0 0.5399121504563552 0.9848387057964618 0.025273543137770433 0.024756651658278245
0 0.5208737299992487 0.28096932631272536 0.03328990936279297 0.03337709720318134
0 0.23366139485285833 0.19504866233238807 0.033941452319805436 0.03353206927959736
0 0.40258899101844203 0.6727014688345102 0.01938181657057542 0.019361055814302884
0 0.7021795419546274 0.22704379375164324 0.03274448101337139 0.03280907410841722
0 0.45932989854079026 0.36141322209284854 0.020322212806114785 0.020373050983135518
0 0.7111389453594501 0.7879924774169922 0.01828736525315505 0.018343118520883415
0 0.4594715925363394 0.8251360379732572 0.01911273369422326 0.019273904653695915
0 0.6487924135648288 0.883797132051908 0.025590163010817308 0.02578911414513221
0 0.40817950322077823 0.7942874615009015 0.020757235013521634 0.020899259127103366
0 0.3404117730947641 0.028361258598474357 0.017507259662334736 0.017481336226830117
0 0.6575496380145733 0.7774257659912109 0.016774104191706732 0.016937842735877402
0 0.2048951662503756 0.20024921343876764 0.01728057861328125 0.01756396660437951
0 0.44612605755145734 0.8963128603421725 0.02281042245718149 0.023129976712740384
0 0.6469357563899114 0.6878189673790565 0.018804256732647236 0.018799415001502402
0 0.1592846283545861 0.9268825237567608 0.018747953268197868 0.01873500530536358
0 0.7739160244281476 0.07312355591700627 0.019283294677734375 0.019374975791344277
0 0.36895920680119443 0.012906879186630249 0.01730970235971304 0.017213083230532132
0 0.4113293794485239 0.7237067589393029 0.01656759702242338 0.016437823955829326
0 0.7018251419067383 0.12829784246591422 0.041253163264347956 0.04104137420654297
0 0.7918863296508789 0.9919464404766376 0.029699178842397835 0.014692159799429087
0 0.5943795717679538 0.14185195702772874 0.027589944692758415 0.027247135455791768
0 0.4910878401536208 0.23768402979924128 0.018849739661583535 0.01883866236760066
0 0.8273368982168344 0.22878309396597055 0.017866868239182692 0.017966013688307542
0 0.6980656843919021 0.040208752338702865 0.01676808870755709 0.01655566692352295
0 0.5292936838590182 0.4165188716008113 0.059812765855055586 0.060257985041691706
0 0.5634211026705228 0.2769292134505052 0.06705782963679387 0.0644549956688514
0 0.7621014668391302 0.32855730790358323 0.018331380990835335 0.01854221637432392
0 0.5917811760535607 0.1734450780428373 0.019989747267503005 0.020110643826998197
0 0.28498000365037185 0.7334272678081806 0.03472005403958834 0.034932503333458535
0 0.6727977165809045 0.9019530369685247 0.02089837881234976 0.02106475830078125
0 0.4606480965247521 0.8858140065119817 0.025380501380333535 0.025324454674353965
0 0.6412793673001803 0.9349057124211237 0.015573061429537259 0.015289746798001803
0 0.40585925028874326 0.038289620326115534 0.01589518326979417 0.015838219569279596
0 0.531036743750939 0.07590305346709031 0.015073336087740384 0.015011906623840332
0 0.4364781746497521 0.013891575428155752 0.014402536245492788 0.014351922732133131
0 0.7450485963087815 0.07384751851742084 0.03373234088604267 0.03341477650862474
0 0.7629541250375601 0.8675393324631911 0.01691290048452524 0.0169528080866887
0 0.31549461071307844 0.14055116360004133 0.02070170182448167 0.020879525404710036
0 0.7219608747042142 0.20191553922799918 0.019705992478590745 0.019568883455716647
0 0.48045939665574294 0.7070169448852539 0.01468959221473107 0.014916053185096154
0 0.49335644795344424 0.10011186966529259 0.020713365994966947 0.02073390667255108
0 0.3774491823636569 0.0427086536700909 0.014646970308743991 0.014921738551213192
0 0.15222899730388934 0.5344960506145771 0.010370291196382962 0.016070072467510518
0 0.7057232489952674 0.07446456414002639 0.018512138953575723 0.018566324160649225
0 0.286930120908297 0.04669360014108511 0.020815335787259616 0.020953781329668485
0 0.2747449508080116 0.379704108605018 0.014159275935246395 0.014232195340670072
0 0.5101509094238281 0.18601905382596529 0.015694838303786058 0.0155790769136869
0 0.3580387555635892 0.9201938922588642 0.015818962684044473 0.01579871544471154
0 0.7070152576153095 0.8368013822115384 0.048471304086538464 0.047948250403771035
0 0.7384132972130408 0.10323287890507625 0.019221085768479567 0.019136575552133415
0 0.5876352970416729 0.5825407688434308 0.018503849322979268 0.018605525677020732
0 0.7285056480994592 0.2828849278963529 0.015461554894080529 0.015639378474308893
0 0.4412626853355995 0.6097714350773737 0.03904181260329027 0.03870699955866887
0 0.4151751444889949 0.9869419244619516 0.01541915306678185 0.015185282780573918
0 0.31011365010188174 0.10221210809854361 0.026190757751464844 0.026689657798180215
0 0.3478647745572604 0.952879758981558 0.02676105499267578 0.026612061720628005
0 0.3570603590745192 0.569040481860821 0.01467147240271935 0.014679321875939002
0 0.3978866430429312 0.16282253998976487 0.020003685584435098 0.020215768080491286
0 0.1864300140967736 0.6865134605994592 0.016208465282733623 0.016136609590970553
0 0.6832736088679388 0.5743113297682542 0.015329507681039663 0.016139690692608174
0 0.6427899874173678 0.8435758443979117 0.015239422137920674 0.015024038461538462
0 0.47130929506742036 0.19885954490074745 0.0281829833984375 0.027764173654409554
0 0.40192970862755406 0.5139096333430364 0.038763999938964844 0.038768694950984076
0 0.5167024318988507 0.2082966290987455 0.017410865196814902 0.017521051260141227
0 0.4584187727708083 0.886137082026555 0.03123048635629507 0.031628975501427285
0 0.5798884171705979 0.4375205406775841 0.048750070425180286 0.049051871666541465
0 0.5051875848036546 0.029841675208165094 0.014651958759014424 0.014754066100487342
0 0.45892194601205677 0.41527843475341797 0.019323348999023438 0.01967033973106971
0 0.6681071794950045 0.3300153292142428 0.016001187838040866 0.016082176795372598
0 0.31565413108238805 0.7192848645723783 0.02041024428147536 0.020186350895808294
0 0.45589032539954555 0.10591356570904072 0.019058080819936898 0.01893920164841872
0 0.5537908260638897 0.04947965420209444 0.014935566828801082 0.014719513746408315
0 0.8027138343224158 0.12939421947185809 0.024693709153395433 0.025211242529062126
0 0.4592076815091647 0.8641506341787485 0.017084708580603965 0.016993009127103366
0 0.546085577744704 0.4764719009399414 0.021931281456580527 0.021659704355093148
0 0.4985116445101224 0.20554298620957595 0.01594712184025691 0.016280137575589694
0 0.4646006730886606 0.7516066477848933 0.01768941145676833 0.017357312715970553
0 0.679150654719426 0.09434652328491211 0.01443774883563702 0.014391458951509915
0 0.26349540857168346 0.3729083354656513 0.013858721806452824 0.013813018798828125
0 0.39354779170109677 0.990486585176908 0.023448797372671273 0.017718681922325723
0 0.8035089052640475 0.12681650198422945 0.020609929011418268 0.02015546651986929
0 0.4073280187753531 0.016534801859122056 0.014732727637657752 0.014304452217542209
0 0.7951343242938702 0.06149599185356727 0.01803134037898137 0.01809384272648738
