0 0.3255001948429988 0.16553024145273063 0.07249142573429988 0.07252679421351506
0 0.27673735985389125 0.8110561370849609 0.07449084061842698 0.07420965341421273
0 0.46630250490628755 0.9355441606961764 0.05139659001277043 0.05194928095890926
0 0.3437042969923753 0.9644279479980469 0.08257321211007926 0.06516441932091346
0 0.5775288068331205 0.7892310069157527 0.08162938631497897 0.08238513653094952
0 0.36897952740009016 0.05656194228392381 0.025228133568396933 0.025331946519704964
0 0.3825481121356671 0.30423897963303786 0.030487647423377402 0.030694007873535156
0 0.2875554378216083 0.9826773863572341 0.03857007393470177 0.032163033118614785
0 0.6090869169968826 0.1696917460514949 0.2852922586294321 0.3079641048724835
0 0.5058130117563101 0.049983006257277265 0.025239210862379808 0.02532889522038973
0 0.5878697908841647 0.5696196922889123 0.025380501380333535 0.025370377760667067
0 0.5263904058016263 0.7511832897479718 0.026419712946965143 0.02678196246807392
0 0.5047661707951472 0.352634650010329 0.03593019338754507 0.03548856881948618
0 0.3165213144742526 0.896763067979079 0.04134713686429537 0.041364816518930286
0 0.5500478010911208 0.9216560950646033 0.05048245650071364 0.05000657301682692
0 0.4505157470703125 0.5127324324387771 0.06972914475661057 0.07004884573129508
0 0.643281496488131 0.4135909447303185 0.021814346313476562 0.021675550020658053
0 0.3699321013230544 0.49318904143113357 0.032132662259615384 0.03238061758188101
0 0.42228023822490984 0.5969793246342585 0.02237848135141226 0.022033324608435996
0 0.2551271732036884 0.9146804809570312 0.08084594286405124 0.0834667499248798
0 0.4801928446843074 0.5540940211369441 0.021158658541165866 0.021079650292029746
0 0.6012294475848858 0.3727699059706468 0.017469259408804085 0.017126743610088643
0 0.6885692889873798 0.48404943026029146 0.04347830552321214 0.04354102794940655
0 0.6588890369121845 0.7466896497286283 0.01878665043757512 0.018769337580754206
0 0.3745173674363356 0.87768371288593 0.04613832327035757 0.045330194326547474
0 0.5159951723538913 0.8136182931753305 0.02966440640963041 0.029390775240384616
0 0.4804917849027194 0.8722179119403546 0.07423679645244892 0.07535817072941707
0 0.31531678713285005 0.09197611075181228 0.018857442415677585 0.019025619213397685
0 0.6936287513146033 0.039763606511629544 0.02129980233999399 0.02164867978829604
0 0.7343695713923528 0.4537343245286208 0.01716921879695012 0.01737066415640024
0 0.5322330915010892 0.9572822130643405 0.035329965444711536 0.03518867492675781
0 0.4637665015000563 0.9787744375375601 0.035889038672814004 0.03520510746882512
0 0.2204580307006836 0.6796179551344651 0.01776255094088041 0.018296461838942308
0 0.6128263473510742 0.5080752005943885 0.0389708005464994 0.03843982403094952
0 0.6160014225886419 0.09842500319847694 0.01897562467134916 0.01890109135554387
0 0.4164284926194411 0.9682625990647536 0.05955153245192308 0.05855354895958534
0 0.6347628373366135 0.8597591106708233 0.045099845299353965 0.04523409329927885
0 0.4677277711721567 0.8150046421931341 0.06297456301175632 0.06327614417442909
0 0.43216914397019607 0.8302310063288763 0.03824424743652344 0.03863525390625
0 0.5600844163161057 0.4337575619037335 0.020566793588491585 0.02059012192946214
0 0.40343658740703875 0.5467554239126352 0.04333364046536959 0.04331838167630709
0 0.445370967571552 0.7505328838641827 0.028253702016977165 0.028205724862905648
0 0.7730975517859826 0.9159100605891302 0.022871017456054688 0.02307290297288161
0 0.33991692616389346 0.4924760598402757 0.06605214339036208 0.06591158646803635
0 0.5114769568810096 0.3770858324491061 0.025244932908278245 0.02566865774301382
0 0.3490820297828087 0.9111428627601037 0.03549964611346905 0.03522799565241887
0 0.4458284378051758 0.027391736324016865 0.016007056603064902 0.015971197531773493
0 0.25642963556142956 0.09498880459712102 0.01915718958928035 0.019370555877685547
0 0.4173567845271184 0.29613566398620605 0.051892794095552884 0.051881606762225814
0 0.7405844468336839 0.6139715634859525 0.015769811776968148 0.015560737022986779
0 0.2529957111065204 0.5317335862379807 0.014949945303109976 0.014997042142427884
0 0.5982147363516 0.1627340316772461 0.01827856210561899 0.018182543607858512
0 0.7843300746037409 0.544134470132681 0.013923351581280049 0.016131841219388522
0 0.37562113541823167 0.4597871486957257 0.033460103548490085 0.033619000361515924
0 0.36842236152062047 0.5390833341158353 0.029293573819673978 0.029384026160606973
0 0.7844392336331881 0.4154657950768104 0.01641698983999399 0.02202122028057392
0 0.46715861100416917 0.6840094786423904 0.07761030930739182 0.07642144423264724
0 0.6781673431396484 0.659371596116286 0.04305179302509014 0.04319146963266226
0 0.30962995382455677 0.21374750137329102 0.021396471903874323 0.021594927861140326
0 0.6950368147629958 0.6207469059870794 0.049861761239858776 0.04903221130371094
0 0.403900513282189 0.4170511319087102 0.03402225787823017 0.033061907841609076
0 0.3053444348848783 0.8491172790527344 0.03581986060509315 0.03612841092623197
0 0.30394394581134504 0.03906541604262132 0.01573977103600135 0.015565716303311862
0 0.6099064900324895 0.9763566530667819 0.040209256685697116 0.040268237774188705
0 0.22498961595388559 0.28571154521061826 0.02203068366417518 0.022333218501164362
0 0.6085949677687424 0.3546806482168344 0.014922802264873799 0.014814523550180288
0 0.46587745959942156 0.2380662514613225 0.05460357666015625 0.05518535467294546
0 0.6785321602454553 0.8584274145273062 0.046433522151066706 0.0467991462120643
0 0.49897531362680286 0.30283352044912487 0.04070766155536358 0.04023449237530048
0 0.4472378950852614 0.3313449712900015 0.02700658944936899 0.02735005892240084
0 0.32871150970458984 0.8718021099384015 0.028864053579477165 0.028972919170673076
0 0.48642862760103667 0.6361004756047175 0.033596185537484974 0.0337671133188101
0 0.7031395985529973 0.8208998166597806 0.043955289400540866 0.04355327899639423
0 0.2927646270165077 0.4593615165123573 0.02729210486778846 0.027367665217472956
0 0.563022833604079 0.20094600090613732 0.017929810744065505 0.017827987670898438
0 0.5342326164245605 0.02081636282113882 0.04017140315129207 0.039609478070185736
0 0.3163582728459285 0.2402472862830529 0.0162963133591872 0.01635397397554838
0 0.5795230131882888 0.5282835593590369 0.028905575092022236 0.02873860872708834
0 0.5938326028677133 0.7220925551194411 0.016337761512169473 0.01647215623121995
0 0.22276856349064753 0.07611940915767963 0.033444147843580976 0.05029998375819279
0 0.7058229446411133 0.9141949140108548 0.04752496572641226 0.04793460552509014
0 0.7010388007530799 0.5348149079542893 0.014933072603665866 0.015042818509615384
0 0.6994741146381085 0.42229472673856294 0.014838438767653245 0.014940922076885518
0 0.24485136912419245 0.4570607405442458 0.075013307424692 0.09235763549804688
0 0.37601845081035906 0.9142650457528921 0.0180206298828125 0.018086360051081732
0 0.7282466888427734 0.46999648901132435 0.015649942251352165 0.015515620891864482
0 0.22243400720449594 0.5058543131901667 0.02848361088679387 0.029436404888446514
0 0.7751723069411057 0.22034738614008978 0.03622729961688702 0.060167862818791315
0 0.5633920522836539 0.44039469498854417 0.033601614145132214 0.03422957200270433
0 0.369720642383282 0.5803716732905462 0.05217889639047476 0.051384338965782754
0 0.6655651239248422 0.26714823796198917 0.06697596036470853 0.06902533311110276
0 0.6861802614652194 0.13961153763991135 0.015461554894080529 0.015491834053626427
0 0.7304465954120343 0.6776080498328576 0.03709059495192308 0.03765722421499399
0 0.7621300770686223 0.6259872729961689 0.014726492074819712 0.014850909893329326
0 0.4134376232440655 0.9153342613807092 0.021992023174579326 0.02247311518742488
0 0.3461567805363582 0.8611375368558444 0.0205841064453125 0.019609598013070915
0 0.4871398118826059 0.38559598189133865 0.034401306739220254 0.034488677978515625
0 0.7487659454345703 0.8964539307814378 0.046659029447115384 0.04665976304274339
0 0.6444173959585336 0.6503881307748648 0.017728365384615384 0.01770195594200721
0 0.4092741379371056 0.11269030204186073 0.015644953801081732 0.01580663827749399
0 0.7774990521944486 0.49898547392625076 0.016823401817908652 0.016777698810283955
0 0.41226603434636044 0.8546206400944636 0.01966094970703125 0.019528315617487982
0 0.4033076212956355 0.6029113622812124 0.05419767819918119 0.05577776982234074
0 0.6051230430603027 0.8639508760892428 0.01636637174166166 0.016139984130859375
0 0.2351077153132512 0.6755101864154522 0.015790499173677884 0.015706722552959736
0 0.43701854118934047 0.9188467906071589 0.019322321965144232 0.019615613497220553
0 0.5336671242347131 0.668724353496845 0.06203504709097055 0.060278085561899036
0 0.56045623926016 0.6434963666475736 0.01652842301588792 0.016340989332932692
0 0.24308411891643816 0.9703364739051232 0.06069161341740535 0.0591131357046274
0 0.6294755202073318 0.7274375328650842 0.06615844139685997 0.06567999032827523
0 0.39087974108182466 0.8439319317157452 0.030350978557880107 0.02999261709359976
0 0.3903394112220177 0.7812756758469802 0.02029250218318059 0.020188258244441107
0 0.5661020278930664 0.5186791786780725 0.04437094468336839 0.043317134563739486
0 0.5547792728130634 0.10828737112192008 0.015055142916165866 0.01491407247690054
0 0.6446945483867939 0.7572743342472956 0.016598921555739183 0.016811664287860576
0 0.5878349450918344 0.9883565902709961 0.04817639864408053 0.022458443274864785
0 0.5134863119858962 0.7754701467660757 0.048489864055926986 0.04494623037484976
0 0.7671395081740159 0.036935306512392484 0.029630074134239785 0.029293280381422777
0 0.400942325592041 0.37664549167339617 0.04215035071739784 0.04198184380164513
0 0.5028173740093524 0.3422237909757174 0.015915357149564303 0.014724217928372897
0 0.4967856773963341 0.9566739889291617 0.032384358919583835 0.03201029850886418
0 0.7225542802077073 0.5895032149094802 0.014558351956881009 0.014508320735051082
0 0.7315880702092097 0.5631626569307767 0.02023652883676382 0.020072203416090745
0 0.3250930859492375 0.0658267094538762 0.014963516822228065 0.01473236083984375
0 0.5488138198852539 0.6670419252835788 0.026894642756535456 0.026543543888972357
0 0.3498957707331731 0.8337535124558669 0.019343156080979567 0.019608424260066107
0 0.2702743090116061 0.18804073333740234 0.029177188873291016 0.029371188237116888
0 0.2667223123403696 0.45282532618596005 0.024192369901216947 0.024161558884840745
0 0.6545779888446515 0.6303885533259466 0.028385749230018027 0.0284268305851863
0 0.7466889894925631 0.08507475486168495 0.025195782001201924 0.025490650763878457
