0 0.6945307804987981 0.16901375697209284 0.08446796123798077 0.08349287509918213
0 0.5054952914898212 0.6147956481346717 0.0700824444110577 0.07019681196946365
0 0.46597891587477464 0.322022951566256 0.060194895817683294 0.060086342004629284
0 0.7458609067476712 0.8961847745455228 0.03801287137545072 0.03797105642465445
0 0.7065696716308594 0.9800570561335638 0.03841957679161659 0.03529445941631611
0 0.7780590057373047 0.9442339677077073 0.02375030517578125 0.023891448974609375
0 0.5291165938744178 0.45477595696082485 0.127656863285945 0.12727678739107573
0 0.6112925456120417 0.5908053471491888 0.06329169640174279 0.06345514150766227
0 0.5968121015108548 0.5534488237821139 0.029510644766000602 0.029569625854492188
0 0.49189589573786807 0.9345736870398889 0.024783207820012018 0.024878281813401442
0 0.20601885135357195 0.034986491386707015 0.09085974326500526 0.06900928570674016
0 0.35468600346491885 0.09502726334791917 0.025651051447941706 0.025676690615140475
0 0.8220294072077825 0.23737668991088867 0.022679255558894232 0.022326542780949518
0 0.4193110099205604 0.18641328811645508 0.01832888676570012 0.018259268540602464
0 0.6683998107910156 0.6949969071608323 0.035535225501427285 0.035846710205078125
0 0.7433636738703802 0.6995613391582782 0.03930311936598558 0.04022070077749399
0 0.305267517383282 0.432399713076078 0.04511180290809044 0.045209517845740683
0 0.4912564937884991 0.8008854205791767 0.031818243173452526 0.03179667546198918
0 0.7017570642324594 0.6956272125244141 0.029790878295898438 0.029685533963716947
0 0.37358030906090367 0.24648112517136794 0.025207372812124398 0.025121688842773438
0 0.7269429426926833 0.797999015221229 0.01946405264047476 0.019275078406700723
0 0.35045961233285755 0.03031171514437749 0.01872092026930589 0.01899817815193763
0 0.5176346852229192 0.706021235539363 0.019047957200270433 0.019109579233022835
0 0.4384145736694336 0.477720884176401 0.025985130896935098 0.025964076702411357
0 0.6428147829495944 0.6666786487285907 0.03223565908578726 0.03229170579176683
0 0.24488405080942008 0.19955139893751878 0.02065101036658654 0.02066626915564904
0 0.36057483232938325 0.4881315231323242 0.01677359067476713 0.01675693805401142
0 0.4664814288799579 0.837773689856896 0.035901509798490085 0.03615217942457933
0 0.31904117877666766 0.23236586497380182 0.021208543043870192 0.021655742938701924
0 0.5306812433096079 0.5608826417189378 0.04033352778508113 0.04082753108097957
0 0.629504497234638 0.5472560295691857 0.02475709181565505 0.02476369417630709
0 0.4520145562978891 0.5156517762404221 0.027213536776029147 0.02715162130502554
0 0.5631562746488131 0.39659624833327073 0.017666156475360576 0.017555383535531852
0 0.44022571123563325 0.8367658028235803 0.01711441920353816 0.01738562950721154
0 0.7523987109844501 0.7377131535456731 0.018351041353665866 0.018290886512169473
0 0.20319139040433443 0.05503313816510714 0.016745934119591348 0.016836982506972093
0 0.41869853093073917 0.3482842445373535 0.031912583571213946 0.03178537808931791
0 0.22173600930434006 0.32808531247652495 0.07243570914635292 0.07300773033728966
0 0.603758298433744 0.9864812997671274 0.047611089853140026 0.025894311758188102
0 0.5259395379286546 0.8037818028376653 0.03163455082820012 0.031912583571213946
0 0.5858847544743464 0.6421682651226337 0.016475530771108773 0.016561361459585335
0 0.5184813279371995 0.20910842602069563 0.030933380126953125 0.030983704787034255
0 0.5684798680818998 0.929316520690918 0.0356293458205003 0.0359643789438101
0 0.6430848928598257 0.7790741553673377 0.02423858642578125 0.02432104257436899
0 0.8342383458064153 0.9835737668550931 0.025714287391075723 0.026779761681189902
0 0.34411415686974156 0.3002371604625995 0.029797187218299277 0.029314738053541917
0 0.2816618405855619 0.09399131628183219 0.03298667760995718 0.03253514950092022
0 0.44138306837815505 0.3855611727787898 0.03479414719801683 0.03504863152137169
0 0.537627807030311 0.8749046325683594 0.015691317044771634 0.015726529634915866
0 0.5556746996366061 0.7039206578181341 0.014857805692232572 0.014694507305438701
0 0.7838335770827073 0.3816080093383789 0.017186678372896634 0.01718931931715745
0 0.540062244121845 0.299412177159236 0.023557369525615986 0.023955711951622598
0 0.3986498025747446 0.26080538676335263 0.017835030188927285 0.01797654078556941
0 0.4682740064767691 0.8746155958909255 0.02491928980900691 0.024903517503004808
0 0.3639041093679575 0.011653771767249474 0.02727647928091196 0.022185664910536546
0 0.7994069319504958 0.9472900537344126 0.018549405611478366 0.01876097459059495
0 0.2834665041703444 0.527736076941857 0.015250976269061748 0.015163274911733774
0 0.6122689980726975 0.5215317652775691 0.031122134282038763 0.03127963726337139
0 0.5474513127253606 0.3319574502798227 0.025887415959284857 0.026180120614858773
0 0.5585871476393479 0.36700894282414365 0.03837035252497746 0.03806363619290865
0 0.46920299530029297 0.4184909967275766 0.032628426185021035 0.032606858473557696
0 0.8263988494873047 0.8739144251896784 0.015617957481971154 0.015411083514873799
0 0.28541282507089466 0.6016664505004883 0.023820950434758112 0.02423682579627404
0 0.28191951604989857 0.341001217181866 0.017745458162747897 0.017753014197716348
0 0.26082728459284854 0.9125584822434646 0.028893397404597357 0.028884740976186898
0 0.2949767296130841 0.551473434154804 0.03656625747680664 0.03673414083627554
0 0.51769102536715 0.7532692689162034 0.015074803278996395 0.015067467322716346
0 0.6163330078125 0.6699771147507888 0.01774743887094351 0.017771207369290866
0 0.33388790717491734 0.4981710727398212 0.027319834782527044 0.027401850773737982
0 0.5145476414607122 0.9217825669508714 0.02892127403846154 0.029114356407752402
0 0.46980520395132214 0.5021158365102915 0.016871525691105768 0.016909159146822415
0 0.6122333820049579 0.9247424052311823 0.022737649770883415 0.02290828411395733
0 0.1982437280508188 0.49393789584820086 0.014437492077167217 0.014648364140437199
0 0.48254878704364484 0.08244956456697904 0.016689153817983773 0.016659695368546706
0 0.8321974827693059 0.8915199866661658 0.014240558330829326 0.014170426588792067
0 0.3772738163287823 0.21157018954937273 0.019452608548677884 0.01983033693753756
0 0.18616162813626802 0.20278431819035456 0.020999761728140023 0.020754007192758415
0 0.5890087347764236 0.7310338387122521 0.02657604217529297 0.02700644273024339
0 0.6903878725492038 0.8012457627516526 0.014753194955679087 0.014786353478064904
0 0.2920485276442308 0.0487668514251709 0.02998652824988732 0.029845418838354256
0 0.3255716103773851 0.16449381754948542 0.04911496089054988 0.05022790798774132
0 0.39910118396465594 0.47356788928692156 0.014065375694861779 0.014415594247671274
0 0.315096194927509 0.47637734046349156 0.017614071185772236 0.017700048593374398
0 0.17352942320016715 0.3895390583918645 0.03142760350153996 0.03249520521897536
0 0.352349904867319 0.0837706235738901 0.1767911177415114 0.1647503559405987
0 0.41870880126953125 0.6149363150963416 0.0282290532038762 0.0278170658991887
0 0.4302688378554124 0.04578271278968224 0.03128337860107422 0.031155088773140542
0 0.6618649409367487 0.6424610431377704 0.02843636732835036 0.027975815993088942
0 0.28861412635216344 0.6451624356783353 0.02994559361384465 0.03038611778846154
0 0.6049823394188514 0.6368686235868014 0.013581422659067007 0.013888725867638221
0 0.3752335034883939 0.14355839215792143 0.013802455021784855 0.013855897463285007
0 0.547065258026123 0.8049517411452073 0.01771992903489333 0.017873030442457933
0 0.41927388998178333 0.8094513232891376 0.030858700092022236 0.0304718017578125
0 0.5162350581242487 0.32581762167123646 0.03460135826697716 0.03511663583608774
0 0.29126911896925706 0.46481767067542445 0.029784642733060397 0.02976674299973708
0 0.19069974239055926 0.26373478082510143 0.04696504886333759 0.04659322591928335
0 0.6035203200120193 0.7658959168654221 0.019073926485501803 0.019008636474609375
0 0.7891575739933894 0.8175051762507513 0.0347747802734375 0.035111647385817304
0 0.7502603530883789 0.8013245509221003 0.04006356459397536 0.039308401254507214
0 0.5005749188936673 0.5831196858332708 0.02841010460486779 0.028172713059645433
0 0.5665798187255859 0.6936323459331806 0.019092339735764723 0.019412700946514424
0 0.5234962610098032 0.7723847902738131 0.017882713904747598 0.017272362342247598
0 0.5232109656700721 0.35304447320791393 0.021781261150653545 0.02202635544996995
0 0.43548378577599156 0.6722682072566106 0.018727816068209134 0.018854581392728366
0 0.6173708989070013 0.9522333878737229 0.02404957551222581 0.023557516244741585
0 0.7189322251539964 0.7259575770451472 0.028424189640925482 0.028999915489783652
0 0.5240930410531851 0.2762046777285062 0.02379300044133113 0.023525054638202373
0 0.3853465226980356 0.5569727237407978 0.026852974524864785 0.027690594012920674
0 0.3654991296621469 0.2715646487015944 0.033017672025240384 0.03278790987454928
0 0.5927208020136907 0.41874555441049427 0.01778096419114333 0.017834296593299277
0 0.8329376073984 0.031049959934674777 0.012941800631009616 0.015117521469409648
0 0.2953353294959435 0.4613679005549504 0.0373081794151893 0.03804764380821815
0 0.61632016988901 0.4195358203007625 0.025441536536583535 0.02582271282489483
0 0.44399166107177734 0.1336793716137226 0.014000965998722957 0.014106291991013747
0 0.746197407062237 0.7993642366849459 0.0494232177734375 0.048746549166165866
