0 0.33507805604201096 0.49517081334040713 0.06622563875638522 0.0664364741398738
0 0.6959067124586839 0.7534799575805664 0.03964027991661659 0.03991391108586238
0 0.6307929845956656 0.8715322934664212 0.01906615037184495 0.019032111534705527
0 0.5766955522390512 0.7230607546292819 0.02864683591402494 0.028775435227614183
0 0.657065905057467 0.8005734957181491 0.033498910757211536 0.03321706331693209
0 0.6788287529578576 0.8732039378239558 0.021267524132361777 0.021724847646859977
0 0.6036771994370681 0.7014598112839919 0.02965244880089393 0.029564930842472956
0 0.6635340177095853 0.741364992581881 0.04094373262845553 0.04045369074894832
0 0.5066600212684045 0.7010335188645583 0.026728703425480768 0.026564671443058893
0 0.535823601942796 0.6642381961529071 0.027644817645733174 0.0278472900390625
0 0.5871207163884089 0.04825560863201435 0.06976259671724759 0.07064415858342098
0 0.6388943745539739 0.7507424721351037 0.046160184420072116 0.04656483576847957
0 0.6410578947800857 0.7849489358755258 0.025174654447115384 0.024340116060697116
0 0.6671569530780499 0.711274293752817 0.0197451664851262 0.019345943744365986
0 0.4461242602421687 0.06514425461108868 0.021384239196777344 0.02133318094106821
0 0.43704498731173 0.02063095111113328 0.018374076256385215 0.01820561519035926
0 0.6255431542029748 0.5755006350003756 0.018324925349308893 0.018720480111929085
0 0.6585966990544245 0.5711068373460036 0.019645250760591947 0.019733135516826924
0 0.3442212618314303 0.15670187656696027 0.030467766981858473 0.030102289639986478
0 0.27724788739131045 0.17882286585294282 0.019847906552828275 0.020672981555645283
0 0.6073497992295486 0.45874977111816406 0.018529965327336237 0.018540455744816706
0 0.5306298916156476 0.2510636586409349 0.022043448228102464 0.021918773651123047
0 0.3492873265193059 0.02623429665198693 0.01709116422213041 0.016870573163032532
0 0.5525339566744291 0.6441802244919997 0.021816547100360576 0.022036332350510817
0 0.3516368865966797 0.06622001757988563 0.020973645723783053 0.021209276639498197
0 0.4615326661330003 0.8656011728140024 0.016362557044396035 0.016288170447716348
0 0.6043960497929499 0.8745819238516 0.01602451617901142 0.015939712524414062
0 0.5138993630042443 0.6820857708270733 0.03474734379695012 0.034903306227463946
0 0.5235605973463792 0.3084697723388672 0.018868079552283652 0.018973937401404746
0 0.6905489701491135 0.6995517290555514 0.020209092360276442 0.020171678983248197
0 0.5494681505056528 0.40095314612755406 0.02098391606257512 0.02071527334359976
0 0.681734011723445 0.5838541617760291 0.028862733107346755 0.028784971970778245
0 0.4048187549297626 0.14448848137488732 0.015716112576998197 0.015748134026160605
0 0.6937110607440655 0.5415235299330491 0.019764239971454326 0.020035376915564902
0 0.2746022664583646 0.23136093066288874 0.015106274531437801 0.016579554631159857
0 0.5112461676964393 0.7801588498629056 0.033420416025015026 0.03457436194786659
0 0.3168300481942984 0.7231162144587591 0.03577621166522686 0.03592593853290264
0 0.3421945571899414 0.9370874991783729 0.01461043724646935 0.014573757465069111
0 0.7109481371366061 0.5754715846135066 0.031241490290715143 0.032412162193885215
0 0.7140945287851187 0.5503168839674729 0.02490395766038161 0.025347783015324518
0 0.6111522821279672 0.9049468407264123 0.014723997849684495 0.014570382925180288
0 0.6815629372229943 0.8012218475341797 0.016803154578575723 0.016577500563401442
0 0.7048185788668119 0.6368207931518555 0.017434340256911058 0.017585020798903245
0 0.3238534927368164 0.2569710291348971 0.015409029447115384 0.015315862802358774
0 0.3055100257580097 0.884182856633113 0.024727417872502253 0.024541267981896035
0 0.3480273393484262 0.15900637553288385 0.02756845034085787 0.02784750094780555
0 0.635703600369967 0.5612663122323843 0.01702880859375 0.017013109647310697
0 0.3226835544292743 0.23119847591106707 0.021284103393554688 0.020676686213566706
0 0.3431134590735802 0.21519897534297064 0.030672000004695013 0.030006261972280648
0 0.705935918367826 0.9418726701002854 0.02857516362116887 0.0284420893742488
0 0.6333659245417669 0.7338910469642053 0.01831186734713041 0.017870096059945915
0 0.7131112905649039 0.724708263690655 0.029451810396634616 0.03920247004582332
0 0.6638895181509165 0.7640883372380183 0.016542434692382812 0.016287730290339544
0 0.38469424614539516 0.13549877130068266 0.014063615065354567 0.014116709048931416
0 0.7093816903921274 0.5704207787146935 0.02888635488656851 0.028366822462815505
