0 0.23580290721012995 0.4427935526921199 0.07148918738731971 0.07058363694411057
0 0.4755462866563063 0.3468015377338116 0.051252511831430286 0.05078579829289363
0 0.6082925796508789 0.9531320425180289 0.023896143986628607 0.024237999549278848
0 0.8539488865778997 0.010993421077728271 0.0202176020695613 0.01987153750199538
0 0.5700292587280273 0.06080770492553711 0.024046824528620794 0.024342922063974235
0 0.3191970678476187 0.6821000025822566 0.023605713477501504 0.023703355055588942
0 0.5133395928602952 0.364865779876709 0.029825504009540264 0.029376396766075723
0 0.5710835823645959 0.7526142413799579 0.019228128286508415 0.019376314603365384
0 0.42374504529512846 0.24233396236713117 0.044133479778583236 0.044125850384051986
0 0.8312024336594802 0.8803118192232572 0.028635758620042067 0.028645148644080527
0 0.36273948962871844 0.9747401017409104 0.021875968346228965 0.021778106689453125
0 0.5520722315861628 0.36846058185283953 0.02755590585561899 0.02789908189039964
0 0.296917566886315 0.6517201203566331 0.02082622968233549 0.020724663367638223
0 0.4510028545673077 0.4319158700796274 0.026487350463867188 0.02626176980825571
0 0.3971078579242413 0.38816246619591344 0.031087435208834134 0.031357104961688705
0 0.1671298100398137 0.6965867556058444 0.02849105688241812 0.028350830078125
0 0.1295789755307711 0.6931224236121545 0.01884148671076848 0.01884005619929387
0 0.5228093220637395 0.06169045429963332 0.02492391146146334 0.025189858216505785
0 0.22594771018395057 0.4991977031414325 0.017914478595440205 0.017918806809645433
0 0.3089270224938026 0.964330086341271 0.018272986778846152 0.018332554743840143
0 0.37666841653677136 0.777443005488469 0.0175784184382512 0.017533375666691706
0 0.2183378659761869 0.8163482225858248 0.0423274407019982 0.04216443575345553
0 0.45184957064115083 0.8322442861703726 0.026708602905273438 0.0266262934758113
0 0.8600758772629958 0.589356018946721 0.14843133779672477 0.29018057309664214
0 0.3460256869976337 0.4774150114793044 0.058504691490760215 0.05979831402118389
0 0.4202701128446139 0.0997929756457989 0.03708223196176382 0.03683196581326998
0 0.12229988208183876 0.7560609670785757 0.016826849717360277 0.01700005164513221
0 0.7238547985370343 0.011414786944022546 0.03899794358473558 0.021673628917107217
0 0.3224940666785607 0.025073629159193773 0.015217414269080529 0.015373775592217078
0 0.43807554244995117 0.46346506705650914 0.03798763568584736 0.0373235115638146
0 0.27156508885897124 0.5039391150841346 0.0393834847670335 0.03901965801532452
0 0.9200005164513221 0.10992512336144081 0.015670189490685098 0.015911322373610277
0 0.837149766775278 0.1024246857716487 0.015469037569486178 0.015539444409883939
0 0.48235372396615833 0.013175501273228573 0.015480555020845853 0.01521226534476647
0 0.08736458191504845 0.8091069735013522 0.015939840903648965 0.01591344980093149
0 0.3423914542564979 0.9674858680138221 0.016665091881385215 0.0169222905085637
0 0.12140332735501803 0.7145303579477164 0.025505212637094352 0.02603941697340745
0 0.610571971306434 0.5417976746192346 0.015475860008826623 0.015403820918156551
0 0.29157143372755784 0.4622044196495643 0.053937398470365085 0.05519720224233774
0 0.4087238311767578 0.28708144334646374 0.029084425706129808 0.029624462127685547
0 0.08684530624976525 0.5652319467984713 0.01556081038254958 0.015516868004432091
0 0.33263591619638294 0.6332539778489333 0.014918914208045373 0.014793689434344951
0 0.3042599604679988 0.4702117626483624 0.014901161193847656 0.014874678391676683
0 0.32308142001812273 0.6242369871873122 0.015045166015625 0.014748793381911058
0 0.311435552743765 0.6346288827749399 0.015357017517089844 0.0147705078125
0 0.07254840777470516 0.586825810945951 0.01287983014033391 0.020109910231370192
0 0.7608690995436448 0.9836357556856595 0.014724438007061299 0.014969312227689303
0 0.812805909376878 0.51319276369535 0.07162064772385818 0.07120822026179387
0 0.47183814415564906 0.9104490280151367 0.017744137690617487 0.01774773230919471
0 0.5030318040114182 0.5938248267540565 0.015284171471228966 0.0153656005859375
0 0.8854894638061523 0.43224727190457857 0.017188585721529447 0.017455174372746393
0 0.5787693903996394 0.6666821699876052 0.05781056330754207 0.05646808330829327
0 0.9240677173321064 0.14256006937760574 0.015462435208834134 0.015437878095186673
0 0.38282453096829927 0.6577070676363431 0.12186387869027945 0.12055503405057467
0 0.43094924780038685 0.3468114412747897 0.026130822988656852 0.026675004225510817
0 0.8292496020977314 0.965511101942796 0.014628190260667067 0.014536344088040866
0 0.2731352769411527 0.2506275543799767 0.01454617426945613 0.014627823462853065
0 0.8326623623187726 0.9211475665752704 0.0538176023043119 0.052797170785757214
0 0.6507160480205829 0.5619221100440392 0.014274890606219951 0.014408258291391226
0 0.1042640209197998 0.8407604510967548 0.01527555172259991 0.015419593224158654
0 0.3424508021428035 0.8044800391564002 0.05775642395019531 0.058214040902944714
0 0.6532473930945764 0.5200552206773025 0.014135213998647837 0.014113793006310096
0 0.7512226838331956 0.8113020383394681 0.015552667471078726 0.015688089224008415
0 0.37166940248929536 0.25636911392211914 0.0172119140625 0.01741181887113131
0 0.2735753792982835 0.5500683417687049 0.14383829556978667 0.1454919668344351
