0 0.7084129040057843 0.7598554171048678 0.1733084458571214 0.17583905733548677
0 0.6918475077702448 0.1920618460728572 0.2708920698899489 0.27291022814237154
0 0.481654533973107 0.8337528522198017 0.041146498460036054 0.041061107928936295
0 0.30266879155085635 0.5584390346820538 0.09654316535362831 0.09827995300292969
0 0.5461319043086126 0.8368126795842097 0.024954795837402344 0.024974822998046875
0 0.24939856162438026 0.8668123391958383 0.021124729743370645 0.02123231154221755
0 0.36545929541954625 0.4709154275747446 0.020549920889047477 0.020410684438852165
0 0.8281314556415265 0.36043262481689453 0.02422156700721154 0.024278714106633112
0 0.7153403942401593 0.3161042653597318 0.042507318349984974 0.042405275198129505
0 0.33382001289954555 0.8617103283221905 0.01873441842886118 0.01879295935997596
0 0.6090623048635629 0.8448936022244967 0.017546360309307393 0.017727191631610576
0 0.36231290377103365 0.7483208729670598 0.018468269935021035 0.01846445523775541
0 0.31609370158268857 0.13739460248213547 0.039587974548339844 0.040355407274686374
0 0.16614264708298904 0.9280542226938101 0.016970120943509616 0.016879741962139424
0 0.25712002240694487 0.5512335483844464 0.023598964397723857 0.0238649661724384
0 0.4252510070800781 0.9800483997051532 0.01874997065617488 0.01864800086388221
0 0.15280712567842925 0.497501776768611 0.023714799147385817 0.024836173424353965
0 0.41327073023869443 0.780677501971905 0.01715572063739483 0.0171658442570613
0 0.7890090942382812 0.3525865994966947 0.01651587853064904 0.016787895789513223
0 0.6919611417330228 0.04721120229134193 0.06817949735201322 0.06788487617786114
0 0.2393663846529447 0.7653369903564453 0.05544493748591496 0.05555050189678486
0 0.5216708183288574 0.9072644893939679 0.015406535221980168 0.015624119685246395
0 0.44121907307551456 0.9580177894005408 0.01860464536226713 0.018784449650691107
0 0.5806925846980169 0.10823693642249474 0.039342293372521035 0.03980788817772499
0 0.5439995985764724 0.6929278006920447 0.030811163095327523 0.03081336388221154
0 0.7333784103393555 0.19577910349919245 0.016872699444110576 0.0170748417194073
0 0.4876287900484525 0.2998237976661095 0.09889852083646335 0.0960531234741211
0 0.5007220048170823 0.17147959195650542 0.03254861098069411 0.032900406764103815
0 0.41195165193997896 0.9090154354388897 0.015979473407451924 0.01608114976149339
0 0.8065415162306565 0.3690236531771146 0.015286665696364183 0.015552447392390324
0 0.45704232729398286 0.629051501934345 0.022186866173377402 0.02224115224984976
0 0.40702383334820086 0.059821248054504395 0.022073012131911058 0.022275172747098483
0 0.15299325722914475 0.12135689075176533 0.022756356459397536 0.03492949559138371
0 0.27249985474806565 0.13726427004887506 0.01849827399620643 0.018558007020216722
0 0.2489161858191857 0.011063878352825459 0.020609415494478665 0.01970019707312951
0 0.8106834705059345 0.10382781578944279 0.030460944542518027 0.03028534008906438
0 0.7692615802471454 0.6170781208918645 0.03955518282376803 0.038942190317007214
0 0.22411839778606707 0.01264681495152987 0.017336625319260817 0.017065116992363565
0 0.31345356427706206 0.19675471232487604 0.01778433873103215 0.01793978764460637
0 0.6507369554959811 0.6657345111553485 0.014227793766902043 0.01435103783240685
0 0.4915043757512019 0.7575873595017654 0.01543719951923077 0.015641139103816107
0 0.5586069547213041 0.3393084452702449 0.03307635967548077 0.03291130065917969
0 0.5787294827974759 0.8662206943218524 0.015738413884089544 0.01576511676494892
0 0.7069289867694561 0.20809206595787635 0.014214148888221154 0.014295651362492489
0 0.4001045593848595 0.577003552363469 0.015955558189978965 0.01613925053523137
0 0.7540576641376202 0.3010083712064303 0.034369248610276446 0.03441803271953876
0 0.4759509746844952 0.3675509966336764 0.01942751957820012 0.019254757807804987
0 0.6004327627328726 0.8914511753962591 0.021679804875300482 0.022095900315504808
0 0.49464258780846226 0.036815171058361344 0.025990412785456732 0.02627373658693754
0 0.4166600520794208 0.8876890035775992 0.01457977294921875 0.014658707838792067
0 0.7716181094829853 0.5518779021043044 0.03221599872295673 0.03230197613055889
0 0.5347820061903733 0.6311173072228065 0.0539701168353741 0.05409152691180889
0 0.3000781352703388 0.7709002861609826 0.014736028817983774 0.014766839834359976
0 0.8037573741032527 0.42003506880540115 0.013746261596679688 0.014062294593224159
0 0.3447097631601187 0.7892076785747821 0.015571374159592848 0.015631749079777643
0 0.2055386763352614 0.1564962497124305 0.014796257019042969 0.014939821683443509
0 0.45677610544057995 0.5815262427696815 0.014953319842998799 0.014784739567683293
0 0.2648744216332069 0.5164963648869441 0.022774733029879056 0.022799858680138223
0 0.6342053780188928 0.9580436853262094 0.014040286724384014 0.014423076923076924
0 0.8193946251502404 0.5084562668433557 0.03706623957707332 0.03703220073993389
0 0.33397623208852917 0.3733053940993089 0.09475240340599647 0.09250970987173227
0 0.2768711676964393 0.21449349476740912 0.015241402846116286 0.015246097858135518
0 0.5486895487858698 0.9492421517005334 0.014468853290264424 0.01462848369891827
0 0.14284196266761193 0.9210585080660306 0.012242463918832632 0.016380896935096152
0 0.8507108688354492 0.5021990262545072 0.017909710223858174 0.018651668842022236
0 0.6048562710101788 0.32450543917142427 0.03061089148888221 0.03109124990609976
0 0.46962429926945615 0.2435912352341872 0.04813942542442909 0.048524709848257214
0 0.18488352115337664 0.8314607326801007 0.017868518829345703 0.017760203434870794
0 0.8470336473905123 0.08662762091710018 0.018501428457406852 0.019695153603186973
0 0.3935083976158729 0.8470310798058143 0.015329067523662861 0.015485616830679087
0 0.7410090519831731 0.3361951754643367 0.020215841440054085 0.02033849862905649
0 0.43259804065410906 0.43695178398719203 0.1343847421499399 0.1376674358661358
0 0.4806904425987831 0.7783204592191256 0.01589804429274339 0.015991797814002402
0 0.7237797517042893 0.3507491625272311 0.020714393028846152 0.020801250751201924
0 0.5374310566828802 0.13558358412522536 0.02646666306715745 0.026955311114971455
0 0.7102333949162409 0.27555018204909104 0.014464158278245192 0.014376126802884616
0 0.7593697767991286 0.5060856892512395 0.05237095172588642 0.05276577289287861
0 0.39838321392352766 0.6506237616905799 0.014199330256535457 0.014223245474008413
0 0.21900701522827148 0.4867104383615347 0.015497867877666768 0.015495667090782752
0 0.48108724447397083 0.9211130875807542 0.013915282029371995 0.014354999248798076
0 0.16113681059617263 0.862393672649677 0.015434925372783955 0.015447910015399639
0 0.16252807470468375 0.007262280354133019 0.014866095322829027 0.013049682745566735
0 0.43241299115694487 0.5813142336331881 0.1872258553138146 0.17994235112116888
0 0.7721306727482722 0.5908235403207632 0.032816520104041465 0.03206707881047176
0 0.46622573412381685 0.1683189318730281 0.024549264174241286 0.024288140810452975
0 0.6016007936917819 0.3243717780480018 0.0380400144136869 0.03824147811302772
0 0.7694917825552133 0.9746149503267728 0.014129051795372596 0.014081514798677884
0 0.25133840854351336 0.6957510434664212 0.016338568467360277 0.016609925490159255
