0 0.5048130842355582 0.778106689453125 0.15375423431396484 0.15268971369816706
0 0.33915050213153547 0.6674028543325571 0.09088596930870643 0.09257566011868991
0 0.3513769003061148 0.8718600639930139 0.11738408528841458 0.11880713242750901
0 0.6309492404644306 0.9298675243671124 0.09516701331505409 0.09637597891000602
0 0.3464701725886418 0.8707825587346003 0.021001448998084433 0.02105126014122596
0 0.5587826875539926 0.010592150000425486 0.023237228393554688 0.01917321177629324
0 0.6199709818913386 0.4409955098078801 0.023722135103665866 0.023836062504695013
0 0.6306092922504132 0.14906870401822603 0.01798879183255709 0.017986334287203275
0 0.34470264728252703 0.13848670629354623 0.02533883314866286 0.025603514451246995
0 0.617759998028095 0.693123670724722 0.019802056826077975 0.019726973313551683
0 0.29663485747117263 0.5585328615628756 0.019610478327824518 0.019661830021784857
0 0.5909445469196026 0.6887204830463116 0.017897312457744893 0.01798409682053786
0 0.707776143000676 0.7071843514075646 0.022877619816706732 0.022916647104116585
0 0.4720607537489671 0.40396950795100284 0.018130669227013223 0.01814108628493089
0 0.5773444909315842 0.5008096694946289 0.01893006838285006 0.01916078420785757
0 0.28121078931368315 0.4547721422635592 0.018862210787259616 0.02121279789851262
0 0.3675119693462665 0.7418534205510066 0.019591404841496393 0.019911545973557692
0 0.3586845397949219 0.9077977400559646 0.017403822678786058 0.017697554368239183
0 0.35098912165715146 0.8879625613872821 0.01662166302020733 0.017001518836388223
0 0.698786368736854 0.886170167189378 0.061876150277944714 0.09767679067758414
0 0.29879181201641375 0.514986698444073 0.022562320415790264 0.02253613105187049
0 0.5188416701096755 0.3541106444138747 0.015360465416541466 0.015696598933293268
0 0.4179804875300481 0.5283029629633977 0.10960872356708233 0.10811006105863132
0 0.4970282041109525 0.4521014140202449 0.015428396371694712 0.015228198124812199
0 0.5950436958899865 0.8574930337759165 0.01666091038630559 0.01604285606971154
0 0.52491151369535 0.6973416988666241 0.035216111403245196 0.03446036118727464
0 0.34692874321570766 0.40088569200955904 0.045717679537259616 0.04518670302170973
0 0.4936544711773212 0.049583921065697305 0.050389656653771035 0.050835481056800254
0 0.6865551288311298 0.36518614108745867 0.04911540104792668 0.04889818338247446
0 0.5166196823120117 0.32536954146165115 0.027379842904897835 0.027016639709472656
0 0.3243220402644231 0.5601482024559608 0.026558362520658053 0.02703989469088041
0 0.3428796621469351 0.28233843583327073 0.015122780433067909 0.014919354365422176
0 0.6603671587430514 0.5846392191373385 0.10060545114370492 0.10119034693791316
0 0.3058366041917067 0.10941510934096116 0.026790398817795973 0.02726290776179387
0 0.5462209994976337 0.43620879833514875 0.014990733220027043 0.015186163095327524
0 0.5188716741708609 0.3265584432161771 0.02255557133601262 0.02250502659724309
0 0.5153270868154672 0.5529112082261306 0.022376867441030648 0.02221217522254357
0 0.44566932091346156 0.6239737730759841 0.03329893258901743 0.032915555513822116
0 0.3387292715219351 0.4844929621769832 0.015115297757662259 0.015045899611253005
0 0.5446581473717322 0.4927215942969689 0.020977533780611478 0.02120656233567458
0 0.4052198850191556 0.18869414696326622 0.017676866971529447 0.017847061157226562
0 0.68901854294997 0.7356565915621244 0.014432173508864183 0.014432760385366587
0 0.4907785929166354 0.6821001493013822 0.02970732175386869 0.029658977801983174
0 0.45259875517625076 0.6933700854961689 0.044098927424504206 0.045146942138671875
0 0.6725675142728366 0.8130620076106145 0.01572550260103666 0.015769811776968148
0 0.27997875213623047 0.5140644953801081 0.01395882092989408 0.014256697434645433
0 0.3045008365924542 0.25740777529202974 0.028288547809307393 0.028310188880333535
