0 0.2650575087620662 0.8770693265474759 0.0644690073453463 0.06481288029597355
0 0.4519668725820688 0.1491109958061805 0.26759573129507214 0.26581181012667143
0 0.6862338873056265 0.17481580147376427 0.08887525705190805 0.08902343419881967
0 0.3318526561443622 0.6238285945012019 0.05055875044602614 0.05060493029080904
0 0.6611343530508188 0.9590593484731821 0.04099699167104868 0.040999192457932696
0 0.155178766984206 0.27701498911930966 0.04101848602294922 0.041385760674109824
0 0.5460780217097356 0.42535558113685024 0.03296529329740084 0.03296573345477764
0 0.382260982806866 0.3004176433269794 0.03314883892352764 0.032395362854003906
0 0.12951074196742132 0.7230578202467698 0.05019512543311486 0.05000569270207332
0 0.2725040362431453 0.1860062342423659 0.04233763768122746 0.042458644280066855
0 0.5524965066176194 0.5599702688363882 0.024127960205078125 0.024009557870718148
0 0.5483650060800406 0.6728233924278846 0.03221218402569111 0.03231606116661659
0 0.5882555154653696 0.5100619242741511 0.03408681429349459 0.034243070162259616
0 0.2551432389479417 0.015274896071507381 0.030581327585073616 0.029022789918459378
0 0.8514341941246619 0.7187287990863507 0.029109074519230768 0.029128441443810098
0 0.6664267319899339 0.8756418961745042 0.02272972693810096 0.02285619882436899
0 0.11644057127145621 0.49648541670579177 0.030216107001671426 0.030174695528470553
0 0.3712612298818735 0.4035527155949519 0.025303033682016227 0.02559500474196214
0 0.6226803706242487 0.2460925579071045 0.02992101816030649 0.029803679539607122
0 0.6118804858281062 0.5648694771986741 0.019148826599121094 0.019016559307391826
0 0.22157769936781663 0.2737679114708534 0.02176801974956806 0.02170533400315505
0 0.1539139564220722 0.1342350703019362 0.022873805119441107 0.022905771548931416
0 0.32952532401451695 0.8580737480750451 0.051679097689115085 0.05118355384239784
0 0.8460103548490084 0.13468056458693284 0.0408471914438101 0.0408937747661884
0 0.443661983196552 0.7325583971463717 0.027831591092623197 0.028143809391902044
0 0.1326952072290274 0.9210376739501953 0.034818245814396784 0.03501686683067909
0 0.45966364787175107 0.38358526963454026 0.025333624619704027 0.02544124309833233
0 0.6691350203294021 0.38793153029221755 0.022881434513972357 0.02308045900785006
0 0.0776297404215886 0.6115802251375638 0.0244143009185791 0.024409000690166768
0 0.6822420266958383 0.45811007573054385 0.018310400155874398 0.01831846970778245
0 0.5562904064471905 0.9638268397404597 0.01795680706317608 0.017825786884014424
0 0.10015760018275334 0.8623753327589768 0.031220344396737907 0.03137837923490084
0 0.2243952934558575 0.5090586588932917 0.04265113977285532 0.04264112619253305
0 0.6242728600135217 0.8454925096951998 0.020448574653038613 0.020472159752478965
0 0.7022606042715219 0.8303699493408203 0.024974676278921273 0.02482751699594351
0 0.40065633333646333 0.9605866212111253 0.0177456782414363 0.017666009756234977
0 0.7578047238863431 0.6206031946035532 0.03475511991060697 0.03430982736440805
0 0.18912535447340745 0.6337403517503005 0.021721913264347956 0.02160057654747596
0 0.581266476557805 0.29171210068922776 0.034545531639685996 0.0341337644136869
0 0.342138803922213 0.3762440314659706 0.018073228689340446 0.017720882709209736
0 0.9300600198599008 0.7441448064950796 0.04150067842923678 0.04167630122258113
0 0.7397294411292443 0.43822361872746396 0.02240591782789964 0.022478910592886116
0 0.8868138973529522 0.9845520899846003 0.029239947979266826 0.026284144474909857
0 0.6957137768085186 0.08264601230621338 0.0164029048039363 0.016364684471717246
0 0.5948799940255972 0.07976332077613243 0.032323250403771035 0.03220011179263775
0 0.8595501826359675 0.8448759225698618 0.020587627704326924 0.020831181452824518
0 0.6943343235896184 0.37461280822753906 0.07908307589017428 0.07784190544715294
0 0.40353723672720104 0.15112961255587065 0.017393845778245192 0.017336918757512018
0 0.7752930567814753 0.38093801645132214 0.01759000924917368 0.017353938176081732
0 0.7183175453772912 0.521174797644982 0.02045293954702524 0.02074094919057993
0 0.3663579500638522 0.5189012747544509 0.01809545663686899 0.018089661231407754
0 0.43303533700796276 0.010814130306243896 0.016075794513408955 0.015647448026216947
0 0.09752622017493615 0.2315217531644381 0.019652770115778997 0.01967316407423753
0 0.4392161736121544 0.478725580068735 0.020250907311072715 0.020632523756760817
0 0.5027060875525842 0.33372013385479266 0.024359776423527643 0.02443357614370493
0 0.22763453997098482 0.7320120884821966 0.0212557132427509 0.02125886770395132
0 0.042974114418029785 0.7032890319824219 0.029671595646784857 0.02929834219125601
0 0.11377565677349384 0.09191820254692665 0.033084759345421426 0.03310324595524715
0 0.06427897398288433 0.321254510145921 0.016784833027766302 0.016933587881234977
0 0.6810099528386042 0.539929096515362 0.08269764826847957 0.08396016634427585
0 0.18683151098398063 0.3273597497206468 0.02151599297156701 0.021435004014235277
0 0.8618841904860276 0.4482154846191406 0.026139185978816107 0.026348994328425482
0 0.05040466785430908 0.6797483884371244 0.020556229811448317 0.020579998309795674
0 0.9136348137488732 0.7036063854510968 0.05128068190354567 0.05178216787484976
0 0.3158586575434758 0.32267247713529146 0.028508846576397236 0.02819545452411358
0 0.5981836318969727 0.45702677506666917 0.015313368577223558 0.015479968144343449
0 0.6431650015024039 0.830788832444411 0.024225381704477165 0.023947495680588942
0 0.20414601839505708 0.7507921365591196 0.02910195864163912 0.029848685631385215
0 0.9538726806640625 0.8692706915048453 0.015958052415114183 0.016033025888296273
0 0.44480488850520206 0.39834293952355015 0.024497032165527344 0.02453760000375601
0 0.2810197976919321 0.5792830907381498 0.017701369065504808 0.01750806661752554
0 0.32646762407743013 0.0872198434976431 0.017865547767052285 0.018058153299184945
0 0.19347517306988055 0.9597781254695013 0.019526921785794772 0.019395828247070312
0 0.7632002463707557 0.8340128385103666 0.027107825646033652 0.026907847477839544
0 0.8695058089036208 0.4134494708134578 0.018105140099158652 0.017850068899301384
0 0.08931205822871281 0.9477116511418269 0.0182187373821552 0.018088707557091348
0 0.1127536021746122 0.5195878102229192 0.016376568720890924 0.016337834871732272
0 0.48755829150860125 0.4043068519005409 0.031728230989896335 0.03157821068396935
0 0.03290311189798208 0.749575688288762 0.022632268758920524 0.025574904221754808
0 0.6579471001258264 0.1309255728354821 0.024920830359825723 0.02448725700378418
0 0.43971725610586315 0.02749040722846985 0.015201862041766826 0.015414581849024845
0 0.5625810256371131 0.09323508922870342 0.02617777310884916 0.026080846786499023
0 0.31779157198392427 0.14494559398064247 0.01901831993689904 0.01899255239046537
0 0.14944631319779617 0.6991276374230018 0.020028169338519756 0.019769815298227165
0 0.08284290937276986 0.2233145787165715 0.015227996386014499 0.015217781066894531
0 0.5864472022423377 0.23244617535517767 0.01814431410569411 0.018406757941612832
0 0.6688398948082557 0.8474710904634916 0.015718460083007812 0.01578551072340745
0 0.4892527140103854 0.8266250903789814 0.05685842954195463 0.056928781362680286
0 0.6820090367243841 0.40543288450974685 0.020220243013822116 0.02054148453932542
0 0.6239629892202524 0.8233625705425556 0.016665238600510817 0.016825015728290264
0 0.2598399565770076 0.7240044520451472 0.01693875973041241 0.01714148888221154
0 0.5571941229013296 0.3592720398536095 0.01732356731708233 0.017424583435058594
0 0.05668098192948561 0.20685414167550895 0.016076399729802057 0.01590882814847506
0 0.24601171566889837 0.3131689658531776 0.02162027359008789 0.021692422720102165
0 0.6128251735980694 0.4653271528390738 0.01605855501615084 0.016105064978966348
0 0.33757561903733474 0.8870315551757812 0.015578196598933293 0.015743549053485576
0 0.14042300444382888 0.3846878638634315 0.019353224680973932 0.01923817854661208
0 0.26512303719153774 0.9593389217670147 0.07211619157057542 0.07068355266864483
0 0.6818733948927659 0.8680786719689002 0.015683834369365986 0.015677525446965143
0 0.16472680752093977 0.6572270026573768 0.01786206318781926 0.017799964317908652
0 0.8772239685058594 0.4655142930837778 0.015169290395883413 0.01492448953481821
0 0.4039594576908992 0.20129075417151818 0.0266726567195012 0.02669246380145733
0 0.028835021532498874 0.5932474136352539 0.012035635801462026 0.014810708852914663
0 0.40274964846097505 0.4732188078073355 0.029039309575007513 0.029467656062199518
0 0.7918265416071966 0.576271497286283 0.014837411733774038 0.014650785006009616
0 0.32840626056377703 0.04198073423825777 0.014828755305363582 0.015103466235674344
0 0.520503044128418 0.31235416118915266 0.034413704505333535 0.034553161034217246
0 0.37629340245173526 0.47684662158672625 0.022300353417029746 0.022911218496469352
0 0.25864744186401367 0.08949947357177734 0.01834759345421424 0.0186159794147198
0 0.3910364371079665 0.744013419518104 0.015938465411846455 0.016192069420447715
0 0.5177417901846079 0.31723814744215745 0.0270233154296875 0.026475833012507513
0 0.4250831604003906 0.1745262879591722 0.02150579599233774 0.021451583275428183
0 0.11693741725041316 0.09442940125098595 0.028946106250469502 0.028571679041935846
0 0.646208616403433 0.9934936670156626 0.015975218552809495 0.011549142690805288
0 0.17650270462036133 0.1881845914400541 0.022020780123197116 0.022261692927433893
0 0.42714940584622896 0.45107327974759615 0.029509617732121393 0.029292913583608773
0 0.489104857811561 0.34630746107835036 0.014204758864182692 0.014101175161508413
0 0.15816120000985953 0.9040430509127103 0.023797035217285156 0.023310441237229567
0 0.027488334820820734 0.42813279078556943 0.010359741174257718 0.016379943260779746
0 0.17542617137615496 0.9346551161545974 0.022882791665884163 0.022557185246394232
0 0.616520148057204 0.47868141761192906 0.014784446129432091 0.014699642474834736
0 0.1609650391798753 0.19975359623248762 0.014314000423137959 0.014002433189978966
0 0.11994352707496056 0.596743290240948 0.01685668871952937 0.016524241520808294
0 0.5762870495135968 0.7039130284236028 0.06699400681715745 0.0673980712890625
0 0.10041524813725398 0.9925277416522686 0.01785766161405123 0.012971731332632212
0 0.8502527383657602 0.8015808692345252 0.014695094181941105 0.014770214374248799
0 0.5404255940363958 0.2755903464097243 0.025374779334435098 0.026051668020395134
0 0.37902413881742036 0.4746508231529823 0.017499556908240683 0.01739047123835637
0 0.5630073180565467 0.6025473154508151 0.013778906602125902 0.014019232529860277
0 0.44571839846097505 0.6902870765099158 0.020125169020432692 0.02011695274939904
0 0.5337062982412485 0.4547901153564453 0.014454181377704326 0.014591070321890024
0 0.3909223996675931 0.7716701214130108 0.02114383990948017 0.02112550001878005
0 0.42183604607215297 0.4555109464205228 0.034249525803786054 0.03440167353703426
0 0.32422696627103365 0.2706331656529353 0.02785213177020733 0.02803967549250676
0 0.727207037118765 0.630336908193735 0.01854104262131911 0.018643892728365384
0 0.5316292322598971 0.057170322308173545 0.05600943932166466 0.05570386923276461
0 0.5299979356619028 0.8976199076725886 0.02189973684457632 0.02224144568810096
0 0.9128902141864483 0.820747815645658 0.014331817626953125 0.014625255878155049
0 0.1387763940371 0.02370684421979464 0.02071982163649339 0.02075009162609394
0 0.1947173888866718 0.0790329804787269 0.017648733579195462 0.01750788321861854
0 0.4169331330519456 0.45921809856708234 0.0312654055081881 0.030110872708834134
0 0.41343080080472505 0.4621923520014836 0.02760461660531851 0.026836468623234674
0 0.03139450229131258 0.8690816439115084 0.021505571328676663 0.025460463303786058
0 0.4307704338660607 0.44791269302368164 0.02786570328932542 0.02770827366755559
0 0.2433493320758526 0.25630488762488735 0.014113719646747295 0.014127584604116587
