0 0.39961880903977615 0.2679332953232985 0.06778210860032302 0.0681002690241887
0 0.6332380588238056 0.055165996918311484 0.023700127234825723 0.023337547595684346
0 0.3086219934316782 0.40061554541954625 0.04530849823584923 0.04531992398775541
0 0.7673414670504056 0.8149781593909631 0.021717218252328727 0.021720299353966348
0 0.6951968119694636 0.978598374586839 0.04306778540978065 0.04015555748572716
0 0.2660385278555063 0.6467694502610427 0.026630364931546725 0.026581690861628607
0 0.27062208835895246 0.32455976192767805 0.028468792255108174 0.028510533846341647
0 0.19891518812913161 0.6518375690166767 0.033258218031663164 0.05016869765061598
0 0.46010072414691633 0.8232979407677283 0.020136319673978366 0.02004212599534255
0 0.2767455577850342 0.3786823566143329 0.030017375946044922 0.029672916118915264
0 0.4940493657038762 0.9452002598689153 0.030400789701021634 0.030789008507361777
0 0.2945548937870906 0.07317533859839806 0.018764019012451172 0.018547589962299053
0 0.731593132019043 0.1797671501453106 0.019375727726862982 0.01936189944927509
0 0.22715939008272612 0.30997129587026745 0.020502603971041165 0.020499449509840745
0 0.38440319207998425 0.22376658366276667 0.020143728989821214 0.02005936549260066
0 0.29570544683016264 0.22369054647592398 0.021557000967172477 0.021970162024864785
0 0.19432676755464995 0.45799922943115234 0.02192262502817007 0.02185689485990084
0 0.7093962155855619 0.9481788048377404 0.03635861323429988 0.03605094322791466
0 0.46237457715548 0.2212052712073693 0.025756982656625602 0.0261537845318134
0 0.3404832986684946 0.9580842531644381 0.05277442932128906 0.05285292405348558
0 0.7697512553288386 0.5456935075613168 0.023421214177058294 0.02332445291372446
0 0.5093293556800256 0.2129664787879357 0.02117582467886118 0.021337142357459433
0 0.6912375230055589 0.8769972874568059 0.017341760488656852 0.017339266263521634
0 0.2120082928584172 0.3942076609684871 0.021867018479567308 0.021833126361553486
0 0.49481707352858323 0.40091705322265625 0.018210190993088942 0.0181884765625
0 0.402040958404541 0.10715126991271973 0.03714554126446064 0.036939217494084284
0 0.2939898050748385 0.1682112216949463 0.030637227571927585 0.0301972169142503
0 0.2501053443321815 0.19002270698547363 0.023905827448918268 0.02383221112764799
0 0.6906995039719802 0.12337932219872108 0.025721036470853366 0.025905939248891976
0 0.22025647530188927 0.4241461387047401 0.01749409162081205 0.017560665424053486
0 0.5980389301593487 0.9097555600679837 0.0279538081242488 0.028094365046574518
0 0.6681144420917218 0.17683817790104792 0.025586054875300482 0.02598997262807993
0 0.670376704289363 0.14060244193443885 0.017180222731370192 0.017413927958561823
0 0.2408455335176908 0.4355636009803185 0.025949624868539665 0.026092676016000602
0 0.30626370356633115 0.3628988999586839 0.0167696292583759 0.016695609459510215
0 0.5275274423452524 0.24698246442354643 0.016621809739332933 0.016495337853064902
0 0.2213890919318566 0.8136319380540115 0.023210598872258112 0.023202162522536058
0 0.724423335148738 0.036230080402814425 0.02885290292593149 0.028458810769594632
0 0.7951504633976862 0.5059945033146784 0.017608789297250602 0.01765573941744291
0 0.2554169801565317 0.16458733265216535 0.032455811133751504 0.03238696318406325
0 0.2616139375246488 0.9263516939603366 0.019038053659292366 0.018920311560997598
0 0.7355025364802434 0.9180410091693585 0.039934598482572116 0.040163627037635215
0 0.34393651668842024 0.07791765836568978 0.023804077735314004 0.023341784110436074
0 0.3485577656672551 0.04478395443696242 0.03457084068885216 0.034315063403202936
0 0.3396924825815054 0.41551758692814755 0.03497167733999399 0.03492663456843449
0 0.5769637914804312 0.12596465074099028 0.029213538536658652 0.02913500712468074
0 0.21282082337599534 0.6255678030160757 0.025879859924316406 0.026101002326378457
0 0.5986286676847018 0.13392504361959603 0.015885426447941706 0.01592144599327674
0 0.8039823678823618 0.2684975587404691 0.01936941880446214 0.019405438349797174
0 0.30320998338552624 0.8081331986647385 0.018679288717416618 0.018567598783052884
0 0.23401502462533805 0.11260672715994027 0.03509323413555439 0.03483992356520433
0 0.35044068556565505 0.17745124376737154 0.04877515939565805 0.048862640674297624
0 0.22733380244328424 0.49143336369441104 0.02423403813288762 0.02416537358210637
0 0.29762942974384016 0.9916730293860803 0.01966538796058068 0.014754662146935096
0 0.3145310328556941 0.8881149291992188 0.022834025896512546 0.02280426025390625
0 0.6376950924213116 0.18999972710242638 0.01712197523850661 0.016997263981745794
0 0.24799761405357948 0.5437168708214393 0.01612743964562049 0.016153408930851862
0 0.3946203818688026 0.8205203276414138 0.017540711622971755 0.017510047325721152
0 0.20483790911160982 0.8486046424278846 0.017850288977989785 0.017756535456730768
0 0.553702867948092 0.7218429858867939 0.02486581068772536 0.02473302987905649
0 0.21903368142934945 0.15679249396690956 0.016157810504619893 0.016341640399052546
0 0.5592635228083684 0.8937819554255559 0.014941802391639123 0.015211838942307692
0 0.19765855715825006 0.41832608443040115 0.028131705064039964 0.028842339148888223
0 0.7069572302011343 0.056809232785151556 0.029268704927884616 0.029293133662297174
0 0.6023729030902569 0.9289615337665265 0.018712997436523438 0.01863993131197416
0 0.20088817523075983 0.5639436428363507 0.018473478463979866 0.018705074603740986
0 0.6589154463547927 0.945038942190317 0.037294827974759616 0.03639837411733774
0 0.594261096074031 0.8589715957641602 0.020837123577411357 0.021120218130258415
0 0.7308650383582482 0.30902547102708083 0.028689457820012018 0.028656959533691406
0 0.2819375625023475 0.2028959347651555 0.014778870802659255 0.014580286466158353
0 0.40778255462646484 0.549897707425631 0.33121329087477464 0.3264198303222656
0 0.7512758695162259 0.28290141545809233 0.03483229417067308 0.034942993750939004
0 0.34758831904484677 0.016130760312080383 0.047428204463078424 0.030641150016051073
0 0.2944060288942777 0.1419396950648381 0.023547942821796123 0.02349651776827299
0 0.36697086921105015 0.3292849980867826 0.015712958115797777 0.015806858356182393
0 0.38811206817626953 0.36182330204890323 0.027939649728628304 0.02726921668419471
0 0.49226614145132214 0.08042639035444993 0.1409580524151142 0.13695438091571516
0 0.2185217967400184 0.26797256102928746 0.030542410337007962 0.030480568225567158
0 0.19301832639254057 0.6910077608548678 0.020557550283578727 0.03416589590219351
0 0.2809772491455078 0.41234753682063174 0.021396050086388223 0.021605711716871995
0 0.8091926574707031 0.14469253099881685 0.025011649498572715 0.03830249492938702
0 0.22225068165705755 0.44286478482759917 0.013649867131159855 0.014000379122220553
0 0.6634486271784856 0.9512262344360352 0.045461801382211536 0.04411785419170673
0 0.33491042944101185 0.21622921870304987 0.018021216759314902 0.017627422626201924
0 0.2108019865476168 0.5890425168550931 0.02667372043316181 0.027392754187950723
0 0.41956410041222203 0.8218201857346755 0.015294441810021034 0.015681340144230768
0 0.4177969785837027 0.33788248208852917 0.025672252361591045 0.025722577021672174
0 0.36409825545090896 0.7881450653076172 0.01606897207406851 0.015954237717848558
0 0.38288402557373047 0.37778692979079026 0.016839981079101562 0.017403602600097656
0 0.4063007648174579 0.04738787504342886 0.027932387131911058 0.02817831589625432
0 0.4133302982036884 0.1667022888477032 0.03169382535494291 0.03248775922335111
0 0.24890514520498422 0.06052356499892015 0.14338207244873047 0.11808694325960599
0 0.2602267632117638 0.4570928720327524 0.01902294158935547 0.018858616168682393
0 0.2743624723874606 0.1095583072075477 0.021201647244966947 0.020947383000300482
0 0.3288121590247521 0.46231893392709583 0.017616418691781852 0.01769887484036959
0 0.6944123781644381 0.034474038160764255 0.02693968552809495 0.027991414070129395
0 0.3756392552302434 0.07425117034178513 0.04552019559420072 0.046526349507845365
0 0.753390385554387 0.3696134273822491 0.017052577092097357 0.01717802194448618
0 0.33426013359656703 0.2120979932638315 0.021661024827223558 0.022067473484919622
0 0.805750480064979 0.21373017017657941 0.024057975182166465 0.024483240567720853
0 0.22560710173386794 0.5707272016085111 0.014875411987304688 0.0153350830078125
0 0.606418829697829 0.3337239485520583 0.01443950946514423 0.014493795541616587
0 0.4024705153245192 0.6111649733323318 0.013223207913912259 0.013340143057016226
0 0.6327163989727314 0.39480202014629656 0.15256173794086164 0.15337386498084435
0 0.7476136134221003 0.018458066078332756 0.02022728553185096 0.021175109423123874
0 0.3825649114755484 0.03274527421364418 0.03590957935039814 0.037779973103449896
