0 0.49036271755511945 0.5877325718219464 0.07843523759108323 0.07937321296105018
0 0.4353652734022874 0.48160244868351865 0.028934552119328424 0.02890440133901743
0 0.5952231700603778 0.9313866541935847 0.026048806997445915 0.02590150099534255
0 0.8135739839993991 0.6076516371506911 0.024899996243990384 0.02510378910945012
0 0.6834377875694861 0.19051196024968073 0.020983182466947116 0.02114589397723858
0 0.4703947947575496 0.5354448465200571 0.028866401085486777 0.028796929579514723
0 0.5434856414794922 0.25034699073204625 0.0271151616023137 0.02730839069073017
0 0.7242691333477314 0.12861880889305702 0.019083463228665866 0.01918814732478215
0 0.21090335112351638 0.5776525644155649 0.01802195035494291 0.018024297860952523
0 0.5682781659639798 0.5046825408935547 0.0174868657038762 0.017556410569411058
0 0.6164382054255559 0.18332752814659706 0.016179304856520433 0.016269757197453424
0 0.8177632551926833 0.4835229286780724 0.016904097336989183 0.016711968642014723
0 0.43512630462646484 0.3292721968430739 0.017845740685096152 0.017665863037109375
0 0.9752705647395208 0.05198294382828932 0.015264070951021634 0.018733758192795973
0 0.84149903517503 0.647916867182805 0.017527360182542067 0.01752780033991887
0 0.301918231523954 0.3079724678626427 0.0181429569537823 0.018144607543945312
0 0.42017210446871245 0.9904353802020733 0.01624122032752404 0.015582451453575721
0 0.773989750788762 0.6215537878183218 0.015827472393329326 0.015877797053410456
0 0.8360969836895282 0.10226003940288837 0.019263634314903848 0.01921866490290715
0 0.7835011849036584 0.5874170890221229 0.016004268939678486 0.016055767352764424
0 0.6913011257465069 0.4265758807842548 0.01546478271484375 0.015734159029447116
0 0.5467932040874774 0.4332120235149677 0.0158689205463116 0.015857989971454326
0 0.7586834247295673 0.5436676465548002 0.017289088322566107 0.01728644737830529
0 0.4044658954326923 0.7256359687218299 0.015295615563025841 0.015267592210036058
0 0.8426622977623572 0.7673322237454928 0.015200248131385216 0.015403454120342549
0 0.8753578479473407 0.6616012866680439 0.015898631169245794 0.016003535344050482
0 0.6972806637103741 0.7933096518883338 0.016090833223783053 0.01611181405874399
0 0.5153682415301983 0.9392786759596604 0.015035482553335337 0.014851790208082933
0 0.7370946590717022 0.15846756788400504 0.015027999877929688 0.014870900374192458
0 0.5019905750568097 0.4566182356614333 0.015190417949969951 0.015453558701735277
0 0.529564197246845 0.9008224193866436 0.015253653893103966 0.015360612135667067
0 0.5372969554020808 0.8085911090557392 0.015662413377028245 0.015786097599909857
0 0.9125111653254583 0.11735351269061749 0.015539316030649038 0.015587623302753154
0 0.8429886744572566 0.5338397026062012 0.015176626352163462 0.015167529766376201
0 0.826110106248122 0.10916990500230056 0.016912313608022835 0.01645649396456205
0 0.7897045428936298 0.16034447229825532 0.016540380624624398 0.016956476064828727
0 0.29077893037062424 0.9722906259390024 0.020601419302133415 0.021006950965294473
0 0.6186129496647761 0.3345091159527118 0.01830746577336238 0.018480887779822715
0 0.08809837928185096 0.8283978975736178 0.016554905818058893 0.01654052734375
0 0.9340127798227164 0.07357144355773926 0.01771692129281851 0.018148770699134238
0 0.6066968624408429 0.36689215440016526 0.021387687096228965 0.021619063157301683
0 0.8706466968242939 0.827544432419997 0.014577718881460337 0.014808067908653846
0 0.4453144807081956 0.8523803124060998 0.01589349599984976 0.01573049105130709
0 0.8952136406531701 0.07429321912618783 0.01474761962890625 0.01494592886704665
0 0.7735880338228666 0.1614528802724985 0.015774653508112982 0.015654380504901592
0 0.6595916748046875 0.7946522052471454 0.014249361478365384 0.014339153583233174
0 0.3228587003854605 0.7954573998084435 0.01470044943002554 0.014837998610276442
0 0.28640132683974046 0.11621831013606145 0.01655288843008188 0.01641526589026818
0 0.14867137028620794 0.7412468836857722 0.01411592043363131 0.014188032883864183
0 0.582188239464393 0.9585899939903846 0.013941251314603366 0.014072124774639424
0 0.8055442663339468 0.49971558497502255 0.013848524827223558 0.013718825120192308
0 0.25877174964317906 0.04734702752186702 0.015405581547663761 0.015274295440086951
0 0.3226374112642728 0.9054054847130408 0.01398468017578125 0.014004340538611779
0 0.6497408059927133 0.4735901172344501 0.013723520132211538 0.01390853294959435
0 0.3305110197800856 0.6595830917358398 0.020264698908879206 0.020735667302058294
0 0.5614665838388296 0.5180934025691106 0.014037205622746395 0.014125383817232572
0 0.6351619133582482 0.8426391895000751 0.014217083270733174 0.01452167217548077
0 0.8960536076472356 0.7129151270939753 0.013895474947415866 0.01391895000751202
0 0.9177111112154447 0.6886862241304837 0.014337979830228366 0.014228527362530049
0 0.07821389345022348 0.6855807671180139 0.013592862165891208 0.013878748967097355
0 0.28318097041203427 0.9883303275475135 0.016033502725454476 0.015671803401066706
0 0.09393838735727164 0.5054998397827148 0.014626723069411058 0.014409578763521634
0 0.2369396686553955 0.0073294456188495345 0.016234691326434795 0.013625928988823524
0 0.32593910510723406 0.5937075248131385 0.013798053448016826 0.013628299419696514
0 0.8784078451303335 0.5327488092275766 0.013324150672325721 0.013368019690880409
0 0.5399446487426758 0.7664767045241135 0.013329505920410156 0.013444460355318509
0 0.027056937034313496 0.5405040154090295 0.015215717829190768 0.01545260502741887
0 0.03577823363817655 0.30913595052865833 0.024956794885488656 0.02538145505464994
0 0.6129649969247671 0.3661054464486929 0.02636102529672476 0.025068283081054688
