0 0.346524532024677 0.054010982696826644 0.05083905733548678 0.050531634917626016
0 0.538199571462778 0.5940797879145696 0.12852815481332633 0.13214441446157602
0 0.48661030255831206 0.8397420736459585 0.05805198962871845 0.05841416579026442
0 0.5839156004098746 0.8554398463322566 0.032030619107759915 0.03180489173302284
0 0.3449116119971642 0.554783087510329 0.0821218490600586 0.08325444735013522
0 0.5762348908644456 0.9339967874380258 0.07343380267803486 0.0739757831280048
0 0.6153704569889948 0.6549923236553485 0.01945627652681791 0.01947784423828125
0 0.5872970727773813 0.44500207901000977 0.04009686983548678 0.04009261498084435
0 0.3932099709144005 0.5987972846397986 0.03590114300067608 0.035685025728665866
0 0.4993077058058519 0.6505550971397986 0.03495495135967548 0.035123238196739785
0 0.6224164229172927 0.0116900778733767 0.020386952620286208 0.019687336224776048
0 0.3721164556650015 0.7336290799654447 0.022085116459773138 0.022039266733022835
0 0.28970054479745716 0.85651368361253 0.01948085198035607 0.019469481248121995
0 0.5394175969637357 0.39311060538658726 0.02514472374549279 0.02518917964054988
0 0.28655752768883336 0.8207565454336313 0.02151008752676157 0.021410575279822715
0 0.4979388897235577 0.6094564291147085 0.019853591918945312 0.019753236037034255
0 0.3605475058922401 0.8551205121553861 0.02084974142221304 0.02101751474233774
0 0.4121014154874362 0.021726867327323325 0.033838638892540567 0.033773646904872015
0 0.3760039989764874 0.1921358842116136 0.03486479245699369 0.03502515646127554
0 0.6133250089792105 0.43317347306471604 0.0334168214064378 0.03389894045316256
0 0.31773141714242786 0.9589041196382962 0.018649908212515023 0.018334462092472956
0 0.7139735588660607 0.31998579318706805 0.04818314772385817 0.05500294612004207
0 0.3340894258939303 0.671121230492225 0.04039823091947115 0.03985757094163161
0 0.545679312485915 0.44267019858727086 0.025678047767052285 0.025673792912409857
0 0.27025129244877744 0.18715407298161432 0.019728770622840293 0.01996634556696965
0 0.3945072614229642 0.8160645411564753 0.01870866922231821 0.018628927377554085
0 0.6234719203068659 0.3528293829697829 0.016828060150146484 0.016745493962214544
0 0.6906983302189753 0.8846388596754807 0.07760121272160457 0.07955653850848858
0 0.28594611241267276 0.9092357342059796 0.02267140608567458 0.023100926325871393
0 0.29109912652235764 0.1145172302539532 0.01631472660945012 0.016419594104473408
0 0.6454461904672476 0.7231922149658203 0.031072176419771634 0.031327467698317304
0 0.3451666465172401 0.609374266404372 0.03725418677696815 0.03669460003192608
0 0.393952149611253 0.5547586954556979 0.03340838505671574 0.03322388575627254
0 0.48201854412372297 0.6179442772498498 0.016931460453913763 0.016878018012413613
0 0.27005641277019793 0.05169897354566134 0.021256703596848708 0.02128587319300725
0 0.5164593916672927 0.09569956706120418 0.019219031700721152 0.019132210658146784
0 0.35135676310612607 0.8157980992243841 0.01811071542593149 0.018223395714393027
0 0.6754445296067458 0.9601983290452224 0.08827429551344651 0.07725847684420072
0 0.26995182037353516 0.17229529527517465 0.017642828134390023 0.017634501824012168
0 0.3383482419527494 0.9060859680175781 0.01592386685884916 0.016099196213942308
0 0.3949815309964694 0.7309115483210638 0.02263054480919471 0.022328303410456732
0 0.6318812737098107 0.570609973027156 0.015644660362830527 0.01601439255934495
0 0.663125258225661 0.7006464004516602 0.01588616004356971 0.015732985276442308
0 0.7351841559776893 0.035526931285858154 0.012866973876953125 0.017394588543818548
0 0.35156675485464245 0.7731228608351487 0.01766380896935096 0.017650604248046875
0 0.6539213473980243 0.32352080711951625 0.014787380511944111 0.014700962946965145
0 0.3400745758643517 0.26703838201669544 0.01793494591346154 0.017768346346341647
0 0.41773150517390323 0.5401866619403546 0.02814967815692608 0.027921529916616585
0 0.47951573591965896 0.5997178737933819 0.017089990469125602 0.017213087815504808
0 0.47225438631497896 0.5410583569453313 0.018416771521935098 0.018727522629957933
0 0.36147143290593076 0.6704295965341421 0.018476046048677884 0.018266971294696514
0 0.3536062240600586 0.7560319900512695 0.014344582190880409 0.014178055983323317
0 0.49552037165715146 0.5800690650939941 0.022292944101186898 0.022028189439039964
0 0.5474093510554388 0.6076705639178936 0.015119992769681491 0.015037169823279748
0 0.4973695461566632 0.12030766560481145 0.021616642291729268 0.02169181750370906
0 0.36107657505915713 0.8363732558030349 0.015422747685359074 0.015183375431941105
0 0.26365623107323277 0.15439088527972883 0.01966241689828726 0.024654535146859977
0 0.5416711293734037 0.7098604348989633 0.025788087111253005 0.025281759408804085
0 0.28862447005051833 0.9519732548640325 0.015277715829702524 0.015158139742337741
0 0.5609708932729868 0.425358405480018 0.029932022094726562 0.030264927790715143
0 0.2858456464914175 0.5916520265432504 0.015111776498647837 0.015129015995905949
0 0.26344814667334926 0.10527162368480976 0.014334495250995342 0.015078434577355018
0 0.40380470569317156 0.6724112584040716 0.03605505136343149 0.03525499197152945
0 0.3173753298245944 0.10499950555654672 0.014987505399263822 0.01487420155451848
0 0.42391072786771333 0.9184910700871394 0.018680719228891227 0.01876038771409255
0 0.6916969005878155 0.7885099557729868 0.0321954580453726 0.033211928147536054
0 0.49967435690072864 0.4616206242487981 0.014993814321664663 0.014965644249549279
0 0.4340478823735164 0.559811702141395 0.025652151841383714 0.02632617950439453
