0 0.10368453539334811 0.6480486209575946 0.08898142667917106 0.08951289837176983
0 0.5206921650813177 0.8062923871553861 0.2606842334453876 0.25757877643291766
0 0.45180489466740537 0.6247182992788461 0.054108693049504206 0.053762582632211536
0 0.896824836730957 0.6742669619046725 0.04529278094951923 0.04532417884239784
0 0.8214578628540039 0.14728276546184832 0.04681264437161959 0.04648098578819862
0 0.6993216734666091 0.22280098841740534 0.05266072199894832 0.05251297583946815
0 0.6175060272216797 0.12211302610544059 0.05460442029512846 0.054907578688401446
0 0.3290239480825571 0.719975471496582 0.027409186730018027 0.027348151573768027
0 0.4524653508112981 0.7892398834228516 0.031130423912635215 0.030884375939002402
0 0.5247348638681265 0.17700754679166353 0.020230953509990986 0.020138080303485576
0 0.8700794073251578 0.19913418476398176 0.02075356703538161 0.021084712101862982
0 0.7906486071073092 0.3631296157836914 0.02376380333533654 0.024161778963529147
0 0.19187753017132098 0.8371659792386569 0.03239855399498573 0.03256783118614784
0 0.6992299006535456 0.9759279397817758 0.03205798222468449 0.03201748774601863
0 0.42894693521352917 0.8143069927509015 0.03806436978853666 0.038078601543719955
0 0.2078387553875263 0.7961276127741888 0.04748256389911358 0.047804025503305286
0 0.46790372408353365 0.282623841212346 0.0418707040640024 0.0416253530062162
0 0.04932163311884953 0.3421733562762921 0.02262562742600074 0.02256320073054387
0 0.7660243694598858 0.8634829887977014 0.043044750507061295 0.043176504281850964
0 0.637489025409405 0.5594128828782302 0.023529786330003005 0.02361781780536358
0 0.8726660655095027 0.06597411174040574 0.02140499995304988 0.021570361577547513
0 0.6990234668438251 0.10007652869591346 0.018393589900090143 0.018520410244281475
0 0.14238235583672157 0.49033300693218523 0.037897128325242266 0.03815775651198167
0 0.9246688255896935 0.43558480189396787 0.029990709744966947 0.029915369473970853
0 0.8426154210017278 0.7811006399301382 0.02826866736778846 0.028147183931790866
0 0.22993825032160833 0.6060031010554388 0.019005261934720553 0.018867639394906852
0 0.23696242845975435 0.9306718386136569 0.02861301715557392 0.028428004338191107
0 0.34374413123497594 0.6730968768780048 0.03731522193321815 0.03733326838566707
0 0.15518388381371132 0.986849491412823 0.033908770634577826 0.022600614107572116
0 0.9526259348942683 0.3708139933072604 0.025854844313401442 0.025872523968036357
0 0.9423628586989182 0.6153401228097769 0.03306887700007512 0.03326555398794321
0 0.16727412663973296 0.663997430067796 0.018781772026648887 0.01886602548452524
0 0.7498485858623798 0.14829711730663592 0.022961249718299277 0.023189636377187874
0 0.9807941730205829 0.6511086684006911 0.029234959528996393 0.03544205885667067
0 0.18210378059974083 0.7042793860802283 0.024557113647460938 0.024549044095552884
0 0.4190330505371094 0.2416676374582144 0.020793621356670674 0.021092708294208232
0 0.874441880446214 0.5196838745704064 0.026760688194861777 0.026758267329289362
0 0.15348010796767014 0.9382441594050481 0.031330145322359525 0.031406402587890625
0 0.9878358840942383 0.4324153019831731 0.01842498779296875 0.019518705514761116
0 0.32967970921443057 0.5389689665574294 0.026912762568547174 0.02694570101224459
0 0.4696184305044321 0.36851046635554385 0.02285898648775541 0.022865955646221455
0 0.625611818753756 0.5199985504150391 0.019670633169320915 0.01961796100323017
0 0.7123528260451096 0.18135481614332932 0.031786551842322715 0.03191052950345553
0 0.171264831836407 0.8837731434748723 0.022708342625544622 0.022505686833308294
0 0.3230282343350924 0.1848005881676307 0.04442640451284555 0.044312477111816406
0 0.7988824110764724 0.7501492133507361 0.0261996342585637 0.026385087233323317
0 0.8329316652738131 0.2886976095346304 0.018477219801682692 0.01870441436767578
0 0.8953419465285081 0.6432991027832031 0.03676913334773137 0.03744785602276142
0 0.6558771133422852 0.6815348405104417 0.03789857717660757 0.037666027362530045
0 0.8755861429067758 0.8451765500582181 0.07354662968562199 0.07354208139272836
0 0.8330277663010818 0.6755618315476638 0.0203250004695012 0.020519843468299277
0 0.6000060301560622 0.5961097570566031 0.021558394798865683 0.021619209876427285
0 0.7532565043522761 0.9589640544011042 0.019480045025165264 0.019490902240459736
0 0.4928381626422589 0.9507312774658203 0.02396106719970703 0.024143805870643027
0 0.1991249414590689 0.6521826524000901 0.020011058220496543 0.02012487558218149
0 0.2567268885098971 0.23746772912832406 0.03553295135498047 0.035185703864464395
0 0.4725790390601525 0.1527227805210994 0.023961287278395433 0.02403600399310772
0 0.0789244083257822 0.5393472084632287 0.0343626279097337 0.034916070791391224
0 0.3870224219102126 0.6637731698843149 0.019480118384728067 0.01925805898813101
0 0.47090893525343674 0.413722588465764 0.269315059368427 0.2720507108248197
0 0.6306135471050556 0.3121206210209773 0.019666671752929688 0.01969762948843149
0 0.0355095977966602 0.9607546879695013 0.0239374958551847 0.0237887455866887
0 0.4404938037578876 0.19194597464341384 0.028352957505446214 0.02818155288696289
0 0.14033185518704927 0.10932458364046536 0.029674236591045674 0.029627506549541768
0 0.3396514379061185 0.3201213249793419 0.0444941153893104 0.04439381452707144
0 0.26333295381986177 0.5631274443406326 0.03073875720684345 0.030685278085561898
0 0.31538079335139346 0.9721877024723933 0.02118536142202524 0.021466621985802285
0 0.7162396357609675 0.6804176477285532 0.022768167349008415 0.022951272817758415
0 0.03260326614746681 0.5799230428842398 0.017418480836428128 0.017409838162935697
0 0.3710753367497371 0.17124480467576247 0.017890049861027643 0.017945362971379206
0 0.256498776949369 0.8956671494704026 0.017148971557617188 0.017024993896484375
0 0.8730812072753906 0.9748490406916692 0.02082061767578125 0.0206756591796875
0 0.5207575284517728 0.8150263566237229 0.021060870243952826 0.020928309513972357
0 0.42792848440317005 0.5616196852463943 0.08243296696589543 0.08301822955791767
0 0.19607158807607797 0.9472254239595853 0.020601712740384616 0.02065453162560096
0 0.26513978151174694 0.7492731534517728 0.02147538845355694 0.021875381469726562
0 0.7530451554518479 0.4261313951932467 0.022070958064152643 0.02226081261268029
0 0.22586831679710975 0.9077948056734525 0.03424633466280424 0.033911484938401446
0 0.6500175182635968 0.4533673799954928 0.023669316218449518 0.02318602341871995
0 0.7805001185490534 0.39348393220167893 0.027704385610727165 0.0277098875779372
0 0.6699076432448167 0.19715362328749436 0.02655366750863882 0.026655894059401292
0 0.37783270615797776 0.3399548897376427 0.028043600229116585 0.028027754563551683
0 0.0981143254500169 0.8720966485830454 0.02253117928138146 0.022562320415790264
0 0.24804280354426458 0.3419814109802246 0.029759553762582634 0.029469856849083535
0 0.9876459561861478 0.3425418780400203 0.013197678786057692 0.01833475553072416
0 0.4573563795823317 0.12341242570143479 0.018160013052133415 0.017964656536395732
0 0.6707606682410607 0.6069706036494329 0.025140909048227165 0.025547541104830228
0 0.6492661696213943 0.748034403874324 0.021832979642427884 0.021616715651292067
0 0.6109418135422927 0.32381670291607195 0.015533740703876201 0.015198120704064002
0 0.8380295680119441 0.47361693015465367 0.01681342491736779 0.016873286320612982
0 0.9130744934082031 0.1374354179088886 0.044288928692157455 0.0437310658968412
0 0.21872538786668044 0.713284419133113 0.023279556861290567 0.023450704721304085
0 0.8907346725463867 0.34144196143517125 0.040194144615760215 0.04085628802959736
0 0.09328959538386418 0.41908612618079555 0.016504654517540567 0.016722752497746393
0 0.1728983292212853 0.804566163283128 0.018446995661808893 0.018230584951547477
0 0.7820949554443359 0.5395194567166842 0.2811296903170072 0.29474859971266526
0 0.3820517980135404 0.6038802220271184 0.02260618943434495 0.022875419029822715
0 0.26979849888728213 0.9420064779428335 0.021672872396615837 0.02181273240309495
0 0.29343098860520583 0.6335116166334885 0.014943342942457933 0.014952732966496395
0 0.3984983884371244 0.870515383206881 0.018883925217848558 0.01892882127028245
0 0.8308957906869742 0.20627153836763823 0.01705169677734375 0.017167384807880107
0 0.6777041508601263 0.06731204344676091 0.01743903526893029 0.017554668279794548
0 0.6253785353440505 0.6827725630540115 0.018859276404747598 0.01901729290301983
0 0.05744609924463125 0.8784076250516452 0.020282589472257175 0.02039615924541767
0 0.17864054899949294 0.5638843316298264 0.02498905475323017 0.024738458486703727
0 0.17045888533959022 0.7540839268611028 0.020243167877197266 0.0201876713679387
0 0.2361767842219426 0.14809668981111968 0.017247933607835036 0.017407894134521484
0 0.2099457337306096 0.5948945925785944 0.014801428868220402 0.014853697556715745
0 0.3725331746614896 0.6745621607853816 0.017160782447228067 0.017096299391526442
0 0.6577397860013522 0.31753264940702 0.021642244779146634 0.02164158454308143
0 0.8232914851262019 0.38795676598182094 0.058792407696063705 0.05838232774000902
0 0.9290431096003606 0.7508281561044546 0.016133968646709736 0.016246502216045674
0 0.9839072594275842 0.6864358461820163 0.015458033635066105 0.015406975379356971
0 0.21257165762094352 0.23429441452026367 0.04825797447791466 0.0489355233999399
0 0.4977912169236403 0.6548526470477765 0.017075025118314303 0.01692375769981971
0 0.09023980910961445 0.5646841342632587 0.01669603127699632 0.016682551457331732
0 0.022479298023077156 0.1550138180072491 0.022920136268322285 0.022860013521634616
0 0.02464084900342501 0.09454132043398343 0.03268702213580792 0.03319107569181002
0 0.6446860386775091 0.09758505454430214 0.02364965585561899 0.023918885451096755
0 0.7888154983520508 0.5067104926476111 0.016190455510066107 0.01632558382474459
0 0.4134237582866962 0.3991898756760817 0.016608825096717246 0.016452495868389424
0 0.6223291983971229 0.15050840377807617 0.018191410945012018 0.018452204190767728
0 0.016231612517283514 0.21804222693810096 0.020453081681178167 0.026447883019080527
0 0.6856494316687951 0.07974602625920223 0.022556598369891826 0.02238698647572444
0 0.15600507075969988 0.7068475576547476 0.028511927678034857 0.028223037719726562
0 0.022447411830608662 0.8983523295475886 0.031925898331862226 0.032877555260291465
0 0.3312514378474309 0.7861304649939904 0.027166219858022835 0.027175316443810098
0 0.08803042081686166 0.5916721270634577 0.16598387864919809 0.3063221711378831
0 0.9002461800208459 0.09104955196380615 0.05295562744140625 0.053227167863112226
0 0.9761059100811298 0.07840140049274151 0.01796869131234976 0.01771097916823167
0 0.6243563431959885 0.6216539969811072 0.022682630098783053 0.022483678964468148
0 0.12943431047292855 0.6935311830960788 0.0319365354684683 0.031832181490384616
0 0.7108336228590745 0.7190174689659705 0.015104440542367788 0.015026092529296875
0 0.030910618030107938 0.8567468936626728 0.016539550744570218 0.016558720515324518
0 0.5771340590256911 0.9302475269024189 0.05166758023775541 0.05088365994966947
0 0.9887012334970328 0.6170820089486929 0.01440899188701923 0.018485876230093148
0 0.4243181668795072 0.7639325948861929 0.014290442833533654 0.014610583965594951
0 0.751186517568735 0.7731122236985427 0.02628913292518029 0.026428369375375602
0 0.9119990422175481 0.2856944707723764 0.01957526573768029 0.02012208791879507
0 0.2536742687225342 0.17480226663442758 0.03356497104351337 0.03340559739332933
0 0.4782399030832144 0.4174454395587628 0.01699682382436899 0.017467352060171273
0 0.966863045325646 0.6261507181020883 0.020941807673527643 0.020777188814603366
0 0.506044864654541 0.6353084124051608 0.014947010920597957 0.014470613919771634
0 0.7698782407320462 0.3009349016042856 0.021642244779146634 0.02195585691011869
0 0.54094908787654 0.8674824054424579 0.01578235626220703 0.015743842491736777
0 0.376039248246413 0.7150501838097205 0.016403858478252705 0.016988607553335335
0 0.36296969193678635 0.25974541444044846 0.023848753709059495 0.023824398334209736
0 0.3428497314453125 0.602879524230957 0.03342305696927584 0.0335697760948768
0 0.6439100412222055 0.4957300332876352 0.014802786020132212 0.015069081233097957
0 0.966273674598107 0.420161614051232 0.060538071852463946 0.07996251032902645
0 0.6505925838763897 0.6162665440486028 0.02430416987492488 0.0242919555077186
0 0.1066805491080651 0.26133594146141637 0.015898667849027194 0.015546688666710487
0 0.3629312515258789 0.2576846709618202 0.019881321833683893 0.01946537311260517
0 0.7703186915471003 0.5210852989783654 0.019032698411207933 0.01919871110182542
0 0.5052003126878005 0.8373709458571214 0.024107859684870794 0.02405372032752404
0 0.5794568428626428 0.3761711854201097 0.018020776601938102 0.017789400540865384
0 0.2213127246269813 0.6662007845365084 0.01577439674964318 0.01601718022273137
0 0.2439885139465332 0.444218268761268 0.013937730055588942 0.013770763690655049
0 0.469393436725323 0.4725839908306415 0.017982042752779447 0.018164854783278245
0 0.1445013559781588 0.22003755202660194 0.020597531245304987 0.02064382112943209
0 0.1316978381230281 0.1273325223189134 0.018397771395169772 0.01851511001586914
0 0.8985281724196214 0.43941615178034854 0.027056473952073317 0.027673721313476562
0 0.12759745121002197 0.1947934444134052 0.014609171794011043 0.014760237473707933
0 0.8362686450664814 0.7659944387582632 0.018047626201923076 0.018158545860877402
0 0.4396034387441782 0.8515755580021784 0.015192031860351562 0.015291947584885817
0 0.8727481548602765 0.4691778329702524 0.015485323392427884 0.015589640690730168
0 0.4356216650742751 0.04270737446271456 0.025664549607496995 0.025887470978956956
0 0.9768742047823392 0.4895197794987605 0.018830079298753005 0.01874542236328125
0 0.6019558539757361 0.31279747302715594 0.022614405705378607 0.022510601924015924
0 0.9271391355074369 0.7746833654550406 0.015871634850135215 0.01588161175067608
0 0.8383632806631235 0.2559449856097882 0.016038894653320312 0.016129713792067308
0 0.4896287184495192 0.34415333087627703 0.015978152935321514 0.015994438758263223
0 0.7751907935509315 0.008898561963668236 0.020710284893329326 0.01670270011975215
0 0.7465167412391076 0.9792700547438401 0.019931793212890625 0.020140427809495192
0 0.011854617641522335 0.8141693702110877 0.021226532184160672 0.03905355013333834
0 0.8576823014479417 0.033738138583990246 0.016736837533804085 0.016616660815018874
0 0.04476785201292772 0.9879264831542969 0.03645934508397029 0.022753201998197116
0 0.9500733889066256 0.0514070070706881 0.01671747060922476 0.016635032800527718
0 0.24869913321274978 0.7271442413330078 0.03256379641019381 0.03215496356670673
0 0.15646615395179161 0.1997251143822303 0.021840792435866136 0.02166329897367037
0 0.2764536417447604 0.8340876652644231 0.022416408245380107 0.022356180044320915
0 0.9724323566143329 0.379360345693735 0.016242394080528848 0.01649196331317608
0 0.968356205866887 0.5806441307067871 0.05647952740009014 0.07193690079909104
0 0.5833954811096191 0.9790929647592398 0.06752975170428936 0.0379792726956881
0 0.13539512340839094 0.2550375461578369 0.016776488377497747 0.016546982985276442
0 0.04319605460533729 0.989952380840595 0.030764999297948983 0.01854397700383113
0 0.5608059076162485 0.5908867762638972 0.022474142221304085 0.0231781739455003
0 0.265232122861422 0.971492180457482 0.015451357914851261 0.015642753014197715
0 0.5543844516460712 0.5685069377605731 0.023103713989257812 0.02337477757380559
0 0.5251502257127029 0.20620096646822417 0.016389993520883415 0.016593382908747747
0 0.6989763700045072 0.33111176123985875 0.12470714862530048 0.12736804668719953
0 0.2659435455615704 0.20718044501084548 0.019981824434720553 0.01965478750375601
0 0.6375637054443359 0.5928201675415039 0.017184037428635817 0.017053750845102165
0 0.35731722758366513 0.7792816162109375 0.016471422635591947 0.016266456017127402
0 0.5623989838820237 0.9450302124023438 0.03238135117750902 0.033197256234975964
0 0.19661631950965294 0.6217005803034856 0.02591250492976262 0.026038096501277044
