0 0.4617013197678786 0.07736907555506779 0.15848189133864182 0.1512614213503324
0 0.4735279816847581 0.9583797454833984 0.14478551424466646 0.08237486619215745
0 0.19403486985426682 0.2813918407146747 0.06301036247840294 0.06272000532883865
0 0.5154131742624136 0.5331758352426382 0.0507660645705003 0.050719921405498795
0 0.40481783793522763 0.5437694696279672 0.05515135251558744 0.05516213637131911
0 0.7859205099252554 0.7803702721228967 0.052509307861328125 0.05208646334134615
0 0.34296435576218826 0.06824887715853177 0.14265830700214094 0.13400802245506874
0 0.5011316812955416 0.0923069165303157 0.04282738612248348 0.04273799749521109
0 0.21519121756920448 0.06202183778469379 0.04041106884296124 0.04030422980968769
0 0.6810678335336539 0.7378903902493991 0.04822188157301683 0.04862301166240986
0 0.6152889178349421 0.696017338679387 0.03571664370023287 0.03578640864445613
0 0.5684431516207181 0.982644301194411 0.04246256901667668 0.030597099891075723
0 0.3092317581176758 0.15219137301811805 0.025461948834932767 0.025528229199923
0 0.34403353471022385 0.7578907746535081 0.03245456402118389 0.03261478130634014
0 0.4251669737008902 0.7858803088848407 0.0348665530865009 0.03519439697265625
0 0.3647663409893329 0.9210254229032077 0.042930236229529746 0.04321729219876803
0 0.5556017068716196 0.2936091423034668 0.032559761634239785 0.032899709848257214
0 0.4540152916541466 0.07495247400723971 0.01983642578125 0.01975422639113206
0 0.174774353320782 0.5614206974322979 0.030353472783015326 0.03015877650334285
0 0.7173321063701923 0.9205850454477164 0.027599628155048076 0.02738468463604267
0 0.3830819863539476 0.2908473014831543 0.038767521197979264 0.03863055889423077
0 0.5512711451603816 0.08310428032508263 0.023100926325871393 0.023329335909623366
0 0.7358664732712966 0.8569663121150091 0.044002386239858776 0.04415805523212139
0 0.16337011410639837 0.6693632419292743 0.01797059866098257 0.023984175461989183
0 0.266236268557035 0.1979203590979943 0.02436993672297551 0.024601276104266826
0 0.38934560922475964 0.6228774877694937 0.027056767390324518 0.026936751145582933
0 0.5636434555053711 0.5894001814035269 0.027131960942195013 0.027304796072152946
0 0.3448048004737267 0.829642075758714 0.019522666931152344 0.019463172325721152
0 0.7729402688833383 0.8760921771709735 0.02521382845365084 0.0256350590632512
0 0.16975864997276893 0.8746684881357046 0.030355196732741136 0.04342739398662861
0 0.30459169241098255 0.9646339416503906 0.020897058340219352 0.020996680626502402
0 0.29535300915057844 0.8456426767202524 0.016584029564490683 0.016660250150240384
0 0.4935663663423978 0.6948270064133865 0.019302955040564902 0.019443658682016227
0 0.4156625821040227 0.8459696402916541 0.02481504587026743 0.024841748751126803
0 0.32537221908569336 0.9244462526761569 0.03590877239520733 0.035894540640024036
0 0.8189026759221003 0.43873918973482573 0.019160344050480768 0.019287842970628005
0 0.4364604216355544 0.5737159435565655 0.03194280771108774 0.03160990201509916
0 0.4247748301579402 0.22052438442523664 0.040373582106370196 0.03967087085430439
0 0.3368070308978741 0.8115626115065354 0.016774397629957933 0.016682551457331732
0 0.8354266240046575 0.5357784491318923 0.017145303579477165 0.020429684565617487
0 0.17763935602628267 0.7549910912146935 0.017298111548790567 0.017262825599083535
0 0.714469102712778 0.8916446979229267 0.02717414269080529 0.027110466590294473
0 0.4522434381338266 0.39247740232027495 0.027685899000901442 0.027643937330979567
0 0.34697591341458833 0.8769253950852615 0.027992982130784255 0.028203524076021634
0 0.32199551508976865 0.3198317014254056 0.019170320951021634 0.019017439622145433
0 0.5485099645761343 0.01374497551184434 0.04076854999248798 0.026099842328291673
0 0.6178671029897836 0.5781228725726788 0.022788414588341348 0.02289757361778846
0 0.7453124706561749 0.7399013225848858 0.02100225595327524 0.021205608661358174
0 0.19601770547720102 0.6956069652850811 0.015677452087402344 0.015868993905874398
0 0.7195843916672927 0.7173877129187951 0.034386854905348554 0.035144659189077526
0 0.2194986710181603 0.11998691925635704 0.053041238051194414 0.05302630938016451
0 0.3516510083125188 0.5437527436476487 0.02999283717228816 0.03030997056227464
0 0.45876734073345476 0.039556604165297285 0.017124322744516227 0.017580490845900316
0 0.16860233820401704 0.5863138345571665 0.015534657698411208 0.015234066889836239
0 0.52252747462346 0.8229336371788611 0.01540998312143179 0.015359731820913462
0 0.4820683552668645 0.6504074243398813 0.06633934607872596 0.06560237591083233
0 0.17452082267174354 0.704807134775015 0.017122708834134616 0.017263265756460335
0 0.35677278958834135 0.8237438201904297 0.015423407921424279 0.015718606802133415
0 0.38958160693828875 0.948695549598107 0.029930848341721755 0.02992072472205529
0 0.8283554223867563 0.7346150324894831 0.03130795405461238 0.031261444091796875
0 0.2626210176027738 0.9266603910006009 0.015248775482177734 0.015530219444861779
0 0.4387765664320726 0.12327098846435547 0.016298294067382812 0.016138076782226562
0 0.7134905595045823 0.9889146364652194 0.018574934739332933 0.01755494337815505
0 0.26193923216599685 0.5668680851276104 0.024915255033052884 0.024571638840895433
0 0.3287751858051007 0.35740415866558367 0.021600063030536357 0.021750816932091348
0 0.35944359119121844 0.7328220514150766 0.015671950120192308 0.01576658395620493
0 0.3713842538686899 0.19441072757427508 0.02456048818734976 0.02422794928917518
0 0.6341739067664514 0.22865590682396522 0.0249630854679988 0.024877291459303636
0 0.6872599675105169 0.8022673680232122 0.025235396165114183 0.025261512169471152
0 0.45772479130671573 0.7808239276592548 0.036012502817007214 0.03635611900916466
0 0.5128967945392315 0.7368711324838492 0.015848526587853067 0.01583715585561899
0 0.6468056898850661 0.6786986130934495 0.03676898662860577 0.03700549785907452
0 0.40821996101966274 0.45219311347374547 0.0666516377375676 0.06611009744497445
0 0.24991420599130484 0.4930152159470778 0.014713654151329627 0.014652105478140024
0 0.5205300771273099 0.61772948044997 0.026862584627591647 0.026981647198016826
0 0.24417433371910682 0.42455533834604114 0.019103637108435996 0.019248522244966947
0 0.25344027005709135 0.09448162408975455 0.06632599463829628 0.06620221871596116
0 0.2589092254638672 0.5544104209313025 0.045163631439208984 0.0462031731238732
0 0.36971437014066255 0.9710817337036133 0.025542332575871393 0.025252268864558294
0 0.38544596158541167 0.9072506244365985 0.017812728881835938 0.017868922306941107
0 0.472596498636099 0.5771292172945462 0.02753734588623047 0.027387178861177884
0 0.4921537179213304 0.49359020820030797 0.014130518986628605 0.014174681443434495
0 0.8357205024132361 0.5004149216871995 0.014464451716496395 0.014961829552283654
0 0.801423586331881 0.927393179673415 0.014802786020132212 0.014606622549203726
0 0.3937088159414438 0.7180601266714243 0.022046309251051683 0.021996131310096152
0 0.553987429692195 0.6296209188608023 0.013820354755108174 0.013878455528846154
0 0.37752727361825794 0.3940589978144719 0.0195468022273137 0.0191800044133113
0 0.37820093448345476 0.4133588717533992 0.022698255685659554 0.0229189212505634
0 0.17586214725787824 0.792202142568735 0.014248077686016377 0.014260805570162259
0 0.5964692922738882 0.565961324251615 0.021864964411808893 0.021850439218374398
0 0.2479835290175218 0.014566364196630625 0.014629510732797476 0.014571859286381649
0 0.38055071463951695 0.8813032737145057 0.019700930668757513 0.019875453068659857
0 0.5599728364210862 0.4342985153198242 0.020184663625863884 0.019742232102614183
0 0.2979220426999606 0.2842725607065054 0.014827764951265775 0.014896686260516826
0 0.2788867950439453 0.16583864505474383 0.01858388460599459 0.018546287830059346
0 0.34853432728694034 0.1371626120347243 0.019088231600247897 0.01912263723520132
0 0.7127385506263146 0.7091193565955529 0.01488494873046875 0.014056572547325721
0 0.17739101556631234 0.8105646280141977 0.014351257911095252 0.014441563532902645
0 0.2334297620333158 0.6969630901630108 0.016962124751164362 0.016986553485576924
0 0.639178202702449 0.6138019561767578 0.016103597787710335 0.016137049748347357
0 0.6433905087984525 0.675174199617826 0.044624622051532455 0.04362561152531551
0 0.19163883649385893 0.08212495767153226 0.02947513873760517 0.029385786790114183
0 0.26708113230191743 0.14744441325847918 0.015346637138953576 0.015365894024188701
0 0.535652600801908 0.3132973817678598 0.032502981332632214 0.03154556567852314
0 0.5357009447537936 0.9280882615309495 0.024574426504281852 0.02455902099609375
0 0.8232099092923678 0.7652612099280725 0.019463759202223558 0.0195156977726863
0 0.2578688401442308 0.5493101706871619 0.0381311269906851 0.03876297290508564
0 0.22136138035700872 0.5071648084200345 0.06922670511099008 0.06826723538912259
0 0.5666063015277569 0.32482616717998797 0.02588316110464243 0.026317596435546875
0 0.7750331438504733 0.281433472266564 0.024332046508789062 0.02416232916025015
0 0.6086617616506723 0.0800468188065749 0.013854173513559194 0.013797507836268498
0 0.4762449264526367 0.14611123158381537 0.03312492370605469 0.03325920838576097
0 0.31145550654484677 0.7185387244591346 0.02012797502370981 0.020657172569861777
0 0.5932567302997296 0.6613641885610727 0.017754334669846755 0.017810528094951924
0 0.1783001056084266 0.16576425845806414 0.017923575181227464 0.01784236614520733
0 0.36423290692842925 0.7129855522742639 0.01505888425386869 0.015024625338040866
0 0.2623542638925406 0.1335597955263578 0.013376125922569862 0.013420948615440955
