0 0.4233727821936974 0.9100888325617864 0.21417647141676682 0.17844610947829026
0 0.2926478752723107 0.26894694108229417 0.0878905516404372 0.08740028968224159
0 0.1446455166890071 0.05080930086282583 0.08171164072476901 0.09911311589754544
0 0.7563187525822566 0.6834931006798377 0.0457305908203125 0.04568217350886418
0 0.643410902756911 0.07262515104733981 0.04942791278545673 0.05013269644517165
0 0.880074354318472 0.4321992580707257 0.030308943528395433 0.030220471895658053
0 0.640501829294058 0.13276061644920936 0.06649369459885818 0.06689174358661358
0 0.7030187019935021 0.32690569070669323 0.03788258479191707 0.03802798344538762
0 0.3759014789874737 0.2129364747267503 0.04174591944767879 0.041738656850961536
0 0.730720960176908 0.06756187402285062 0.03948827890249399 0.0397946834564209
0 0.6591570927546575 0.7647484999436599 0.03422634418194111 0.034406808706430286
0 0.5963749518761268 0.42792610021737904 0.03193789262038011 0.03195520547720102
0 0.42678664280818057 0.3741589692922739 0.03734750014085036 0.037296221806452826
0 0.6599429203913763 0.296443352332482 0.024770736694335938 0.02478966346153846
0 0.18736120370718148 0.30638617735642654 0.03335446577805739 0.03344543163592999
0 0.6654085012582632 0.5458559623131385 0.022532536433293268 0.02250979496882512
0 0.4040707808274489 0.07568634014863235 0.023125134981595553 0.022939104300278883
0 0.23496829546414888 0.5314435958862305 0.02292622052706205 0.02331264202411358
0 0.8331498366135818 0.8804748241717999 0.028077345628004808 0.0280917241023137
0 0.3488112963162936 0.04248208724535429 0.02518125680776743 0.02518592430995061
0 0.5940341215867263 0.2996043241941012 0.025043340829702523 0.024971778576190654
0 0.7462591024545523 0.2157607995546781 0.06335126436673678 0.0623785899235652
0 0.2206286100240854 0.18921809930067796 0.03088665008544922 0.03101825714111328
0 0.786596078139085 0.5482327387883112 0.020236675555889424 0.020114311805138223
0 0.42517574016864484 0.6557272397554837 0.01989408639761118 0.02008848923903245
0 0.6376733046311599 0.4756914285513071 0.020342019888070915 0.020611689640925482
0 0.8229348109318659 0.4657393969022311 0.025593097393329326 0.025525753314678486
0 0.5912419832669772 0.6274342903724084 0.024587191068209134 0.02475767869215745
0 0.8352731557992789 0.24307195956890398 0.023477994478665866 0.02343291502732497
0 0.1826618267939641 0.7299936734713041 0.02016749748816857 0.020024519700270433
0 0.7211782015286959 0.6681016775277945 0.026645366962139424 0.026792379525991585
0 0.4178345753596379 0.23755691601679876 0.027957769540640023 0.027849417466383714
0 0.4161544212928185 0.20786012136019194 0.036239917461688705 0.036509770613450274
0 0.31419790708101714 0.9389974153958834 0.021869145906888522 0.022179823655348558
0 0.2640016262347882 0.42033954767080456 0.019688752981332634 0.01987171173095703
0 0.8871868573702298 0.7363065572885367 0.023836722740760215 0.024545816274789665
0 0.4987963896531325 0.7225473844088041 0.017899293165940505 0.017831068772536058
0 0.8566686923687274 0.1326737403869629 0.018200067373422477 0.018198416783259466
0 0.29676215465252215 0.6359115013709435 0.019427372859074518 0.019394654494065505
0 0.2595824828514686 0.7749580236581656 0.0857077378493089 0.08550629248985878
0 0.7947072249192458 0.6216361706073468 0.024951347937950723 0.02507781982421875
0 0.8144761599027194 0.24749161646916315 0.02008848923903245 0.020387942974384014
0 0.44431363619290865 0.5323306597196139 0.018460640540489785 0.01849644000713642
0 0.258023738861084 0.5190230149489182 0.023236458118145283 0.023245884821965143
0 0.33069753646850586 0.8492763225848858 0.06048451937161959 0.059905712421123795
0 0.2541188460129958 0.5375817005450909 0.02071842780480018 0.02128432347224309
0 0.6147147692166842 0.28525596398573655 0.017823292658879206 0.017963446103609525
0 0.888611573439378 0.5924559373121995 0.021897242619441107 0.022143437312199518
0 0.5164318084716797 0.697054936335637 0.01644736069899339 0.016658489520733174
0 0.18792361479539138 0.691775395320012 0.0166472655076247 0.016521747295673076
0 0.5928442294781024 0.18915136043842024 0.022983844463641826 0.022904102618877705
0 0.49521820361797625 0.44251273228571963 0.016622103177584134 0.016614767221304085
0 0.2622533027942364 0.5512285966139573 0.16245229427631086 0.16040743314302885
0 0.10799965491661659 0.7004843491774339 0.01522684097290039 0.022587702824519232
0 0.823760986328125 0.4464705540583684 0.017412919264573317 0.01714611053466797
0 0.6886944404015174 0.07429446623875545 0.032415536733774036 0.03269340441777156
0 0.5975492550776556 0.5379607127262995 0.017112365135779746 0.01689910888671875
0 0.2723042964935303 0.5658616286057693 0.019328190730168268 0.01925233694223257
0 0.4657779106727013 0.6409962727473333 0.017400668217585638 0.017220423771784857
0 0.1130688740656926 0.19365824185884917 0.018883430040799655 0.021581759819617637
0 0.17754567586458647 0.13165616989135742 0.020838187291071966 0.020842790603637695
0 0.60608827150785 0.3812654201801007 0.024117102989783652 0.024210416353665866
0 0.8679610032301682 0.9411332057072566 0.017380347618689902 0.017453853900615986
0 0.39261608857374924 0.1751112204331618 0.023480562063363884 0.0236208989070012
0 0.717250603895921 0.13068925417386568 0.020008380596454326 0.019844421973595254
0 0.6024200732891376 0.7091808319091797 0.017468819251427285 0.017466618464543268
0 0.6187459505521334 0.3942888333247258 0.016896467942457933 0.017312269944411058
0 0.3294523312495305 0.7045401059664212 0.10767577244685246 0.10773350642277645
0 0.32248533689058745 0.0576094022163978 0.0338444159581111 0.034264399455143854
0 0.6075337483332708 0.23209450795100287 0.01601380568284255 0.01609031970684345
0 0.7482050382173978 0.34791454902062047 0.016654087946965143 0.016654161306527946
0 0.3856843068049504 0.7787267978374774 0.015249325678898739 0.015298403226412259
0 0.6501350402832031 0.5754464589632474 0.01956939697265625 0.019620822026179388
0 0.8623145176814153 0.6154290712796725 0.01855336702786959 0.018414864173302285
0 0.10777754050034744 0.393098391019381 0.01125027583195613 0.016994476318359375
0 0.5893504069401667 0.5759385915902945 0.015176993149977464 0.015074363121619591
0 0.7573743966909555 0.123298507470351 0.015840970552884616 0.015869782521174505
0 0.5187926292419434 0.2420363426208496 0.01971853696382963 0.01986107459435096
0 0.45928258162278396 0.5868924214289739 0.014728986299954928 0.01461483882023738
0 0.23961648574242225 0.32501917618971604 0.01596799263587365 0.01593633798452524
0 0.7093760417057917 0.5771295840923603 0.01599458547738882 0.015831433809720553
0 0.4260564217200646 0.5951001827533429 0.015154031606820913 0.015148309560922476
0 0.2556772048656757 0.1344995406957773 0.01566773194533128 0.015976594044612005
0 0.2615767258864183 0.7011786240797776 0.016797212453988884 0.017070770263671875
0 0.5463743943434495 0.3423406160794772 0.015341685368464543 0.015362005967360277
0 0.6294741997352014 0.6778271014873798 0.021280728853665866 0.021094689002403848
0 0.2940685198857234 0.5593166351318359 0.014755615821251502 0.014766986553485576
0 0.6517848968505859 0.20338784731351411 0.01738885732797476 0.017769446739783652
0 0.2825373869675856 0.57558929003202 0.01873126396766076 0.018902118389423076
0 0.536425883953388 0.02182909158559946 0.023813174321101263 0.0238764606989347
0 0.46686421907865083 0.03106616552059467 0.016173142653245192 0.015732746857863206
0 0.5551563409658579 0.529963126549354 0.015517895038311299 0.015317843510554386
0 0.4157618009127103 0.09562428180988018 0.016301962045522835 0.016339522141676683
0 0.7686989124004657 0.21514331377469575 0.019100482647235576 0.019487674419696514
0 0.5543336134690505 0.8524199999295748 0.014188913198617788 0.014232048621544471
0 0.25535117662869966 0.16785746354323167 0.015193499051607572 0.01499476799598107
0 0.20331511130699745 0.12897100815406212 0.020698070526123047 0.02072444328894982
0 0.8084229689378005 0.5252121045039251 0.017755655141977165 0.017810821533203125
0 0.6802218510554388 0.11055841812720665 0.036142789400540866 0.037171400510347806
0 0.5374324138347919 0.8126800243671124 0.01421048091008113 0.014188032883864183
0 0.2462779925419734 0.8447906787578876 0.08903136620154747 0.08747687706580529
0 0.4290032753577599 0.010733087475483235 0.02807917961707482 0.020090504334523127
0 0.6703243255615234 0.6052444898165189 0.01685362595778245 0.01666098374586839
0 0.4903732446523813 0.60493227151724 0.014518077556903545 0.014816357539250301
0 0.40483929560734677 0.5940176890446589 0.014073518606332632 0.014243052555964543
0 0.12493659899784969 0.2089540775005634 0.024922260871300332 0.024466661306527946
0 0.6295283390925481 0.3522800298837515 0.015117058387169471 0.015086540809044471
0 0.380797606248122 0.254166291310237 0.016188988318810098 0.016448387732872598
0 0.6652786548321064 0.6578705861018255 0.014984717735877404 0.014919867882361779
0 0.18825336603017953 0.8109777157123272 0.09998694749978873 0.10121008066030648
0 0.5216664534348708 0.414882439833421 0.021902084350585938 0.02252652094914363
0 0.48626954738910383 0.7770412151630108 0.01566285353440505 0.016011898334209736
0 0.5813415233905499 0.14140708629901594 0.02322813180776743 0.022941112518310547
0 0.635354262131911 0.6632933249840369 0.014421903170072116 0.014315238365760216
0 0.5845017799964318 0.2831253455235408 0.016482720008263223 0.016248813042273887
0 0.8722949394812951 0.30110817689162034 0.014184511624849759 0.014373485858623799
0 0.5290444814241849 0.6671217404879056 0.013809864337627705 0.013921004075270433
0 0.42628992520845854 0.28843472554133487 0.014600900503305288 0.014218293703519382
0 0.24378002606905425 0.6294024540827825 0.017241991483248197 0.017367436335637018
0 0.2981122090266301 0.8116770524245042 0.014964763934795674 0.015101799598106971
0 0.43652156683114857 0.5056255780733548 0.01524668473463792 0.015118598937988281
0 0.6045441627502441 0.16843755428607649 0.02397309816800631 0.024066411531888522
0 0.13248161169198844 0.6487695987407978 0.013887130297147311 0.013857034536508413
0 0.10876609728886531 0.27284682714022124 0.013045787811279297 0.013800107515775241
0 0.6837630638709435 0.8513152782733624 0.048004443828876205 0.046721385075495794
0 0.8781984769381009 0.50689513866718 0.014346489539513221 0.01434795673076923
0 0.2591282771183894 0.9418772183931791 0.21508260873647836 0.11381824199969952
0 0.6072121400099534 0.16852674117455116 0.030013451209435098 0.029804266416109525
0 0.6884752420278696 0.0072803480120805595 0.019997229942908652 0.013767658517910885
0 0.5362902421217698 0.9709911346435547 0.014141082763671875 0.014049676748422476
0 0.3050704735975999 0.013636824030142564 0.017629476693960335 0.017728381432019748
0 0.4706701131967398 0.6216327227078952 0.014538178077110877 0.014632445115309495
0 0.6062245735755334 0.7825047419621394 0.014482791607196514 0.014199476975661058
0 0.24606686372023362 0.6933219616229718 0.014001846313476562 0.013681851900540866
0 0.5020544712360089 0.5602008379422702 0.013405726506159855 0.013657643244816707
