0 0.2103403898385855 0.4070595961350661 0.107146849999061 0.16326060661902794
0 0.709711661705604 0.8421567770150992 0.09138870239257812 0.09269655667818509
0 0.3172102708082933 0.4766234617966872 0.1485752692589393 0.15055216275728667
0 0.49178046446580154 0.6012700521028959 0.09945187201866737 0.09976042233980618
0 0.7231674927931565 0.5732198861929086 0.07234426645132211 0.07279396057128906
0 0.4368106035085825 0.4718192540682279 0.06003130399263822 0.06024045210618239
0 0.4362510534433218 0.4010107700641339 0.056949542118952826 0.05659198760986328
0 0.569487791794997 0.9585060706505408 0.0915059309739333 0.0780475323016827
0 0.6160280521099384 0.5881277964665339 0.050388189462515026 0.05042714339036208
0 0.7934260735144982 0.5754204529982346 0.06135001549353966 0.061884366548978366
0 0.4792823791503906 0.7595875079815204 0.0576634040245643 0.057712408212515026
0 0.4274889139028696 0.6245620434100811 0.06709362910344051 0.06695934442373422
0 0.6018926547123835 0.7551364165086013 0.04438862433800331 0.0443421877347506
0 0.6348772782545823 0.3953419832082895 0.026983994704026442 0.02718323927659255
0 0.26343374985914964 0.7384448418250451 0.05410128373366136 0.05413906390850361
0 0.6659694084754357 0.5404415864210862 0.03607045687161959 0.036108163686899036
0 0.6605986081636869 0.7413261120135968 0.06298065185546875 0.06212703998272236
0 0.38062403752253604 0.9882317322951096 0.021521641657902643 0.01933449965256911
0 0.4553084740271935 0.9062600502601037 0.06713089576134315 0.0670305398794321
0 0.6880373587975135 0.3689329440777118 0.03266437237079327 0.03217792510986328
0 0.40079424931452823 0.874092542208158 0.09035169161283053 0.08912981473482572
0 0.48340845108032227 0.3443396274860089 0.029948087838979866 0.029757059537447415
0 0.2555317511925331 0.6624771264883188 0.05371768657977764 0.05360119159405048
0 0.46762693845308745 0.43384735400860125 0.020881065955528848 0.020869108346792366
0 0.44390392303466797 0.6984266134408804 0.021575340857872598 0.021782654982346755
0 0.5006192647493802 0.7314888880803034 0.04536562699538011 0.04536173893855168
0 0.2869718441596398 0.30381140342125523 0.02287182441124549 0.02293880169208233
0 0.6297532595120944 0.3362735234774076 0.026162074162409857 0.026444361760066107
0 0.27080257122333234 0.6098953393789438 0.05293127206655649 0.05265969496506911
0 0.58575072655311 0.5189182574932392 0.03601499704214243 0.03635135063758263
0 0.6523306919978216 0.7099559490497296 0.051474351149338946 0.05186374370868389
0 0.5985776094289926 0.5497759305513822 0.034884159381573014 0.035303556002103366
0 0.5490077092097356 0.893946280846229 0.05490259023813101 0.05517314030573918
0 0.6674173795259916 0.5762732212360089 0.03460429264948918 0.034322958726149336
0 0.5724304639376127 0.6607862619253305 0.02818929232083834 0.028056804950420674
0 0.1811374517587515 0.6027339054987981 0.03537445801955003 0.035805041973407455
0 0.772856198824369 0.19808549147385818 0.021968254676231973 0.022193101736215446
0 0.561928969163161 0.34987035164466274 0.017017364501953125 0.016868004432091348
0 0.21051843349750227 0.3234147291917067 0.040531011728140026 0.04026484489440918
0 0.3655754236074594 0.2646910594059871 0.020041245680588942 0.019925447610708382
0 0.636323488675631 0.6797862419715295 0.029983960665189303 0.02979307908278245
0 0.37712427286001354 0.31412084286029524 0.03197890061598558 0.03174715775709886
0 0.8252005210289588 0.31804818373460036 0.018859276404747598 0.018974744356595553
0 0.40965131612924427 0.9270647489107572 0.021234512329101562 0.021385779747596152
0 0.4806301777179425 0.8656842158390925 0.024550731365497295 0.02466583251953125
0 0.29403624167809117 0.7060891664945163 0.05180014096773588 0.05135844304011418
0 0.6901082258958083 0.8934229337252103 0.021859389085036058 0.021876115065354567
0 0.5038375854492188 0.2981860454265888 0.017444023719200723 0.017457851996788613
0 0.4345876987163837 0.2990469198960524 0.022454115060659554 0.022832430326021634
0 0.43348334385798526 0.5866242188673753 0.016167860764723558 0.01625207754281851
0 0.6400318145751953 0.13214544149545523 0.018548231858473558 0.018719012920673076
0 0.5250184719379132 0.8114164792574369 0.025657800527719352 0.025660881629356973
0 0.498781497661884 0.13930107080019438 0.01936648442195012 0.019662508597740762
0 0.5316927983210638 0.5140087787921612 0.015694398146409255 0.015750004695012018
0 0.4709927485539363 0.2801818114060622 0.021174797644981973 0.020794208233173076
0 0.29762931970449596 0.6773598010723407 0.040101784926194414 0.04027645404522236
0 0.4066430972172664 0.5059771170982947 0.02880705319918119 0.028453826904296875
0 0.3553647994995117 0.16972708702087402 0.015230765709510216 0.015199661254882812
0 0.7786875504713792 0.8958759307861328 0.0383001474233774 0.0391382070688101
0 0.38296926938570464 0.27687799013577974 0.01927639887883113 0.01929165766789363
0 0.8010322864239032 0.1737670348240779 0.016200725848858174 0.016382914323073167
0 0.6501224224384015 0.6061429977416992 0.02569271967961238 0.025742750901442308
0 0.5883826475877029 0.4480740473820613 0.017545259915865384 0.017479969904972956
0 0.21973041387704703 0.24619726034311148 0.022673680232121393 0.022920535160945013
0 0.6792929722712591 0.414367859180157 0.0224148676945613 0.022350164560171273
0 0.7517892397367038 0.7705694345327524 0.017834003155048076 0.017863933856670674
0 0.5429325103759766 0.4350150915292593 0.01994631840632512 0.02007323044996995
0 0.6035764400775616 0.7180918180025541 0.042908008282001205 0.04307820246769832
0 0.8011248661921575 0.06093762929622944 0.021613487830528848 0.021877316328195427
0 0.498439201941857 0.47017842072706956 0.019516578087439902 0.019625150240384616
0 0.6587616847111628 0.11683368682861328 0.014930431659405049 0.014783272376427284
0 0.6795704181377704 0.6015933110163763 0.02735284658578726 0.02753169719989483
0 0.5430008448087252 0.585723510155311 0.04206532698411208 0.04162406921386719
0 0.3453048559335562 0.8700808745164138 0.01656642326941857 0.016617554884690505
0 0.5657347899216872 0.7133877827570989 0.01659540029672476 0.01664880605844351
0 0.5183380567110502 0.6575647500845102 0.03179476811335637 0.03205020611102764
0 0.7237702883206881 0.7329378128051758 0.04693310077373798 0.04610736553485577
0 0.748116346505972 0.5363846191993127 0.020123701829176683 0.019925631009615384
0 0.17928075790405273 0.5578437951894907 0.021865698007436898 0.022246727576622598
0 0.555310322688176 0.11495025341327374 0.016408553490271933 0.01656902753389799
0 0.8237925309401292 0.9740763444166917 0.04534427936260517 0.04548175518329327
0 0.17119939510638899 0.6959909292367789 0.031995920034555286 0.03950823270357572
0 0.3096614250769982 0.03151160020094652 0.01599282484788161 0.016169969852154072
0 0.4242646877582257 0.4362086516160231 0.02330501262958233 0.022912098811222956
0 0.6716140600351187 0.9543828230637771 0.01583128709059495 0.01593164297250601
0 0.6957985804631159 0.4294864581181453 0.016880328838641826 0.01661792168250451
0 0.7345158503605769 0.393456899202787 0.014662522536057692 0.01492603008563702
0 0.7807781512920673 0.4702896705040565 0.022591224083533652 0.02301304156963642
0 0.2082976928124061 0.5603773410503681 0.023104227506197415 0.023652150080754206
0 0.6309680205125076 0.5466572688176081 0.0390936044546274 0.037799688485952526
0 0.5253355319683368 0.4569363227257362 0.04010295867919922 0.040634448711688705
0 0.4511227240929237 0.6695047525259165 0.03974694472092848 0.03950030987079327
0 0.7109447625967172 0.91411803318904 0.02363439706655649 0.0237576411320613
0 0.40372650439922625 0.8262522770808294 0.015165035541240986 0.015300163855919471
0 0.8383906437800481 0.6914476247934195 0.012988457312950721 0.019316453200120192
0 0.5498603674081656 0.17004827352670523 0.014538764953613281 0.014740870549128605
0 0.49543285369873047 0.42126824305607724 0.013702686016376201 0.0138395749605619
0 0.19548566524799055 0.811223396888146 0.037056336036095254 0.037960052490234375
0 0.2406589801494892 0.9943711941058819 0.016683578491210938 0.010339883657602163
0 0.7452619992769681 0.30472927827101487 0.024045504056490384 0.02387230212871845
0 0.7259365962101862 0.4537627880389874 0.02128425011268029 0.021301122812124398
0 0.44935930692232573 0.36094966301551235 0.01639248774601863 0.016065304095928486
0 0.582120968745305 0.3701681357163649 0.016897201538085938 0.01686242910531851
0 0.6407390741201547 0.05349326133728027 0.014155021080603966 0.014100038088285007
0 0.5928644767174354 0.6850899916428786 0.03540530571570763 0.034636424137995794
0 0.517088376558744 0.9944774921123798 0.016421097975510817 0.010308779202974759
0 0.6258869171142578 0.6478727780855619 0.017194307767427884 0.016992862407977764
0 0.5202858998225286 0.33820632787851185 0.015665641197791465 0.016220239492563102
0 0.5565148133497971 0.6791345889751728 0.02194389930138221 0.021707681509164665
0 0.6879549760084885 0.6653281725369967 0.016675508939302884 0.016186053936298076
0 0.651806904719426 0.3130387526292067 0.014490861159104567 0.014817017775315505
0 0.3652465526874249 0.2080852068387545 0.016229776235727165 0.016167127169095553
0 0.2262235971597525 0.5927024988027719 0.022202455080472507 0.022102502676156852
0 0.3582436121427096 0.9608540901770959 0.014535096975473257 0.014812322763296274
0 0.5125020834115835 0.9023199081420898 0.03853687873253456 0.0385431142953726
0 0.1665316911844107 0.19014444717994103 0.016158067263089694 0.02660652307363657
0 0.3690375548142653 0.5796915934636042 0.025978968693659857 0.026000463045560397
0 0.3457950812119704 0.733059809758113 0.04700469970703125 0.04682159423828125
0 0.6713294982910156 0.5039251767672025 0.014012850247896634 0.013823509216308594
0 0.8402891159057617 0.9103377415583684 0.01219485356257512 0.014989999624399038
0 0.6766821054311899 0.8008116208589994 0.05569956852839543 0.05584276639498197
0 0.24512639412513146 0.2668587611271785 0.021221454326923076 0.021112442016601562
0 0.25123249567472017 0.5436777701744666 0.03343050296490009 0.03378075819749098
0 0.7097148895263672 0.7488230191744291 0.06143525930551382 0.060388418344350964
0 0.22005569017850435 0.6867649371807392 0.030489518092228815 0.030343275803786058
0 0.23978508435762846 0.4660439124474159 0.015423921438363882 0.0153501950777494
0 0.3670012033902682 0.7210887028620794 0.03718126737154447 0.03713666475736178
0 0.7091557429387019 0.7550053229698768 0.05201809222881611 0.050267733060396634
0 0.627134763277494 0.5249608846811148 0.030921312478872445 0.030608984140249398
0 0.5694203743567834 0.854121208190918 0.032533498910757214 0.031844799335186295
0 0.5774769049424392 0.8568443885216346 0.05021352034348708 0.048734224759615384
0 0.19869254185603216 0.8129832927997296 0.02989306816687951 0.031917718740609974
0 0.5948191422682542 0.3833424494816707 0.015485176673302284 0.0154722653902494
0 0.5738195272592398 0.7030539879432092 0.01706064664400541 0.016913780799278848
0 0.2502462680523212 0.07309063581319955 0.02217270777775691 0.021858398730938252
0 0.6315871018629807 0.5406863872821515 0.04534358244675856 0.04719103299654447
0 0.6198661510760968 0.06922284456399772 0.2287141359769381 0.13518221561725324
0 0.33356563861553484 0.8584634340726413 0.01565390366774339 0.015708776620718148
0 0.6913959796612079 0.9794909403874323 0.04569449791541466 0.03857876704289363
0 0.3615644895113431 0.7218991793118991 0.04650101294884315 0.04580130943885216
0 0.6472309552706205 0.9809739039494441 0.04426119877741887 0.035067044771634616
0 0.6294891650860126 0.7738221975473257 0.02501825185922476 0.026035455557016227
0 0.4480955417339618 0.3637095231276292 0.01886910658616286 0.018774766188401442
0 0.2830509772667518 0.40366125106811523 0.03168399517352764 0.03208035689133864
0 0.3514292790339543 0.728667846092811 0.053569646982046276 0.052911024827223554
0 0.6628146538367639 0.34171023735633266 0.016704265887920674 0.01662870553823618
0 0.5623697500962478 0.53125916994535 0.014045275174654447 0.014313697814941406
0 0.5522608390221229 0.38515039590688854 0.014291029710036058 0.013936703021709736
0 0.4999906833355243 0.2675028947683481 0.014775642981896034 0.014827581552358774
0 0.19323145426236665 0.7101557804987981 0.024849561544565055 0.025100121131310098
0 0.2776055886195256 0.5630572759188138 0.014793726114126353 0.014344875629131611
