0 0.84417357811561 0.5253334412207971 0.1989126939039964 0.1944416486299955
0 0.4884181389441857 0.7501156880305364 0.030964484581580527 0.030959202693058893
0 0.7081021528977615 0.6667887614323542 0.02179718017578125 0.02171912560096154
0 0.43514156341552734 0.4296850057748648 0.02716695345365084 0.0272671626164363
0 0.5089841255774865 0.7957864908071665 0.025844427255483773 0.0259396479679988
0 0.3287061544565054 0.595340215242826 0.02472532712496244 0.02503343728872446
0 0.9261000706599309 0.7374983567457932 0.02104054964505709 0.021183600792518027
0 0.15196924943190354 0.48919186225304234 0.022947274721585788 0.02278313269981971
0 0.7336538021381085 0.22315263748168945 0.024164933424729567 0.02425531240609976
0 0.530246404501108 0.2335832302386944 0.021524942838228665 0.02178536928617037
0 0.5665112275343674 0.37076495243952823 0.019211255587064303 0.019199371337890625
0 0.5959959030151367 0.7131573603703425 0.017877872173602764 0.017779717078575723
0 0.13138835246746355 0.1215526690849891 0.023201905764066257 0.0234683110163762
0 0.8366421919602615 0.4255977043738732 0.02113518348106971 0.02141262934758113
0 0.12495079407325158 0.9299986912653997 0.019483309525709886 0.019417395958533652
0 0.15611655895526594 0.436885063464825 0.018507508131173942 0.018452864426832933
0 0.1372966582958515 0.6546011704664964 0.017346675579364482 0.0176699711726262
0 0.30994712389432466 0.6116058643047626 0.020140941326434795 0.0203097416804387
0 0.06392034200521615 0.2846245765686035 0.01797936512873723 0.01786642808180589
0 0.3385747029231145 0.4542988997239333 0.017232601459209736 0.01711889413686899
0 0.7254802263700045 0.719971436720628 0.018044691819411058 0.01830291748046875
0 0.7376166857205905 0.01142770739702078 0.019365457388070915 0.019305765628814697
0 0.1827831635108361 0.04880829957815317 0.017792298243596003 0.01769394140977126
0 0.4756055245032677 0.6425346961388221 0.1291806147648738 0.1298349820650541
0 0.8514767426710862 0.5957548434917743 0.020256922795222357 0.02014460930457482
0 0.6965366510244516 0.975216792179988 0.04699076139009916 0.04528544499323918
0 0.888886965238131 0.5575371522169846 0.01667638925405649 0.016852892362154447
0 0.21429105905386117 0.8856302408071665 0.29471551454984224 0.22998897845928484
0 0.4588963802044208 0.49714264502892125 0.015338824345515324 0.015255561241736779
0 0.1966071862440843 0.3325755779559796 0.06284233239980844 0.06292438507080078
0 0.6514807481032151 0.198670533987192 0.01783018845778245 0.017738855802095853
0 0.38004244290865385 0.44391382657564604 0.0911725851205679 0.09144005408653846
0 0.3443373166597806 0.7671181605412409 0.01587838392991286 0.01583275428185096
0 0.821725111741286 0.6253018012413611 0.021488189697265625 0.021474544818584736
0 0.5648769965538611 0.6520554469181941 0.02338541471041166 0.023149930513822116
0 0.5886007455679086 0.6616846231313852 0.014088117159329928 0.014217083270733174
0 0.35618451925424427 0.7248309208796575 0.014062881469726562 0.014009035550631009
0 0.6238646874060998 0.687252558194674 0.01931601304274339 0.01941651564378005
0 0.43230331861055815 0.7449673139131986 0.014243345994215745 0.014473548302283654
0 0.6225715783926157 0.7052625509408804 0.015757634089543268 0.016042269193209134
0 0.24590070431049055 0.6044891063983624 0.015696305495042067 0.015595362736628605
0 0.7681691096379206 0.5256620920621432 0.014502011812650241 0.014723117534930889
0 0.794371824998122 0.6815621302678034 0.016881355872521035 0.01712652353140024
0 0.8574353731595553 0.6120829582214355 0.022878500131460335 0.02324669177715595
0 0.3618199275090144 0.12880277633666992 0.1586603201352633 0.162229244525616
0 0.3087567182687613 0.42779181553767276 0.014714534466083232 0.014919281005859375
0 0.35860186356764573 0.6895338205190805 0.014274010291466346 0.014221484844501201
0 0.49329449580265927 0.6104608682485727 0.013709288377028245 0.013851752647986779
0 0.6922594217153696 0.9507377331073468 0.018424107478215143 0.018262129563551683
0 0.714454357440655 0.6796637315016526 0.015513200026292067 0.01535503680889423
0 0.6729637292715219 0.49817774846003604 0.01427151606633113 0.01418289771446815
0 0.8840955587533804 0.7049959622896634 0.013904718252328726 0.013903984656700721
0 0.3364828916696402 0.9247338955218976 0.014196689312274639 0.014241291926457332
0 0.16267185944777268 0.41954286281879133 0.014328736525315505 0.01447310814490685
0 0.6196541419396033 0.6013072820810171 0.04108649033766527 0.0409997793344351
0 0.08899969321030837 0.365508849804218 0.13083142500657302 0.1357573729294997
0 0.07642593750586876 0.9773260263296274 0.018432085330669697 0.018493065467247598
0 0.6845356867863581 0.726890857403095 0.015912422767052285 0.016052832970252402
0 0.5931815367478591 0.6948487942035382 0.015404921311598558 0.015241036048302284
0 0.8570628532996545 0.01224738359451294 0.0322107168344351 0.02349020426089947
