0 0.6657892373891977 0.21373660747821516 0.11736855140099159 0.11738278315617488
0 0.447268375983605 0.8181466322678786 0.06483092674842247 0.0650928203876202
0 0.3603812731229342 0.6492369725153997 0.03682870131272536 0.036409964928260215
0 0.6534266838660607 0.9518809685340295 0.04965430039625902 0.05032216585599459
0 0.7026075216440054 0.8985086587759165 0.02925388629619892 0.02945562509390024
0 0.1488042978140024 0.8949825580303485 0.03821138235238882 0.038453175471379206
0 0.4076575499314528 0.7018033541165866 0.059831472543569714 0.06009409977839543
0 0.6407517653245193 0.28381897852971005 0.020434159498948317 0.020413875579833984
0 0.8664560317993164 0.7476306328406701 0.0318599114051232 0.04360242990347055
0 0.4877471190232497 0.902636454655574 0.03978773263784555 0.03969104473407452
0 0.5598611098069411 0.17228111853966346 0.020261764526367188 0.02026822016789363
0 0.29150885802048904 0.609473888690655 0.03122718517596905 0.031392464270958535
0 0.7552576798659104 0.010186162132483263 0.022761711707481973 0.018570668422258817
0 0.8075753725492038 0.4096207251915565 0.02045440673828125 0.020365788386418268
0 0.8617107684795673 0.16257078831012434 0.028008094200721152 0.02806241695697491
0 0.5381611677316519 0.5511926504281851 0.025783465458796576 0.025872157170222357
0 0.7769641876220703 0.9148354897132287 0.07796228848970853 0.07697032048152043
0 0.7599497575026292 0.5101740176861103 0.026079911452073317 0.02620271536020132
0 0.22241970208974984 0.6978479532095102 0.018599656911996696 0.018521235539362982
0 0.7120433220496545 0.568328674022968 0.02130273672250601 0.021109507634089544
0 0.7680740356445312 0.33170817448542667 0.02503351064828726 0.02516966599684495
0 0.608014546907865 0.11005386939415565 0.024341289813701924 0.02449516149667593
0 0.6275892991286057 0.7059249877929688 0.03407958837655874 0.0341028066781851
0 0.7331321422870343 0.13882249135237473 0.024385892427884616 0.024343472260695238
0 0.6427390025212214 0.8752642411452073 0.032741546630859375 0.03234701890211839
0 0.3940607217641977 0.9337431100698618 0.025523552527794473 0.025458409236027643
0 0.16132857249333307 0.23169829295231745 0.02082234162550706 0.020737281212439902
0 0.37965781872089094 0.9902691474327674 0.017488919771634616 0.015578636756310096
0 0.4495806327232948 0.779513432429387 0.023714505709134616 0.023488851693960335
0 0.6404611147367038 0.8538799285888672 0.03292142427884615 0.03276399465707632
0 0.5982438600980319 0.6805738302377554 0.028664442209097054 0.028549781212439902
0 0.3713365334730882 0.8498828594501202 0.024467028104341947 0.024602156419020433
0 0.6489834418663611 0.8270015716552734 0.025983370267427884 0.025890937218299277
0 0.6722620450533353 0.08252138357896072 0.025048182560847357 0.025266945362091064
0 0.5962927158062274 0.9641370039719802 0.024001488318810098 0.02385887732872596
0 0.6838524158184345 0.7023770258976862 0.020058851975661058 0.020131918100210335
0 0.6124769357534555 0.4415767009441669 0.028891636775090143 0.028641627385066107
0 0.8515557509202224 0.20707137768085188 0.025341033935546875 0.02532797593336839
0 0.6279512552114633 0.5824221831101638 0.02325718219463642 0.023240382854755107
0 0.6176366072434646 0.7571485959566556 0.02515543424166166 0.025211627666766826
0 0.667841911315918 0.38081756004920375 0.01894716116098257 0.01905235877403846
0 0.658871577336238 0.6142379320584811 0.018881724430964544 0.018779607919546273
0 0.5979477809025691 0.6444219442514273 0.03137529813326322 0.03167401827298678
0 0.7316124255840595 0.5872741479140061 0.021523402287409857 0.021565804114708535
0 0.2963716066800631 0.42354495708759016 0.031140767610990085 0.031118392944335938
0 0.2625876206618089 0.8558629842904898 0.03432464599609375 0.03349656325120192
0 0.7338014749380258 0.454772582420936 0.017704596886268027 0.01754929469181941
0 0.22631617692800668 0.7897852384127103 0.07032922598031852 0.06971212533804086
0 0.5424394607543945 0.46554224307720476 0.018688055185171273 0.018498053917518027
0 0.4780830236581656 0.24666679822481596 0.033353292025052585 0.03293044750507061
0 0.7527096088115985 0.545802116394043 0.09556961059570312 0.09577134939340445
0 0.8650360107421875 0.4522709479698768 0.018183488112229567 0.017970745380108174
0 0.27540005170381987 0.9908660008357122 0.018626066354604866 0.01536266620342548
0 0.6646771064171424 0.47561370409452 0.054923717792217545 0.05408609830416166
0 0.44870449946476865 0.1793964459345891 0.01731138962965745 0.017229080200195312
0 0.42417500569270206 0.613245047055758 0.01912205035869892 0.018967041602501504
0 0.5241894721984863 0.4977526297936073 0.01664880605844351 0.01659525357759916
0 0.7287286611703726 0.6096896758446326 0.019225487342247598 0.019546141991248496
0 0.4272606556232159 0.47775994814359224 0.017246759854830228 0.017082067636343148
0 0.8306815807635968 0.4931319310114934 0.02309725834773137 0.023129683274489183
0 0.50454620214609 0.9205518869253305 0.030749394343449518 0.031048994797926683
0 0.6087515170757587 0.3178728176997258 0.016106385451096755 0.016010211064265326
0 0.37132633649385893 0.4444442895742563 0.015486790583683895 0.015548412616436299
0 0.6163186293381911 0.6888680091271033 0.01961487990159255 0.019910372220552884
0 0.170685914846567 0.6159408275897686 0.014923095703125 0.01502224115224985
0 0.3112162810105544 0.8284596663254958 0.017959026189950798 0.0179135249211238
0 0.8571598346416767 0.43892478942871094 0.017787346473106973 0.017978448134202223
0 0.7589117196890024 0.1504309635895949 0.01752017094538762 0.01747422951918382
0 0.7943895780123197 0.4525722356942984 0.01590141883263221 0.016018794133112982
0 0.5130679790790265 0.2263038341815655 0.015363399799053486 0.015244850745567909
0 0.48686900505652797 0.49772247901329625 0.015535207895132212 0.015644366924579326
0 0.7887737567608173 0.26454511055579555 0.021451803354116585 0.021233338576096755
0 0.6671038407545823 0.4449390998253456 0.029649881216195915 0.02946134713979868
0 0.13862540171696588 0.5861965692960299 0.015145301818847656 0.015331121591421274
0 0.2234949698814979 0.7521549371572641 0.017907105959378757 0.01803720914400541
0 0.6489925384521484 0.7534516407893255 0.03455294095552885 0.03381421015812801
0 0.7521264736468976 0.9577275789701022 0.023847579956054688 0.024271744948167067
0 0.5461411842933068 0.7514485579270583 0.020134412325345553 0.020167424128605768
0 0.8361062269944411 0.5318285135122446 0.019660069392277643 0.019736656775841348
0 0.6504955291748047 0.3108658423790565 0.021260775052584134 0.021164894104003906
0 0.7628213442288913 0.06940844425788292 0.015237074631911058 0.015169473794790415
0 0.6646549518291767 0.7919065035306491 0.04179118229792668 0.04173014714167668
0 0.7412398411677434 0.11800639445965107 0.020129864032451924 0.02004663760845478
0 0.6801069699800931 0.10088554712442252 0.0248104975773738 0.02556191957913912
0 0.661001939039964 0.918417710524339 0.018552046555739183 0.018391535832331732
0 0.24065160751342773 0.8374839195838342 0.07598341428316556 0.0810555678147536
0 0.42419228186974156 0.6309048579289362 0.019248522244966947 0.01904472937950721
0 0.1349541315665612 0.15532524769122785 0.028844466576209433 0.029332491067739632
0 0.4802719996525691 0.29289575723501354 0.02355047372671274 0.023496040931114785
0 0.6397698475764348 0.9022460350623498 0.03172390277569111 0.03180269094613882
0 0.7093045161320612 0.613642325768104 0.03845655001126803 0.03812100337101863
0 0.6459338848407452 0.7860569587120643 0.03538835965670072 0.03517414973332332
0 0.5799387785104605 0.3093102161700909 0.021363185002253607 0.021443293644831732
0 0.6270333803617038 0.779833720280574 0.021273392897385817 0.02170592087965745
0 0.6635241875281701 0.7624629094050481 0.02504876943734976 0.024907919076772835
0 0.6740300838763897 0.9778461456298828 0.06700442387507512 0.04070428701547476
0 0.16019745973440316 0.7313853043776292 0.015472815586970402 0.015407268817608174
0 0.6888895768385667 0.019342592129340537 0.01601248521071214 0.015876120099654563
0 0.5993675452012283 0.6245189079871545 0.02043467301588792 0.021214411808894232
0 0.8360124734731821 0.8927029096163236 0.019863128662109375 0.02029727055476262
0 0.7361365098219651 0.433959227341872 0.044089977557842545 0.04429494417630709
0 0.8241629967322717 0.47356686225304234 0.01702704796424279 0.016700157752403848
0 0.4377158971933218 0.10314053755540115 0.02263670701246995 0.022976416807908278
0 0.6373216188870944 0.8118045513446515 0.022809248704176683 0.022518157958984375
0 0.7109189400306115 0.47387064420259917 0.013792771559495192 0.014017838698167067
0 0.5123701462378869 0.37012173579289365 0.018459026630108174 0.018574641301081732
0 0.8191660367525541 0.9631903721736028 0.014882161067082332 0.014726785513070913
0 0.8726515403160682 0.6805370770967923 0.015214920043945312 0.015213452852689303
0 0.5827352083646334 0.6961153470552884 0.020484777597280648 0.02006677480844351
0 0.48293209075927734 0.2918302829448993 0.018658271202674277 0.019121390122633714
0 0.45846150471613956 0.1318062452169565 0.014886049123910757 0.014645906595083384
0 0.7132737086369441 0.9206887758695163 0.04155995295597957 0.04115134019118089
0 0.8022942176231971 0.5025455768291767 0.015117351825420674 0.015195186321551982
0 0.7377756558931791 0.8793279207669772 0.024338502150315505 0.02451353806715745
0 0.7528115786038913 0.10219993958106408 0.018994844876802884 0.018883998577411357
0 0.8044690352219802 0.2907776098984938 0.0145416259765625 0.014629217294546274
0 0.4867523266718938 0.555224712078388 0.014557545001690205 0.01483469742995042
0 0.7492229755108173 0.06220912016355074 0.014695974496694712 0.014555069116445689
0 0.7507924299973708 0.5836078203641452 0.018330940833458535 0.018799708439753607
0 0.2907403799203726 0.7373587534977839 0.017809977898230918 0.018180113572340745
0 0.6863585985623873 0.0693734884262085 0.015950423020582933 0.01597312780526968
0 0.6141980244563177 0.42638811698326695 0.016113721407376803 0.016258093026968148
0 0.13891141231243426 0.7628920628474309 0.04591248585627629 0.060486133282001205
0 0.25114182325509876 0.7009561245258038 0.02347586705134465 0.023079945490910456
0 0.8428200941819411 0.47303526218120867 0.018963740422175482 0.01883396735558143
0 0.8516561068021334 0.4920140046339769 0.018870720496544473 0.019233556894155648
0 0.3181977638831505 0.347899657029372 0.025391670373769906 0.025694773747370794
0 0.43476192767803484 0.9368259723369892 0.014875998863807091 0.014727078951322116
0 0.40677393399752104 0.7086400252122146 0.014174681443434495 0.015654930701622598
0 0.6890395237849309 0.7935367730947641 0.02472833486703726 0.025344408475435697
0 0.3338224704448993 0.658024054307204 0.029808191152719352 0.030111312866210938
0 0.5906075697678786 0.663247328538161 0.01566901573768029 0.015012887807992788
0 0.4174078427828275 0.42013861582829404 0.01679405799278846 0.016770069415752705
0 0.26861236645625186 0.7114920982947717 0.0272371952350323 0.027117802546574518
0 0.7036799650925857 0.6096942608173077 0.027182505680964544 0.02808204064002404
0 0.5335936913123498 0.8753540332500751 0.016876954298753005 0.017009441669170674
0 0.4790664819570688 0.47433302952693057 0.016483306884765625 0.01638925992525541
0 0.6973738303551307 0.9867223592904898 0.03309968801645132 0.024611399723933294
0 0.38611874213585484 0.51886536524846 0.016122084397536058 0.016075721153846152
0 0.7291694054236779 0.8800414158747747 0.01479046161358173 0.015584212083082933
0 0.6828810618473933 0.8170384627122146 0.02039161095252404 0.020520136906550482
0 0.8215610797588642 0.8909491025484525 0.013830625093900241 0.01384280278132512
0 0.8345664097712591 0.7855607546292819 0.015282557560847355 0.015387315016526442
0 0.31864456030038685 0.9101977715125451 0.04281748258150541 0.042503650371844955
0 0.6396905458890475 0.9229092231163611 0.019556192251352165 0.019636887770432692
0 0.5136586702786959 0.992061394911546 0.02314413510836088 0.014052024254432091
0 0.373042656825139 0.7106820620023288 0.015035629272460938 0.015045752892127404
0 0.7029845897967999 0.839630493750939 0.015232526339017428 0.0152739011324369
0 0.5918729121868427 0.5230891154362605 0.015100479125976562 0.014978262094350962
0 0.8193709300114558 0.687199225792518 0.016654381385216348 0.016689300537109375
0 0.4599343446584848 0.40371278616098255 0.014730233412522536 0.014665310199444111
0 0.602867419903095 0.6063486979557917 0.017017951378455527 0.016808583186222956
0 0.1746059564443735 0.909206903897799 0.017270234914926384 0.017279991736778848
0 0.40885243049034703 0.607847103705773 0.01568302741417518 0.015816248380220853
0 0.29349855276254505 0.6460137000450721 0.015275661761944111 0.015156379112830529
0 0.41490994966947115 0.7596271221454327 0.015316596397986779 0.0154571533203125
0 0.5743761796217698 0.9913858266977164 0.029369060809795674 0.01582967318021334
0 0.6888647813063401 0.6759431545551007 0.014183631310096154 0.014350304236778846
0 0.6946359047522912 0.9826497298020583 0.037842970628004804 0.031212733342097357
0 0.7850151062011719 0.5182894193209134 0.020800370436448317 0.02057200211745042
0 0.5706493671123798 0.58770751953125 0.014858465928297777 0.01466663067157452
0 0.7142113905686599 0.6259728211622971 0.020961174598106973 0.02088766831618089
0 0.17284884819617638 0.6700226710392878 0.013348065889798678 0.013506082388070913
0 0.40945075108454776 0.06970011270963229 0.02391639122596154 0.02410096388596755
0 0.5622532184307392 0.539274655855619 0.05785164466271034 0.05886077880859375
0 0.6568760505089393 0.11616270358745868 0.020199995774489183 0.02066324307368352
0 0.666786634005033 0.5973079754756048 0.013538360595703125 0.013754844665527344
0 0.8728520320012019 0.9107523698073167 0.013870826134314904 0.014623495248647837
0 0.6356179164006159 0.4340031697199895 0.029166294978215143 0.02947719280536358
0 0.7084281627948468 0.5864233603844275 0.013524275559645433 0.013079129732572116
0 0.12207133036393386 0.3704364116375263 0.01649328378530649 0.016531724196213942
0 0.7115411758422852 0.07957834463853103 0.013868625347430889 0.014070694263164815
0 0.16327623220590445 0.8639276944673978 0.020224341979393594 0.020168304443359375
0 0.12757402199965256 0.916770494901217 0.01932833744929387 0.019170027512770433
0 0.8092707120455228 0.564576295705942 0.015458620511568509 0.015686915471003607
0 0.63367432814378 0.42728292025052583 0.01967591505784255 0.018694070669320915
0 0.5976389371431791 0.33127740713266224 0.015607833862304688 0.015563744765061598
