0 0.44284974611722505 0.8147068023681641 0.1178743655865009 0.1196280259352464
0 0.49369122431828427 0.19141178864699143 0.06803688636192909 0.06806549659142128
0 0.7950037442720853 0.8096917959359976 0.05631109384390024 0.05651136545034555
0 0.19404141719524676 0.3623635952289288 0.08170619377723107 0.0816650390625
0 0.7759144122783954 0.4621386161217323 0.0816502204308143 0.08275354825533353
0 0.3848301814152644 0.2025450926560622 0.03985155545748197 0.039608148428109974
0 0.7803586813119742 0.5974980134230393 0.02994962838979868 0.02973791269155649
0 0.15920330927922174 0.2310338570521428 0.03226141746227558 0.031974425682654746
0 0.6468153733473557 0.03554190122164213 0.030536064734825723 0.030712521993196927
0 0.6632590660682092 0.2236179938683143 0.03846946129432091 0.03884616264930138
0 0.23165317682119516 0.5731147252596341 0.02041288522573618 0.020487198462853067
0 0.5717325944166917 0.12962767711052528 0.03434900137094351 0.03400133206294133
0 0.6284116598275992 0.3333253860473633 0.08455067414503831 0.0830701681283804
0 0.526462041414701 0.06491644565875714 0.022303214439978965 0.02249457285954402
0 0.8625246194692758 0.29013314613929164 0.02709330045259916 0.027120516850398138
0 0.8182897567749023 0.229064207810622 0.028701048630934495 0.028664588928222656
0 0.15804962011484 0.6545871587900015 0.10272723894852859 0.16258826622596154
0 0.4518868372990535 0.5948583162747897 0.02290512965275691 0.022919288048377402
0 0.50363250879141 0.5360176379864032 0.01887974372276893 0.018917377178485576
0 0.2466148963341346 0.8373185671292819 0.02056884765625 0.020609048696664665
0 0.7908422029935397 0.3170532446641188 0.0205075190617488 0.02043944138746995
0 0.8374494405893179 0.4047843126150278 0.01867529062124399 0.018519768348106973
0 0.7762538469754733 0.5198353620675894 0.0186306880070613 0.01854405036339393
0 0.8440139477069561 0.2453167621905987 0.024482140174278848 0.024508256178635817
0 0.641382437485915 0.3951758604783278 0.04190914447490986 0.041968125563401446
0 0.8307098975548377 0.8319407242995042 0.019500732421875 0.01972814706655649
0 0.6927403670090896 0.520062519953801 0.026192885178786058 0.0264279292179988
0 0.15669719989483172 0.38593108837421125 0.017523435445932243 0.017696087176983174
0 0.29405447152944714 0.9179829817551833 0.025751480689415567 0.02583943880521334
0 0.4989904256967398 0.38849416145911586 0.02189782949594351 0.021736731896033652
0 0.35921558967003453 0.850008671100323 0.08051212017352764 0.07985217754657452
0 0.1913123864393968 0.9102747990534856 0.06239164792574369 0.0609281980074369
0 0.5982397886422964 0.10600018501281738 0.021983880263108473 0.022246654217059795
0 0.27521243462195766 0.9709698603703425 0.10030394334059495 0.05386645977313702
0 0.553573204920842 0.7197321378267728 0.01817461160513071 0.0181427001953125
0 0.48345136642456055 0.4324142015897311 0.018880624037522536 0.018711310166579027
0 0.269879542864286 0.199494508596567 0.018506636986365683 0.018390948955829326
0 0.8175502190223107 0.20768299469581017 0.019336113562950723 0.01968728579007662
0 0.36668839821448695 0.3875747827383188 0.018110128549429085 0.018216793353740986
0 0.5653389784005972 0.9105154184194711 0.024145052983210638 0.024593499990609977
0 0.34839938237116885 0.655213135939378 0.020874170156625602 0.021213238055889424
0 0.13133117785820594 0.870637453519381 0.019575852614182692 0.0195919917179988
0 0.53087095113901 0.16901839696444 0.02363887199988732 0.023283628317025993
0 0.8243193993201623 0.10135954159956712 0.07087414081280048 0.07208840663616474
0 0.3967448014479417 0.3107288433955266 0.016011751615084134 0.016125825735238884
0 0.6836372522207407 0.5092434516319861 0.017078986534705527 0.01737374525803786
0 0.8648389669565054 0.635607646061824 0.01883521446814904 0.0189053462101863
0 0.6055234762338492 0.2806392449599046 0.05934685927170973 0.058614877554086536
0 0.7595115074744592 0.1476205954184899 0.0169219970703125 0.016868719687828652
0 0.5717643224276029 0.05109297312222994 0.016115702115572415 0.016225117903489333
0 0.3398141860961914 0.6835751166710486 0.0184329106257512 0.0185086176945613
0 0.33990837977482724 0.6974744063157302 0.0219876216008113 0.022260519174429085
0 0.24025911551255447 0.186383999311007 0.016481949732853815 0.016332479623647835
0 0.5487536283639761 0.1905540686387282 0.026823997497558594 0.026471944955679085
0 0.41704478630652797 0.5439952703622671 0.0259703856248122 0.026104486905611478
0 0.7684392195481521 0.6214699378380408 0.015443068284254808 0.015635857215294473
0 0.40181446075439453 0.6348596719595102 0.014739696796123799 0.014837851891150841
0 0.5203887866093562 0.943991440993089 0.1165018081665039 0.10888877281775841
0 0.8356990814208984 0.4270029801588792 0.017147651085486777 0.01731725839468149
0 0.3712720504173866 0.9015702467698318 0.05956532404972957 0.059644258939302884
0 0.6414260130662185 0.776562397296612 0.01558215801532452 0.01582673879770132
0 0.2058746081132155 0.3494614087618314 0.013686950390155498 0.013989741985614482
0 0.503227710723877 0.6172804465660682 0.015217854426457332 0.015300897451547476
0 0.20706892013549805 0.5154824623694787 0.02281042245718149 0.023006439208984375
0 0.2993754423581637 0.6199783912071815 0.015599360832801232 0.015690400050236628
0 0.7590245466965896 0.8510244809664212 0.017979255089393027 0.018055842472956732
0 0.8128794890183669 0.8629456300001878 0.018004637498121995 0.01802239051231971
0 0.8227102573101337 0.2725995320540208 0.01450802729679988 0.01464531971858098
0 0.5517884401174692 0.36098549916194034 0.01605701446533203 0.016142918513371393
0 0.7189512986403245 0.11206630560067984 0.014988238994891826 0.014884691971998949
0 0.45827352083646333 0.12192307985745944 0.014330790593073918 0.014220897967998799
0 0.40320308391864484 0.3870729666489821 0.014490274282602163 0.014752828157865085
0 0.36043310165405273 0.6911607889028696 0.019853811997633714 0.019533597506009616
0 0.7071800231933594 0.12219407925238976 0.016106092012845553 0.01590840633098896
0 0.43195519080528844 0.2583414591275729 0.01801168001615084 0.018243716313288763
0 0.47185633732722354 0.24855980506310096 0.01584757291353666 0.016020444723275993
0 0.43692904252272385 0.5225577721228967 0.019118822537935697 0.019158363342285156
0 0.28796151968149036 0.5843067169189453 0.01998285146859976 0.020016009990985576
0 0.7828587752122146 0.2946906089782715 0.015662266657902643 0.015445085672231821
0 0.12097993263831505 0.10683862062600943 0.016568954174335185 0.01714776112483098
0 0.6051626939039964 0.48186100446260893 0.015774946946364183 0.015787344712477464
0 0.332187872666579 0.6436942173884466 0.016504581157977764 0.016407599815955527
0 0.1303104070516733 0.3006439208984375 0.014516206888052134 0.014392265906700721
0 0.5853590598473182 0.16242603155282828 0.018010799701397236 0.01812920203575721
0 0.5486836800208459 0.6699826167179987 0.015325986422025241 0.01574868422288161
0 0.14579115464137152 0.5111259680527908 0.07888421645531288 0.10401505690354568
0 0.15114850264329177 0.9480897463285006 0.014665970435509315 0.014238504263070913
0 0.8201452401968149 0.7391504141000601 0.014244666466346154 0.014164557823768029
0 0.19868194139920747 0.9020038751455454 0.01828421079195463 0.019238838782677285
0 0.27370320833646333 0.3815326690673828 0.01492452621459961 0.014912825364332933
0 0.5437579154968262 0.7377826984112079 0.014704704284667969 0.015016115628756009
0 0.3721771973830003 0.26043816713186413 0.0150300539456881 0.014998876131497897
0 0.4470745600186862 0.7414398926955003 0.015150363628680889 0.015230912428635817
0 0.12464637022752029 0.17383373700655425 0.015165402339054989 0.015045679532564603
0 0.2866932978996864 0.6306646787203275 0.013680054591252254 0.013836200420673076
0 0.5113556201641376 0.8996400099534255 0.014318906343900241 0.014214148888221154
0 0.8791839893047626 0.5034721447871282 0.013544816237229567 0.013767022352952223
0 0.16468125123244065 0.9399598928598257 0.015299723698542668 0.0152589357816256
0 0.4837055206298828 0.3769706579355093 0.015431917630709134 0.015619571392352764
0 0.8198465934166541 0.15596587841327375 0.01873779296875 0.018647056359511156
0 0.6377384479229267 0.17747600261981672 0.01851199223445012 0.018766403198242188
0 0.537993100973276 0.15589510477506197 0.0178072269146259 0.017168301802415114
0 0.35930875631479114 0.6791434654822717 0.014887589674729567 0.014913412240835337
0 0.32043596414419323 0.4408740263718825 0.014887296236478366 0.015042965228740986
0 0.15537049220158503 0.24636991207416242 0.08416734291956975 0.08729259784405048
0 0.8424352499154898 0.27562376169057995 0.019331711989182692 0.019684278048001803
0 0.2667662547184871 0.17137787892268255 0.024677460010235127 0.024619249197152946
0 0.7100577721228967 0.6620068183312049 0.014056865985576924 0.014054811917818509
0 0.30570154923659104 0.3459967833298903 0.04931295835054838 0.049833444448617786
0 0.4049024215111366 0.736889545734112 0.027959750248835638 0.02839073768028846
0 0.12944848720843977 0.06426655329190768 0.014524368139413686 0.014719816354604868
0 0.5304117936354417 0.13279485702514648 0.016915394709660456 0.016808216388408955
0 0.5189345066363995 0.0076680767994660596 0.020656659052922174 0.014325488072175246
0 0.3572459587684044 0.6437731522780198 0.018981786874624398 0.019095347477839544
0 0.5542804277860202 0.17212126805232122 0.01974149850698618 0.020425796508789062
0 0.8799222799447867 0.8527985352736253 0.014760530911959134 0.01508023188664363
0 0.11391977163461539 0.27126381947444034 0.009479596064640926 0.014644402724045973
0 0.25265108622037447 0.8837091005765475 0.08143083865825947 0.08189773559570312
0 0.43659034142127406 0.582091918358436 0.016668319702148438 0.017076785747821514
0 0.15192008018493652 0.0490348614179171 0.015651482802170973 0.01569538850050706
0 0.4355098284207858 0.9761276978712815 0.05424162057729868 0.04297359173114483
0 0.7056865692138672 0.5549137775714581 0.3439800922687237 0.335666876572829
0 0.5388939197246845 0.15358558067908654 0.017157481266902044 0.017204724825345553
0 0.7000587169940655 0.39524577214167667 0.015113537128155049 0.015041644756610576
