0 0.7576318887563852 0.7793105198786809 0.12982588547926682 0.12920570373535156
0 0.7206872793344351 0.6894328777606671 0.05243272047776442 0.05321840139535757
0 0.7370570989755484 0.26832178922799915 0.0834186260516827 0.08445956156804012
0 0.5756813562833346 0.47104564079871547 0.04505634307861328 0.04525624788724459
0 0.6460588895357572 0.10471450365506686 0.05571834857647236 0.05581522446412306
0 0.2963652794177716 0.4170077397273137 0.09406034763042743 0.09353989821213943
0 0.8908337813157302 0.12785632793719953 0.028198829064002402 0.028059867712167594
0 0.103890061378479 0.7470541733961839 0.03015866646399865 0.030030470628004808
0 0.27699822645920974 0.0876229267853957 0.02184134263258714 0.021906650983370267
0 0.3920886699969952 0.7671056160560021 0.026569879972017728 0.026810719416691706
0 0.4973928744976337 0.365995297065148 0.035752369807316706 0.03559442666860727
0 0.18914109009962815 0.7279194318331205 0.01863255867591271 0.018669275137094352
0 0.8743666135347806 0.4162811499375563 0.017901053795447715 0.01780414581298828
0 0.12632932112767145 0.7757810445932242 0.02712851304274339 0.027066891009990986
0 0.1118169747866117 0.09263530144324669 0.022622952094444863 0.02253587429340069
0 0.12006867848909818 0.7140302658081055 0.02354577871469351 0.023826158963716947
0 0.08135434297414926 0.02915654732630803 0.020074555507073037 0.020304056314321663
0 0.10120934706467849 0.677041640648475 0.021514195662278395 0.0215914799616887
0 0.5425041638887845 0.028470293833659246 0.017337652353140023 0.017383158206939697
0 0.11066473447359525 0.4876995086669922 0.03924688926109901 0.039171805748572715
0 0.8784505403958834 0.7827510833740234 0.0212860107421875 0.021452683668870192
0 0.8199867835411658 0.05961896823002742 0.016457777756911058 0.016275901060837965
0 0.11432058994586651 0.6097378363976111 0.058927682729867786 0.05956312326284555
0 0.7612724304199219 0.879677259005033 0.019031231219951924 0.01900790287898137
0 0.7378657414362981 0.9051173283503606 0.019421210655799277 0.019505133995643027
0 0.5107472493098333 0.754172471853403 0.026763549217810996 0.02657288771409255
0 0.73804994729849 0.7210260537954477 0.017544086162860576 0.017758002647986777
0 0.1781777785374568 0.6716764890230619 0.02553246571467473 0.0251922607421875
0 0.8584851485032302 0.4056849112877479 0.01978302001953125 0.019771869365985576
0 0.5430058699387771 0.14221622393681452 0.015441601092998799 0.01570600729722243
0 0.2822868824005127 0.12745467516092154 0.01693105697631836 0.016704339247483473
0 0.11467412801889273 0.3659587273230919 0.016234654646653395 0.016438117394080527
0 0.9281357985276443 0.36405108525202823 0.018171163705679085 0.018108881436861478
0 0.15385746955871582 0.4748819424555852 0.019105030940129206 0.0193937008197491
0 0.22832490847660944 0.1955124048086313 0.016609815450815055 0.016788776104266826
0 0.3265056243309608 0.25184000455416167 0.022141676682692308 0.02229169698861929
0 0.4756312737098107 0.3506668164179875 0.01876654991736779 0.01854089590219351
0 0.7496698819673978 0.5247628872211163 0.016930800217848558 0.017083241389347956
0 0.1305689628307636 0.6543024503267728 0.030190302775456354 0.030489701491135817
0 0.9076452255249023 0.09446527407719539 0.015392303466796875 0.015278852902925931
0 0.5003767747145432 0.1805393145634578 0.015544891357421875 0.015564331641564002
0 0.34755882850060094 0.45966456486628604 0.02381552182711088 0.02399283189039964
0 0.5842698170588567 0.14363401669722337 0.017013696523813102 0.017216315636268027
0 0.07033807497758132 0.47402451588557315 0.019874756152813252 0.01972037095289964
0 0.934623278104342 0.4057756570669321 0.02490234375 0.024917015662560098
0 0.4038039720975436 0.9511455389169546 0.01656679006723257 0.01648682814378005
0 0.9067828838641827 0.39911864354060245 0.027361649733323317 0.027622076181265023
0 0.10468457295344426 0.4036533282353328 0.0176388300382174 0.017694840064415567
0 0.8591642379760742 0.04174393873948317 0.020401147695688102 0.02048426178785471
0 0.4251419947697566 0.029684770565766554 0.02032617422250601 0.020181522919581488
0 0.11829813627096322 0.8448597834660456 0.018799543380737305 0.018855168269230768
0 0.28416043061476487 0.5841094530545748 0.02729999102078951 0.027266208942119893
0 0.5898254834688627 0.16422389103816107 0.01961832780104417 0.01957878699669471
0 0.4902471395639273 0.8445130861722506 0.05914790813739483 0.059298001802884616
0 0.15961393943199745 0.25509247413048375 0.02496028863466703 0.024668326744666465
0 0.9030827742356521 0.2859806280869704 0.02180657019981971 0.02214644505427434
0 0.13796331332280085 0.910378676194411 0.022961836594801683 0.023163428673377402
0 0.7515350488516 0.7926301956176758 0.018602958092322715 0.018542656531700723
0 0.0768371453652015 0.3053943377274733 0.018571945337148812 0.018268475165733926
0 0.46426175190852237 0.4206664012028621 0.014813716594989482 0.014894338754507212
0 0.3099802824167105 0.7302511655367337 0.025243612436147835 0.0247958256648137
0 0.1901112703176645 0.8889623788686899 0.0446015137892503 0.045205336350661054
0 0.5293629352863019 0.6397762298583984 0.019326430100661058 0.019448500413161058
0 0.3410517986004169 0.5428671836853027 0.017069229712853067 0.01678914290208083
0 0.8439653836763822 0.3912341044499324 0.0168459965632512 0.016800366915189303
0 0.6032600036034217 0.6932346637432392 0.015483709482046274 0.015673270592322715
0 0.8130559187669021 0.8995493375338041 0.020322066086989183 0.020161261925330527
0 0.24515256514916053 0.3850068679222694 0.02908978095421424 0.028978641216571514
0 0.15357509943155143 0.5069740735567533 0.016739753576425407 0.017010028545673076
0 0.8456325531005859 0.43764869983379656 0.01692023644080529 0.01670221182016226
0 0.79480714064378 0.41359791388878453 0.025821539071890023 0.02587135021503155
0 0.4153859065129207 0.07392140993705162 0.014285894540640024 0.01428053012261024
0 0.6475023856529822 0.9633386318500226 0.030235877403846152 0.03068234370304988
0 0.056972035994896524 0.962735102726863 0.011417590654813327 0.017269721397986777
0 0.8043848184438852 0.8342963732205905 0.0185092045710637 0.018530919001652643
0 0.5782356995802659 0.960667610168457 0.016646972069373496 0.016686659592848558
0 0.9044812275813177 0.4661695040189303 0.013857768132136418 0.013852706322303185
0 0.46261112506573016 0.9171475630540115 0.016495924729567308 0.01635140639085036
0 0.13480468896719125 0.6202978721031775 0.01787721193753756 0.01780832730806791
0 0.619911634005033 0.8554667692918044 0.03151794580312876 0.03163924584021935
0 0.5011781545785757 0.0649948762013362 0.01375125004695012 0.013765555161696214
0 0.7307793543888972 0.7825600550724909 0.016056941105769232 0.016276432917668268
0 0.15787992110619178 0.6531511453481821 0.023143731630765475 0.022998516376201924
0 0.9406259976900541 0.4367366203894982 0.017759323120117188 0.018264917226938102
0 0.7685575485229492 0.5790853500366211 0.04328698378342848 0.043134249173677884
0 0.06790527930626503 0.025399043009831354 0.01602647854731633 0.01677389328296368
0 0.06620403895011315 0.8621023618257962 0.01630074244279128 0.016013512244591348
0 0.3302748753474309 0.8058496621938852 0.06118024312532865 0.05995999849759615
0 0.7049906804011419 0.5911287527817947 0.08556894155649039 0.08997924511249249
0 0.0975491817180927 0.46694374084472656 0.017354231614332933 0.01754445296067458
0 0.667118292588454 0.13022749240581805 0.01454456035907452 0.014649024376502404
0 0.0642573695916396 0.2639950605539175 0.022680190893319938 0.022576552170973558
0 0.14351814526778 0.6708351281973032 0.0194094731257512 0.019564408522385817
0 0.908482184776893 0.40335530501145583 0.02306189903846154 0.023022284874549277
0 0.2427377700805664 0.7371213619525616 0.030663710374098558 0.030912252572866585
0 0.8475802494929388 0.4245953926673302 0.015870020939753607 0.015906260563777044
0 0.7807265061598557 0.38679805168738735 0.013952108529897837 0.014157515305739183
0 0.23623044674213117 0.46798500647911656 0.014373155740591196 0.014738963200495793
0 0.3514579626230093 0.08565230552966778 0.015323345477764424 0.015205750098595252
