0 0.8117565008310171 0.2011098494896522 0.036284226637620196 0.036043753990760215
0 0.5474168337308444 0.7469410529503455 0.02758649679330679 0.027661543626051683
0 0.6745681029099685 0.6301851272583008 0.029133136455829326 0.02879157433143029
0 0.2930581569671631 0.04542502073141245 0.04025543653048002 0.04031476607689491
0 0.5471159494840182 0.4149566430311937 0.02301920377291166 0.023090142470139723
0 0.7849308894230769 0.2686971884507399 0.02293234605055589 0.02297364748441256
0 0.6312488409189078 0.784296989440918 0.02120634225698618 0.02101751474233774
0 0.7700977325439453 0.5432547422555777 0.02828348599947416 0.02866341517521785
0 0.5988859763512244 0.7080010634202224 0.0308533448439378 0.03101833050067608
0 0.6756354845487155 0.6591987609863281 0.031028307401216947 0.030823634221003607
0 0.6143350967994103 0.4127612847548265 0.02512704409085787 0.02523943094106821
0 0.3269566022432767 0.4538420897263747 0.08464330893296462 0.08608495272122897
0 0.6376723509568435 0.6595428173358624 0.025017811701847956 0.02502573453463041
0 0.17707421229435846 0.4149609712453989 0.017454110659085788 0.01736736297607422
0 0.6242834971501277 0.27506428498488206 0.022767287034254808 0.022769707899827223
0 0.8442376210139348 0.4987217096182016 0.08040149395282452 0.08235946068396935
0 0.6774984506460336 0.2936579630925105 0.019213309654822715 0.019219178419846755
0 0.6040713236882136 0.8159813514122596 0.02407044630784255 0.023772606482872598
0 0.6219884432279147 0.5965041380662185 0.01869997611412635 0.01871519822340745
0 0.6479787092942458 0.26998142095712513 0.016610365647536058 0.016516392047588643
0 0.38541929538433367 0.6625935481144831 0.02345107151911809 0.023488264817457933
0 0.6247390600351187 0.4401652996356671 0.023036810067983773 0.023178834181565505
0 0.5874999119685247 0.4322012754587027 0.02923473945030799 0.02930912604698768
0 0.7116955977219802 0.45641084817739636 0.018691136286808893 0.018778874323918268
0 0.33556365966796875 0.7433479749239408 0.02107664254995493 0.020937552818885215
0 0.49807361456064075 0.6177526620718149 0.019803927494929388 0.01990952858558068
0 0.47969759427584135 0.7470025282639724 0.018967555119441107 0.018983107346754808
0 0.5127762280977689 0.7390656104454627 0.017365528987004206 0.01738768357496995
0 0.5537854708158053 0.11860136802379902 0.209778565626878 0.2131507396697998
0 0.6007066873403696 0.16288533577552208 0.020670450650728665 0.020970564622145433
0 0.6908651498647836 0.7818926297701322 0.016681964580829326 0.016860081599308893
0 0.5647385670588567 0.9842263001662034 0.016783787653996393 0.01689632122333233
0 0.4307551383972168 0.4024998591496394 0.01835492941049429 0.018323971674992487
0 0.3999500641456017 0.6945331280048077 0.01886617220365084 0.018984574538010817
0 0.6497587057260367 0.32157215705284703 0.016204247107872598 0.016187374408428486
0 0.5845372860248272 0.37585992079514724 0.016263961791992188 0.01641977750338041
0 0.6572807018573468 0.43875290797306943 0.032303149883563705 0.032386486346905045
0 0.7771339416503906 0.4630622863769531 0.032705453725961536 0.03261624849759615
0 0.7425405062161959 0.4475294259878305 0.022600173950195312 0.022655340341421273
0 0.4950595268836388 0.23560164524958685 0.018877763014573317 0.018828905545748197
0 0.6031431784996619 0.396179015819843 0.015366774338942308 0.015222989595853366
0 0.7288031944861779 0.4138454290536734 0.016384711632361777 0.01637106675368089
0 0.7211224482609675 0.3438898233266977 0.015934870793269232 0.01604740436260517
0 0.8193729107196515 0.38774937849778396 0.017033503605769232 0.017128871037409857
0 0.3828213398273175 0.8118375631479117 0.016526075509878304 0.016456750723031852
0 0.6237987371591421 0.6895060172447791 0.018203882070688102 0.01805598919208233
0 0.6891129567072942 0.7005566083467923 0.017069156353290264 0.017067395723783053
0 0.5567817321190467 0.28406583345853365 0.02729012415959285 0.02755891359769381
0 0.8645506638746995 0.2886680089510404 0.016714096069335938 0.016660176790677585
0 0.6618581184974084 0.3769685671879695 0.016810197096604567 0.016806382399338942
0 0.6040441072904147 0.11361490763150729 0.01569542518028846 0.015738707322340745
0 0.3957328796386719 0.7147899040809045 0.015504176800067607 0.015311314509465145
0 0.5554642677307129 0.5545849433312049 0.014660248389610877 0.014607062706580529
0 0.5321573110727164 0.10458135604858398 0.014795303344726562 0.014783859252929688
0 0.3843418268057016 0.6866089747502253 0.01755098196176382 0.017950791579026442
0 0.7457039172832782 0.772674193749061 0.1192943866436298 0.12008226834810697
0 0.13113900331350473 0.09096270341139573 0.018757049853985127 0.018591697399432842
0 0.8183089036207932 0.3334908118614784 0.016192509577824518 0.016250096834622897
0 0.7303559963519757 0.47568702697753906 0.025690812330979567 0.025797036977914665
0 0.4994367819565993 0.4256081214317909 0.028321559612567607 0.02828818101149339
0 0.5361470809349647 0.5530060254610502 0.01649137643667368 0.016453963059645433
0 0.5816137607281024 0.7738428115844727 0.015682000380295973 0.01580385061410757
0 0.6704120635986328 0.6949663895827073 0.014853697556715745 0.015104440542367788
0 0.523821757389949 0.2524221126849835 0.026087100689227764 0.025885655329777643
0 0.3625652606670673 0.6832829988919772 0.015615903414212741 0.015858870286207933
0 0.7871812673715445 0.48071765899658203 0.029667487511268027 0.02961576901949369
0 0.4831382311307467 0.5642606295072116 0.016416109525240384 0.01633585416353666
0 0.611075914823092 0.6787697718693659 0.015450991117037259 0.015576582688551683
0 0.23867959242600661 0.5914707917433518 0.014757596529447116 0.014970045823317308
0 0.18733442746675932 0.8350287950955905 0.15015011567335862 0.24013181833120492
0 0.5072281910822942 0.32244132115290713 0.04840557391826923 0.047783613204956055
0 0.7743938152606671 0.42686168964092547 0.03199547987717848 0.032401671776404746
0 0.19694913350618803 0.6916509775015024 0.061584839454064004 0.0618443122276893
0 0.4079268528864934 0.7926930647629958 0.015882418705866888 0.015859163724459134
0 0.16837549209594727 0.1565997050358699 0.01532308871929462 0.015366700979379507
0 0.4041336499727689 0.185671146099384 0.019731668325570915 0.019889244666466348
0 0.4611225128173828 0.6244949927696815 0.02632882044865535 0.026217533991887018
0 0.6546517885648288 0.8637466430664062 0.016423738919771634 0.0165557861328125
0 0.15221328001755935 0.9595007529625525 0.015221669123722957 0.01534271240234375
0 0.3255422298724835 0.06478182627604558 0.022408265333909255 0.022461891174316406
0 0.8068121396578275 0.5305557250976562 0.021470289963942308 0.021629186776968148
0 0.7580068294818585 0.4043034040010892 0.014716661893404447 0.014930798457219051
0 0.6993010594294622 0.12165414370023288 0.021494351900540866 0.02152228355407715
0 0.7283216623159555 0.07130219386174129 0.028662754939152643 0.028235765603872445
0 0.4079728860121507 0.0760875206727248 0.02983261988713191 0.03025951752295861
0 0.2534205730144794 0.5915106993455154 0.015408809368426982 0.015412257267878605
0 0.7055873870849609 0.21415057549109826 0.013928926908052884 0.014080194326547476
0 0.1289809483748216 0.482853155869704 0.01505422592163086 0.014832863440880409
0 0.2529122829437256 0.28873029121985805 0.01486066671518179 0.015063799344576322
0 0.20210148737980768 0.2413350618802584 0.013550538283128005 0.013293706453763522
0 0.46708048306978667 0.7078615335317758 0.015532566950871395 0.015718606802133415
0 0.7589730482835036 0.3274547503544734 0.014052757850060096 0.014211067786583534
0 0.5250293291532077 0.6030624829805814 0.013777219332181491 0.013766948993389424
0 0.6693137242243841 0.9297849214993991 0.0158688471867488 0.015788151667668268
0 0.8082546087411734 0.03716174455789419 0.027110173152043268 0.027153198535625752
0 0.8316269654494065 0.29932330204890323 0.015066146850585938 0.01491689682006836
0 0.6452802511361929 0.3433728584876427 0.014677047729492188 0.01464535639836238
0 0.19234349177433893 0.24869801447941706 0.014346012702355018 0.014531649076021634
0 0.5615340012770432 0.4560401989863469 0.03441678560697115 0.03398880591759315
0 0.7489467767568735 0.09777489075293908 0.03748952425443209 0.03804621329674354
0 0.41448237345768857 0.7128224006065955 0.017218369704026442 0.017343961275540866
0 0.4096976426931528 0.6813254723182092 0.017016044029822715 0.016803154578575723
0 0.3608751663794884 0.03965190740732046 0.11074286240797776 0.0782455847813533
0 0.4166523493253268 0.041744576050685 0.01826051565317007 0.018336662879356973
0 0.7063358013446515 0.34954408498910755 0.014407524695763221 0.014301446767953726
0 0.6391127659724309 0.28194581545316255 0.013462213369516226 0.01389628190260667
