0 0.11055695093595065 0.4911678754366361 0.12280427492581882 0.1513501680814303
0 0.16257205376258263 0.607295036315918 0.1433432285602276 0.14295519315279448
0 0.5816598305335412 0.8403540391188401 0.041563767653245196 0.04146355849045973
0 0.891239753136268 0.5113063958974985 0.03072944054236779 0.031569334176870495
0 0.4971721355731671 0.192995364849384 0.1164233867938702 0.11651428846212533
0 0.09504368672004113 0.3429880509009728 0.09246952717120831 0.10767320486215445
0 0.06309697261223426 0.21776217680711013 0.026967873940101035 0.02681556114783654
0 0.9314952263465295 0.7180671691894531 0.03493030254657452 0.051613147442157455
0 0.5892530588003305 0.1354292814548199 0.02955289987417368 0.02967385145334097
0 0.83147459763747 0.6375028170072116 0.031063960148737982 0.031030801626352165
0 0.33529186248779297 0.32180169912484974 0.025368910569411058 0.025522525493915264
0 0.3890826151921199 0.24473206813518816 0.017516062809870794 0.017796443058894232
0 0.411806400005634 0.787662726182204 0.02146779573880709 0.02123436560997596
0 0.27581398303692156 0.012608120074638953 0.0227811519916241 0.0225596703015841
0 0.11123134539677547 0.3771158731900729 0.029653329115647536 0.029898350055401143
0 0.14272178136385405 0.5343000705425556 0.019565270497248724 0.019522373492901143
0 0.23723389552189753 0.31824497076181263 0.01897151653583233 0.019139583294208232
0 0.0917295034115131 0.6933691318218524 0.01949282792898325 0.019303395197941706
0 0.284436427629911 0.5265369415283203 0.022035672114445612 0.022200364332932692
0 0.2837086090674767 0.33603613193218523 0.0174868657038762 0.01739201178917518
0 0.40517425537109375 0.09990430795229398 0.017062553992638223 0.017257140232966497
0 0.785768068753756 0.4586270038898175 0.017847207876352165 0.01754929469181941
0 0.45923563150259167 0.4092291318453275 0.022974014282226562 0.022899040809044473
0 0.39197503603421724 0.6543633387638972 0.021355188809908353 0.021297161395733174
0 0.273201373907236 0.3287551219646747 0.018143213712252103 0.018387354337252103
0 0.47260189056396484 0.17352581024169922 0.0176236079289363 0.017688531142014723
0 0.6849206777719351 0.662175545325646 0.02799224853515625 0.02789893517127404
0 0.7701034545898438 0.6461135424100436 0.020035670353816107 0.01995365436260517
0 0.60121671970074 0.2657831632173978 0.06879300337571365 0.06890018169696514
0 0.16013728655301607 0.1770160748408391 0.02279163323915922 0.02291551003089318
0 0.9376966036283053 0.11925829373873197 0.016512357271634616 0.016660616948054388
0 0.47217897268442005 0.029917508363723755 0.016677269568810098 0.01648031289760883
0 0.498199829688439 0.3020261801206149 0.015935310950646035 0.01610290087186373
0 0.2322230339050293 0.26369459812457746 0.0472104732806866 0.0469055542579064
0 0.4500788175142728 0.9007231638981745 0.017449452326847956 0.01772132286658654
0 0.36353111267089844 0.36894086691049427 0.038807062002328724 0.038928838876577526
0 0.779417478121244 0.5335320692795974 0.015691317044771634 0.01578976557804988
0 0.5671742879427396 0.6003457582913913 0.08119407066932091 0.08041954040527344
0 0.38663196563720703 0.4479697667635404 0.06532815786508414 0.06645906888521634
0 0.8838227345393255 0.5548358697157639 0.018923245943509616 0.018831766568697415
0 0.26940022982083833 0.5906424889197717 0.01555934319129357 0.015661973219651442
0 0.1471789891903217 0.3439754339364859 0.015265593161949744 0.015179927532489482
0 0.07843434810638428 0.6834907531738281 0.01580469424907978 0.015563671405498799
0 0.340388664832482 0.08086881270775428 0.01783598386324369 0.01785651995585515
0 0.32071473048283505 0.9912248758169321 0.02107400160569411 0.015405801626352163
0 0.521723747253418 0.0735697287779588 0.014847828791691707 0.014874073175283579
0 0.29360327353844273 0.8145041832557092 0.014839759239783654 0.014435401329627404
0 0.5272309229924128 0.21847226069523737 0.025925709651066706 0.02659306159386268
0 0.16044796430147612 0.1160442645733173 0.0562208524117103 0.05653740809513973
0 0.5876096578744742 0.5561622472909781 0.014902701744666466 0.014936300424429087
0 0.32717257279616135 0.4232747004582332 0.04512803371136005 0.04515625880314754
0 0.40344942533052885 0.40981564154991734 0.020344367394080527 0.020340992854191706
0 0.06017760588572575 0.6011539239149827 0.016875459597660944 0.022496150090144232
0 0.45357542771559495 0.29511754329387957 0.01762522183931791 0.017746705275315505
0 0.8759321066049429 0.6727306659405048 0.014310103196364183 0.014513015747070312
0 0.7494423939631536 0.4749869933495155 0.028847621037409857 0.028901173518254206
0 0.7986981318547175 0.4593994067265437 0.015497941237229567 0.016091566819411058
0 0.8336802262526292 0.5828917576716497 0.01720428466796875 0.017555090097280648
0 0.48346391090979945 0.6860159360445462 0.018153557410606973 0.018463134765625
0 0.6813903955312876 0.06785555069263165 0.014835210946890024 0.014691811341505785
0 0.9026603698730469 0.5761472628666804 0.020931243896484375 0.02089082277738131
0 0.3331939990703876 0.34479753787700945 0.017916239224947415 0.017885354849008415
0 0.640537848839393 0.2166131092951848 0.07501954298753005 0.07523118532620944
0 0.6217495111318735 0.34756865868201625 0.029654869666466348 0.029927693880521335
0 0.7570360623873197 0.6785832918607272 0.016971881573016826 0.017041133000300482
0 0.2170420059790978 0.4953769537118765 0.02274036407470703 0.022367257338303786
0 0.5174074539771447 0.7593658887423002 0.02506593557504507 0.025083541870117188
0 0.6157937416663537 0.6215642782358023 0.04275380648099459 0.04318505067091722
0 0.24852275848388672 0.4400962316072904 0.013797466571514424 0.01395878425011268
0 0.4057959776658278 0.3778528066781851 0.01650824913611779 0.01682457557091346
0 0.9248505372267503 0.493137396298922 0.014486312866210938 0.014560185945951022
0 0.7631229987511268 0.3336822803203876 0.018647413987379808 0.01872840294471154
0 0.08803244737478402 0.9429613993718073 0.014218935599693885 0.014166905329777645
0 0.6697695805476263 0.7128210801344651 0.022696274977463942 0.022454188420222357
0 0.30132774206308216 0.5977501502403846 0.02229785919189453 0.02265482682448167
0 0.7078876495361328 0.530822203709529 0.014780778151292067 0.014608456538273739
0 0.3227667441734901 0.03213396897682777 0.06815778292142428 0.06101904465601994
0 0.3172501050508939 0.4777184266310472 0.0785366938664363 0.07686336223895733
0 0.8011575111976037 0.3556063725398137 0.015014208280123197 0.014904609093299279
0 0.8336394383357122 0.5621528258690467 0.016571631798377402 0.016699790954589844
0 0.07981516764714168 0.7736900036151593 0.05782022842994103 0.0726016117976262
0 0.8473609044001653 0.6001223417428824 0.013812431922325721 0.013854393592247596
0 0.19357230113102838 0.008680727619391222 0.03095098642202524 0.016595010574047383
