0 0.8519611358642578 0.18334858234112078 0.18068225567157453 0.18124961853027344
0 0.24244528550368089 0.862633044903095 0.196503419142503 0.20237614558293268
0 0.5308200396024264 0.13656695989462045 0.08076315659743089 0.08059276067293607
0 0.48404165414663464 0.7977996239295373 0.25034493666428786 0.24756798377403846
0 0.12967246312361497 0.5821822973398062 0.25538262954125035 0.3509360093336839
0 0.3566921674288236 0.09436340515430157 0.048105826744666465 0.047962610538189225
0 0.3965687384972206 0.1618024385892428 0.050054110013521634 0.04965672126183143
0 0.7674088111290565 0.42769901569073016 0.04861186100886418 0.048213812021108776
0 0.8080042325533353 0.8781800636878381 0.032455150897686295 0.03252278841458834
0 0.31719831319955677 0.595883296086238 0.028964116023137018 0.02881167485163762
0 0.313112552349384 0.3871136812063364 0.15459058834956244 0.1596218989445613
0 0.3992342215317946 0.38463409130389875 0.02138834733229417 0.02152589651254507
0 0.4399354641254132 0.11806056132683387 0.026377017681415264 0.026452119533832256
0 0.9762810927170974 0.8048703120304987 0.02153954139122596 0.021742600661057692
0 0.45114858333881086 0.26223846582266 0.036645155686598554 0.03634438147911659
0 0.3418313173147348 0.47120031943688023 0.02205973405104417 0.022101622361403245
0 0.2728915581336388 0.17986856974088228 0.02012458214393029 0.020566426790677585
0 0.8885095302875226 0.08802418525402363 0.023186610295222357 0.023334374794593223
0 0.7079289509699895 0.2197709450354943 0.02492039020244892 0.02483822749211238
0 0.5403183423555814 0.08842229843139648 0.023125281700721152 0.023236494797926683
0 0.6199709085317758 0.20122260313767654 0.02026059077336238 0.020493580744816706
0 0.6953883537879357 0.1871024095095121 0.020527472862830527 0.020415196051964395
0 0.5618639359107385 0.2809561582712027 0.02190230442927434 0.0219729496882512
0 0.7372674208420974 0.26872998017531174 0.02179894080528846 0.021790211017315205
0 0.4816339932955228 0.3923259148230919 0.020376205444335938 0.020698694082406852
0 0.7938402616060697 0.0825505806849553 0.021727341871995192 0.021721399747408353
0 0.2367365176861103 0.18555905268742487 0.022461817814753607 0.0226595951960637
0 0.7982496848473182 0.5342281414912298 0.055014390211838946 0.054843975947453424
0 0.27834362250107986 0.14314847726088303 0.02332298572246845 0.02328656269953801
0 0.5648259382981521 0.33104419708251953 0.019019346970778245 0.019288136408879206
0 0.5693204953120306 0.37383028177114636 0.023079652052659255 0.023352402907151442
0 0.4298682946425218 0.07067200770744911 0.02470992161677434 0.024574114726139948
0 0.8746919631958008 0.7836499580970178 0.016195003802959736 0.016134995680588942
0 0.10151379842024583 0.9667148590087891 0.01738430903508113 0.0174258305476262
0 0.2953602717472957 0.09682185833270733 0.022197650029109076 0.022409897584181566
0 0.81957090817965 0.7972781107975886 0.018175858717698317 0.017792775080754206
0 0.9275233928973858 0.10009908676147461 0.046593886155348554 0.0465965591944181
0 0.2557801099923941 0.1603977496807392 0.022204252389761116 0.022081164213327262
0 0.09020007573641263 0.8835697174072266 0.07316314715605515 0.07453434283916767
0 0.8333945641150842 0.977398945735051 0.04086156991811899 0.03732872009277344
0 0.5546047870929425 0.3591932150033804 0.016102130596454326 0.016149080716646634
0 0.541956351353572 0.33087326930119443 0.019031304579514723 0.01892544673039363
0 0.9359833643986628 0.8700032600989709 0.018139178936298076 0.01814900911771334
0 0.6832136007455679 0.037628040863917425 0.018303504356971152 0.018030560933626615
0 0.3506517777076134 0.3602627974290114 0.06804480919471154 0.06717183039738582
0 0.27193599480849046 0.42247654841496396 0.015982774587777946 0.01604740436260517
0 0.19684617335979754 0.36803120833176833 0.0165255986727201 0.016692088200495794
0 0.30075414364154524 0.11392498016357422 0.02199136293851412 0.021813172560471755
0 0.4394500805781438 0.18626869641817534 0.016504947955791768 0.01663545461801382
0 0.6951079735389123 0.7053136825561523 0.015719487116887018 0.015758661123422477
0 0.8586551959698017 0.5022155321561373 0.05902569110576923 0.05861575786884014
0 0.5742715322054349 0.10893486096308781 0.014861473670372596 0.014999316288874699
0 0.9256346775935247 0.017476632044865534 0.020085848294771634 0.0198977360358605
0 0.42024993896484375 0.39231120623075044 0.020019677969125602 0.019910078782301683
0 0.7375849210298978 0.15798770464383638 0.01896520761343149 0.018890023231506348
0 0.6667442321777344 0.24178103300241324 0.017941694993239183 0.017968287834754355
0 0.8405057466947116 0.33482991732083833 0.016804328331580527 0.016692968515249398
0 0.7527892772967999 0.5749805157001202 0.05889217670147236 0.059281349182128906
0 0.43861777965839094 0.5353696529681866 0.018816581139197715 0.01878701723538912
0 0.11471862059373122 0.8192768096923828 0.0906359599186824 0.08989246074969952
0 0.44539132485022914 0.16478670560396635 0.017288061288686898 0.017055511474609375
0 0.8750993288480319 0.8640400813176081 0.02313379141000601 0.023632342998798076
0 0.49854432619535005 0.5055087162898138 0.016925811767578125 0.01685201204740084
0 0.627873787513146 0.05546950835448045 0.014321840726412259 0.014362601133493276
0 0.49314579596886265 0.21571889290442833 0.020991105299729567 0.021102758554311898
0 0.9639731920682467 0.31310664690457857 0.01757225623497596 0.01750975388746995
0 0.9162705494807317 0.06956987197582538 0.029168202326847956 0.02908750680776743
0 0.3728894820580116 0.03984002883617695 0.01690196990966797 0.016940247554045457
0 0.260944128036499 0.39635218106783354 0.015179634094238281 0.01507098858173077
0 0.6418247222900391 0.22854102574861968 0.015448350172776442 0.015624413123497596
0 0.6795274294339694 0.32197181995098406 0.015680459829477165 0.016006323007436898
0 0.6084764187152569 0.2949659274174617 0.018169256357046273 0.01840099921593299
0 0.6432158396794245 0.586325058570275 0.01571831336388221 0.01564935537484976
0 0.9759451059194711 0.5156427530141977 0.019043849064753607 0.018954937274639424
0 0.8172300778902494 0.622283935546875 0.018633328951322116 0.018526370708759014
0 0.4678954344529372 0.3859677314758301 0.01849988790658804 0.018282083364633415
0 0.3702116012573242 0.927176989041842 0.02180965130145733 0.021665426400991585
0 0.43974700340857875 0.20612327869121844 0.01593751173753005 0.015828609466552734
0 0.7995416201077975 0.10991278061499962 0.015607100266676683 0.015718533442570612
0 0.9741482367882361 0.3509033276484563 0.01580076951246995 0.015610254727877103
0 0.29947977799635667 0.9390439987182617 0.028647496150090143 0.028958834134615384
0 0.7266742266141452 0.060441975410167985 0.0165707514836238 0.016784915557274453
0 0.4621879137479342 0.3688146151029147 0.01629037123460036 0.016447727496807393
0 0.30597211764408994 0.06057025377566998 0.015617774083064152 0.015771223948552057
0 0.8116437471829928 0.06336107620826134 0.01915917029747596 0.019307705072256234
0 0.6754248692439153 0.08367586135864258 0.01678642859825721 0.016748139491448037
0 0.946127304664025 0.3234853744506836 0.015058370736929087 0.015070841862605168
0 0.6471541478083684 0.27531038797818697 0.019222846397986777 0.019476560445932243
0 0.37760433783897984 0.8863431490384616 0.043170928955078125 0.044343214768629804
0 0.7007632622352014 0.05435692347013033 0.01468951885516827 0.014800603573138896
0 0.08205771446228027 0.9702189518855169 0.01678329247694749 0.01708074716421274
0 0.7425145369309646 0.41354538844181943 0.016216864952674277 0.015863565298227165
0 0.48313496663020206 0.23620407397930437 0.016565909752478965 0.016483160165640023
0 0.01205890797651731 0.06198372749181894 0.014175582390565138 0.01645952921647292
0 0.737896992610051 0.14184455688183123 0.016447800856370192 0.016876037304217998
0 0.4354366155771109 0.15380270664508527 0.02093373812161959 0.020583629608154297
0 0.30485305419334996 0.6887277456430289 0.1686389996455266 0.1682560260479267
0 0.9040065178504357 0.7150071217463567 0.014626282912034255 0.014860299917367788
0 0.6438890603872446 0.5514235129723182 0.014899033766526442 0.014989119309645433
0 0.9189175825852615 0.06884227807705219 0.024910560021033652 0.02465698352226844
0 0.7003440856933594 0.887917738694411 0.014998656052809495 0.015086834247295674
0 0.9139201824481671 0.9726839065551758 0.15570537860576922 0.05242435748760517
0 0.9506099407489483 0.06539300771859977 0.041471041165865384 0.04213281778188852
0 0.31107275302593523 0.038850866831265964 0.016191482543945312 0.01629802813896766
0 0.8038436449491061 0.8039308694692758 0.014047182523287259 0.013963259183443509
0 0.3760221554682805 0.6971724583552434 0.0349272214449369 0.034537095289963946
0 0.17803104107196516 0.14987802505493164 0.017732620239257812 0.017641250903789815
0 0.867467293372521 0.9247278066781851 0.04736812298114483 0.046999417818509616
0 0.8011204646183894 0.9458982027493991 0.014088997474083534 0.014072418212890625
0 0.5510212824894831 0.2554904314187857 0.01456620143010066 0.014507257021390475
0 0.9544734954833984 0.8017294957087591 0.01825684767503005 0.018106607290414665
0 0.7128920188316932 0.12689768351041353 0.015411670391376201 0.015699386596679688
0 0.3709879655104417 0.8585551335261419 0.014981636634239784 0.015381739689753605
0 0.505932514484112 0.9834842681884766 0.02811006399301382 0.02642088669996995
0 0.4667699153606708 0.49648556342491734 0.015267885648287259 0.01522687765268179
0 0.26018428802490234 0.014679436500255879 0.03995792682354267 0.02770275794542753
0 0.9847277127779447 0.4759844633249136 0.017812435443584736 0.025196662315955527
0 0.3168626931997446 0.5466220929072454 0.015614582942082332 0.015441307654747596
0 0.843963623046875 0.65136535351093 0.01643518301156851 0.016159204336313102
0 0.8408735715425931 0.06263985542150644 0.017513862022986777 0.017971158027648926
0 0.19119849571814904 0.26060951673067534 0.02894137455866887 0.02878086383526142
0 0.20930114159217247 0.11235457200270432 0.015448570251464844 0.01537328500014085
0 0.9841912342951848 0.8997063269981971 0.016227868887094352 0.02650935833270733
0 0.6845355400672326 0.669943956228403 0.01753968458909255 0.01802796583909255
0 0.712738770705003 0.7766835139347956 0.01390383793757512 0.014227353609525241
0 0.923117417555589 0.7339539161095252 0.015015382033128005 0.015442334688626803
