0 0.14483745281512922 0.7157491537240835 0.06281126462496243 0.06229459322415865
0 0.12655148139366737 0.5578443087064303 0.04130095701951247 0.04141851571890024
0 0.3481000019953801 0.7788461538461539 0.07627487182617188 0.07742779071514423
0 0.8746179433969351 0.12922134766211876 0.037064772385817304 0.03680764711820162
0 0.6151117911705604 0.34891590705284703 0.04110394991361178 0.04128280052771935
0 0.4101950205289401 0.13560748100280762 0.04415328686053936 0.04415222314687876
0 0.6285283015324519 0.7976182057307317 0.04718428391676683 0.047148484450120196
0 0.3811387282151442 0.9767090724064753 0.043032279381385215 0.04170843271108774
0 0.28149606631352353 0.9365074451153095 0.036765648768498346 0.03686200655423678
0 0.46295602505023664 0.17413696875939003 0.020012268653282754 0.020049241872934196
0 0.6774978637695312 0.7677707672119141 0.04111275306114784 0.04111774151141827
0 0.6955394744873047 0.30941346975473255 0.023286966177133415 0.023669921434842624
0 0.5815730461707482 0.8681548191950872 0.03512771313007061 0.03504489018366887
0 0.9515460087702825 0.16756565754230207 0.0213931157038762 0.021515259375939004
0 0.2384768265944261 0.5463875623849722 0.03803110122680664 0.03851934579702524
0 0.08437493214240441 0.9177922468919021 0.0218963072850154 0.021860562838040866
0 0.0721222712443425 0.027703496126028206 0.05351156454819899 0.05193901062011719
0 0.4667205810546875 0.12435803963587834 0.016774984506460335 0.017087367864755485
0 0.19815984139075646 0.7567046238825872 0.043495471660907455 0.04351806640625
0 0.13313597899216872 0.49796603276179385 0.019837159376878005 0.01963043212890625
0 0.8563847908606896 0.039541615889622614 0.01742216256948618 0.01730942726135254
0 0.08093567994924691 0.6034972851092999 0.019595627601330098 0.01987002446101262
0 0.45161951505220854 0.8859633665818435 0.01978639455942007 0.019982411311222956
0 0.025508463382720947 0.47362309235792893 0.019371977219214805 0.01914838644174429
0 0.4204271389887883 0.6209737337552584 0.017276837275578424 0.01709721638606145
0 0.5835026961106521 0.8045671903170072 0.028609349177433893 0.028549634493314303
0 0.736014879666842 0.27956478412334734 0.025120368370643027 0.025321336892934945
0 0.6689364359929011 0.832057366004357 0.041235703688401446 0.04173689622145433
0 0.4016172702495868 0.34266141744760364 0.1020804185133714 0.10370516777038574
0 0.06377888642824613 0.7071687258206881 0.02678403487572303 0.02714362511268029
0 0.29871082305908203 0.6228254758394681 0.016527322622445915 0.016628118661733773
0 0.27773202382601225 0.9598180330716647 0.026547872103177585 0.02679780813363882
0 0.8079500931959885 0.14688551425933838 0.016894120436448317 0.016892671585083008
0 0.10457177345569317 0.8395343193641076 0.02681880730849046 0.026569366455078125
0 0.6325504596416767 0.8208673917330228 0.017094832200270433 0.017292169424203727
0 0.49032071920541614 0.8131156334510217 0.022774622990534857 0.02304385258601262
0 0.47118495060847354 0.5915096723116361 0.01536853496844952 0.015352982741135817
0 0.06228238344192505 0.8709775484525241 0.016808271408081055 0.017033503605769232
0 0.3339534172644982 0.9885794566227839 0.01581881596491887 0.015511879554161659
0 0.06545231892512395 0.6727121793306791 0.02902395908649151 0.028744037334735576
0 0.19038933974045974 0.8155386998103216 0.04428856189434345 0.04336811945988582
0 0.9787827271681565 0.7511784480168269 0.031004979060246393 0.0330357184776893
0 0.11672859925490159 0.02762609261732835 0.015887920673076924 0.01603871125441331
0 0.13950357070335975 0.7846183776855469 0.022960552802452676 0.0230868412898137
0 0.06200285599781917 0.4753645383394681 0.014841813307542067 0.014961976271409255
0 0.1683054337134728 0.8504451604989859 0.054132975064791165 0.052580026479867786
0 0.06282158081348126 0.9293193817138672 0.028817488596989557 0.028925382173978366
0 0.21926608452430138 0.8264393439659705 0.029936570387620192 0.030949225792518027
0 0.03855442083798922 0.6712316366342398 0.018352804275659416 0.018252152663010817
0 0.6540459852952224 0.14422049889197716 0.030081822321965143 0.029497366685133714
0 0.464168511904203 0.7979153119600736 0.02082369877741887 0.020775868342472956
0 0.5535668593186599 0.8010362478402945 0.016745493962214544 0.016611245962289665
0 0.7218327889075646 0.2674358074481671 0.01689940232496995 0.016870645376352165
0 0.630419657780574 0.1839296084183913 0.020161848801832933 0.019963594583364632
0 0.40800835536076474 0.9908391512357272 0.023076424231896035 0.015919025127704326
0 0.5342442439152644 0.8134696667010968 0.020277023315429688 0.019995762751652643
0 0.6577189518855169 0.8813542586106521 0.03809209970327524 0.03903609055739183
0 0.14063065785628098 0.8144801213191106 0.03137660026550293 0.03164100646972656
0 0.5779199600219727 0.12604999542236328 0.018496293288010817 0.018488627213698167
0 0.6081542601952186 0.9812036661001352 0.03511729607215294 0.031041952279897835
0 0.13456622453836295 0.037725902520693265 0.016797450872567985 0.016678544191213753
0 0.1238181866132296 0.09252400581653301 0.015020388823289137 0.01514750260573167
0 0.49782206461979794 0.3054996637197641 0.020400340740497295 0.020375398489145134
0 0.08581842825962947 0.6921498225285456 0.01838084367605356 0.01899103017953726
0 0.4600717837993915 0.7599570200993464 0.015976465665377103 0.01597287104679988
0 0.7148166069617639 0.9901179533738357 0.017031742976262018 0.014967258159930889
0 0.62134155860314 0.12190439150883602 0.016879705282358024 0.016957943256084736
0 0.08517725651080792 0.695281248826247 0.01981504146869366 0.020904541015625
0 0.10025098690619835 0.969775126530574 0.025658845901489258 0.026478400597205527
0 0.34766578674316406 0.2649087539085975 0.017642974853515625 0.01774428440974309
0 0.9839324951171875 0.721092517559345 0.029561996459960938 0.04898775540865385
0 0.6505385178786057 0.14554663804861215 0.025297018197866585 0.02414729044987605
0 0.2012323049398569 0.09871167403001052 0.015660946185772236 0.015392633584829478
0 0.27422813268808216 0.8015080231886643 0.01549390646127554 0.015743108896108773
0 0.17409018369821402 0.551362184377817 0.015063946063701924 0.015334349412184495
0 0.6696984217717097 0.9381323594313401 0.043175037090594955 0.04318853525015024
0 0.7163142424363357 0.08171921509962815 0.015609301053560697 0.015780343459202692
0 0.2964407480680026 0.8089149181659405 0.02701429220346304 0.0270999028132512
0 0.029297292232513428 0.6592171008770282 0.018027369792644795 0.018340184138371393
0 0.9869570365318885 0.7815237778883714 0.022057606623722956 0.030858846811147835
0 0.8193252270038311 0.6503411072951096 0.021916756263146035 0.022511702317457933
0 0.2131501894730788 0.6710894658015325 0.041463448451115534 0.04359626770019531
0 0.5326823821434608 0.016909031913830683 0.026484342721792366 0.028017720350852378
0 0.10996821293464074 0.9348575885479267 0.029380064744215745 0.029968408437875602
0 0.5163289583646334 0.48864562694843 0.014092665452223558 0.014196836031400241
0 0.42373114365797776 0.6837346003605769 0.014153260451096755 0.014064495380108174
0 0.9593330530019907 0.5638349239642804 0.01687196584848257 0.016361089853140023
0 0.19197596036470854 0.9713817009559045 0.05226597419151893 0.0505822988656851
0 0.10380605550912711 0.4077618672297551 0.01475066405076247 0.015026385967548076
0 0.13173981813284066 0.9190340042114258 0.030903174326970026 0.030550736647385817
0 0.15389552483191857 0.9496951470008264 0.041284964634821966 0.042921946598933294
0 0.1603405659015362 0.9600956990168645 0.028120930378253643 0.028235508845402643
0 0.01791089314680833 0.922488285945012 0.03151856018946721 0.03644576439490685
0 0.8850769629845252 0.3418134542611929 0.01462569603553185 0.014876439021183895
0 0.12778230813833383 0.5405007142287034 0.014659918271578275 0.014688858619103065
0 0.12746345079862154 0.9655226193941556 0.02878682429973896 0.029187715970552884
0 0.08681313808147724 0.7127469136164739 0.01856512289780837 0.019237518310546875
0 0.3619957703810472 0.8096248920147235 0.017323420597956732 0.017243605393629808
0 0.8862897432767428 0.2568080975459172 0.014421609731820913 0.014681449303260216
0 0.9641946645883414 0.010067382684120765 0.017090724064753607 0.016354592946859505
0 0.20883675721975473 0.0894934947674091 0.015947231879601113 0.015752645639272835
0 0.133043674322275 0.5122116529024564 0.015273736073420597 0.01542208744929387
0 0.05399682430120615 0.6580503903902494 0.017961566264812764 0.017981602595402643
0 0.7201161017784705 0.9240150451660156 0.041481311504657455 0.040155264047475964
0 0.1298410433989305 0.4515247344970703 0.01591950196486253 0.015565578754131611
0 0.5365815162658691 0.8136944404015174 0.023808992826021634 0.023639678955078125
0 0.06743972118084247 0.5958395737868089 0.013770616971529447 0.014344728910006009
0 0.11832007995018592 0.6130006496722882 0.021328082451453574 0.021903844980093148
0 0.7877002129187951 0.3646692862877479 0.03541242159329928 0.035196084242600664
0 0.41914851848895734 0.030262743051235493 0.015820136437049277 0.01546042699080247
