0 0.7305955153245193 0.7104219289926382 0.03232618478628305 0.03244766822228065
0 0.7739463219275842 0.1498297911423903 0.019236344557542067 0.01935155575092022
0 0.38280208294208234 0.4407147994408241 0.02271556854248047 0.02291261232816256
0 0.630375862121582 0.3022915033193735 0.028058712299053486 0.02803325653076172
0 0.672619893000676 0.01511811178464156 0.025119194617638223 0.02495466975065378
0 0.12302382175738995 0.907776979299692 0.018463519903329704 0.01837026155911959
0 0.519473516024076 0.07395418332173274 0.018272840059720553 0.018255389653719388
0 0.4372090559739333 0.5803994765648475 0.017546873826246995 0.017660214350773737
0 0.4834570517906776 0.6025381088256836 0.017893424400916465 0.017995247474083535
0 0.36164118693425107 0.8399587777944711 0.01658468980055589 0.016530843881460335
0 0.49641961317795974 0.6515144935021033 0.015805537884051982 0.015683687650240384
0 0.28068931286151594 0.7234321740957407 0.016044176541841947 0.016059288611778848
0 0.8798856001633865 0.07850076602055477 0.015959813044621393 0.016841650009155273
0 0.7926088479849008 0.2011885276207557 0.014926910400390625 0.014926873720609225
0 0.7666316399207482 0.3628542973445012 0.014870570256159855 0.014696561373197116
0 0.46147757310133714 0.540443860567533 0.014968138474684495 0.015004304739145132
0 0.727330207824707 0.6847377190223107 0.014661788940429688 0.014877906212439904
0 0.3215214655949519 0.12143485362713154 0.015214920043945312 0.015241549565241886
0 0.5374673696664664 0.10156106948852539 0.015166796170748197 0.015129566192626953
0 0.8326631692739633 0.6339653455294095 0.014631564800555889 0.01480410649226262
0 0.1471314705335177 0.4875904963566707 0.014411064294668345 0.014470907358022837
0 0.8681307572584885 0.8077732966496394 0.014507587139423076 0.014485579270582933
0 0.7726368537315955 0.03383116309459393 0.013370220477764424 0.013233693746420054
