0 0.26566230333768404 0.9624787844144381 0.06743423755352314 0.0674905043381911
0 0.44354999982393706 0.6577396392822266 0.04155533130352314 0.04115999661959135
0 0.7661751967210036 0.42630430368276745 0.04072717519906851 0.04073935288649339
0 0.41144869877741885 0.39283987192007214 0.0650190940270057 0.06579076326810397
0 0.39777220212496245 0.13249589846684381 0.0415034660926232 0.04165095549363356
0 0.482666749220628 0.8317289352416992 0.03644752502441406 0.036413339468149036
0 0.28830517255342925 0.8374635256253756 0.035137066474327676 0.03502302903395433
0 0.6916740124042218 0.8028598932119516 0.041710193340594955 0.04187143765963041
0 0.5936976212721604 0.9359284180861253 0.04176513965313251 0.04157257080078125
0 0.27103981604942906 0.19542499688955453 0.03319490872896635 0.033289615924541764
0 0.42168235778808594 0.15355682373046875 0.02563755328838642 0.02587740237896259
0 0.41274279814500076 0.31026279009305513 0.02452549567589393 0.024830744816706732
0 0.44741711249718297 0.019953374679271992 0.0372771483201247 0.03630980161520151
0 0.6154678051288311 0.9689738933856671 0.03220455463115986 0.03242844801682692
0 0.49044326635507435 0.30105024117689866 0.021732477041391227 0.021799417642446663
0 0.40482513721172625 0.5103900982783391 0.019538145798903245 0.019523033728966348
0 0.42837817852313703 0.7811043079082782 0.030840213482196514 0.0307772709773137
0 0.2980345946091872 0.6044266040508564 0.018745862520658053 0.018756866455078125
0 0.738044812129094 0.29702329635620117 0.018000969519981973 0.018060977642352764
0 0.25619301429161656 0.7196421990027795 0.017880659836989183 0.017957247220552884
0 0.4645849007826585 0.8751239776611328 0.019545995272122897 0.019635420579176683
0 0.7418641310471755 0.619606825021597 0.022692166841947116 0.022520065307617188
0 0.2790931738339938 0.7684665093055139 0.01965442070594201 0.019965098454402044
0 0.7352671990027795 0.835453620323768 0.022325955904447116 0.02227020263671875
0 0.7513605264516977 0.4874952756441556 0.01978155282827524 0.019875526428222656
0 0.33433107229379505 0.9116841096144456 0.023274054894080527 0.023118239182692308
0 0.39141075427715594 0.1636992601247934 0.029267091017503005 0.028924868657038763
0 0.43337510182307315 0.8881161029522235 0.023749058063213643 0.023743556096003607
0 0.26563558211693394 0.12215852737426758 0.01951907231257512 0.019504657158484824
0 0.6275669244619516 0.6801284643319937 0.026476346529447116 0.026346646822415866
0 0.5580544838538537 0.1593787853534405 0.02237114539513221 0.02233452980334942
0 0.4942239247835599 0.3223067797147311 0.022763692415677585 0.022797071016751803
0 0.5544980856088492 0.8969699419461764 0.018493799062875602 0.018414717454176683
0 0.5290561089148889 0.10527774003835824 0.028760469876802884 0.028759552882267878
0 0.5093910510723407 0.4561250393207257 0.019212796137883112 0.019174575805664062
0 0.35036644568810094 0.254241943359375 0.019444392277644232 0.019300460815429688
0 0.6424592825082632 0.6097618249746469 0.016600388746995192 0.0166165278508113
0 0.28427910804748535 0.3202042579650879 0.02201388432429387 0.02195578355055589
0 0.5076291744525616 0.9080090155968299 0.022186426016000602 0.021973243126502402
0 0.48700831486628604 0.3882129008953388 0.017272802499624398 0.01744240980881911
0 0.418461432823768 0.26258310904869664 0.023475060096153848 0.023549740131084736
0 0.67370788867657 0.3145746084359976 0.01650208693284255 0.016429039148183968
0 0.23200570620023286 0.47779956230750453 0.028429544889009915 0.028655565701998197
0 0.4791621428269606 0.9164529947134165 0.024832945603590745 0.025197542630709134
0 0.2397751808166504 0.6740856170654297 0.017975403712346003 0.018100445087139424
0 0.31650436841524565 0.9394139509934646 0.028698847844050482 0.02870324941781851
0 0.4124641785254845 0.747531744150015 0.02569734133206881 0.02548804649939904
0 0.7401337990394006 0.8572540283203125 0.01665188716008113 0.0166323735163762
0 0.7452501150277945 0.7573529756986178 0.01895728478064904 0.018996312068058893
0 0.35534279163067156 0.9610314735999475 0.022589756892277643 0.022285021268404447
0 0.32578097856961763 0.9795341491699219 0.020920753479003906 0.021287184495192308
0 0.5763616195091834 0.6769579373873197 0.017493761502779447 0.01743169931265024
0 0.7741407247690054 0.3931457812969501 0.03403619619516226 0.033226306621844955
0 0.6155637594369742 0.059125116238227256 0.015942793626051683 0.015856403570908766
0 0.3400292763343224 0.13811577283419096 0.015439106867863582 0.015418822948749248
0 0.3955853535578801 0.8943091172438401 0.02150579599233774 0.021311246431790866
0 0.39299733822162336 0.46883289630596453 0.015941839951735277 0.01594235346867488
0 0.6942349947415866 0.6285176643958459 0.028657179612379808 0.028808153592623197
0 0.47340935927170974 0.33017738048846906 0.01642476595365084 0.01663053952730619
0 0.503787114070012 0.47632224743182844 0.015744429368239183 0.015769591698279746
0 0.3219100878788875 0.7249626746544471 0.036246226384089544 0.035980518047626205
0 0.7858474438007061 0.840121342585637 0.02354577871469351 0.031617971567007214
0 0.2803621475513165 0.7509502264169546 0.016152125138502855 0.016285529503455527
0 0.32181703127347505 0.5267934065598708 0.016469441927396335 0.01636842580942007
0 0.5454509808466985 0.5682166906503531 0.016613226670485277 0.016566643348106973
0 0.31333380479079026 0.5746691043560321 0.02502140632042518 0.024937556340144232
0 0.5871281623840332 0.4574132332435021 0.020159427936260518 0.020246359018179085
0 0.6145202930157001 0.5442272699796237 0.01595731881948618 0.01600984426645132
0 0.29663790189302885 0.7939310807448167 0.018221048208383415 0.018458439753605768
0 0.32501976306621844 0.7994620983417218 0.015336256760817308 0.015159900371844951
0 0.24612047122075006 0.22466765917264497 0.016694399026724007 0.016739625197190505
0 0.6969787157498873 0.26057958602905273 0.01603097182053786 0.01580957266000601
0 0.7393735738900992 0.6820245889516977 0.016248262845552884 0.0163876460148738
0 0.6300808099599985 0.34964675169724685 0.021004456740159255 0.020416626563439004
0 0.3754309874314528 0.14973039810474104 0.017172886775090143 0.017120856505173903
0 0.7907810211181641 0.727337910578801 0.014419849102313701 0.01836248544546274
0 0.30815957142756534 0.9642542325533353 0.021289825439453125 0.02130303016075721
0 0.43152937522301305 0.5088249353262094 0.020561878497783955 0.02118506798377404
0 0.3653250474196214 0.9915406153752253 0.02017549368051382 0.014861033512995793
0 0.594361085158128 0.4309862576998197 0.01997977036696214 0.019791823167067308
0 0.610923326932467 0.4791913399329552 0.01454470707820012 0.014588282658503605
0 0.5775409845205454 0.05633553174825815 0.015457446758563701 0.015408552609957181
0 0.7484769821166992 0.7023104154146634 0.014812909639798678 0.014890230618990384
0 0.26703346692598784 0.027626454830169678 0.015344876509446364 0.015575995812049279
0 0.5612753354586087 0.9456962438730093 0.02585469759427584 0.026036482590895433
0 0.35188634578998274 0.7632846832275391 0.014907616835374098 0.015034308800330529
0 0.6254856403057392 0.2271448832291823 0.01510913555438702 0.015162981473482572
0 0.3615882580096905 0.7971590482271634 0.01728659409743089 0.017231867863581732
0 0.3906745177048903 0.5780663123497596 0.015388195331280049 0.015276248638446514
0 0.2261511362515963 0.4641571044921875 0.019629918611966647 0.020045353816105768
0 0.6591992011437049 0.3049160150381235 0.014412219707782451 0.01472179706280048
0 0.7796799586369441 0.6453924912672776 0.015399345984825721 0.015310140756460337
0 0.506846391237699 0.827566880446214 0.01477344219501202 0.01507274921123798
0 0.3280943357027494 0.7865015176626352 0.015336183401254507 0.015320411095252404
0 0.22083784983708307 0.16817809985234186 0.0161129878117488 0.016361309931828424
0 0.6751879178560697 0.35318814791165865 0.020679473876953125 0.020836610060471755
0 0.49816186611468977 0.7463766244741586 0.017798350407527044 0.01767730712890625
0 0.24396047225365272 0.28564027639535755 0.01726187192476713 0.017307208134577826
0 0.5839297954852765 0.013607875658915592 0.014806380638709435 0.01476347904938918
0 0.36725212977482724 0.583129516014686 0.014187886164738582 0.01430511474609375
0 0.7139144310584435 0.9148537562443659 0.02272972693810096 0.02322563758263221
0 0.5752812899076022 0.4654105626619779 0.015887627234825723 0.015638204721304085
0 0.6185536017784705 0.33682705805851865 0.021599549513596755 0.022324195274939902
0 0.3666216043325571 0.1856705225431002 0.01630739065317007 0.016536859365609977
0 0.3611674675574669 0.51201658982497 0.014105430016150841 0.014264473548302284
0 0.5347188802865835 0.8344844671396109 0.017792481642503005 0.017827987670898438
0 0.441374998826247 0.5209801747248723 0.014919574444110576 0.014819878798264723
0 0.6967474130483774 0.3447434718792255 0.014197129469651442 0.014179669893704928
0 0.6022894932673528 0.24775163943950945 0.014286628136268029 0.014423517080453726
0 0.6224137819730319 0.8515757047213041 0.016743549933800332 0.016532017634465143
0 0.2327579718369704 0.2094857509319599 0.014888176551231971 0.014796183659480168
0 0.7135248184204102 0.2869870112492488 0.014050850501427284 0.014075352595402645
0 0.34155933673565203 0.6908986018254206 0.01736318148099459 0.017398540790264424
0 0.537245933826153 0.5017657279968262 0.015163348271296574 0.015198487501878005
0 0.6207234309269831 0.8989127232478216 0.023597167088435247 0.023674598106971152
0 0.312864193549523 0.7851138481727014 0.015150070190429688 0.014784592848557692
0 0.36837273377638596 0.6846929696890024 0.021841782789963942 0.02198057908278245
0 0.31916192861703724 0.6317027898935171 0.013977344219501201 0.01396472637469952
0 0.5238480567932129 0.6473955741295447 0.01714743100679838 0.01734440143291767
0 0.4584678503183218 0.6978123004619892 0.01594961606539213 0.01600470909705529
0 0.7401238954984225 0.4995116453904372 0.019153594970703125 0.01917398892916166
0 0.5670432310837966 0.1262828936943641 0.017032403212327223 0.01737667964054988
0 0.3425940733689528 0.8140356357281024 0.01467587397648738 0.014910184420072116
0 0.6672463050255408 0.3679234431340144 0.014097653902493991 0.014364976149338942
0 0.7164407876821665 0.8901987075805664 0.0219271733210637 0.02128175588754507
0 0.294172818844135 0.42417518909160906 0.014173544370211087 0.014210774348332332
0 0.6623061253474309 0.6991186875563401 0.014641688420222355 0.014864848210261418
0 0.5367463185237005 0.49980273613562953 0.017115959754356973 0.01739927438589243
0 0.5581899056067834 0.55560852931096 0.014556884765625 0.01480395977313702
0 0.45232149270864636 0.507413937495305 0.015210371751051683 0.015257321871243991
0 0.4532162592961238 0.13806532896482027 0.020020705003004808 0.02033833357004019
0 0.4050140014061561 0.28906928575955904 0.02206905071551983 0.02299961676964393
0 0.5905921642596905 0.46026028119600737 0.017247346731332634 0.01749398158146785
0 0.24714088439941406 0.014198703261522146 0.016007350041316107 0.016184822871134832
0 0.43096234248234677 0.9520678153404822 0.014668758098895732 0.014967698317307692
0 0.38475836240328276 0.8467641977163461 0.013916749220628005 0.014024881216195913
0 0.45403759296123797 0.9186358085045447 0.015032108013446514 0.015253213735727163
0 0.4212847122779259 0.8473934760460486 0.020628855778620794 0.020442962646484375
0 0.4249727542583759 0.49715474935678333 0.015456639803372897 0.01538848876953125
0 0.7407125326303335 0.9942277028010442 0.051076448880709134 0.010950968815730168
0 0.4293009317838229 0.8552056092482346 0.016509202810434196 0.016251784104567308
0 0.7690558800330529 0.54485350388747 0.015352836022010216 0.015168410081129808
0 0.37882023591261643 0.02717792070828951 0.06362203451303336 0.052925476661095254
0 0.6045943773709811 0.2986448911520151 0.014374072735126201 0.014606072352482723
0 0.5870893918550931 0.2855994517986591 0.014697955204890324 0.014849075904259315
0 0.318414357992319 0.6433705549973708 0.017340660095214844 0.016834845909705527
0 0.3406023612389198 0.9685250795804538 0.015483709482046274 0.015063065748948317
0 0.4248206798846905 0.24217710128197303 0.016878568209134616 0.016644074366642878
0 0.36019086837768555 0.410607961507944 0.01501765617957482 0.014768086946927585
0 0.34909541790301984 0.637849367581881 0.015846105722280648 0.016039628248948317
0 0.7570386299720178 0.2114591781909649 0.01643547644981971 0.016205457540658805
0 0.6815468714787409 0.3743892082801232 0.014091785137469951 0.014064201941856971
0 0.46076759925255406 0.10466186816875751 0.015889828021709736 0.01575334255511944
0 0.22548290399404672 0.9864164499136118 0.019060575045072116 0.019618401160606973
