0 0.6452898612389197 0.5333509078392615 0.08455100426307091 0.0848987285907452
0 0.48407569298377406 0.19518292867220366 0.07050374838022086 0.07110247245201698
0 0.46685145451472354 0.11644772382882926 0.08268165588378906 0.0839862456688514
0 0.4088739982018104 0.35543254705575794 0.09723604642427884 0.1002500240619366
0 0.519836058983436 0.49842724433312047 0.131316405076247 0.12983835660494292
0 0.5789902760432317 0.28076971494234526 0.06704858633188102 0.06743665841909555
0 0.7425038264347956 0.47148290047278774 0.07898477407602164 0.08032835446871243
0 0.3036673619196965 0.5165817554180439 0.11467332106370193 0.11507547818697415
0 0.5077685576218826 0.9337659248938928 0.091033568749061 0.08998269301194411
0 0.567229857811561 0.7424071385310247 0.07297912010779747 0.07459229689378005
0 0.6242959682758038 0.3365432299100436 0.09313055185171273 0.09365485264704777
0 0.7284121146568885 0.39133490048922026 0.107452392578125 0.11213053189791165
0 0.46038447893582857 0.026715329060187705 0.06285623403695914 0.054926092808063216
0 0.3230381745558519 0.34310773702768177 0.017913231482872598 0.017674079308143027
0 0.5785463039691632 0.09139402096088116 0.016551824716421273 0.01652075694157527
0 0.49788475036621094 0.7345412327693059 0.07171234717735878 0.0719149662898137
0 0.6714977117685171 0.470369632427509 0.05159568786621094 0.05198801480806791
0 0.3859150226299579 0.4319602526151217 0.07103406465970553 0.07024676983173077
0 0.5631860953110915 0.8886199364295373 0.06062126159667969 0.059551239013671875
0 0.5540358470036433 0.1971170168656569 0.04917489565335787 0.04862902714655949
0 0.6976611797626202 0.7011548555814303 0.06781710111177884 0.06814633882962741
0 0.5324176274813138 0.3055716661306528 0.018158619220440205 0.018207843487079326
0 0.4442039636465219 0.7896760793832632 0.09218942202054538 0.09153424776517428
0 0.6898665794959435 0.4385811365567721 0.01732019277719351 0.017334864689753607
0 0.47142476301926833 0.9814596909743089 0.03297629723182091 0.030333298903245192
0 0.7138233918410081 0.786927003126878 0.02774664071890024 0.028070889986478366
0 0.7473252369807317 0.980502935556265 0.042351942795973554 0.038908738356370196
0 0.3098328663752629 0.5703481894273025 0.01631955000070425 0.016431515033428486
0 0.6325488457312951 0.5907163253197303 0.04030466079711914 0.04070003216083233
0 0.31704880641056943 0.19520323093120867 0.05901598930358887 0.060882751758282
0 0.6377619229830228 0.7496321751521184 0.06721023412851188 0.06725839468149039
0 0.5413660636314979 0.35741538267869216 0.020503704364483174 0.02090938274676983
0 0.29607428037203276 0.12756813489473784 0.09062466254601112 0.09045784290020283
0 0.7318932459904597 0.7507261863121619 0.05845436683067909 0.05824074378380409
0 0.674439943753756 0.18509164223304161 0.016549330491286058 0.016475530771108773
0 0.7012512500469501 0.6492116634662335 0.0618589841402494 0.060329437255859375
0 0.5855162693903997 0.5660974796001728 0.05268111595740685 0.053708589993990384
0 0.5700657184307392 0.14199253228994516 0.0464167228111854 0.045996482555682845
0 0.5915787036602314 0.603386768927941 0.045996592595027044 0.0458674064049354
0 0.599508652320275 0.8260572873629056 0.07954186659592849 0.07909540029672477
0 0.658477783203125 0.42551345091599685 0.04887859637920673 0.050028287447415866
0 0.45059746962327224 0.8703848031850961 0.08391050192025992 0.08419124896709736
0 0.3359520985529973 0.8403112704937274 0.01598020700307993 0.016173876248873197
0 0.5525609529935397 0.23187961945166954 0.01832265120286208 0.01856825901911809
0 0.7142288501446064 0.03736253885122446 0.14651034428523138 0.0746775957254263
0 0.770123921907865 0.2004228005042443 0.03328352708082933 0.03909488824697641
0 0.524264592390794 0.0611655620428232 0.015553474426269531 0.015728473663330078
0 0.6075451190655048 0.23993679193349984 0.03238223149226262 0.032245599306546725
0 0.3341504977299617 0.44955708430363583 0.03055110344519982 0.030489114614633415
0 0.7389433200542743 0.31905431013840896 0.017327528733473558 0.017128430880033053
0 0.7491764655480018 0.8715953093308669 0.04540692842923678 0.06262045640211839
0 0.6344529665433444 0.24693844868586615 0.0290676997258113 0.02946362128624549
0 0.5428478534405048 0.9750344203068659 0.05001156146709736 0.045487477229191706
0 0.6613520108736478 0.9713347508357122 0.04405696575458233 0.04350544856144832
0 0.5622985546405499 0.017052791439569913 0.07428345313439003 0.034170451072546154
0 0.615674092219426 0.20102816361647385 0.03979184077336238 0.03975046597994291
0 0.4401891048137958 0.38056190197284406 0.06472382178673378 0.06488858736478366
0 0.4498143929701585 0.4386185132540189 0.016670813927283652 0.01670705355130709
0 0.4298525590163011 0.47751925541804385 0.05391370333158053 0.054116395803598255
0 0.5832637273348295 0.7672970111553485 0.02286104055551382 0.02330809373121995
0 0.330285512484037 0.21315853412334734 0.016558427077073317 0.01671901116004357
0 0.48192468056311977 0.4438654826237605 0.023540350107046273 0.023837162898137018
0 0.6427183884840745 0.8793920370248648 0.016489762526292067 0.016858320969801683
0 0.3667605106647198 0.4940344003530649 0.06271993196927585 0.06273563091571514
0 0.619742907010592 0.037141623405309826 0.06178954931405874 0.06216841019116915
0 0.7462626237135667 0.5721760162940392 0.02877660898061899 0.028900806720440205
0 0.39387717613807094 0.9756482931283804 0.10199737548828125 0.047971872182992786
0 0.7063085849468524 0.12353990628169133 0.16094867999737078 0.23822634036724383
0 0.2990361727201022 0.018473340914799616 0.050173319303072415 0.036681413650512695
0 0.7447399726280799 0.304318721477802 0.015734452467698317 0.015954897953913763
0 0.5405461971576397 0.25714725714463454 0.01999972416804387 0.020321735968956582
0 0.26303489391620344 0.37095121236947864 0.05495291489821214 0.05586506770207332
0 0.4285259246826172 0.22588700514573318 0.018612201397235576 0.01842344724214994
0 0.6879170491145208 0.20638733643751878 0.0228271484375 0.022886276245117188
0 0.3981194862952599 0.014506724018317003 0.01643518301156851 0.016543097220934354
0 0.5104418534498948 0.3888437564556415 0.04135322570800781 0.040492864755483776
0 0.7491818941556491 0.18148383727440467 0.019256004920372598 0.019353719858022835
0 0.3030856939462515 0.7343089763934796 0.04647489694448618 0.046642303466796875
0 0.24031290641197792 0.06301591946528508 0.06361829317533053 0.07595150287334736
0 0.4727191925048828 0.6966039217435397 0.024973209087665264 0.02547278771033654
0 0.2487956193777231 0.11194446453681359 0.08641631786639874 0.0989986382997953
0 0.5510909007145808 0.7143067580003005 0.0375360342172476 0.038475330059344955
0 0.70794861133282 0.45483977978046125 0.014818484966571514 0.015208611121544471
0 0.6622904264009916 0.7863879570594201 0.08365645775428185 0.08123984703650841
0 0.49415881817157453 0.05465636803553654 0.0522161630483774 0.05279827117919922
0 0.42368140587439906 0.04726309959705059 0.030585215641902044 0.031232428092222948
0 0.7046621762789212 0.8618177267221304 0.031077164870042067 0.031560457669771634
0 0.6054710241464468 0.12277148320124699 0.03461412283090445 0.03469129709097055
0 0.706055054297814 0.9001699594350961 0.03225106459397536 0.03258294325608473
0 0.47492214349599987 0.4230885138878456 0.03285026550292969 0.03343538137582632
0 0.7414977733905499 0.23679852485656738 0.02806238027719351 0.028279634622427132
0 0.28809343851529634 0.3085947403540978 0.07869151922372672 0.07720066950871395
0 0.6429672241210938 0.8769850364098182 0.01867851844200721 0.018752318162184495
0 0.7316616498506986 0.9110020857590896 0.03164980961726262 0.032319142268254206
0 0.3655297572796161 0.1482762098312378 0.07911109924316406 0.07744248096759503
0 0.5166870263906626 0.5851660141578088 0.09224004011887771 0.08851205385648288
0 0.3309481694148137 0.4150496262770433 0.03216332655686598 0.03261023301344652
0 0.2675478458404541 0.9869668667133038 0.052349163935734674 0.025704017052283652
0 0.7353402651273288 0.7892109797551081 0.017092778132512018 0.01736728961651142
0 0.6352162727942834 0.47710484724778396 0.01592738811786358 0.015917557936448317
0 0.7483218266413763 0.6806061818049505 0.052773549006535456 0.10360365647536057
0 0.7518835067749023 0.7732602632962741 0.019234437208909255 0.019599327674278848
0 0.4379453659057617 0.38724701221172625 0.05388450622558594 0.053269606370192304
