0 0.7380765768197867 0.7942625192495493 0.14306053748497596 0.14525853670560396
0 0.27788151227510893 0.04786278651310848 0.1018510965200571 0.0932762989631066
0 0.2869773828066312 0.13715941172379714 0.06625157136183518 0.066818695801955
0 0.11156588334303635 0.29870205659132737 0.19096961388221154 0.31266139103816104
0 0.5044493308434119 0.2406434829418476 0.020812328045184795 0.020739261920635518
0 0.16001268533559945 0.1378516417283278 0.031471655919001654 0.03153650577251728
0 0.4614255244915302 0.9526559389554538 0.022404230557955228 0.02256188025841346
0 0.31568512549767125 0.5040385172917292 0.023643328593327448 0.023693011357234076
0 0.17272641108586237 0.7375027583195612 0.08856648665208083 0.08935899000901443
0 0.39467562161959135 0.5389629877530612 0.03682708740234375 0.03660099322979267
0 0.029560641600535467 0.11048560876112717 0.02245075427568876 0.029560162470890924
0 0.25911107430091274 0.7209767561692458 0.020273942213792067 0.02027306189903846
0 0.20331951288076547 0.898554435143104 0.05498585334190956 0.05431365966796875
0 0.8780533717228816 0.796382317176232 0.021866871760441706 0.021810384897085335
0 0.041149648336263805 0.5042318197397085 0.04387405285468468 0.06777176490196815
0 0.21024025403536284 0.14199022146371695 0.042536442096416764 0.042775520911583535
0 0.20065137056203988 0.8259400587815505 0.058324373685396634 0.057981050931490384
0 0.9208181821382962 0.6425286806546725 0.025406764103816107 0.025295257568359375
0 0.5441208252540002 0.4872772510235126 0.02326825948861929 0.0233304683978741
0 0.1619126980121319 0.07337278586167556 0.018164185377267692 0.018161571942842923
0 0.604330429664025 0.5576195350060096 0.018134337205153245 0.018219654376690205
0 0.3387889128464919 0.6862963896531326 0.021464127760667067 0.021427741417518027
0 0.326204960162823 0.20815108372614935 0.057895660400390625 0.05781742242666391
0 0.6768766549917368 0.7174133887657752 0.017132685734675482 0.01708558889535757
0 0.8111272958608774 0.5618835595937876 0.015874129075270433 0.01577157240647536
0 0.6368900445791391 0.5445141058701736 0.018179966853215143 0.017959154569185697
0 0.3985023498535156 0.8327293395996094 0.051609039306640625 0.05245531522310697
0 0.4099706503061148 0.9161927149846003 0.033935253436748795 0.03397105290339543
0 0.21883335480323204 0.1296512897198017 0.017079720130333535 0.017530111166147087
0 0.5420368634737455 0.18764239091139573 0.017380641056941107 0.01744813185471755
0 0.3571360661433293 0.265925957606389 0.021108260521521933 0.02109520251934345
0 0.5199336272019607 0.6012992492088904 0.0176392335158128 0.017575484055739183
0 0.1665229063767653 0.9492074526273288 0.15767486278827375 0.09760592533991887
0 0.6075448989868164 0.9784566439115084 0.01883565462552584 0.018391829270582933
0 0.22266477804917556 0.4244111134455754 0.05401952450092022 0.05334692734938402
0 0.5508915461026705 0.7851566901573768 0.01845264434814453 0.018322577843299277
0 0.4329833984375 0.699180896465595 0.04058984609750601 0.03999944833608774
0 0.22802004447350135 0.4598393073448768 0.09199215815617488 0.09268790024977464
0 0.1802351841559777 0.0520926072047307 0.016977860377385065 0.017052998909583457
0 0.9631550128643329 0.9197563758263221 0.015511145958533654 0.015647007868840143
0 0.5792197447556716 0.504542717566857 0.022948265075683594 0.022998222937950723
0 0.457301873427171 0.09303045272827148 0.07849898705115685 0.07809242835411659
0 0.6705367748553936 0.8740235842191256 0.023121467003455527 0.023151984581580527
0 0.06719431510338417 0.991759520310622 0.018384529994084284 0.014488513653094951
0 0.1193532210129958 0.4548936990591196 0.021757786090557393 0.021996718186598558
0 0.712166272676908 0.5605790798480694 0.06918158897986779 0.07015419006347656
0 0.7242042834942157 0.1469111075768104 0.0208584712101863 0.021064905019906852
0 0.22666357113764837 0.5126276016235352 0.017484334798959587 0.017356065603402946
0 0.10660523634690505 0.6534483249370868 0.014875301947960487 0.014972833486703726
0 0.3823403945335975 0.8489329998309796 0.017085882333608773 0.017262092003455527
0 0.08171554712148812 0.5714353414682242 0.07817552639887883 0.07749220041128305
0 0.6477111669687124 0.6150180376493014 0.11306571960449219 0.1136791522686298
0 0.34442402766301083 0.90619079883282 0.019196583674504206 0.019283147958608773
0 0.5901933083167443 0.7871482555682843 0.021847064678485576 0.02188697228064904
0 0.33393155611478365 0.018128795119432304 0.019136868990384616 0.01904707459303049
0 0.043207448262434736 0.12642909930302546 0.017445701819199782 0.01751228479238657
0 0.26926891620342547 0.4975283696101262 0.015769078181340143 0.0155029296875
0 0.3693034832294171 0.11922249427208534 0.015072015615609976 0.015212242419903096
0 0.7168519680316632 0.16171847856961763 0.020140427809495192 0.01944842705359826
0 0.4689265764676608 0.23401806904719427 0.017083241389347956 0.01708683600792518
0 0.7391442518967849 0.06024963580645048 0.053914583646334134 0.05531434829418476
0 0.8270027454082782 0.499845578120305 0.020045353816105768 0.020174613365760215
0 0.21911217616154596 0.7929578927847055 0.024200622852032002 0.024159358097956732
0 0.5296771709735577 0.20482530960669884 0.017918513371394232 0.017998145176814154
0 0.28052799518291766 0.4819447444035457 0.014663036052997295 0.014814963707557091
0 0.5761827322152945 0.3529053467970628 0.014672646155724159 0.014474575336162861
0 0.18072935251089242 0.4196353325477013 0.020088012401874248 0.02011277125431941
0 0.4637954051677997 0.0633771878022414 0.015752425560584433 0.016162010339590218
0 0.7735425508939303 0.07099607357612023 0.02251008840707632 0.022471207838792067
0 0.25197880084698016 0.861542481642503 0.01595731881948618 0.016002068152794473
0 0.2210568648118239 0.4608276073749249 0.03458874042217548 0.03389578599196214
0 0.22199553709763747 0.07525226244559655 0.01805562239426833 0.018329904629633978
0 0.31641321915846604 0.7380240513728216 0.022643309373121995 0.022814824030949518
0 0.7108748509333684 0.9560757416945237 0.023546365591195915 0.023579230675330527
0 0.44594871080838716 0.9220243600698618 0.027428260216346152 0.028412745549128607
0 0.4348023487971379 0.9506634932297927 0.017560812143179085 0.017556117131159857
0 0.21197311694805437 0.8580665588378906 0.04277640122633714 0.04344676091120793
0 0.6657101557804987 0.33909372182992786 0.03607441828801082 0.03632061298076923
0 0.6441336411696214 0.9388223061194787 0.027591411884014424 0.027996943547175482
0 0.18203397897573617 0.12642245109264666 0.01815319061279297 0.018724606587336615
0 0.7183917118952825 0.16578001242417556 0.02681702833909255 0.029345585749699518
0 0.21365206058208758 0.48993712205153245 0.01644471975473257 0.01635434077336238
0 0.2082059933589055 0.07144574018625113 0.0139313844534067 0.014384122995229868
0 0.4575847112215482 0.7098197937011719 0.028878285334660456 0.02892479529747596
0 0.4317447222196139 0.713249133183406 0.021346459021935098 0.02129818842961238
0 0.2982807526221642 0.9228496551513672 0.01512769552377554 0.01517193134014423
0 0.5596031042245718 0.8029230557955228 0.2065410614013672 0.20775457528921273
0 0.7202120560866135 0.17207853610698992 0.024470109205979567 0.024009264432466947
0 0.1628448596367469 0.9050611349252554 0.015677232008713942 0.01576819786658654
0 0.7238600070659931 0.17308567120478704 0.018204468947190505 0.019053019010103665
0 0.32842570084791917 0.9132169576791617 0.014074765718900241 0.014117020827073317
0 0.5521764021653396 0.28783451593839204 0.04852074843186598 0.05002120824960562
