0 0.18166072552020734 0.5135818994962252 0.26457669184758115 0.2847097103412335
0 0.5485574282132663 0.6154079437255859 0.10117472135103665 0.10197243323692909
0 0.6144263560955341 0.2486270391024076 0.04007229438194862 0.04039698380690355
0 0.8719924780038687 0.44153162149282604 0.07156533461350661 0.07131693913386418
0 0.6117582321166992 0.4419550528893104 0.032579862154447116 0.03254024799053486
0 0.4120644789475661 0.2004382426922138 0.04615622300368089 0.045525550842285156
0 0.12789280597980207 0.9635294400728666 0.028438824873704176 0.028432405911959134
0 0.7729410024789664 0.5194774774404672 0.03471873356745793 0.034689096304086536
0 0.8503077580378606 0.3221344214219313 0.020766331599308893 0.020729871896597054
0 0.49631214141845703 0.08325846378619854 0.02101766146146334 0.02109616077863253
0 0.6426179592426007 0.40549978843102086 0.02146280728853666 0.021537267244779147
0 0.5181252406193659 0.08061433755434476 0.025105696458082933 0.025336320583636943
0 0.15168199172386757 0.1527120150052584 0.019837379455566406 0.019762369302602913
0 0.09476874424861027 0.9415179032545823 0.01926530324495756 0.01928094717172476
0 0.7931600717397836 0.8558280651385968 0.023049574631911058 0.02329708979679988
0 0.6153900439922626 0.02897259363761315 0.024873733520507812 0.024751809927133415
0 0.8017118160541241 0.08204990166884202 0.019558099599984977 0.01949087014565101
0 0.13950417591975287 0.33342713576096755 0.015968762911283053 0.0158841059758113
0 0.2230207003079928 0.18436620785639837 0.01814123300405649 0.018114346724290114
0 0.7047489606417142 0.789673585158128 0.13945403465857872 0.14309398944561297
0 0.25752654442420375 0.9324901287372296 0.025886095487154447 0.025881547194260817
0 0.8243842491736779 0.40500325423020583 0.015875889704777643 0.015905233529897835
0 0.627978251530574 0.13565016709841216 0.025344115037184495 0.02552059980539175
0 0.6742043128380408 0.27005685292757475 0.03150646503155048 0.031975746154785156
0 0.7355710543118991 0.10378837585449219 0.025827847994290866 0.025807747474083535
0 0.5497748301579402 0.9558930763831506 0.016910699697641227 0.016912166888897236
0 0.5849443582388071 0.31860876083374023 0.03832508967472957 0.03828576894906851
0 0.9414078639103816 0.46775957254263073 0.01638617882361779 0.016602442814753607
0 0.6755203833946815 0.7841345713688777 0.015531099759615384 0.015387021578275241
0 0.7251626528226413 0.45574004833514875 0.19944293682391828 0.19636667691744292
0 0.9223475089439979 0.1828766235938439 0.01885531498835637 0.01861997751089243
0 0.5239277619581956 0.549374873821552 0.06583052415114182 0.06630721459021935
0 0.7319318331204928 0.7446294197669396 0.027629265418419473 0.027916101308969352
0 0.7349543204674354 0.9162752444927509 0.01575308579664964 0.015807518592247598
0 0.1396874556174645 0.28287524443406326 0.015628924736609824 0.015552814190204326
0 0.5889555124136118 0.12389963406782883 0.016019821166992188 0.016168667719914362
0 0.4055773661686824 0.887031995333158 0.015283731313852163 0.01546008770282452
0 0.09112062821021447 0.23031209065363958 0.016045276935283955 0.015915687267596904
0 0.9049313618586614 0.6919564467210036 0.01483462407038762 0.014845041128305288
0 0.5703487763038049 0.508582775409405 0.05334619375375601 0.053641099196213946
0 0.4902213903573843 0.14297841145442083 0.01880785135122446 0.018576915447528545
0 0.4072230412409856 0.8482495821439303 0.03780438349797176 0.03755892240084135
0 0.7405819526085486 0.6392216315636268 0.033164684589092545 0.03326856173001803
0 0.11346978407639724 0.9485177260178786 0.016209492316612832 0.016384711632361777
0 0.3517154180086576 0.3229600466214694 0.015462655287522536 0.01576548356276292
0 0.47849482756394607 0.48015499114990234 0.017038638775165264 0.017394139216496393
0 0.3246341118445763 0.10423399851872371 0.015433311462402344 0.015361529130202074
0 0.6635057009183444 0.7444600325364333 0.026206383338341348 0.026128328763521634
0 0.6663643763615534 0.31051122225247896 0.02656408456655649 0.02690601348876953
0 0.2034449210533729 0.7922728611872747 0.2304556919978215 0.22834645784818208
0 0.6097712149986854 0.5453268931462214 0.027943977942833535 0.028028488159179688
0 0.527529789851262 0.49959131387563854 0.038699957040640026 0.038625130286583535
0 0.2348459683931791 0.10739760215465839 0.01468489720271184 0.014704282467181865
0 0.45315900215735805 0.5810604095458984 0.014794202951284556 0.014802125784067007
0 0.33210211533766526 0.3524659230158879 0.014418088472806491 0.014515069814828726
0 0.8794513849111704 0.131729217676016 0.01779042757474459 0.017720699310302734
0 0.3605182354266827 0.8448294859666091 0.01500247075007512 0.014916933499849759
0 0.5932248188899114 0.01957810612825247 0.02162771958571214 0.022314305488879863
0 0.41853838700514573 0.24348686291621283 0.015070548424353966 0.015276725475604717
0 0.402434935936561 0.7127786783071665 0.0358426754291241 0.036131638746995196
0 0.6182904610267053 0.2838270114018367 0.021705774160531852 0.021837381216195915
0 0.8750163591825045 0.3883367685171274 0.015882051908052884 0.016042709350585938
0 0.5596796916081355 0.021063951345590446 0.015020517202524038 0.01492292147416335
0 0.8786464104285607 0.10673326712388259 0.02342077401968149 0.023415272052471455
0 0.9188785552978516 0.43576930119441104 0.015321144690880409 0.015295909001277043
0 0.4793430475088266 0.05243600790317242 0.014066109290489784 0.013883526508624736
0 0.8034937931941106 0.11323464833773099 0.0154571533203125 0.01568805254422701
0 0.08213189015021691 0.9897094139685998 0.014527174142690806 0.014347076416015625
0 0.8427952252901517 0.7184511331411508 0.21302237877478966 0.34923216012807995
0 0.45788867657001203 0.644379395705003 0.042009940514197715 0.04216619638296274
0 0.3719730010399452 0.5678001550527719 0.04804552518404447 0.047729785625751205
0 0.08288084543668307 0.09148031014662522 0.07089013319749099 0.12135861470149113
0 0.05885155384357159 0.5793761106637808 0.01575616689828726 0.02407990969144381
0 0.06184162543370174 0.4056251232440655 0.013329872718224159 0.013317695030799279
