0 0.6567329260019156 0.44443464279174805 0.2063724811260517 0.213010494525616
0 0.814576662503756 0.699603374187763 0.04736797626201923 0.04735491825984074
0 0.6146717071533203 0.0959620292370136 0.04479643014761118 0.04508926318242
0 0.15529892994807318 0.7907965733454778 0.045589336982140176 0.04540105966421274
0 0.8422106229341947 0.3204706632173978 0.039511460524338946 0.03966199434720553
0 0.29895839324364293 0.257873351757343 0.07127912227924053 0.07185825934776893
0 0.7703847151536208 0.14357458628140962 0.025257110595703125 0.025243282318115234
0 0.24021390768197867 0.713656498835637 0.02689185509314904 0.026761861947866585
0 0.16454491248497596 0.6278709998497596 0.14365504338191107 0.1430676166827862
0 0.4239620062021109 0.646693596473107 0.024289791400615986 0.02424474862905649
0 0.8279036008394681 0.4019130560067984 0.0349889901968149 0.035099102900578424
0 0.8554735917311448 0.10333867256457989 0.024616534893329326 0.024497343943669245
0 0.8253323481633112 0.1983005817119892 0.022411933312049277 0.022521055661714993
0 0.15244502287644607 0.6153848354633038 0.018327089456411507 0.018349574162409857
0 0.18149792231046236 0.7170044825627253 0.02327280778151292 0.023113544170673076
0 0.2427662152510423 0.8806259448711689 0.06984332891610953 0.07005940950833835
0 0.582189890054556 0.8973869910606971 0.026308353130634014 0.026272700383112982
0 0.10595826002267691 0.3024895374591534 0.02144336700439453 0.02293285956749549
0 0.44613977578970104 0.3924831243661734 0.027942950908954326 0.027814791752741888
0 0.19112616318922776 0.709346184363732 0.11547344464522141 0.11514722383939303
0 0.1838832451747014 0.10428749597989596 0.17566339786236101 0.19345001073984
0 0.4845528235802284 0.5645119960491474 0.024140431330754206 0.024268297048715446
0 0.8630358622624323 0.7690956409160907 0.09100825969989483 0.1550425015963041
0 0.7488724635197566 0.0661162779881404 0.03521288358248197 0.035662596042339616
0 0.7451487321120042 0.21187298114483172 0.017322540283203125 0.017278744624211237
0 0.5099003865168645 0.1921715919788067 0.021273392897385817 0.02139843427217924
0 0.31698824809147763 0.04950682933513935 0.054395162142240085 0.05403938660254845
0 0.8935909271240234 0.32912408388577974 0.024841895470252402 0.028617125291090745
0 0.5895897058340219 0.2957818324749286 0.0517425537109375 0.05157345991868239
0 0.5483769270089957 0.5168108940124512 0.03322894756610577 0.03328756185678335
0 0.6192790544950045 0.2438504512493427 0.016391607431265023 0.016118196340707634
0 0.8959440084604117 0.5545498041006235 0.022952153132512018 0.028629816495455228
0 0.8839070246769831 0.36928268579336315 0.04074243398813101 0.042058284466083236
0 0.41220954748300404 0.9901315248929538 0.02201564495380108 0.01664117666391226
0 0.8470671727107122 0.44846219282883865 0.019968326275165264 0.019936634944035456
0 0.798460446871244 0.3665138758145846 0.02024665245643029 0.02016911139855018
0 0.3335448411794809 0.4810631091778095 0.016748648423414964 0.01676794198843149
0 0.39969847752497745 0.9414402888371394 0.018637363727276143 0.018581096942608174
0 0.7545650188739483 0.3600028844980093 0.020607728224534255 0.02058726090651292
0 0.5700164208045373 0.7266711455125076 0.016738304725060098 0.016812251164362982
0 0.2309415707221398 0.4968372124892015 0.016062296353853665 0.016080489525428183
0 0.36609844061044544 0.6177623455341046 0.020502603971041165 0.02072345293485201
0 0.8216494046724759 0.6556911468505859 0.019328484168419473 0.019684424767127402
0 0.8234971853402945 0.4647059807410607 0.014983543982872596 0.015128355759840745
0 0.801052240224985 0.48937350053053635 0.02010653569148137 0.02010008004995493
0 0.10660077058351956 0.9666712834284856 0.016331030772282526 0.016478318434495192
0 0.43441354311429536 0.06738131779890794 0.02575199420635517 0.025506936586820163
0 0.32330769758958083 0.6369995704064002 0.018441273615910456 0.018143433790940505
0 0.8147723858173077 0.6700462928185096 0.017292903019831732 0.0173794673039363
0 0.24194420300997221 0.7718756749079778 0.018352288466233473 0.01843599172738882
0 0.5417474599984976 0.7864252237173227 0.01661520737868089 0.016526148869441107
0 0.7927303314208984 0.6780914893517127 0.01505749042217548 0.015109575711763822
0 0.7312982999361478 0.5521727341871995 0.027489588810847357 0.02764437748835637
0 0.5717150614811823 0.6341623159555289 0.019085150498610277 0.019268916203425482
0 0.3150869883023776 0.6756129631629357 0.017939640925480768 0.018031193659855768
0 0.13831314673790565 0.8546672967764047 0.01656822057870718 0.01663809556227464
0 0.4790690495417668 0.5841142947857196 0.017601600060096152 0.017661608182466947
0 0.4292420974144569 0.34422962482158953 0.02398087428166316 0.023895263671875
0 0.8360828986534705 0.14531793961158165 0.015173105093149038 0.015165402339054989
0 0.5324974060058594 0.41201019287109375 0.09254646301269531 0.09276668842022236
0 0.5363866365872897 0.32405922963069034 0.022588289701021634 0.022492041954627402
0 0.5804419150719275 0.4060002840482272 0.13857019864595854 0.14101175161508414
0 0.8757598583514874 0.5082644682664138 0.017114786001352165 0.017104075505183294
0 0.2556172334230863 0.7638009144709661 0.01650414100060096 0.01619118910569411
0 0.6218220637394831 0.9707542566152719 0.015846875997690055 0.015984755295973558
0 0.6872513110821064 0.9125606830303485 0.029651935283954326 0.029740553635817308
0 0.34737781377939075 0.24618873229393592 0.020012268653282754 0.020071066342867337
0 0.6697835188645583 0.10326473529522236 0.019924457256610576 0.01972682659442608
0 0.46110703394963193 0.10083558009221004 0.059322210458608776 0.05973471128023588
0 0.3622349225557767 0.8567365499643179 0.016393221341646634 0.01604491013746995
0 0.3872266182532677 0.07809860889728253 0.015912862924429085 0.015905160170335036
0 0.36980966421274036 0.006980989988033588 0.016023929302509014 0.012438278931837816
0 0.27319658719576323 0.4953474264878493 0.015816615178034857 0.015822410583496094
0 0.7940300427950345 0.27528627102191633 0.017317551832932692 0.017395716447096605
0 0.36292270513681263 0.22081270584693322 0.041594431950495794 0.04201060075026292
0 0.2921951734102689 0.6270640446589544 0.0162506470313439 0.016147320087139424
0 0.8156706736637995 0.7465095520019531 0.022475462693434495 0.022740584153395433
0 0.1289502657376803 0.3339773691617526 0.019756647256704476 0.019664984482985277
0 0.5329289069542518 0.8930109464205228 0.0196993901179387 0.019925337571364183
0 0.28808960547814 0.21078003369844878 0.03619868938739483 0.03586512345534105
0 0.37915853353647083 0.17651469890887922 0.024445020235501803 0.02485488011286809
0 0.6888283949631911 0.07045850845483634 0.030853271484375 0.031176833006051872
0 0.24480357536902794 0.9715674473689153 0.07143702873816857 0.0527948232797476
0 0.34187819407536435 0.1214596674992488 0.11886860774113582 0.11984825134277344
0 0.8889857072096604 0.4771120364849384 0.016303429236778848 0.01656231513390174
0 0.2565302482018104 0.7818185366117038 0.01581544142503005 0.01571831336388221
0 0.34471885974590594 0.7068733068612906 0.016927572397085335 0.017265906700721152
0 0.39245869563176083 0.4087521479679988 0.035492236797626205 0.03519425025353065
0 0.24021515479454628 0.2706764294550969 0.024773230919471152 0.024826966799222507
0 0.8014849149263822 0.33276939392089844 0.021802462064302884 0.021916902982271634
0 0.30745686017549956 0.5985674491295447 0.014598332918607272 0.014556004450871395
0 0.3750206140371469 0.27187204360961914 0.05304453923152043 0.05401754379272461
0 0.26050233840942383 0.5368379079378568 0.018611321082481973 0.01844655550443209
0 0.3961136524493878 0.11807966232299805 0.016863309420072116 0.01692687548123873
0 0.45219810192401594 0.1470182125384991 0.016121790959284857 0.01609967305110051
0 0.5605426201453576 0.32787036895751953 0.033837538499098554 0.03400611877441406
0 0.6852955451378455 0.6010555854210486 0.014753781832181491 0.014683063213641826
0 0.10200704061068021 0.2567183788006122 0.014233002295860877 0.02131814223069411
0 0.8788517438448392 0.7822897984431341 0.020078512338491585 0.01992944570688101
0 0.8250101529634916 0.5592704186072717 0.02404609093299279 0.02435610844538762
0 0.7123085168691782 0.06040341120499831 0.03177701509915865 0.031475067138671875
0 0.5797409277695876 0.4171460225031926 0.014142476595365085 0.013961498553936299
0 0.14267697701087365 0.23744425406822792 0.03748603967519907 0.036902280954214245
0 0.7153109036959134 0.18285006743211013 0.015077297504131611 0.015123514028695913
0 0.4626279610853929 0.2561339965233436 0.14263299795297477 0.14345205747164214
0 0.18672557977529672 0.25595433895404524 0.05417783443744366 0.05471508319561298
0 0.7350194637592022 0.6021535579974835 0.019180884728064902 0.019226954533503607
0 0.6626093937800481 0.042313493215120755 0.034365140474759616 0.034582085334337674
0 0.7982783684363732 0.23589541361882135 0.016226548414963942 0.016302769000713643
0 0.15801831392141488 0.30669978948739857 0.035261924450214095 0.035703072181114785
0 0.23849322245671198 0.9233577434833233 0.014288902282714844 0.014482351449819712
0 0.5185616566584661 0.09870709822728084 0.014522992647611178 0.014577517142662635
0 0.42818516951340896 0.30842777398916393 0.034279823303222656 0.03412312727708083
0 0.15086496793306792 0.3418775705190805 0.014196836031400241 0.014113206129807692
0 0.25497981218191296 0.46965566048255336 0.014594848339374248 0.014728326063889723
0 0.8515456273005559 0.3569786732013409 0.015190711388221154 0.015324959388146034
0 0.884560071505033 0.6292873529287485 0.020053863525390625 0.020378993107722357
0 0.40836565311138445 0.5504077764657828 0.014341647808368389 0.014430853036733774
0 0.9016133821927584 0.6313997415395883 0.013127547044020433 0.018501868614783652
0 0.7367879427396334 0.6006601773775541 0.015904059776893027 0.015838476327749398
0 0.16709628471961388 0.2889992823967567 0.06882969232705924 0.06773490172166091
0 0.2215726558978741 0.5293765434852014 0.016379796541654147 0.01665658217210036
0 0.7136689699613131 0.041996185596172624 0.013700631948617788 0.014058855863717886
0 0.6315612059373122 0.14248748926016 0.014742631178635817 0.014525927030123197
0 0.27676692375769985 0.419615415426401 0.04830529139592098 0.04810252556434044
0 0.7078602864192083 0.07544170893155612 0.023374117337740384 0.022914354617779072
0 0.8241239694448618 0.29117987706111026 0.015291947584885817 0.015444315396822415
0 0.3431839576134315 0.7050863412710336 0.01773665501521184 0.01799172621506911
0 0.8628005981445312 0.3973369598388672 0.014171013465294471 0.01412509037898137
0 0.5009823579054612 0.6942528944749099 0.013736871572641226 0.013990548940805288
0 0.3020756978255052 0.9048954890324519 0.017370847555307243 0.017222477839543268
0 0.729800297663762 0.6475024590125451 0.06349343519944411 0.06445756325354943
0 0.2874785386599027 0.9266552558312049 0.014494052300086388 0.014581533578725962
0 0.2977863825284518 0.6090673299936148 0.015273460975060096 0.015605779794546274
0 0.5628439096304086 0.041977139619680554 0.013889019305889424 0.013935721837557279
0 0.31205687156090367 0.010003424607790433 0.02400383582481971 0.018583586582770713
0 0.24608711095956656 0.23767541005061224 0.05552823726947491 0.05367777897761418
0 0.9014500104464017 0.8558632043691782 0.014136681189903846 0.015948368952824518
0 0.8052726892324594 0.8234878686758188 0.0570369133582482 0.05630053006685697
0 0.8070818094106821 0.03558856248855591 0.014852083646334134 0.014971366295447716
0 0.36057310837965745 0.9372228475717398 0.013872440044696514 0.013941398033728966
0 0.4353970747727614 0.5604668397169846 0.015405068030724159 0.015564258282001201
0 0.46244115095872146 0.6437140978299655 0.014401069054236779 0.014494822575495793
0 0.517860852755033 0.8785951320941632 0.01431729243351863 0.014623495248647837
0 0.790287971496582 0.9662935550396259 0.23844102712777945 0.06636282113882211
0 0.7102669935960036 0.06849603469555195 0.031748258150540866 0.03353302295391376
0 0.823718364422138 0.5915682132427509 0.029541455782376803 0.02915191650390625
0 0.4318025295551007 0.31212615966796875 0.026086147014911357 0.027471102201021634
0 0.8929640696598933 0.39969517634465146 0.02698179391714243 0.041927484365609974
0 0.14848094720106858 0.7105564704308143 0.013852156125582181 0.013784848726712741
0 0.43164671384371245 0.12633441044734076 0.015312781700721154 0.015128887616671048
0 0.6724422161395733 0.3724047587468074 0.015736506535456732 0.01577333303598257
0 0.4063770587627704 0.36386988713191104 0.044118367708646335 0.04415130615234375
0 0.30659961700439453 0.6417230459359976 0.014678441561185397 0.014967404879056491
