0 0.570389197422908 0.623282212477464 0.09508815178504357 0.09477160527155949
0 0.8353787935697116 0.6846526219294622 0.08753116314227764 0.08883344210111178
0 0.43306292020357573 0.21254480802095854 0.037325492272010215 0.03712125924917368
0 0.6609792709350586 0.21466675171485314 0.09521337655874398 0.09650762264545147
0 0.07039200342618503 0.9741954803466797 0.047831168541541465 0.047298578115609974
0 0.8121122213510367 0.9529813619760367 0.06592853252704327 0.06551111661470853
0 0.12593017174647406 0.5181191150958722 0.026489808009221003 0.026342098529522236
0 0.18355679512023926 0.46564021477332485 0.03293800354003906 0.0333555661714994
0 0.4495759377112755 0.9342628625723032 0.022195962759164665 0.022067876962515023
0 0.12033156248239371 0.9431596902700571 0.03702526826124925 0.03708736713115986
0 0.27783942222595215 0.46491300142728365 0.03156276849599985 0.03148298997145433
0 0.7045237467839167 0.6959899022028997 0.024065604576697715 0.024004129263070915
0 0.07694301238426796 0.7281084794264573 0.0376133551964393 0.038043975830078125
0 0.32616270505464995 0.4459766974815956 0.020233594454251803 0.020020118126502402
0 0.5280756583580604 0.2921960170452411 0.017702836256760817 0.01760233365572416
0 0.761902589064378 0.09441107970017654 0.018807044396033652 0.01882329353919396
0 0.34944644341102016 0.9678821563720703 0.02386298546424279 0.02401395944448618
0 0.9350691575270432 0.5970688599806565 0.01938658494215745 0.019517164963942308
0 0.9583891355074369 0.5815302775456355 0.022551609919621393 0.022213275615985576
0 0.9088001984816331 0.6428739107572116 0.021425247192382812 0.021681858943058893
0 0.6419892677894006 0.4008169174194336 0.06425021244929387 0.06445972736065204
0 0.3037608220027043 0.5735601278451773 0.020782910860501803 0.020746304438664362
0 0.8575926560621995 0.33478113321157604 0.03217638455904447 0.032147700969989486
0 0.15038134501530573 0.314025512108436 0.021557147686298076 0.02161862299992488
0 0.30225799633906436 0.9669642815223107 0.020677529848538913 0.020539503831129808
0 0.3823575239915114 0.021213409992364738 0.020668616661658652 0.020378846388596755
0 0.4010777840247521 0.7760074322040265 0.023500589224008415 0.02389658414400541
0 0.5601726678701547 0.7603011498084435 0.021207149212176982 0.02126180208646334
0 0.688803819509653 0.9863347273606521 0.023880151601938102 0.02304693368765024
0 0.1653566727271447 0.49181387974665713 0.01636020953838642 0.016487708458533652
0 0.8751047574556791 0.9717179811917819 0.04357616717998798 0.0439605712890625
0 0.27839378210214466 0.08228591772226188 0.020290411435640775 0.020354160895714395
0 0.9771211330707257 0.7604467685406024 0.03148298997145433 0.031447190504807696
0 0.25982117652893066 0.2167673661158635 0.03337181531465971 0.03325187242948092
0 0.4098632519061749 0.629269526554988 0.01968207726111779 0.01956763634314904
0 0.24596361013559195 0.3908545420720027 0.021666233356182393 0.02189298776479868
0 0.71521179492657 0.9760062877948468 0.028921860914963942 0.029010479266826924
0 0.5290219233586237 0.9786077646108774 0.015689262977013223 0.01550762469951923
0 0.23213481903076172 0.9668254852294922 0.019678042485163763 0.019481072059044473
0 0.7992937381450946 0.32016449708205 0.04641298147348257 0.046308737534743086
0 0.8087978363037109 0.3895075871394231 0.015545478233924279 0.015634683462289665
0 0.47312211990356445 0.9179677963256836 0.015334642850435697 0.015517748319185697
0 0.033793903314150296 0.8807482352623572 0.018175757848299466 0.018010946420522835
0 0.24460777869591346 0.19683566460242638 0.020086031693678636 0.020097622504601113
0 0.28087634306687576 0.5819063920241135 0.015559196472167969 0.015553694504957933
0 0.2003476436321552 0.5337856732881986 0.01947931142953726 0.01954019986666166
0 0.29334343396700346 0.7008640582744892 0.019221122448260967 0.019272730900691107
0 0.439581430875338 0.800600712115948 0.01776431157038762 0.017680534949669473
0 0.30762503697321963 0.6612575237567608 0.01724705329308143 0.017457228440504808
0 0.44569727090688854 0.9636724912203275 0.015564698439378005 0.015256734994741587
0 0.5288364337040827 0.9326628171480619 0.014693773709810697 0.014848562387319712
0 0.2942151656517616 0.6463254781869742 0.015508945171649639 0.015460381141075721
0 0.011549261900094839 0.9493241676917443 0.018748379670656644 0.0228271484375
0 0.5586080184349647 0.04114203269665058 0.11018452277550331 0.07887036983783428
0 0.4769605489877554 0.25078711142906773 0.014658414400540866 0.014390982114351712
0 0.7140335669884315 0.12672849801870492 0.05425952031062199 0.05375546675461989
0 0.2160613903632531 0.8796734443077674 0.01675899212176983 0.01677703857421875
0 0.0715023554288424 0.4980856455289401 0.035460710525512695 0.0354455801156851
0 0.3389621881338266 0.9180866388174204 0.021631387563852165 0.0214993403508113
0 0.4877795439500075 0.6756239670973557 0.016215691199669473 0.016353313739483174
0 0.42681488623985875 0.07433621241496159 0.015750298133263223 0.01579591861137977
0 0.19348074839665338 0.5924826401930589 0.02123414553128756 0.021477479201096755
0 0.6314833714411809 0.5494305537297175 0.015527285062349759 0.015435292170597957
0 0.03785664072403541 0.9180393218994141 0.02458388530291044 0.024470402644230768
0 0.6956081390380859 0.6631384629469651 0.015173985407902645 0.014993520883413462
0 0.22056326499352089 0.5401062965393066 0.017067395723783053 0.01728050525371845
0 0.22390893789438102 0.11576894613412711 0.015958125774676982 0.015837926131028395
0 0.6737477962787335 0.26938966604379505 0.017970451941856973 0.01787589146540715
0 0.6808473146878756 0.6913623076218826 0.015470651479867788 0.01552273676945613
0 0.2933258826916034 0.9258851271409255 0.01549357634324294 0.015742081862229567
0 0.32673439612755406 0.15524064577542818 0.02173328399658203 0.02146009298471304
0 0.9281924321101263 0.9850638462946966 0.016526148869441107 0.016586890587439902
0 0.8444712712214544 0.1380773507631742 0.01561267559344952 0.015698836399958685
0 0.5923859522892878 0.12177970776191124 0.0729684096116286 0.07265144128065842
0 0.9598756936880258 0.9818208401019757 0.018003463745117188 0.017838258009690505
0 0.6123807613666241 0.7200409082266 0.014924562894381009 0.015030787541316105
0 0.32859288729154146 0.9624047646155725 0.015398612389197716 0.015507918137770433
0 0.26906116192157453 0.5284854448758639 0.014442737285907451 0.014516463646521935
0 0.5155631212087778 0.8833591754619892 0.01427166278545673 0.014404296875
0 0.560935533963717 0.44482157780573917 0.015848893385667067 0.016367105337289665
0 0.3122142278231107 0.323821287888747 0.014386397141676683 0.01439197246844952
0 0.22020670083852914 0.6325619037334735 0.014627346625694862 0.01450817401592548
0 0.5370855698218713 0.5172846867487981 0.01604461669921875 0.01604769780085637
0 0.33389979142409104 0.5464297808133639 0.01444537823016827 0.014313917893629808
0 0.16615412785456732 0.9245251875657302 0.014904462374173678 0.015006432166466346
0 0.4950556388268104 0.17681303391089806 0.014741897583007812 0.01473562534038837
0 0.5643087533804086 0.40186838003305286 0.014811295729417067 0.014948771550105168
0 0.3404669394859901 0.033247869748335615 0.015364280113807091 0.01497964675609882
0 0.743264418381911 0.4420119065504808 0.014722383939302884 0.014658561119666466
0 0.4552301260141226 0.6709560981163611 0.013841922466571514 0.013851459209735576
0 0.4015790132375864 0.5578970542320838 0.015547972459059495 0.015518628633939303
0 0.1884454580453726 0.44396642538217396 0.021216465876652643 0.022011536818284255
0 0.5439354089590219 0.4604358673095703 0.019389225886418268 0.019629698533278245
0 0.971993666428786 0.09735988653623141 0.014646383432241587 0.014667125848623423
0 0.42779027498685396 0.7533833430363581 0.014524459838867188 0.014766693115234375
0 0.24650658093965971 0.5977870501004733 0.014976134667029748 0.014896246103140024
0 0.2581501007080078 0.29478920423067534 0.0151826418363131 0.015289306640625
0 0.8433572329007663 0.11510483118203971 0.016382657564603366 0.016598004561204176
0 0.27671087705172026 0.9667133184579703 0.017095198998084433 0.01734014657827524
0 0.5612146304203913 0.5703512338491586 0.018218553983248197 0.018158105703500602
0 0.5646825937124399 0.49456002162053037 0.022961909954364482 0.02234517610990084
0 0.6818871131310096 0.7241510244516226 0.014028989351712741 0.014410752516526442
0 0.04131696774409367 0.6198654174804688 0.05011453995337853 0.05060885502741887
0 0.5560585902287409 0.43119129767784703 0.016280247614933893 0.016623863807091348
0 0.8237895965576172 0.9120769500732422 0.02183679433969351 0.021915729229266826
0 0.5551827870882474 0.5042971097506009 0.01608694516695463 0.015502049372746395
