0 0.11957518871013935 0.08166112349583553 0.231020083794227 0.16151397044842059
0 0.10825232359079215 0.8898424735436072 0.107056214259221 0.10836645273061898
0 0.6055256770207331 0.7568498024573693 0.06700075589693509 0.06651731637807992
0 0.6326855879563552 0.35457600080049956 0.08935620234562801 0.08914111210749699
0 0.39157684032733625 0.5937031965989333 0.09579086303710938 0.09692324124849759
0 0.6536235809326172 0.628083742581881 0.0878145878131573 0.08718314537635216
0 0.9342745267427884 0.6487670311560998 0.05885461660531851 0.05870554997370793
0 0.5037632722121018 0.475771610553448 0.06511534177339993 0.06493891202486478
0 0.15661232288067156 0.4734368324279785 0.048291793236365683 0.048342117896446817
0 0.5434594887953538 0.9240322113037109 0.11573358682485727 0.11349663367638221
0 0.2746408535883977 0.1107565898161668 0.053222949688251205 0.0536042360159067
0 0.7490295997032752 0.48890385260948765 0.05711863591120793 0.05758945758526142
0 0.9553764049823468 0.1058647999396691 0.027632786677433893 0.02771282196044922
0 0.19913702744704026 0.7116274466881385 0.04263767829308143 0.04295261089618389
0 0.5579868463369516 0.5112941448505108 0.027858880849984977 0.028001931997445915
0 0.5569191712599534 0.739928098825308 0.02556947561410757 0.025760944073016826
0 0.45244701092059797 0.7891192069420447 0.02135628920335036 0.021689488337590143
0 0.8882927527794471 0.8773043705866888 0.03513541588416466 0.03511751615084135
0 0.7360688723050631 0.7931634462796725 0.02750543447641226 0.027279780461237982
0 0.1922290141765888 0.13869560681856596 0.021439515627347507 0.021331933828500602
0 0.3520912023691031 0.11475850985600398 0.030119822575495794 0.02974671583909255
0 0.8591824311476487 0.847206555880033 0.02644979036771334 0.026583744929387018
0 0.3494093968318059 0.5285850671621469 0.018062738271859977 0.018015347994290866
0 0.8379427102895883 0.8243114764873798 0.024348038893479567 0.024333660419170674
0 0.4696536430945763 0.8291481458223783 0.02355656257042518 0.023665501521183893
0 0.6500602135291467 0.2885769330538236 0.01970848670372596 0.019690623650184043
0 0.1658322994525616 0.6986968700702374 0.020149084237905648 0.02042418259840745
0 0.09787926307091346 0.358791131239671 0.018140059251051683 0.018055035517765924
0 0.6735687255859375 0.17439838556142953 0.022437462439903848 0.022151360144981973
0 0.9643162947434646 0.25859759404109073 0.03522828909067007 0.0355530518751878
0 0.910702632023738 0.5672308848454402 0.021814786470853366 0.021817867572490986
0 0.461885745708759 0.9294082935039814 0.01740235548753005 0.017400301419771634
0 0.31795681439913237 0.7086709829477164 0.01993839557354267 0.019984612098106973
0 0.18615108269911546 0.9619406186617337 0.01764686291034405 0.017726604755108174
0 0.6105384826660156 0.8950819602379432 0.018392416147085335 0.018389188326322116
0 0.24023943680983323 0.520205204303448 0.05222335228553185 0.05216627854567308
0 0.38085152552678037 0.721554682804988 0.017786612877478965 0.017902080829326924
0 0.5245671639075646 0.9043828524076022 0.027078921978290264 0.026986342210036058
0 0.08918364231403057 0.37499783589289737 0.01688663776104267 0.01679391127366286
0 0.9197197694044846 0.7821511488694411 0.021491417518028848 0.021573433509239785
0 0.11860814461341271 0.4205964528597318 0.01791994388286884 0.017957027141864482
0 0.6611672181349534 0.079667146389301 0.019868850708007812 0.020054945578941934
0 0.21189462221585786 0.894650752727802 0.019118822537935697 0.019248375525841348
0 0.16184304310725287 0.2222270965576172 0.016285822941706732 0.016361823448768027
0 0.8335771560668945 0.7814034682053786 0.020487858698918268 0.0205538823054387
0 0.2667431097764235 0.5662698745727539 0.01790310786320613 0.017924382136418268
0 0.2896613341111403 0.5292033782372108 0.018477623279278096 0.018462621248685397
0 0.10064206673548771 0.7594448969914362 0.027887857877291165 0.027542847853440505
0 0.10168093901414138 0.7171487808227539 0.015958602611835185 0.015858870286207933
0 0.13568887343773475 0.733543689434345 0.033292366908146784 0.033147958608774036
0 0.8644627791184646 0.3946708532480093 0.015967442439152643 0.0160672114445613
0 0.4995149832505446 0.8195833059457632 0.019699976994441107 0.019858727088341348
0 0.13719424834618202 0.6634282332200271 0.016083570627065804 0.01605826157789964
0 0.16485025332524225 0.9232096305260291 0.09839186301598182 0.09830533541165866
0 0.011630124770678006 0.9558497208815354 0.014410798366253193 0.016696783212515023
0 0.07528938696934627 0.7914312802828275 0.024498976193941556 0.024617708646334134
0 0.9288134941687951 0.1533208076770489 0.020477881798377402 0.020335637606107272
0 0.2299985152024489 0.05702004065880409 0.022350274599515475 0.02225606258098896
0 0.2824600659883939 0.6188995654766376 0.03814884332510141 0.03815005375788762
0 0.7002778420081506 0.18421433522151068 0.03056760934682993 0.03090829115647536
0 0.4417957892784706 0.6991555140568659 0.01855043264535757 0.018527691180889424
0 0.1999357296870305 0.5657011178823618 0.016371653630183294 0.016417429997370794
0 0.6462265161367563 0.9894625590397761 0.017206925612229567 0.016086431650015023
0 0.8889712553757888 0.5202597838181716 0.01770166250375601 0.017554209782527044
0 0.519709587097168 0.5390091309180627 0.01480865478515625 0.01479031489445613
0 0.9930219650268555 0.19698205360999474 0.013509016770582933 0.01827243658212515
0 0.2894035486074594 0.42544445624718297 0.02574751927302434 0.025474695058969352
0 0.8985118132371169 0.2691158147958609 0.02088018564077524 0.02101586415217473
0 0.7934815333439753 0.559590009542612 0.020210852989783652 0.020241223848783053
0 0.9311803671029898 0.7271146040696365 0.02215400108924279 0.022128471961388223
0 0.06913692217606765 0.4984074372511644 0.02022275557884803 0.020218482384314902
0 0.9247594980093149 0.6807799706092248 0.01628875732421875 0.016256185678335335
0 0.9857849707970252 0.6472484882061298 0.016337174635667067 0.016821641188401442
0 0.09051227569580078 0.5981214963472806 0.018786540398230918 0.018636776850773737
0 0.5729721509493314 0.8599953284630408 0.06283877446101262 0.06251936692457932
0 0.19730771504915678 0.19509249467116135 0.014725831838754507 0.014883334820087139
0 0.7436895370483398 0.9802532196044922 0.04276070227989784 0.035883389986478366
0 0.2597276797661415 0.35701682017399716 0.13887607134305513 0.13910139524019682
0 0.46886590810922474 0.5442110941960261 0.017326795137845553 0.017308455247145433
0 0.18764248261084923 0.1091620188492995 0.016115078559288613 0.01618649409367488
0 0.7852917451124924 0.9471073150634766 0.08511015085073617 0.0835406963641827
0 0.8961743574876052 0.47371365473820615 0.0193023681640625 0.01919717055100661
0 0.43693307729867786 0.09922476915212777 0.15517410865196815 0.16621644680316633
0 0.5669510181133564 0.7149031712458684 0.015914256756122295 0.016007643479567308
0 0.41272706251878005 0.49841726743257964 0.01404278094951923 0.014184218186598558
0 0.2724708410409781 0.7355329073392428 0.014665823716383714 0.014725611760066105
0 0.48493370643028844 0.37111737177922177 0.017865547767052285 0.017910003662109375
0 0.7141703825730544 0.8990167471078726 0.02043430621807392 0.020186791053185098
0 0.850250977736253 0.06420751718374398 0.015431037315955529 0.015334496131310096
0 0.2981299620408278 0.7056002983680139 0.016824979048508864 0.01709571251502404
0 0.1527567093188946 0.982870835524339 0.022310697115384616 0.022402543288010817
0 0.009080785971421462 0.8347479013296274 0.01655396131368784 0.025027348445012018
0 0.8219145994919997 0.34259942861703724 0.02913944537823017 0.029029699472280648
0 0.8062612093411959 0.3000757877643292 0.017888582669771634 0.01814886239858774
0 0.1421518325805664 0.7048892974853516 0.020854803232046273 0.021165114182692308
0 0.8851959521953876 0.21988292840810922 0.019498091477614183 0.01973262199988732
0 0.6000297619746282 0.5385802342341497 0.03494416750394381 0.035003955547626205
0 0.48934114896334135 0.8039597731370193 0.016644697922926683 0.016625624436598558
0 0.15633803147536057 0.1413571284367488 0.0173261440717257 0.01781177520751953
0 0.06780056311534001 0.6002964606651893 0.01625643326685979 0.015816615178034857
0 0.8228090726412259 0.22733299548809344 0.032772064208984375 0.03296588017390324
0 0.8348908057579627 0.9455055090097281 0.015022571270282451 0.015000563401442308
0 0.8271617889404297 0.5806977932269757 0.016482133131760817 0.016548010019155648
0 0.2565363370455228 0.45841004298283505 0.045445882357083835 0.04442728482759916
0 0.07724256698901837 0.6188228313739483 0.015834643290593073 0.01598842327411358
0 0.2881598472595215 0.4325972336989183 0.03127083411583534 0.03535182659442608
0 0.7692030393160306 0.9905000833364633 0.03127728975736178 0.01768346933218149
0 0.9634780883789062 0.2859729253328763 0.017428764930138223 0.01714911827674279
0 0.8931710903461163 0.22910539920513445 0.017676280095027044 0.018120618966909554
0 0.13537398668435904 0.8194247025709885 0.027182707419762246 0.0274813725398137
0 0.6847182053786057 0.9029174217810998 0.034046173095703125 0.034388028658353366
0 0.9533273990337665 0.5896634321946365 0.014977968656099759 0.015175525958721455
0 0.06246719910548283 0.760165287898137 0.015479830595163198 0.015472412109375
0 0.8893720920269306 0.22546007083012506 0.022157815786508415 0.02225659443781926
0 0.35359705411470854 0.9375394674447867 0.015480334942157451 0.015544304480919471
0 0.3288788061875563 0.1807277752802922 0.10854405623215896 0.11211761144491342
0 0.7831955689650315 0.7928553361159104 0.018655923696664665 0.018213418813852165
0 0.03257593512535095 0.701997683598445 0.015078659241016094 0.015168850238506611
0 0.7484264373779297 0.8527917861938477 0.019896580622746393 0.019773043118990384
0 0.7214405353252704 0.6919384736281174 0.015147869403545674 0.015436319204477163
0 0.6319428957425631 0.8484432513897235 0.018222808837890625 0.018171310424804688
0 0.8815078735351562 0.20588944508479193 0.017848821786733773 0.01761003640981821
0 0.26825677431546724 0.3746802256657527 0.026231985825758714 0.026744695810171273
0 0.5854045427762545 0.20767343961275542 0.032263682438777044 0.03224372863769531
0 0.6327464763934796 0.3612023133497972 0.014843280498798076 0.015068787794846755
0 0.8076210755568284 0.4326281180748573 0.05017559344951923 0.04974644000713642
0 0.5767279404860276 0.7856571490948017 0.037511385404146634 0.03768568772536058
0 0.33893456825843227 0.20633521446814904 0.06926147754375751 0.06896836941058819
0 0.10629844665527344 0.9757380118736854 0.06860585854603694 0.04448245121882512
0 0.9366207122802734 0.3101665790264423 0.015271406907301683 0.015213893010066105
0 0.9594129415658804 0.2796823978424072 0.026171170748197116 0.025391211876502402
0 0.21307086944580078 0.11712463085467999 0.014238871060884915 0.014431458253126878
0 0.4077325967641977 0.8118112270648663 0.01488788311298077 0.015293708214393029
0 0.9216571220984826 0.021444676014093254 0.016421978290264424 0.01668482101880587
0 0.44409876603346604 0.6978925558236929 0.021144866943359375 0.021556560809795674
0 0.26097514079167294 0.0514303262417133 0.07851244853093074 0.07950511345496544
0 0.7808965536264273 0.9550572908841647 0.021993490365835335 0.022265507624699518
0 0.603919506072998 0.44520132358257586 0.06681743034949669 0.06612476935753456
0 0.4370432633620042 0.8543148040771484 0.013922471266526442 0.014215909517728366
0 0.18355127481313852 0.6503350184513972 0.01884739215557392 0.018796480618990384
0 0.42633947959313023 0.6395540971022385 0.015647521385779746 0.01598020700307993
0 0.7255187401404748 0.15703447048480695 0.013916749220628005 0.014301043290358324
0 0.06177657384138841 0.5783615112304688 0.013446624462421123 0.013511070838341346
0 0.284329891204834 0.397305782024677 0.038075190324049726 0.03908802912785457
0 0.09386537625239445 0.9759261791522686 0.015311974745530348 0.015446882981520433
0 0.9620640094463642 0.8342596934391902 0.0717629652756911 0.08143366300142728
0 0.8511315125685471 0.2845190121577336 0.015248372004582332 0.015361639169546274
0 0.3922294103182279 0.5969475966233474 0.08000850677490234 0.07187285790076622
0 0.629273194533128 0.8518349574162409 0.020432692307692308 0.020414205697866585
0 0.2862228613633376 0.43802499771118164 0.028052109938401442 0.02790979238656851
0 0.010251109416668232 0.8911570769089919 0.01726548717572139 0.020381047175480768
0 0.27863353949326736 0.40236788529616135 0.017731226407564603 0.017761964064378005
0 0.26838342960064226 0.3479625995342548 0.016585570115309495 0.016520280104417067
0 0.5952404462374173 0.8545061258169321 0.014070804302509014 0.014351477989783654
0 0.41066800631009615 0.47136622208815354 0.015047073364257812 0.014697441687950721
0 0.03901792031068068 0.5567210637606107 0.014546678616450382 0.014723557692307692
0 0.4708158786480243 0.9139366149902344 0.024663631732647236 0.02482428917518029
0 0.23198986053466797 0.9764644916240985 0.016278707064115085 0.0165255619929387
0 0.0627937362744258 0.6125680483304538 0.014715827428377591 0.014606475830078125
0 0.32826093526986927 0.1665499026958759 0.09478613046499398 0.0923469616816594
