0 0.7428963734553411 0.26334036313570464 0.17163687485914964 0.19191433833195612
0 0.5110157086299016 0.684443840613732 0.1196140142587515 0.1193378155048077
0 0.3718748092651367 0.3927948291485126 0.08748157207782452 0.08730697631835938
0 0.5899737064655011 0.26138551418597883 0.1425798122699444 0.14308929443359375
0 0.6852877690241888 0.44196246220515323 0.07440038827749398 0.0749197739821214
0 0.7270227578970102 0.8727827805739182 0.04823215191180889 0.04835216815655048
0 0.26327149684612566 0.5512438554030198 0.10509663361769456 0.10538101196289062
0 0.5919485825758714 0.616110214820275 0.051513965313251205 0.05130635775052584
0 0.7624228550837591 0.3895868888268104 0.043202913724459134 0.043389540452223554
0 0.2141711161686824 0.8186243497408353 0.0429533444918119 0.04291211641751803
0 0.7407467181865985 0.9860386481651893 0.028083947988656852 0.024313706618088942
0 0.18872726880587065 0.9568010476919321 0.029901577876164362 0.033321380615234375
0 0.2584878114553598 0.19795773579524115 0.046354440542367786 0.04671074793888973
0 0.5691591409536508 0.13383333499615008 0.02180943122276893 0.021819481482872598
0 0.5723017912644607 0.3694902566763071 0.10006875258225661 0.09910803574782151
0 0.22633856993455154 0.2375310751108023 0.0611571532029372 0.06150142963115986
0 0.6091545545137845 0.7051536853496845 0.07134642967810997 0.07092886704664964
0 0.21489205727210411 0.8768050854022686 0.02610478034386268 0.026219881497896634
0 0.6546302208533654 0.6535018040583684 0.020459101750300482 0.020375178410456732
0 0.3361205321091872 0.7801026564378005 0.023820143479567308 0.0238186762883113
0 0.54425599024846 0.1730524209829477 0.03293477571927584 0.03320503234863281
0 0.31640324225792515 0.7943061681894156 0.02237099867600661 0.022517864520733174
0 0.7368539663461539 0.7202309094942533 0.023613709669846755 0.02391228309044471
0 0.49916879947368914 0.0685891371506911 0.020035303556002103 0.01990400827847994
0 0.4797014823326698 0.4942305638239934 0.08896783682016227 0.08943792489858773
0 0.6174298799954928 0.33728856306809646 0.02483929120577299 0.025017664982722357
0 0.5790695043710562 0.7168134542611929 0.031153752253605768 0.03129665668194111
0 0.22423454431387094 0.7672133078941932 0.01991888192983774 0.01996480501615084
0 0.6058578858008752 0.43888458838829625 0.0180508540226863 0.01806325178879958
0 0.49278655418982875 0.1696627140045166 0.01804505861722506 0.0181732544532189
0 0.433379760155311 0.44218892317551833 0.08502608079176682 0.08393111595740685
0 0.4003595939049354 0.021371756608669575 0.0700529538668119 0.041529329923483044
0 0.7151181147648737 0.5122514504652756 0.025442857008713942 0.0251772220318134
0 0.5588290141179011 0.7994114802433894 0.024270131037785456 0.02489500779371995
0 0.31256939814640927 0.6637640732985276 0.06484281099759616 0.0661610823411208
0 0.7886637174166166 0.7374061437753531 0.019795050987830527 0.019644957322340745
0 0.7821071331317608 0.5560105397151067 0.022712120643028848 0.022952886728140023
0 0.6515453778780423 0.5785509256216196 0.01910121624286358 0.01933772747333233
0 0.31514743658212513 0.5032230523916391 0.01701692434457632 0.01699344928448017
0 0.7413026369535006 0.5349330168503982 0.023465376633864183 0.0235900145310622
0 0.2908889330350436 0.8107771506676307 0.018667257749117337 0.0186160160945012
0 0.27586880097022426 0.8786936539870042 0.016440061422494743 0.01663794884314904
0 0.2743796385251559 0.6673294947697566 0.018245917100172777 0.018561143141526442
0 0.5484838485717773 0.9706238966721755 0.03319967710054838 0.03298612741323618
0 0.5667395224938025 0.1812881323007437 0.016278486985426683 0.016203916989839993
0 0.783333998460036 0.8890551053560697 0.020728037907527044 0.020588508019080527
0 0.4788847336402306 0.15331347172076887 0.016033466045673076 0.01624463154719426
0 0.26072010627159703 0.21992197403540978 0.016810197096604567 0.01712336907019982
0 0.7598499884972205 0.7426301516019381 0.018942612868088942 0.018643012413611777
0 0.6501793494591346 0.5338563185471755 0.014935126671424279 0.014893311720628005
0 0.8069735306959885 0.4526362785926232 0.02807030310997596 0.028139554537259616
0 0.7177283947284405 0.27826215670658994 0.017632557795597956 0.01783018845778245
0 0.22862346355731672 0.8450131049522986 0.04415350693922777 0.04342181865985577
0 0.2847275000352126 0.44775067842923677 0.08320874434251052 0.08406961881197415
0 0.5877355428842398 0.5373554963331956 0.021593387310321514 0.02132877936730018
0 0.5923971029428335 0.5660215157728928 0.02959464146540715 0.02927736135629507
0 0.46233760393582857 0.4331207275390625 0.018465262192946214 0.01817468496469351
0 0.25618564165555513 0.9097546797532302 0.021521531618558444 0.021401625413161058
0 0.7599588540884165 0.6391592025756836 0.018667074350210335 0.018575081458458535
0 0.5212702384361854 0.14611339569091797 0.015777147733248197 0.01568467800433819
0 0.7045584458571214 0.7708627260648288 0.026371589073768027 0.025982049795297477
0 0.2833687158731314 0.231626400580773 0.053269496330848105 0.05196468646709736
0 0.2709491803095891 0.8488741654616135 0.021855721106896035 0.021909273587740384
0 0.579899054307204 0.8064088087815505 0.13214918283315805 0.13303595322829026
0 0.6596023853008564 0.9341116685133714 0.017773848313551683 0.017906775841346152
0 0.6559579555804913 0.7803386541513296 0.022036185631385215 0.02228120657113882
0 0.7048306098351111 0.5616981799785907 0.021335601806640625 0.021759179922250602
0 0.6951109079214243 0.8188934326171875 0.05332037118765024 0.05403489332932692
0 0.47351932525634766 0.1809558134812575 0.02569125248835637 0.025720889751727764
0 0.6229776235727164 0.7427418048565204 0.03550808246319111 0.035279494065504804
0 0.8155036339393029 0.9683832021859976 0.015505570631760817 0.022626436673677884
0 0.7824117220365084 0.0773317997272198 0.09336016728327824 0.15414700141319862
0 0.2659248205331656 0.8958253126878005 0.018772345322829027 0.018873068002554085
0 0.8051618429330679 0.8609752655029297 0.020499009352463942 0.020659520075871393
0 0.24723078654362604 0.8906571314885066 0.015694178067720853 0.01585241464468149
0 0.6742515563964844 0.4934614621675931 0.035905691293569714 0.036110217754657455
0 0.8115858664879432 0.5182556005624624 0.02962523240309495 0.036205438467172474
0 0.650238037109375 0.5114525648263785 0.027521573580228366 0.027614373427170973
0 0.7858379804171048 0.8681733058049128 0.015740321232722357 0.015755873460036058
0 0.2694464646852933 0.41493716606727016 0.030275968404916618 0.030280186579777643
0 0.28735920099111706 0.2401447296142578 0.019936268146221455 0.020456974322979268
0 0.5314110975999099 0.8268643892728366 0.03445595961350661 0.034197440514197715
0 0.3169098633986253 0.28430935052724987 0.09227473919208233 0.09148069528432992
0 0.6724365674532377 0.9369901510385367 0.09489250183105469 0.0940102797288161
0 0.2925894077007587 0.3515443801879883 0.09144350198599008 0.0922091557429387
0 0.4731787901658278 0.2536308948810284 0.04194861191969652 0.041319773747370794
0 0.5974278450012207 0.988313601567195 0.018148202162522536 0.017427737896259014
0 0.3205431057856633 0.9700656303992639 0.016974375798152044 0.01711889413686899
0 0.36727795234093297 0.9869946699876052 0.02644656254695012 0.022235870361328125
0 0.21945427014277533 0.956020868741549 0.016108586237980768 0.016273351816030648
0 0.6093093798710749 0.9294553903432993 0.020587701063889723 0.020383101243239183
0 0.22771347486055815 0.9092086645273062 0.015552447392390324 0.015551346998948317
0 0.8178775493915265 0.6971209599421575 0.012607281024639424 0.017072530893179085
0 0.4965659655057467 0.441801144526555 0.0211031253521259 0.021056982187124398
0 0.6444339752197266 0.9744115976186899 0.018006398127629206 0.017738782442533053
0 0.5874640391423152 0.0354509766285236 0.018025765052208535 0.017987828988295335
0 0.7240590315598708 0.7846353971041166 0.03506381695087139 0.034919445331280045
0 0.4017251454866849 0.11869148107675406 0.04048589559701773 0.040303560403677136
0 0.31299785467294544 0.9299281193659856 0.029650101294884317 0.029313014103816107
0 0.5845000193669245 0.9468014056865985 0.039764697735126205 0.039907602163461536
0 0.4648995032677284 0.015774946946364183 0.05551455571101262 0.03037039591715886
0 0.3982978967519907 0.5878133407005897 0.015659038837139424 0.01572249485896184
0 0.4787457539485051 0.9116762601412259 0.0373839598435622 0.037160286536583535
0 0.732673718379094 0.12294480433830848 0.04408601614145132 0.043700419939481296
0 0.30205477201021635 0.9176829411433294 0.026870287381685697 0.027367811936598558
0 0.5039347868699294 0.5760305844820462 0.016412955064039964 0.01663494110107422
0 0.6804850651667669 0.9908131819504958 0.023714212270883415 0.016669640174278848
0 0.42777417256281924 0.617885369520921 0.014483305124136118 0.014657680804912861
0 0.5218422596271222 0.02720663409966689 0.020060025728665866 0.02010164811060979
0 0.319881402529203 0.12479532681978665 0.10163270510160007 0.1003561019897461
0 0.7617687078622671 0.5295114517211914 0.018410315880408652 0.018386400662935697
0 0.30970125931959885 0.9263085585374099 0.03464183440575233 0.03495700542743389
0 0.18202722989595854 0.025728881359100342 0.014427515176626353 0.014393035035866957
0 0.25397645510160005 0.8207953526423528 0.028304466834435098 0.027962904710036058
0 0.5241471437307504 0.22229891556959885 0.0797268060537485 0.08153343200683594
0 0.5196729073157678 0.3520526885986328 0.07039818396935096 0.07252172323373648
0 0.5589504975538987 0.8621343465951773 0.04124949528620793 0.039870042067307696
0 0.360410396869366 0.5173364052405725 0.024674268869253304 0.025443884042593148
0 0.5983479573176458 0.9473250462458684 0.018050267146183893 0.017388563889723558
0 0.5395102134117713 0.6198142858651968 0.024426386906550482 0.024442085852989785
0 0.3048990322993352 0.9203734764685998 0.03216677445631761 0.03227087167593149
0 0.26717450068547177 0.6150304354154147 0.018022904029259317 0.017956366905799277
0 0.37768980172964245 0.4702917979313777 0.03305904681865986 0.0326533684363732
0 0.5812484301053561 0.9953019068791316 0.016336587759164665 0.008562234731820913
0 0.5414104461669922 0.6656943101149339 0.016380456777719352 0.016698103684645433
0 0.5732739521906927 0.8585096505972055 0.022724445049579326 0.02227959266075721
0 0.22193662936870867 0.31448118503277117 0.013768709622896634 0.013937803415151743
0 0.7624796353853666 0.1504180798163781 0.036563873291015625 0.0363165782048152
0 0.4209861755371094 0.6795338850754958 0.06441336411696214 0.06435247567983773
0 0.26487163396982044 0.36825238741361177 0.024187381450946514 0.024193396935096152
0 0.3436414278470553 0.13700487980475792 0.06079908517690805 0.06024611913240873
0 0.2222772744985727 0.08104150111858661 0.05627125960129958 0.05514031648635864
0 0.4835414152878981 0.9106285388653095 0.04801104618952824 0.0482488778921274
0 0.35793062356802136 0.9745908883901743 0.06094441047081581 0.046591538649338946
0 0.6268298809344952 0.023716076062275812 0.06121353002694937 0.045724644110752985
0 0.5558880292452298 0.7991905212402344 0.03484902015099159 0.02956977257361779
0 0.43434561215914214 0.646389521085299 0.131500977736253 0.13114327650803786
0 0.49448394775390625 0.9858976510854868 0.03274316054124098 0.023677679208608773
0 0.8190876153799204 0.8237134493314303 0.010021649874173678 0.015689262977013223
0 0.4850171896127554 0.9080679966853216 0.020868888268103965 0.019682664137620192
0 0.2604060173034668 0.7418851118821365 0.02741549565241887 0.027525681715745192
0 0.29208898544311523 0.2120515383206881 0.09546235891488883 0.09729176301222581
