0 0.3764776816734901 0.8825912475585938 0.1236720451941857 0.12478960477388822
0 0.20642838111290565 0.8705187577467698 0.09337792029747596 0.09453259981595553
0 0.3210009794968825 0.5552782645592322 0.10716029313894418 0.10874542823204628
0 0.5929075387807993 0.6224902959970328 0.10414549020620492 0.10650898860051082
0 0.5375650112445538 0.07153278589248657 0.0437169441810021 0.04387797759129451
0 0.8713192572960486 0.1317607072683481 0.048595575185922474 0.048653602600097656
0 0.13312614881075346 0.19814671002901518 0.04968727551973783 0.04965408031757061
0 0.31771065638615537 0.6483663412240835 0.05217420137845553 0.05264575664813702
0 0.5783207233135517 0.09039129660679744 0.043738291813777044 0.043739575606126055
0 0.1396485108595628 0.5700230965247521 0.03429277126605694 0.034376291128305286
0 0.2443393927354079 0.33285133655254656 0.09242065136249249 0.09337615966796875
0 0.8057801173283503 0.07886483119084285 0.031769825862004206 0.031841351435734674
0 0.16953099690950835 0.07679403745211087 0.06770196327796349 0.06795094563410832
0 0.7497601142296424 0.96307739844689 0.03561548086313101 0.03546553391676683
0 0.6555115626408503 0.9123992186326247 0.02865453866811899 0.02874755859375
0 0.7607290561382587 0.13850478942577654 0.022961543156550482 0.022844791412353516
0 0.42245373359093297 0.30691014803372896 0.0876155266394982 0.0885148415198693
0 0.7801503401536208 0.8681979546180139 0.021791898287259616 0.021784855769230768
0 0.38253674140343297 0.1804051032433143 0.2550519613119272 0.24748736161452073
0 0.6163302935086764 0.7390992824847882 0.02202943655160757 0.021945953369140625
0 0.8007112649770883 0.697192118718074 0.020221416766826924 0.020003685584435098
0 0.5622224807739258 0.12545705758608305 0.04007588900052584 0.03960446211007925
0 0.532326918381911 0.6371678572434646 0.02734536391038161 0.027558253361628607
0 0.294787205182589 0.4592931087200458 0.022726975954495944 0.02277220212496244
0 0.07303389677634606 0.4872427720289964 0.01921964608705961 0.019318140470064603
0 0.10274983369387113 0.8949452180128831 0.024720063576331504 0.024686519916240986
0 0.4855321737436148 0.966012221116286 0.02854640667255108 0.02860538776104267
0 0.10217625361222488 0.4143281349769005 0.022206948353694037 0.022167352529672477
0 0.04789009461036095 0.6075061651376578 0.03142070770263672 0.031529940091646634
0 0.6232230846698468 0.6768847245436448 0.024331019474909857 0.024461892934945915
0 0.43350835946890026 0.6447772979736328 0.051696483905498795 0.05121451157789964
0 0.4731418169461764 0.6354436140794021 0.021120071411132812 0.020953251765324518
0 0.6216382246751052 0.9087357154259315 0.029578429002028245 0.029635502741887018
0 0.44618775294377255 0.7839984893798828 0.02246401860163762 0.022730607252854567
0 0.9084654587965745 0.07201549181571373 0.016884877131535456 0.0166243681540856
0 0.08734778257516715 0.9356528062086839 0.023646207956167366 0.023987990159254808
0 0.4488664773794321 0.5758449114285983 0.026382959806002103 0.026211665226862982
0 0.15237825650435227 0.7390346527099609 0.0184634465437669 0.018641838660606973
0 0.4257759681114784 0.627317868746244 0.021820948674128607 0.02179718017578125
0 0.7190528282752404 0.8221824352557843 0.02830329308143029 0.02821203378530649
0 0.18909263610839844 0.514030383183406 0.017746998713566706 0.01797822805551382
0 0.8357244638296274 0.49252803509051984 0.06431784996619591 0.06327247619628906
0 0.771180299612192 0.1159816705263578 0.024914668156550482 0.0249484135554387
0 0.6188226846548227 0.18900157855107233 0.10625314712524414 0.10571076319767879
0 0.3064463688777043 0.8506380227895883 0.01830878624549279 0.018414130577674277
0 0.4637329395000751 0.4326952420748197 0.0225827143742488 0.022339600783128005
0 0.7860117692213792 0.8975426600529597 0.021517240084134616 0.02150564927321214
0 0.14719069921053374 0.1469802948144766 0.019771575927734375 0.019681802162757285
0 0.6472904498760517 0.2374096283545861 0.019245147705078125 0.018917010380671576
0 0.9084981771615835 0.687748542198768 0.08658233055701622 0.08738913902869591
0 0.6383675795335036 0.8948827890249399 0.01766380896935096 0.017603360689603366
0 0.6899061936598557 0.05915679381443904 0.028880779559795674 0.028797149658203125
0 0.13402648155505842 0.6731136762178861 0.026825134570782002 0.02689977792593149
0 0.2215564067547138 0.01685221378619854 0.04057003901554988 0.03238609203925499
0 0.932949212881235 0.27106549189640927 0.025599846473106973 0.025874578035794772
0 0.19028623287494367 0.4819602966308594 0.04259498302753155 0.04229655632605919
0 0.1252735394697923 0.8701173342191256 0.03769262020404522 0.03783123309795673
0 0.5073509216308594 0.7923768850473257 0.018796920776367188 0.018930581899789665
0 0.5088946269108698 0.054071710659907415 0.02242587162898137 0.0225527653327355
0 0.848548595721905 0.9444529460026667 0.018656804011418268 0.018657097449669473
0 0.07072332730660072 0.8728384604820838 0.061899432769188516 0.062063363882211536
0 0.30498262552114636 0.8084223820612981 0.016911139855018027 0.017148237961989183
0 0.1700280996469351 0.20471772780785194 0.022539505591759317 0.02261488254253681
0 0.5463124788724459 0.19564500221839318 0.018657097449669473 0.01927386797391451
0 0.8106864782480093 0.8670808351956881 0.017049642709585335 0.016948406512920674
0 0.5840935340294471 0.688389411339393 0.01763769296499399 0.017755948580228366
0 0.7909837869497446 0.11047591612889217 0.016909379225510817 0.017100976063654974
0 0.550663581261268 0.2715626313136174 0.13475652841421273 0.13582548728355995
0 0.9333844551673303 0.7530369391808143 0.017882713904747598 0.01796546349158654
0 0.5440606337327224 0.4793548950782189 0.02165090120755709 0.021847284757173978
0 0.34723949432373047 0.6721192139845628 0.016364170954777643 0.016338348388671875
0 0.6533603668212891 0.10258378432347225 0.02888342050405649 0.02859161450312688
0 0.5459612332857572 0.0366166692513686 0.019002620990459736 0.018954983124366172
0 0.8096714753371018 0.9588334010197566 0.018742194542518027 0.018785623403695915
0 0.7799380375788763 0.09351831216078538 0.017148824838491585 0.01730662125807542
0 0.3218184984647311 0.2796648649068979 0.017545259915865384 0.017444317157451924
0 0.21456131568321815 0.8029322991004357 0.015973824721116286 0.015896430382361777
0 0.42812651854295 0.4874236033512996 0.041544474088228665 0.041364229642427884
0 0.9612360000610352 0.0535582762498122 0.016594666701096755 0.016895477588360127
0 0.66852173438439 0.8621352269099309 0.015000269963191105 0.015034308800330529
0 0.5846898739154522 0.725791124197153 0.018147835364708535 0.018550726083608773
0 0.03470209011664757 0.13453357036297137 0.03285101743844839 0.034546228555532604
0 0.5396797473614032 0.7086036388690655 0.016552118154672477 0.01659393310546875
0 0.743042725783128 0.7607490832989032 0.0632925767164964 0.06242664043719952
0 0.6565770369309646 0.15179180181943452 0.01962896493765024 0.01937405879680927
0 0.8509226578932542 0.9287317716158353 0.0158535883976863 0.01599913377028245
0 0.07182362446418175 0.7671706859882061 0.027629522176889274 0.027449974646935098
0 0.2021337655874399 0.18155527114868164 0.016416329603928786 0.016581021822415866
0 0.7098288902869592 0.14044389357933632 0.07665956937349759 0.07587143091055062
0 0.11436766844529372 0.7996669182410607 0.048250821920541614 0.04863518934983473
0 0.3605376390310434 0.9720186086801382 0.05040667607234074 0.04931493905874399
0 0.7914041372445914 0.5537617023174579 0.03480030940129207 0.034424121563251205
0 0.6835955106295072 0.10819798249464768 0.15450613315288836 0.1547541985144982
0 0.8202546926645132 0.8827750866229718 0.017397073599008415 0.017155280480018027
0 0.33396001962515026 0.4746241202721229 0.029857928936298076 0.029472937950721152
0 0.5945094915536734 0.8125958809485803 0.015509972205528846 0.01565214303823618
0 0.3971553582411546 0.6461087740384616 0.01804799299973708 0.018207843487079326
0 0.791739243727464 0.14073940423818734 0.016101837158203125 0.015869745841393106
0 0.9656644967886118 0.9170558636005108 0.017998328575721152 0.01809839101938101
0 0.25383582481971156 0.9647064208984375 0.018562463613656852 0.018383319561298076
0 0.9395312529343826 0.8908184491671048 0.015441014216496395 0.015441160935621995
0 0.6066777155949519 0.07360835717274593 0.024127813485952523 0.0237805935052725
0 0.5485431964580829 0.7243231259859525 0.02251779116117037 0.022859720083383415
0 0.6433753967285156 0.8149962792029748 0.017705623920147236 0.017770033616286058
0 0.9643356616680439 0.15705950443561262 0.01537029559795673 0.015194562765268179
0 0.5941395392784705 0.22901124220628005 0.025857045100285456 0.025640340951772835
0 0.7545376557570237 0.09851312637329102 0.02178353529710036 0.0220337280860314
0 0.2558576510502742 0.48801403779249924 0.029669504899245042 0.029533826387845553
0 0.04889303904313307 0.672081287090595 0.058450552133413464 0.06227023784930889
0 0.15635457405677208 0.2349397952740009 0.015588943774883565 0.015585972712590145
0 0.19225281935471755 0.449157531444843 0.01456282689021184 0.014795229985163761
0 0.7178429823655349 0.020841985940933228 0.016497391920823317 0.0163648587006789
0 0.786651611328125 0.12496418219346267 0.014878199650691105 0.0142517456641564
0 0.14442848242246187 0.07192438382368821 0.03197521429795485 0.032392061673677884
0 0.7778826493483323 0.03936369602496807 0.0741107647235577 0.07119540067819449
0 0.502838684962346 0.18994224988497221 0.015123660747821514 0.015108548677884616
0 0.6173198406512921 0.44103820507343 0.017395899846003607 0.017249474158653848
0 0.23137576763446516 0.04183333195172823 0.015465956467848558 0.015357155066270094
0 0.8232222336989182 0.5947434351994441 0.06678331815279447 0.06723858759953426
0 0.28736440952007586 0.8087323995736929 0.01556257101205679 0.015600057748647837
0 0.7308756754948542 0.038773958499615006 0.01435074439415565 0.014486184486976037
0 0.9242156102107122 0.21056545697725737 0.11516571044921875 0.18737910344050482
0 0.13531606930952805 0.09390574235182542 0.014644421063936673 0.014403820037841797
0 0.5223323381864108 0.18141841888427734 0.015242503239558293 0.01533662355863131
0 0.8000093606802133 0.044435592798086315 0.01768346933218149 0.017715059793912448
0 0.6180673012366662 0.9894359295184796 0.017151612501878005 0.016232857337364785
0 0.6426134843092698 0.17069405775803786 0.01867397014911358 0.018517054044283353
0 0.09168102191044734 0.022675459201519307 0.01957548581636869 0.019365223554464486
0 0.7531766157883865 0.6859064102172852 0.053673083965594955 0.05353384751539964
0 0.5973664797269381 0.42543994463407075 0.017404556274414062 0.01749874995304988
0 0.4924755830031175 0.7356573251577524 0.03369756845327524 0.03339444673978365
0 0.8095802894005408 0.014987217692228464 0.015051915095402645 0.014221918124418993
0 0.31658326662503755 0.9844046372633714 0.04531713632436899 0.029636383056640625
0 0.09668338298797607 0.04909108235285832 0.017890361639169548 0.018535650693453275
0 0.9024504148043119 0.838225217965933 0.028089083158052884 0.028438714834359977
0 0.7678049527681791 0.694007580096905 0.02995887169471154 0.029071514423076924
0 0.45522308349609375 0.34277915954589844 0.016155242919921875 0.016057161184457634
0 0.6277530376727765 0.9444408416748047 0.016909085787259616 0.016638535719651442
0 0.49975006396953875 0.6095908971933218 0.015501315777118389 0.015481802133413462
0 0.8466798342191256 0.7751235961914062 0.014739403357872596 0.014855311467097355
0 0.10769060024848351 0.31603402357835036 0.017635327119093675 0.01818062708928035
0 0.6345618321345403 0.03256299633246202 0.02624364999624399 0.02746551311933077
0 0.4978796151968149 0.32438289202176607 0.014522845928485576 0.014444571274977464
0 0.5700844984788161 0.15569598858173078 0.020010728102463942 0.019832235116225023
0 0.8147584475003756 0.9939236274132361 0.021408667931189902 0.010847238393930288
0 0.09602159720200759 0.3051970922029935 0.10547252801748422 0.1071622555072491
0 0.04663587992007916 0.218352537888747 0.015440409000103291 0.01543430181650015
0 0.5563397040733924 0.7362846961388221 0.016652033879206732 0.016519839947040264
0 0.6535026110135592 0.34363236794104945 0.018689815814678486 0.018860890315129206
0 0.044689636964064375 0.043112328419318564 0.016266765502782967 0.01618642990405743
0 0.7415726001446064 0.015282628627923818 0.023921966552734375 0.024756060196803167
0 0.7033581366905799 0.14037550412691557 0.01857904287484976 0.01731245334331806
0 0.2037814213679387 0.632748163663424 0.03578475805429312 0.03572889474722055
0 0.6679166647104117 0.18562680024367112 0.014112912691556491 0.01429887918325571
0 0.9690556892981896 0.7568974128136268 0.020304753230168268 0.031119126539963942
0 0.8166366723867563 0.9953839228703425 0.026675884540264424 0.008592458871694712
0 0.5495254076444186 0.08846308634831355 0.013318722064678486 0.013103576806875376
0 0.6339538280780499 0.6951417189378005 0.014981930072490986 0.015048393836388221
