0 0.36364012498121995 0.8894772896399865 0.22681718606215256 0.21894278893103966
0 0.30794345415555513 0.5703950295081506 0.12838106888991135 0.1278231694148137
0 0.20374320103571966 0.12849015455979568 0.08309342310978816 0.08240769459651066
0 0.2940795054802528 0.05317094692817101 0.07825657037588266 0.07839509157034066
0 0.23922918393061712 0.7581104131845328 0.04485750198364258 0.044836191030649036
0 0.8545846205491286 0.8297099333543044 0.10895523658165565 0.1108245849609375
0 0.5065387945908767 0.626399773817796 0.05303624960092398 0.05274053720327524
0 0.40278889582707333 0.22206482520470253 0.060436395498422474 0.05974292755126953
0 0.20762166610130897 0.07156402789629422 0.07178985155545749 0.07186391720404992
0 0.6401280623215896 0.5778317818274865 0.08502373328575721 0.08465429452749398
0 0.8680794055645282 0.07738048296708328 0.06223913339468149 0.06251203096829928
0 0.8909303958599384 0.6122457797710712 0.04328654362605168 0.05021124619704027
0 0.8518665020282452 0.13213091630202073 0.04820515559269832 0.04836350220900316
0 0.8496436339158279 0.5517740983229417 0.05389272249661959 0.053997186514047474
0 0.8762185023381159 0.19722439692570612 0.0628346663254958 0.06374879983755258
0 0.17006393579336312 0.4498459742619441 0.029802322387695312 0.02999254373403696
0 0.7219696044921875 0.6265388635488657 0.034008026123046875 0.03391544635479267
0 0.69635009765625 0.9384014423076923 0.10679391714242789 0.1073749248798077
0 0.49174745266254133 0.5751509299645057 0.03283485999474159 0.03253863408015324
0 0.8776234846848708 0.2543935775756836 0.019953214205228366 0.019895406869741585
0 0.3780979009775015 0.4140813167278583 0.03352810786320613 0.03347147428072416
0 0.19367335392878607 0.24408197402954102 0.028216802156888522 0.028480016268216647
0 0.32856420370248646 0.26903313856858474 0.034722401545597956 0.0347748536330003
0 0.5024761053232046 0.921002461360051 0.022177476149338942 0.022172194260817308
0 0.6485038170447717 0.643410902756911 0.03913556612454928 0.03908186692457933
0 0.3030150303473839 0.16913531376765326 0.03448974169217623 0.034055856557992786
0 0.29526527111346906 0.5333756300119253 0.024169775155874398 0.02425413865309495
0 0.1489589397723858 0.044701420343839206 0.024747298314021185 0.02488424227787898
0 0.15171978106865516 0.6359258798452524 0.04521643198453463 0.04468947190504808
0 0.8839844190157377 0.8873380514291617 0.030239398662860576 0.030212989220252402
0 0.44208445915809047 0.19292160180898812 0.02205371856689453 0.022481441497802734
0 0.7540216445922852 0.255216855269212 0.10956529470590445 0.11023792853722206
0 0.8368022625262921 0.9240335317758414 0.02216515174278846 0.02218936039851262
0 0.1276105000422551 0.9243940206674429 0.08918046951293945 0.14879666841947115
0 0.31977169330303484 0.46273040771484375 0.029895489032451924 0.030146672175480768
0 0.4201777164752667 0.4112851803119366 0.047724283658541165 0.0474849114051232
0 0.207853207221398 0.9011961129995493 0.02093227093036358 0.021038642296424277
0 0.34383909518902117 0.1563427081474891 0.029903411865234375 0.03019270530113807
0 0.8634851895845853 0.6224251527052659 0.02382483849158654 0.02392152639535757
0 0.5779392902667706 0.31928205490112305 0.04533532949594351 0.044888936556302585
0 0.7378851083608774 0.5121063819298377 0.0426641610952524 0.04276422353891226
0 0.1615476791675274 0.15036523342132568 0.01815964625431941 0.01816259897672213
0 0.16843535349919245 0.3082897112919734 0.021797693692720853 0.021761160630446214
0 0.306401069347675 0.3021167791806735 0.02851530221792368 0.028931874495286208
0 0.6446591890775241 0.7502204454862155 0.026102652916541465 0.02614314739520733
0 0.45626691671518177 0.6789904374342698 0.023900545560396634 0.02350308344914363
0 0.8331331106332632 0.9541171147273138 0.028116959791917067 0.028256049522986777
0 0.2451488971710205 0.5125890878530649 0.02419596451979417 0.024279227623572715
0 0.2146002329312838 0.35346306287325346 0.031034322885366585 0.03117025815523588
0 0.6291492168719952 0.6830401053795447 0.02652769822340745 0.027146266056941107
0 0.6043026997492864 0.6243832661555364 0.021412482628455527 0.022016378549429085
0 0.43700225536639875 0.24878740310668945 0.03708736713115986 0.037335835970365085
0 0.17087085430438703 0.6160742686345027 0.01601857405442458 0.015847132756159857
0 0.10523368762089656 0.4359513796292819 0.0260623051570012 0.025992613572340745
0 0.7541010929987981 0.6199161822979267 0.021297454833984375 0.0212246454679049
0 0.315067878136268 0.4324165490957407 0.01891194857083834 0.01876992445725661
0 0.19319314223069411 0.5651033841646634 0.018456018888033353 0.018366593580979567
0 0.09350003645970272 0.4070739379295936 0.015729775795569785 0.020631936880258415
0 0.21218745525066668 0.04788398284178514 0.025287114656888522 0.025368287013127253
0 0.626316290635329 0.6561416479257437 0.025234515850360576 0.025683036217322715
0 0.39156598311204177 0.06769769925337571 0.02300438514122596 0.022852072348961465
0 0.40282469529371995 0.38359304574819714 0.028190172635591947 0.028618445763221152
0 0.9016198378342849 0.6464503361628606 0.023129829993614785 0.03454721890963041
0 0.11025835917546199 0.2391531650836651 0.020216611715463493 0.020195374122032754
0 0.3513062550471379 0.22722556040837213 0.03323283562293419 0.032666573157677285
0 0.43620909177339995 0.7069078592153696 0.016604056725135215 0.01686727083646334
0 0.8266663918128381 0.15162891608018142 0.020144535945012018 0.020072093376746543
0 0.8246602278489333 0.03381940034719614 0.017275003286508415 0.017564544310936563
0 0.7107462516197791 0.5678005952101487 0.023547832782451924 0.023803857656625602
0 0.3223256331223708 0.3158464798560509 0.01774010291466346 0.017830041738656852
0 0.1662735755626972 0.18449548574594352 0.030925604013296273 0.03106850844163161
0 0.8640615023099459 0.985531366788424 0.0413206540621244 0.02757688669057993
0 0.10821560712961051 0.5657485081599309 0.04570561188917894 0.0754840557391827
0 0.12241941231947678 0.17075681686401367 0.01486510496873122 0.014924893012413612
0 0.541807431441087 0.4775959895207332 0.01888928046593299 0.019040474524864785
0 0.5357326360849234 0.5772663996769831 0.021292613102839544 0.02120839632474459
0 0.7877566997821515 0.5287203788757324 0.035012465256911054 0.034926267770620495
0 0.35711178412804234 0.6896156164316031 0.029410949120154746 0.029514312744140625
0 0.34489936095017654 0.29051098456749547 0.016214810884915866 0.016334056854248047
0 0.10312500366797814 0.6449113992544321 0.015645503997802734 0.01567664513221154
0 0.15955371123093826 0.29558189098651594 0.016144816692058857 0.016454183138333835
0 0.8970367725078876 0.784650289095365 0.029917056743915264 0.0380102304311899
0 0.62907651754526 0.48254981407752406 0.03744726914625902 0.03722029465895433
0 0.553651002737192 0.7932271957397461 0.025183897752028245 0.025200330294095553
0 0.6803263884324294 0.4999653376065768 0.07908806434044471 0.07998598538912259
0 0.8813036405123197 0.7310279699472281 0.0162353515625 0.016489028930664062
0 0.607493363893949 0.7177790128267728 0.038892085735614486 0.0395965576171875
0 0.7724489065317007 0.8477887373704177 0.024957803579477165 0.024930513822115384
0 0.19952928102933443 0.7930329396174505 0.023075030400202826 0.02283785893366887
0 0.10775056252112755 0.335636175595797 0.042615523705115683 0.07248452993539664
0 0.6497254004845252 0.22280146525456354 0.03523459801307091 0.035377795879657455
0 0.3178388522221492 0.01693878838649163 0.03463268280029297 0.03196864632459787
0 0.1391199643795307 0.5598966891948993 0.018422530247614935 0.018250171954815205
0 0.24117379922133225 0.04057129988303551 0.042943330911489636 0.043317052034231335
0 0.5025480710543119 0.5146842369666467 0.02281614450307993 0.02276449937086839
0 0.525425177354079 0.11594256987938514 0.018532679631159857 0.018706505115215596
0 0.777157710148738 0.07716824458195613 0.0843059833233173 0.08388827397273137
0 0.46428757447462815 0.6541105417104868 0.014931532052847056 0.014875852144681491
0 0.46535253524780273 0.02379331221947303 0.05138675983135517 0.04740548133850098
0 0.6220873319185697 0.35759834142831654 0.016112731053278997 0.01625816638653095
0 0.5241261995755709 0.8091399853046124 0.021954903235802285 0.02194037804236779
0 0.8117391146146334 0.6457882661085862 0.02078863290640024 0.020714246309720553
0 0.09382920998793381 0.5977809979365423 0.014069740588848408 0.014755469102125902
0 0.155899873146644 0.017606029143700234 0.0401922372671274 0.03406277986673208
0 0.5256695380577674 0.4412051347585825 0.041197556715745196 0.04159729297344501
0 0.8373065361609826 0.9785503974327674 0.01780363229604868 0.017638573279747598
0 0.5919449879572942 0.06949339463160588 0.01708558889535757 0.017000656861525316
0 0.5081985180194561 0.9802136054405799 0.019992241492638223 0.02030798105093149
0 0.7404994231003982 0.02954999300149771 0.0869755378136268 0.05677630351139949
0 0.5405132587139423 0.40669962076040417 0.015399932861328125 0.015876329862154447
0 0.5912543076735276 0.46486010918250453 0.042064666748046875 0.04186065380389874
0 0.6647589756892278 0.4275796596820538 0.021936563345102165 0.02177297152005709
0 0.28923694904033953 0.5766183412992038 0.0140379392183744 0.014161770160381611
0 0.860084973848783 0.5902920502882737 0.02427071791428786 0.02472400665283203
0 0.10426042630122258 0.3784818649291992 0.017189649435190055 0.016909379225510817
0 0.3417567473191481 0.03287598261466393 0.021636962890625 0.021709799766540527
0 0.781577990605281 0.21155137282151443 0.01755523681640625 0.01718620153573843
0 0.8296629098745493 0.591892829308143 0.014198596660907451 0.014180550208458534
0 0.16720195916982797 0.49304888798640323 0.044873531048114486 0.045538828923152044
0 0.45905083876389724 0.3448313933152419 0.01935885502741887 0.019252630380483773
0 0.8274087172288161 0.6642285860501803 0.02341431837815505 0.023438673753004808
0 0.16493885333721453 0.33237171173095703 0.017962309030386116 0.017859238844651442
0 0.11021727782029372 0.5323558954092172 0.021669864654541016 0.022154587965745192
0 0.3615004832927997 0.24864713962261492 0.02437752943772536 0.02462933613703801
0 0.1769559566791241 0.03215960814402653 0.030674494229830228 0.031057495337266188
0 0.21684995064368615 0.8451740558330829 0.08548553173358624 0.08560928931603065
0 0.7035094041090745 0.5451468687791091 0.03516065157376803 0.03513541588416466
0 0.4406232467064491 0.6047850021949182 0.0412137691791241 0.0413663570697491
0 0.7144342569204477 0.592411994934082 0.016270857590895433 0.016663184532752402
0 0.21202371670649603 0.9803281197181115 0.17336665667020357 0.038483693049504206
0 0.20499566885141227 0.41461838208712065 0.014727299030010518 0.014733461233285757
0 0.7240121547992413 0.9879928001990685 0.0386354006253756 0.022798684927133415
0 0.12116415684039776 0.643955817589393 0.014877502734844502 0.015128502478966346
0 0.1351295801309439 0.5436998514028696 0.017293233137864333 0.017662195058969352
0 0.2791737226339487 0.6212951219998873 0.08349730418278621 0.08279771071213943
0 0.7328450129582331 0.5825100678663987 0.019898047814002402 0.01985960740309495
0 0.5639824867248535 0.6920385360717773 0.02653085268460787 0.02761415334848257
0 0.5937679730928861 0.4997443419236403 0.01359088604266827 0.013551271878756009
0 0.6216287612915039 0.6299528708824744 0.019326283381535456 0.01995981656588041
0 0.10812078989469089 0.01231379692371075 0.037340787740854114 0.02385403559758113
0 0.677434334388146 0.5212019406832181 0.043336721567007214 0.043733450082632214
0 0.16339467122004583 0.10735134895031269 0.013585787553053636 0.013947175099299504
0 0.8332741077129657 0.19689072095430815 0.014790021456204928 0.015023084787222056
0 0.6943001380333533 0.5493673177865835 0.018903292142427884 0.019705699040339544
0 0.3585052490234375 0.3967599135178786 0.3511427365816556 0.3423045231745793
0 0.45441407423753005 0.7595388705913837 0.02464441152719351 0.02440613966721755
0 0.20814334429227388 0.5096876437847431 0.01642748025747446 0.01606589097243089
0 0.5904111862182617 0.43315990154559797 0.02384295830359826 0.023521276620718148
0 0.5802543346698468 0.7273459801307092 0.01998138427734375 0.020039191612830527
0 0.3525036665109488 0.636113533606896 0.015904720012958232 0.01606163611778846
0 0.5799052531902606 0.7221067135150616 0.027367885296161357 0.028050936185396634
0 0.6709446540245643 0.7887752239520733 0.04103000347430889 0.04154352041391226
0 0.3216836635883038 0.39855355482835036 0.015517454880934495 0.015718606802133415
0 0.36616097963773286 0.38790247990534854 0.015609447772686299 0.015909341665414665
