0 0.634797609769381 0.420194149017334 0.21368646621704102 0.21152577033409706
0 0.3715353745680589 0.7335715660682092 0.1816244675562932 0.18222735478327826
0 0.28434203221247745 0.21248623041006234 0.13696487133319563 0.13576866113222563
0 0.6350408700796274 0.8388107006366436 0.29178593708918643 0.32515657865084135
0 0.6463185823880709 0.6768644039447491 0.07439877436711238 0.07414509699894832
0 0.5301317801842322 0.6331086525550256 0.05886701437143179 0.059491524329552285
0 0.4948590351985051 0.9696351564847506 0.0829158196082482 0.05484625009390024
0 0.6042162088247446 0.5419314091022198 0.04481007502629207 0.04472798567551833
0 0.3272405037513146 0.4803498341487004 0.04962761585529034 0.04966251666729267
0 0.7742841427142804 0.3390166942889874 0.05302619934082031 0.052616119384765625
0 0.5520774401151217 0.47577304106492263 0.05849860264704777 0.05827661661001352
0 0.4923865244938777 0.8628817338209885 0.04727524977463942 0.04743869488055889
0 0.11373422696040227 0.5299264100881723 0.031131432606623724 0.03125308110163762
0 0.6021871566772461 0.8366589179405799 0.023938692533052884 0.02399723346416767
0 0.15155959129333496 0.11334742032564603 0.02558297377366286 0.025584661043607272
0 0.8318506387563852 0.3602716005765475 0.0766613300030048 0.07708512819730319
0 0.7585026667668269 0.41835711552546573 0.02995153573843149 0.029841789832481973
0 0.15977360652043268 0.14130364931546724 0.025570126680227425 0.02562240453866812
0 0.8040860983041617 0.9608157231257513 0.017978668212890625 0.0182339594914363
0 0.5213769766000601 0.10258685625516452 0.0650799091045673 0.06418863168129554
0 0.4597479013296274 0.013767824723170353 0.02512638385479267 0.02452681614802434
0 0.3801014239971454 0.17051161252535307 0.04177651038536659 0.04207618419940655
0 0.38660357548640323 0.6839300302358774 0.07077363821176383 0.07202588594876803
0 0.5788674721351037 0.9517058592576247 0.024454850416917067 0.02413177490234375
0 0.7361913827749399 0.7071365943321815 0.03476773775540865 0.03445023756760817
0 0.6871584378756009 0.12482898051922138 0.026334615854116585 0.026411936833308294
0 0.49690451988807094 0.10952560718242939 0.019666671752929688 0.01977696785560021
0 0.2829895753126878 0.6084281481229342 0.024652481079101562 0.024692828838641826
0 0.4368971311129056 0.8966718086829553 0.05166156475360577 0.051373995267427884
0 0.6871841137225811 0.9736000941349909 0.046609144944411054 0.045957712026742786
0 0.8282055487999549 0.4187162839449369 0.022980763362004206 0.02310796884390024
0 0.1387564127261822 0.4134577971238356 0.019469352868887093 0.019531690157376803
0 0.1753261639521672 0.9375194402841421 0.017171859741210938 0.01740264892578125
0 0.11980264003460224 0.9430133379422702 0.07706986940824069 0.07803902259239784
0 0.7555923461914062 0.11165167735173152 0.019000713641826924 0.018939916904156025
0 0.4871690823481633 0.7978386512169471 0.024889799264761116 0.02490850595327524
0 0.9153886941763071 0.8317203521728516 0.01878180870643029 0.018768310546875
0 0.8632007012000451 0.8838046880868765 0.019886603722205527 0.02005283649151142
0 0.870510248037485 0.40912782228910005 0.01648888221153846 0.016510596642127402
0 0.925555155827449 0.6870230894822341 0.022610297569861777 0.022822159987229567
0 0.22615913244394156 0.0766935210961562 0.019759324880746696 0.01978482649876521
0 0.9266732289240911 0.7732184483454778 0.019287256094125602 0.019148606520432692
0 0.16893485876230094 0.6925972425020658 0.017889719742995042 0.01795357924241286
0 0.21392294076772836 0.6396675109863281 0.034103100116436295 0.0340728759765625
0 0.6374186002291166 0.525845821087177 0.023042972271259014 0.02314604245699369
0 0.5610143954937274 0.7746057510375977 0.020301965566781852 0.02026528578538161
0 0.45302402056180513 0.6065268883338342 0.047797863300030045 0.04766713655911959
0 0.28348409212552583 0.9732780456542969 0.017742377061110277 0.017890049861027643
0 0.121412625679603 0.4591568433321439 0.02039051055908203 0.020426823542668268
0 0.7956347832312951 0.45029537494365984 0.021858362051156852 0.022079027616060697
0 0.5134478715749887 0.44771689635056716 0.029704900888296273 0.0302124757033128
0 0.11354222664466271 0.6487887455866888 0.022901058197021484 0.02280249962439904
0 0.43211687528170073 0.8466929655808669 0.07582385723407452 0.07537137545072116
0 0.3761325249305138 0.6338133445152869 0.034478187561035156 0.03447650029109074
0 0.7970469548152044 0.15339817450596735 0.02200464101938101 0.022285039608295146
0 0.10623477055476262 0.49886270669790417 0.01674791482778696 0.01670690683218149
0 0.25548802889310396 0.4394648625300481 0.02158810542179988 0.021683766291691706
0 0.7202672224778396 0.6767897239098182 0.023547245905949518 0.0238345219538762
0 0.20895932270930365 0.7882213592529297 0.017265906700721152 0.017429351806640625
0 0.25123759416433483 0.8273562651414138 0.038785237532395586 0.03869291452261118
0 0.20937006290142351 0.46517430818997896 0.016367105337289665 0.01639864994929387
0 0.22921822621272162 0.7450824150672326 0.01558993412898137 0.015760275033804085
0 0.7621567065899189 0.7417369255652795 0.023299290583683893 0.024114462045522835
0 0.40658881114079404 0.38274027751042294 0.016646605271559495 0.016430414639986478
0 0.4318477190457858 0.9417666655320388 0.03697490692138672 0.036861566396859974
0 0.06922891965279213 0.9276815561147836 0.019623582179729756 0.028313856858473558
0 0.3455190658569336 0.9629192352294922 0.016085404616135817 0.015720954308143027
0 0.3681038342989408 0.5561956258920523 0.01582483144906851 0.015892175527719352
0 0.11504840850830078 0.8173409975492038 0.020210926349346455 0.02033072251539964
0 0.32411755048311675 0.5662532219519982 0.04126453399658203 0.04097146254319411
0 0.465851563673753 0.467376342186561 0.032253118661733776 0.03207236069899339
0 0.7127524889432467 0.9150624642005334 0.01586283170259916 0.015763062697190505
0 0.6653543619009165 0.5785869084871732 0.12214983426607572 0.12175626021165115
0 0.363979486318735 0.07895781443669246 0.028687697190504808 0.028782037588266227
0 0.27778194500849795 0.8890100625845102 0.025428148416372445 0.02555421682504507
0 0.7973727446336013 0.8784021230844351 0.02115807166466346 0.021461340097280648
0 0.6849745236910306 0.15660696763258714 0.03552656907301683 0.03555561945988582
0 0.22118221796475923 0.9264409725482647 0.041237207559438854 0.042777721698467545
0 0.3791002860436073 0.8841271033653846 0.01949288294865535 0.019672393798828125
0 0.582219123840332 0.19835085135239822 0.05851554870605469 0.05832459376408504
0 0.7156884120060847 0.2229022062741793 0.026331974909855768 0.026741651388315055
0 0.16601978815518892 0.6826391220092773 0.015709510216346152 0.015588613656850962
0 0.31436960513775164 0.834433335524339 0.020473700303297777 0.020516322209284857
0 0.5961883251483624 0.07129969046666072 0.020207038292518027 0.0201568970313439
0 0.06961618936978854 0.2729854950538048 0.014694140507624699 0.01701971200796274
0 0.8063672872690054 0.302339113675631 0.04183490459735577 0.040970215430626504
0 0.8532432409433218 0.6892430232121394 0.01949310302734375 0.019587883582481973
0 0.12584484540499175 0.7108196111825796 0.08584326964158279 0.08831068185659555
0 0.6938188993013822 0.09722576691554143 0.01607968257023738 0.016016648365901068
0 0.22098101102388823 0.5865884927602915 0.03257663433368389 0.03299727806678185
0 0.8832576458270733 0.3473064716045673 0.016411707951472357 0.016568403977614183
0 0.2646770477294922 0.6305930797870343 0.01505264869103065 0.015323932354266826
0 0.3690960957453801 0.9637759282038763 0.018249071561373197 0.017973679762620192
0 0.11047770426823543 0.7000676668607272 0.015567999619704027 0.015830113337590143
0 0.803885973416842 0.47891404078556943 0.017480116624098558 0.017574236943171576
0 0.09363297315744254 0.7085505265455979 0.01695115749652569 0.01688531728891226
0 0.801414049588717 0.12553763389587402 0.016606257512019232 0.016782027024489183
0 0.7085668123685397 0.31201835779043346 0.04181230985201322 0.0414422842172476
0 0.25873101674593413 0.05756777066450853 0.014211067786583534 0.014359364142784705
0 0.8276373056265024 0.9165595127986028 0.020206744854266826 0.019919468806340143
0 0.11165835307194637 0.3878531822791466 0.021509610689603366 0.021485402033879206
0 0.19907467181865984 0.9223836752084585 0.03479975920457106 0.03523107675405649
0 0.6379709977370042 0.25053640512319714 0.01764532235952524 0.017934615795428935
0 0.4316309415377103 0.07403605259381808 0.016791270329402044 0.016811343339773323
0 0.2498610936678373 0.6565501873309796 0.020657429328331582 0.021092048058143027
0 0.7364955315223107 0.9781789779663086 0.03951938335712139 0.036944022545447715
0 0.33107596177321214 0.019838069493954 0.04587576939509465 0.038823095651773304
0 0.3270599658672626 0.5942473778357873 0.016314066373384915 0.016093987684983473
0 0.6624632615309495 0.2361283302307129 0.02410404498760517 0.023865479689378005
0 0.20922618645888108 0.9643802642822266 0.04193243613609901 0.041521659264197715
0 0.5098807261540339 0.5285841868473933 0.01654228797325721 0.016620489267202523
0 0.6414903494027945 0.29889910037700945 0.022084456223707933 0.022722464341383714
0 0.3400978675255409 0.00697572987813216 0.022013444166917067 0.013454558757635264
0 0.6068097628079928 0.30118828553419846 0.023867973914513223 0.024564229525052585
0 0.4731122530423678 0.19616031646728516 0.027240166297325723 0.02677759757408729
0 0.7834001687856821 0.9318791902982272 0.03516065157376803 0.035157423753004804
0 0.09764721760383019 0.6091589194077712 0.01401505103478065 0.014160963205190806
0 0.32151035162118763 0.10919017975146954 0.041716502262995794 0.04197964301476112
0 0.6431380051832932 0.32454736416156477 0.02566381601186899 0.02600435110238882
0 0.12276856715862568 0.1947016716003418 0.051579805520864636 0.05271632854755108
0 0.09280523887047401 0.1472325508411114 0.05894264349570641 0.10723565174983098
0 0.5393455211932843 0.6805478609525241 0.028876818143404447 0.028345254751352165
0 0.7530491168682392 0.256193234370305 0.021715604341947116 0.02193131813636193
0 0.5384302139282227 0.6840525407057542 0.024300355177659255 0.023546365591195915
0 0.24583970583402193 0.11681536527780387 0.013875594505896935 0.013987321120042067
0 0.8823384505051833 0.3714514145484337 0.018539281991811898 0.018763395456167366
0 0.4627334154569186 0.8779152356661283 0.024005009577824518 0.024055921114408053
0 0.7934970122117263 0.8789655245267428 0.0261233403132512 0.026258175189678486
0 0.34838239963238055 0.8928612929124099 0.014798751244178185 0.014987358680138221
0 0.48627618642953724 0.5262104914738581 0.013963552621694712 0.014420582697941707
0 0.5889585935152494 0.05923775526193472 0.013780887310321514 0.013624365513141338
0 0.644040034367488 0.27765787564791167 0.02095794677734375 0.0211636836712177
0 0.6566933851975661 0.4618393824650691 0.01882024911733774 0.018513606144831732
