0 0.5539169311523438 0.5485927141629733 0.1287408975454477 0.13001478635347807
0 0.46515706869272083 0.4249707735501803 0.02308801504281851 0.023235027606670674
0 0.31450671416062576 0.8694761716402494 0.03043204087477464 0.030472388634314902
0 0.8481032298161433 0.4880199065575233 0.03780526381272536 0.037407288184532754
0 0.34154231731708234 0.1790284927074726 0.060947271493765026 0.06067675810593825
0 0.8083752852219802 0.4254750471848708 0.0665142352764423 0.06748419541579026
0 0.9376668930053711 0.6744916622455304 0.02119753910945012 0.021415857168344352
0 0.8863198940570538 0.7650682009183444 0.022727379432091348 0.022601787860576924
0 0.6957932985745944 0.437016120323768 0.040985107421875 0.04102516174316406
0 0.7358771104079026 0.6086930495042068 0.11050238976111779 0.11195534926194411
0 0.2107541744525616 0.7343697914710412 0.03703227409949669 0.037058463463416465
0 0.6439000643216647 0.516169364635761 0.047649383544921875 0.04761028289794922
0 0.5166532809917743 0.2271115596477802 0.019385704627403848 0.01933882786677434
0 0.9169460443349985 0.09778978274418758 0.022508914654071514 0.022873364962064303
0 0.16389997188861555 0.7903168018047626 0.01948371300330529 0.019537705641526442
0 0.6578801228449895 0.4536460729745718 0.032720712515024036 0.03245764512282152
0 0.4392109650831956 0.5797363427969126 0.02601146697998047 0.026036776029146634
0 0.561129826765794 0.6575477306659405 0.046310058006873496 0.045963287353515625
0 0.8946952086228591 0.0786214149915255 0.041474415705754206 0.04122005976163424
0 0.7857525165264423 0.4132206990168645 0.020687103271484375 0.02020131624661959
0 0.8660412568312424 0.2664176867558406 0.021147507887620192 0.02083749037522536
0 0.5856912319476788 0.26052253062908465 0.023139440096341647 0.023198311145489033
0 0.36757997366098255 0.9155446566068209 0.018310400155874398 0.01815927945650541
0 0.9486568157489483 0.7316732406616211 0.019089625431941107 0.019055880033052884
0 0.16526425801790678 0.24112816957327035 0.03854828614455003 0.038431681119478665
0 0.7772316565880408 0.2622169347909781 0.024973649245042067 0.02520451178917518
0 0.8591362146230844 0.8137515141413763 0.020316637479341947 0.020592909592848558
0 0.2858304977416992 0.8320234005267804 0.018470397362342246 0.018761268028846152
0 0.4270128836998573 0.24266496071448693 0.022918261014498197 0.02312179712148813
0 0.7669057112473708 0.8522388751690204 0.033326955942007214 0.03301649827223558
0 0.961152590238131 0.4331473937401405 0.019194969764122598 0.019504767197829027
0 0.3089472697331355 0.8112324934739333 0.023300445996798 0.023227104773888223
0 0.4884183223430927 0.2258741855621338 0.0167238528911884 0.01714049852811373
0 0.4489210568941556 0.32591768411489636 0.016486681424654447 0.016515731811523438
0 0.4106106758117676 0.6497193850003756 0.02633806375356821 0.02653327355018029
0 0.505554382617657 0.3479274603036734 0.017446151146521933 0.01714163560133714
0 0.8375443678635818 0.9898157853346604 0.017871563251201924 0.016331012432391826
0 0.45931463975172776 0.7577227078951322 0.01863406254695012 0.018773445716271035
0 0.5820487095759466 0.4650360620938815 0.01600984426645132 0.016208648681640625
0 0.4153331243074857 0.19110514567448542 0.025152279780461237 0.025329223045935996
0 0.8017426270705003 0.8940329184898963 0.03142474247859074 0.03165171696589543
0 0.27263516646165115 0.81140503516564 0.01649313706618089 0.016696929931640625
0 0.27587008476257324 0.5963068375220666 0.016375358288104717 0.016486974862905648
0 0.7119569778442383 0.37099801577054536 0.02865116412823017 0.028629009540264424
0 0.5433098719670222 0.3512068528395433 0.01887673598069411 0.01877704033484826
0 0.8426129267765925 0.13085312109727126 0.032079256497896634 0.03171884096585787
0 0.49071917167076695 0.4505066138047438 0.016446040226862982 0.016473696782038763
0 0.23811663114107573 0.05341775600726788 0.02910001461322491 0.028885657970721904
0 0.2769805651444655 0.9787600590632513 0.016800293555626504 0.016666412353515625
0 0.0834731046970074 0.7898272000826322 0.04319629302391639 0.04355122492863582
0 0.22121213032649115 0.09467330345740685 0.016574786259577826 0.01668974069448618
0 0.8546504240769607 0.08064151727236234 0.030855618990384616 0.030768889647263747
0 0.9261374840369592 0.7204327216515174 0.019198197584885817 0.019317040076622598
0 0.9659130389873798 0.5565986633300781 0.013231424184945913 0.020535982572115384
0 0.06307612015650822 0.689854988685021 0.016556996565598708 0.016581608698918268
0 0.8421043982872596 0.7935623755821815 0.016930800217848558 0.017104222224308893
0 0.47078789197481596 0.24764271882864144 0.017848968505859375 0.017687650827261116
0 0.6313515443068284 0.5950060257544885 0.05626473060021034 0.0566870616032527
0 0.551478019127479 0.8732540424053485 0.017990552462064303 0.017868775587815505
0 0.7843934572660006 0.20718900973980242 0.02504759568434495 0.0251010014460637
0 0.6688169332650992 0.2820853820213905 0.02185792189378005 0.021930988018329326
0 0.7854832135714017 0.9521036148071289 0.027848317072941706 0.028062820434570312
0 0.267913268162654 0.701572271493765 0.019045316256009616 0.019092559814453125
0 0.9537052741417518 0.33075904846191406 0.01603522667518029 0.01633908198429988
0 0.5966240075918344 0.6417981661283053 0.01756396660437951 0.017640040471003607
0 0.8152654354388897 0.3154475138737605 0.034809259267953724 0.03462424645057091
0 0.35737921641423154 0.6650922481830304 0.016321475689227764 0.016313846294696514
0 0.8529611000647912 0.04389201219265278 0.08382371755746695 0.08281952601212722
0 0.9643490131084735 0.8904751997727615 0.012578524076021634 0.016686366154597357
0 0.655792969923753 0.47962364783653844 0.024135296161358174 0.02434121645413912
0 0.5127573746901292 0.7610693711500901 0.015615316537710337 0.015492659348707933
0 0.8754649529090295 0.3483048952542819 0.02240606454702524 0.022478543795072116
0 0.21236056547898513 0.5787247144258939 0.01786320026104267 0.017953139085036058
0 0.03556350561288687 0.46270088049081654 0.0216061702141395 0.034244684072641224
0 0.7224416732788086 0.5161286133986253 0.03296969487116887 0.03285290644719051
0 0.9583963247445914 0.15433881833003119 0.032010591947115384 0.04035762640146109
0 0.45521116256713867 0.18076773790212777 0.029033587529109076 0.02912726769080529
0 0.3367702043973483 0.280346155166626 0.015326133141150841 0.015357567713810848
0 0.42411463077251726 0.09583566739008977 0.019463172325721152 0.019510782681978665
0 0.2530986529130202 0.5444744550264798 0.015448350172776442 0.015420106741098257
0 0.23162023837749773 0.4766132648174579 0.02462159670316256 0.024779539841871995
0 0.22476625442504883 0.6822704902062049 0.019585829514723558 0.019473736102764424
0 0.2970695495605469 0.5738491278428298 0.01898061312161959 0.019228421724759616
0 0.20874839562636155 0.9125239298893855 0.06954512229332557 0.0693347637469952
0 0.6049709320068359 0.20578663165752703 0.02972749563363882 0.030052992013784554
0 0.6495981216430664 0.3195741360004132 0.014447872455303486 0.0144804441011869
0 0.44776729437021107 0.26264557471642125 0.01743030548095703 0.017417100759652946
0 0.19993066787719727 0.8141313699575571 0.015218001145582933 0.014995574951171875
0 0.5792560944190392 0.6887093323927659 0.029123893150916465 0.028684175931490384
0 0.6263886231642503 0.422306280869704 0.017120361328125 0.01685758737417368
0 0.67677065042349 0.7415792025052584 0.017101434560922477 0.016936815701998197
0 0.7012823545015775 0.010561620959868798 0.0189968989445613 0.01820404942219074
0 0.35745668411254883 0.9293906872089093 0.0163423831646259 0.016261174128605768
0 0.6250174595759466 0.2510877022376427 0.016377082237830527 0.016158030583308294
0 0.33940711388221156 0.6743278503417969 0.017993413485013522 0.017781771146334134
0 0.05508809823256273 0.1260187442486103 0.021071250622089092 0.02082674319927509
0 0.3784365653991699 0.5353838480435885 0.014581240140474759 0.014583220848670373
0 0.6985442088200495 0.08151839329646184 0.24735304025503305 0.16163048377403846
0 0.10226770547720102 0.34064116844764125 0.01530163104717548 0.01537631108210637
0 0.6152888077955979 0.2689028519850511 0.013802455021784855 0.013887258676382212
0 0.16069848720843977 0.8651313048142654 0.014401665100684533 0.014494235698993389
0 0.4352598190307617 0.6694741615882287 0.027451295119065505 0.02738791245680589
0 0.5123792061438928 0.27945635868952823 0.016974155719463643 0.01683653317964994
0 0.823667966402494 0.8720359802246094 0.014864114614633413 0.01496109595665565
0 0.5381719515873835 0.7361739231989934 0.017954532916729268 0.018196692833533652
0 0.8973611684945914 0.19830760589012733 0.019148606520432692 0.019587260026198167
0 0.7886726672832782 0.12367470447833721 0.03210537250225361 0.03206553825965294
0 0.8204317826491135 0.09251969594221848 0.03940435556265024 0.03915010965787447
0 0.44104788853571963 0.20974331635695237 0.033888596754807696 0.033609977135291465
0 0.3602710503798265 0.284880308004526 0.014910477858323317 0.015468597412109375
0 0.8766678296602689 0.3025305454547589 0.013726747952974759 0.013605264516977163
0 0.6975128467266376 0.3992558259230394 0.023477994478665866 0.023940306443434495
0 0.21268782248863807 0.9213579618013822 0.06069190685565655 0.05915407034067007
0 0.8595264141376202 0.2690770442669208 0.21121567946213943 0.20010757446289062
0 0.05253470860994779 0.6423731583815354 0.056409138899583086 0.07531591562124398
0 0.6442185915433444 0.5425450985248272 0.027149787315955527 0.027110760028545674
0 0.46041253896859974 0.10860079985398513 0.01666391812838041 0.016796258779672477
0 0.8898522303654597 0.3673099737900954 0.019643049973707933 0.019798865685096152
0 0.6361619509183444 0.07259142398834229 0.014646970308743991 0.01485599004305326
0 0.28949495462270886 0.23371157279381385 0.06563282012939453 0.06497808603140023
0 0.20165544289809006 0.8936101473294772 0.05977480228130634 0.056679065410907455
0 0.33866090040940505 0.5365419387817383 0.014873431279109074 0.0150909423828125
