0 0.40137646748469424 0.10392299982217643 0.12027300321138822 0.1204674243927002
0 0.42908092645498425 0.4660978317260742 0.07270541557898888 0.07276469010573167
0 0.7293814145601712 0.1488969509418194 0.16280687772310698 0.2623847814706656
0 0.7231840720543494 0.5602944080646222 0.12363668588491586 0.12456035614013672
0 0.46776734865628755 0.18526170803950384 0.06983580956092247 0.06979670891394982
0 0.6637825599083533 0.8068658388577975 0.05884757408728966 0.05873577411358173
0 0.7450138972355769 0.4537861163799579 0.03657942551832933 0.03636800325833834
0 0.6664294462937576 0.9197529279268705 0.048154977651742786 0.0479124509371244
0 0.4298372268676758 0.2316893064058744 0.05320064838115986 0.05360053135798527
0 0.22725679324223444 0.2535359309269832 0.06183928709763747 0.06233626145582933
0 0.4256811508765587 0.6565308204064002 0.04521810091458834 0.04485951937161959
0 0.22550527866070086 0.5230011573204627 0.04891146146334135 0.04867054865910457
0 0.40972540928767276 0.9321915553166316 0.05453813993013822 0.052593231201171875
0 0.21613069681020883 0.6366863250732422 0.04502516526442308 0.045487623948317304
0 0.6354130965012771 0.4147665317241962 0.028000904963566706 0.028441209059495192
0 0.5974665421705979 0.08275692279522236 0.09205011221078727 0.09210892824026254
0 0.45832032423753005 0.2984553850614108 0.0453947507418119 0.04614712641789363
0 0.34824430025540865 0.7631943776057317 0.05780645517202524 0.05844409649188702
0 0.46346407670241135 0.7635160592886118 0.041697135338416465 0.041608223548302285
0 0.28574479543245757 0.3196575091435359 0.027652557079608623 0.027704679048978366
0 0.3474612602820763 0.7278894277719351 0.032235952524038464 0.03234085669884315
0 0.20758141004122221 0.8091194446270282 0.023926441486065205 0.02399591299203726
0 0.5318507414597732 0.7424986912653997 0.036450899564302884 0.03635054368239183
0 0.5210324800931491 0.9154724707970252 0.020077045147235576 0.019708780141977165
0 0.34041962256798375 0.35164679013765776 0.03932732802170973 0.03971642714280348
0 0.5205641159644494 0.24225664138793945 0.03565824948824369 0.035547696627103366
0 0.43124855481661284 0.8358422059279221 0.04551990215594952 0.04523115891676683
0 0.38290236546443057 0.5230822929969201 0.01833768991323618 0.018636556772085335
0 0.3190305416400616 0.7149804922250601 0.026420464882483848 0.026297936072716348
0 0.20581705753619856 0.6724570347712591 0.023042678833007812 0.023022871751051683
0 0.27628640028146595 0.6764629070575421 0.036275166731614336 0.03664882366473858
0 0.5934407527630146 0.976139655480018 0.01805290809044471 0.018292940579927884
0 0.5618716753446139 0.9703675783597506 0.057860154371995196 0.054436023418719955
0 0.26816364435049206 0.44211849799522984 0.021434490497295674 0.02129253974327674
0 0.31700350688054013 0.2013572912949782 0.019051185021033652 0.018877102778508112
0 0.551934499007005 0.7693135188176081 0.03319857670710637 0.033568162184495196
0 0.20559354928823617 0.7713710344754733 0.06548419365516076 0.07765535207895133
0 0.6766233444213867 0.4064097771277794 0.031118392944335938 0.030904843257023737
0 0.5508722892174354 0.4419105236346905 0.024645878718449518 0.024819594163161058
0 0.6444144615760217 0.3231176963219276 0.034514207106370196 0.034342123911930963
0 0.40496165935809797 0.2482024339529184 0.04599292461688702 0.04538433368389423
0 0.7328812525822566 0.3110091502849872 0.0177151606633113 0.017856817979079027
0 0.504485350388747 0.15816716047433707 0.04442889873798077 0.04470674808208759
0 0.2184716004591722 0.21167505704439604 0.05249793712909405 0.052866495572603665
0 0.5381362621600811 0.2941554876474234 0.025449752807617188 0.02520121060884916
0 0.4624278728778546 0.9297962188720703 0.02623264606182392 0.02630028357872596
0 0.6090837625356821 0.7490897545447717 0.04323167067307692 0.04275835477388822
0 0.29431819915771484 0.765616930448092 0.018316342280461237 0.018328153170072116
0 0.42322576962984526 0.8121112676767203 0.017842586223895732 0.017862906822791465
0 0.3846110930809608 0.6688113579383264 0.04807288830096905 0.049434661865234375
0 0.5969139245840219 0.8816604614257812 0.055924635667067304 0.055706024169921875
0 0.7973882235013522 0.30016403931837815 0.030147259051983174 0.03095692854661208
0 0.47538100756131685 0.4320070560161884 0.04090690612792969 0.04097190270057091
0 0.6683462583101712 0.46360947535588193 0.01925805898813101 0.019298553466796875
0 0.5421309104332557 0.21776822897104117 0.030453902024489183 0.030500265268179085
0 0.20284427129305327 0.43311383174015927 0.028226045461801384 0.027898641733022835
0 0.4867254403921274 0.5890349608201247 0.0192111088679387 0.019262167123647835
0 0.6748654292179987 0.9859335239116962 0.037170703594501205 0.026345473069411058
0 0.2825797887948843 0.636018312894381 0.03649344811072716 0.03647672213040865
0 0.36611039821918195 0.5332511021540716 0.015621038583608774 0.015579517071063701
0 0.25615864533644456 0.020062916553937472 0.02646915729229267 0.026379195543435905
0 0.3915538787841797 0.8165124012873723 0.028905134934645433 0.028612576998197116
0 0.7204048450176532 0.7771484668438251 0.04317914522611178 0.04349429790790264
0 0.65105650975154 0.463748968564547 0.018962273230919473 0.018627386826735277
0 0.4665819314809946 0.7156845973088191 0.017321659968449518 0.017482464130108174
0 0.5225595327524039 0.6564993491539588 0.026219808138333835 0.02643555861253005
0 0.6014249141399677 0.7180757522583008 0.024184667147122897 0.02407558147723858
0 0.22629382060124323 0.45189138559194714 0.02202437474177434 0.021978231576772835
0 0.7707123389610877 0.30688841526324934 0.018976945143479567 0.018808768345759466
0 0.8044804793137771 0.5130054767315204 0.022952740009014424 0.02284548832820012
0 0.497222900390625 0.7310050084040716 0.0165865971491887 0.016648512620192308
0 0.6523337730994592 0.620577885554387 0.02540412315955529 0.02543790523822491
0 0.28101563453674316 0.3713531127342811 0.03841821963970478 0.03907643831693209
0 0.41460161942702073 0.27478208908667934 0.02321771474984976 0.02330919412466196
0 0.737035164466271 0.01694546754543598 0.019364283635066107 0.019269150037031908
0 0.26178374657264125 0.9799324182363657 0.017602993891789362 0.017636959369365986
0 0.6489155109112079 0.3489505327664889 0.03268227210411659 0.0329583974984976
0 0.7952886728140024 0.37745160322922927 0.017202230600210335 0.01726355919471154
0 0.42262568840613735 0.606878610757681 0.018070441025954027 0.01787589146540715
0 0.19043474930983323 0.35640496474045974 0.02118543478158804 0.025644302368164062
0 0.2333376591022198 0.896943239065317 0.052901194645808294 0.05229597825270433
0 0.6579271463247446 0.6398610335129958 0.01856055626502404 0.018520061786358174
0 0.19995984664330116 0.5555529961219201 0.02034128629244291 0.020342460045447715
0 0.19020597751323992 0.45102970416729266 0.016016299907977764 0.016077041625976562
0 0.32018558795635516 0.17215835131131685 0.04064488410949707 0.04115089086385874
0 0.6409677358774039 0.8555950751671424 0.03928301884577824 0.039292555588942304
0 0.33706852105947643 0.15035921793717605 0.048135023850661054 0.04830402594346266
0 0.4604672652024489 0.8824358720045823 0.07688470987173227 0.0762337904710036
0 0.7985456906832181 0.6139868956345779 0.046189528245192304 0.07308079646183895
0 0.4035837466900165 0.5392336478600135 0.01682120103102464 0.016820320716271035
0 0.5719686654897836 0.5213227272033691 0.020169184758112982 0.020470325763408955
0 0.6143538768474872 0.5636995755709134 0.01745920914870042 0.017204871544471152
0 0.6797545506403997 0.6719044905442458 0.021768716665414665 0.02172426077035757
0 0.6572185663076547 0.9465532302856445 0.01775814936711238 0.017729539137620192
0 0.3714928993811974 0.4767851462730995 0.025881400475135215 0.026053942166841947
0 0.6003095553471491 0.16791915893554688 0.070801148047814 0.07193967929253212
0 0.3536869929387019 0.6700291266808143 0.014807334313025841 0.01487438495342548
0 0.19245466819176307 0.49344510298508865 0.026125724499042217 0.027654354388897236
0 0.26514510008004993 0.6539661700908954 0.015654527224027194 0.01609347416804387
0 0.6299109825721154 0.8908374492938702 0.02055534949669471 0.020726717435396634
0 0.7266440758338342 0.6399431228637695 0.04365231440617488 0.043347725501427285
0 0.5714354881873498 0.7983234112079327 0.028429178091195915 0.028162149282602165
0 0.3469359324528621 0.3056383499732384 0.021996278029221755 0.021899663485013522
0 0.22892926289485052 0.563473261319674 0.015523763803335337 0.0154266357421875
0 0.2857679587144118 0.3489990601172814 0.01819163102370042 0.018488077016977165
0 0.24412303704481858 0.9243139120248648 0.03934159645667443 0.0390936044546274
0 0.1931333175072303 0.6138620743384728 0.01787992624136118 0.017597271845890924
0 0.595886597266564 0.5568038500272311 0.02087857173039363 0.021269798278808594
0 0.4224035923297589 0.7349683321439303 0.015430963956392728 0.015605926513671875
0 0.4352992864755484 0.5411691665649414 0.017232454740084134 0.01742832477276142
0 0.580228145305927 0.24855485329261193 0.045339144193209134 0.04439214559701773
0 0.46565738091102016 0.07254778421842135 0.05996792133037861 0.060857259310208835
0 0.40833685948298526 0.5791499064518855 0.018180700448843148 0.018082618713378906
0 0.37809239901029146 0.9383797278771033 0.015973604642427884 0.015983141385591947
0 0.35289867107684797 0.5377916922936072 0.23784228471609262 0.24824069096491888
0 0.47179057047917294 0.6759843092698318 0.016099269573505107 0.015903179462139424
0 0.3646657650287335 0.30673881677480846 0.01856715862567608 0.01873625241793119
0 0.7631554970374475 0.48516398209791917 0.04513960618239183 0.044413199791541465
0 0.6975440245408279 0.9819994706373948 0.018552046555739183 0.019204213069035456
0 0.6461819868821365 0.1406561044546274 0.029134456927959736 0.029261258932260368
0 0.6498956680297852 0.8829706632173978 0.022483678964468148 0.022783719576322116
0 0.22892887775714582 0.4246782889732948 0.014686511113093449 0.01474747290978065
0 0.569170878483699 0.48869925278883714 0.01723450880784255 0.017520611102764424
0 0.6984503819392278 0.6533134167010968 0.015280210054837741 0.015255561241736779
0 0.6687985933743991 0.8922824859619141 0.021518413837139424 0.021500514103816107
0 0.41312602850107044 0.301482970897968 0.02315675295316256 0.023140907287597656
0 0.4315297053410457 0.5915077649630033 0.016162725595327523 0.01643232198861929
0 0.539851922255296 0.9296880868765024 0.02958195026104267 0.029733804556039665
0 0.7845835318932166 0.2709101897019606 0.04580556429349459 0.045733085045447715
0 0.6169969118558444 0.4912126981295072 0.014879813561072716 0.014909010667067308
0 0.5731228314913236 0.3896970015305739 0.02418239300067608 0.024422132051908053
0 0.5499566885141226 0.4829714114849384 0.014678955078125 0.01472927973820613
0 0.326902096088116 0.3097625512343187 0.017276177039513223 0.017415560208834134
0 0.6315705959613507 0.908194321852464 0.024387359619140625 0.024481846736027643
0 0.6863384246826172 0.8702945709228516 0.017138554499699518 0.01711889413686899
0 0.6749201554518479 0.32936745423537034 0.015508651733398438 0.015426709101750301
0 0.29697491572453427 0.270142151759221 0.021283443157489482 0.02154841789832482
0 0.3879200495206393 0.6076909578763522 0.0505519280066857 0.04941426790677584
0 0.659021964439979 0.749689689049354 0.07031616797814003 0.07076468834510216
0 0.76019653907189 0.3297160221980168 0.014159569373497596 0.013921737670898438
0 0.5452241897583008 0.25711620770967925 0.018239828256460335 0.018295434805063102
0 0.7630740679227389 0.6317828251765325 0.026524763840895433 0.026377751277043268
0 0.5100875267615685 0.43119173783522385 0.02680793175330529 0.026300577016977165
0 0.1965044094966008 0.5984844794640174 0.01584280454195463 0.01570738278902494
0 0.478979440835806 0.014070483354421763 0.01751540257380559 0.01775145072203416
0 0.5157701785747821 0.8086747389573318 0.021970015305739183 0.02224393991323618
0 0.3066691618699294 0.7397157962505634 0.02847737532395583 0.028132512019230768
0 0.5667745150052584 0.8320225935715896 0.01840342008150541 0.01799495403583233
0 0.5195934222294734 0.595767094538762 0.014940775357759915 0.014963810260479268
0 0.2624366100017841 0.601768053494967 0.014463131244365986 0.014684383685772236
0 0.6113387621366061 0.9686690110426682 0.016598921555739183 0.01639732947716346
0 0.5577213947589581 0.4266660396869366 0.015746043278620794 0.016082176795372598
0 0.273345213669997 0.28810801872840297 0.01576687739445613 0.016283695514385518
0 0.38973522186279297 0.17065917528592622 0.06528575603778546 0.06574755448561448
0 0.5920767417320838 0.3922053850614108 0.014577278724083534 0.014950972336989183
0 0.4799003601074219 0.9812008784367487 0.014397107637845553 0.014493502103365384
0 0.5097606365497296 0.5128999490004319 0.013973456162672777 0.014327709491436299
0 0.6859386884249173 0.8429271991436298 0.017971332256610576 0.018230731670673076
0 0.6941441756028396 0.9793905111459585 0.026728263268103965 0.027942070594200723
0 0.5221323600182166 0.6755872139563928 0.016317220834585335 0.0162197993351863
0 0.20818028083214393 0.574910200559176 0.017083021310659554 0.017145743736853965
0 0.20231439517094538 0.7152074667123648 0.03392850435697115 0.03406612689678486
0 0.21673261202298677 0.69836792579064 0.021442193251389723 0.021514892578125
0 0.446319580078125 0.7190044109637921 0.02238317636343149 0.022225306584284857
0 0.6603054633507361 0.7415685653686523 0.060398101806640625 0.05922405536358173
0 0.3041441257183368 0.010583014442370487 0.033311623793381914 0.019719768028992873
0 0.4510118044339694 0.5751847120431753 0.01434032733623798 0.014576104971078726
0 0.3805537590613732 0.2866787910461426 0.014152086698091947 0.014236010037935697
0 0.46494069466224086 0.31365588995126575 0.013294660128079928 0.014088630676269531
0 0.5533665877122146 0.40076541900634766 0.014199770413912259 0.014296164879432091
0 0.20126878298245943 0.34056707528921276 0.016283622154822715 0.016736397376427285
0 0.2847409981947679 0.7997096135066106 0.031226451580341045 0.03241436298076923
0 0.45339272572444034 0.6309832059420072 0.02054617955134465 0.0207217289851262
0 0.7428081219012921 0.29682078728309047 0.016792884239783652 0.016644111046424277
0 0.38033698155329776 0.9657363158005935 0.01597169729379507 0.016142625075120192
0 0.7097809131328876 0.46570007617657 0.016027010404146634 0.01615480276254507
0 0.6390712444598858 0.23108451183025652 0.019040621243990384 0.01937576440664438
0 0.5770690624530499 0.7195094181941106 0.018210484431340143 0.018373636099008415
0 0.3945465454688439 0.32922840118408203 0.03176417717566857 0.032437838040865384
0 0.19537173784696138 0.4628472694983849 0.014615939213679386 0.015270746671236478
0 0.6031318444472092 0.2792020577650804 0.021410061762883112 0.021333621098445013
0 0.47019001153799206 0.8802469693697416 0.06270782764141376 0.06590535090519832
0 0.7309785256019006 0.2816455180828388 0.015470211322490986 0.015429863562950721
0 0.6087201191828802 0.15980421579801118 0.05468838031475361 0.056151206676776595
0 0.7942151289719802 0.34228684351994443 0.016594373262845553 0.01660332312950721
0 0.7850933074951172 0.35852916424091047 0.021840755756084736 0.02200596149151142
0 0.5091105241041917 0.46967190962571365 0.015467570378230168 0.015431697552020732
0 0.27164899385892427 0.33270641473623425 0.016064863938551683 0.015776854294996995
0 0.35741446568415713 0.3237882394057054 0.017025287334735576 0.016874239994929388
0 0.5933078619150015 0.17913724825932428 0.05575370788574219 0.05539127496572641
0 0.4628483698918269 0.5606927138108474 0.013815366304837741 0.013842142545259915
0 0.4545761988713191 0.9907559614915115 0.018596429091233473 0.015865472646859977
0 0.18624118658212516 0.5356866396390475 0.017363988436185397 0.02044193561260517
0 0.5778865080613357 0.2405694814828726 0.05223230215219351 0.0533593251154973
0 0.2846986513871413 0.9056420693030725 0.04970121383666992 0.0496063232421875
0 0.3266392487746019 0.4207159922673152 0.02227130303016076 0.022343562199519232
0 0.4013473070584811 0.32148240162776065 0.02025149418757512 0.02001351576585036
0 0.5602019383357122 0.2686750338627742 0.016605523916391227 0.016845006209153395
0 0.5973657461313101 0.6913281954251803 0.02094723628117488 0.021381378173828125
0 0.2740998084728534 0.38439112443190354 0.015405654907226562 0.015153151292067308
0 0.28483288104717547 0.7142686110276443 0.02302852043738732 0.02332335252028245
0 0.3637839097243089 0.22969451317420372 0.015246171217698317 0.01551518073448768
0 0.6302961202768179 0.6589433963482196 0.017200763408954326 0.017063140869140625
0 0.528324714073768 0.9909226344181941 0.03229023860051082 0.017142809354341947
0 0.6508237398587741 0.28856556232158953 0.018441126896784857 0.018171383784367487
0 0.3029621931222769 0.9773788452148438 0.022618513840895433 0.022737943209134616
0 0.4815236971928523 0.6191384242131159 0.01377413823054387 0.013739915994497446
0 0.3738433764531062 0.6717458871694711 0.02331366905799279 0.023090069110576924
0 0.6853804221520057 0.47765016555786133 0.01745444077711839 0.01815311725323017
0 0.367093929877648 0.019606920389028695 0.014052391052246094 0.013576536224438595
0 0.45536107283372146 0.6308099306546725 0.01682897714468149 0.017394432654747598
