0 0.23825704134427583 0.20300443355853742 0.08031243544358474 0.08191145383394681
0 0.4209403624901405 0.08402574062347412 0.023000203646146335 0.022950245783879206
0 0.4651647714468149 0.8497026883638822 0.03890697772686298 0.038808382474459134
0 0.6609799311711237 0.6225453890286959 0.04369295560396635 0.04396405586829552
0 0.3671241906973032 0.21415108900803786 0.05891095674954928 0.05914497375488281
0 0.6432079902062049 0.09218062804295467 0.043577340932992786 0.0434570862696721
0 0.5939339857835036 0.21134413205660307 0.02188257070688101 0.021784195533165567
0 0.24033231001633865 0.4372277626624474 0.022506347069373496 0.022325515747070312
0 0.6098318833571214 0.3121480208176833 0.02746919485238882 0.027164184130155124
0 0.3855188809908353 0.7693690520066482 0.018366446861853965 0.018470177283653848
0 0.4565029511084923 0.22014485872708833 0.018106974088228665 0.018032000615046576
0 0.4710246232839731 0.38564051114595854 0.022252302903395433 0.02248221177321214
0 0.4100193977355957 0.7012807405911959 0.01734616206242488 0.017856011023888223
0 0.7420552327082708 0.20128048383272612 0.017905455369215745 0.01770613743708684
0 0.5836975391094501 0.3361925711998573 0.01871358431302584 0.018689449016864482
0 0.7132546351506159 0.20182217084444487 0.017874791071965143 0.017873543959397536
0 0.5052879040057843 0.8232626548180213 0.01657383258526142 0.01646276620718149
0 0.6434384859525241 0.5909751378572904 0.02845147939828726 0.028129064119779147
0 0.4766836899977464 0.28278570908766526 0.018750484173114482 0.01862672659067007
0 0.3945720379169171 0.03472218375939589 0.017105616056002103 0.01718711394530076
0 0.5052039806659405 0.36796125998863805 0.015804290771484375 0.015722935016338643
0 0.8101997375488281 0.6506997621976413 0.01519012451171875 0.016171675461989183
0 0.4381868655865009 0.19188664509699896 0.04874757620004507 0.04845002981332632
0 0.2743652417109563 0.1811671990614671 0.016718277564415567 0.016770399533785306
0 0.48824405670166016 0.26006236443152797 0.02943904583270733 0.02965846428504357
0 0.4366259208092323 0.5711925946749173 0.015968176034780648 0.015719046959510215
0 0.5580533834604117 0.19705658692580003 0.022745425884540264 0.022853998037484977
0 0.3832740783691406 0.25642083241389346 0.03412151336669922 0.034352559309739336
0 0.7077845059908353 0.22986261661236101 0.044986578134390026 0.045668528630183294
0 0.5407916949345515 0.016764819622039795 0.047055537884051986 0.031793493490952715
0 0.6094778867868277 0.8799905043381911 0.015308013329139123 0.015088154719426082
0 0.6273678266085111 0.940644044142503 0.016072199894831732 0.016132941612830527
0 0.6852080271794245 0.6438166544987605 0.014830662653996395 0.014569649329552284
0 0.6090590403630183 0.5959694568927472 0.1142567854661208 0.11792146242581882
0 0.6789676226102389 0.5615319838890662 0.01487423823429988 0.01492463625394381
0 0.4170531492966872 0.8380979391244742 0.018566425030048076 0.018590780404897835
0 0.6341786751380334 0.5708615229679987 0.023062779353215143 0.023623319772573616
0 0.36647510528564453 0.4062607471759503 0.014201531043419471 0.014245913578913761
0 0.7705243917611929 0.2115157934335562 0.014713874230018029 0.014571263239933895
0 0.5727629294762244 0.2118983635535607 0.18436241149902344 0.17452144622802734
0 0.5040651834928073 0.8740318004901593 0.015160193810096154 0.015287546011117788
0 0.37864145865807164 0.9103977496807392 0.01458131350003756 0.014817751370943509
0 0.5321625196016752 0.16824905688946062 0.019139436575082634 0.019286302419809196
0 0.6815206821148212 0.2189199007474459 0.09711764408991887 0.09404622591458835
0 0.5288852544931265 0.14759362660921538 0.027972294734074518 0.028096969311053935
0 0.3057250242966872 0.08073674715482272 0.06031388502854567 0.06051602271886972
0 0.20759714566744292 0.08724453816047081 0.014905929565429688 0.015354670011080228
0 0.3789784358097957 0.309326355273907 0.013839061443622295 0.01389481471135066
0 0.26401994778559756 0.6052015744722806 0.013964689694918118 0.013873907235952524
0 0.47022764499370867 0.990225938650278 0.030446712787334736 0.017789253821739785
0 0.4192592180692233 0.9803802783672626 0.02633534944974459 0.02630747281588041
0 0.6077958620511569 0.05270366485302265 0.018663846529447116 0.01872849464416504
0 0.22951799172621506 0.12270692678598258 0.03146520027747521 0.030997514724731445
0 0.552364862882174 0.050452906351823076 0.0694728998037485 0.06876878555004413
0 0.25911672298724836 0.29021120071411133 0.013864590571476864 0.013946203085092397
0 0.6313471427330604 0.2778771290412316 0.054176624004657455 0.054056644439697266
0 0.1913281954251803 0.7682988827045147 0.012917885413536659 0.013481433574969951
