0 0.5806348507220929 0.9141400410578802 0.27550638639009917 0.17183964069073016
0 0.39077245272122896 0.2838570521428035 0.034935290996844955 0.03464508056640625
0 0.60401307619535 0.2586247370793269 0.03606268075796274 0.03592542501596304
0 0.4182269023014949 0.21743413118215707 0.03358870286207933 0.033580890068641074
0 0.24196298305804914 0.9352977459247296 0.0870668704693134 0.08586502075195312
0 0.17932602075430062 0.47952938079833984 0.021842296306903545 0.021929080669696514
0 0.6246601985051081 0.9856290083665115 0.023543137770432692 0.023336410522460938
0 0.21353956369253305 0.5021095275878906 0.023332485785851113 0.023444102360652044
0 0.3058155866769644 0.907439085153433 0.029120665330153245 0.029120958768404447
0 0.5512867340674767 0.07530056054775532 0.022649838374211237 0.02272340884575477
0 0.18639395787165716 0.8790890620304987 0.0525667483990009 0.05216657198392428
0 0.3428687315720778 0.88123108790471 0.06080275315504808 0.0613855215219351
0 0.24120686604426458 0.6277611072246845 0.020342900202824518 0.020275409405048076
0 0.2983377163226788 0.15117279382852408 0.026369535006009616 0.02608172710125263
0 0.20640076123751128 0.812620603121244 0.04546356201171875 0.04587554931640625
0 0.1701520039485051 0.8520912757286658 0.016831177931565505 0.016766768235426683
0 0.8747320908766526 0.03631066817503709 0.02449798583984375 0.02459398599771353
0 0.46322206350473255 0.2792624326852652 0.03337566669170673 0.03353126232440655
0 0.0826579607450045 0.04738029149862436 0.019690495270949144 0.019652284108675443
0 0.9010567298302283 0.6171232370229868 0.023170617910531852 0.023218448345477764
0 0.7636888944185697 0.2846205784724309 0.016812251164362982 0.016703092134915866
0 0.3479970418489896 0.05675131541032057 0.0382847419151893 0.038509643994844876
0 0.15241858592400184 0.8452370716975286 0.02704908297612117 0.027546075674203727
0 0.8792379819429837 0.6340542573195237 0.016103597787710335 0.01631956834059495
0 0.03584592388226436 0.29289751786452073 0.020201036563286416 0.020688643822303183
0 0.23922315010657677 0.7525574610783503 0.06005301842322716 0.059572660006009616
0 0.7369703879723182 0.9546941610483023 0.08743344820462741 0.0823352520282452
0 0.9394710247333233 0.919682869544396 0.017827840951772835 0.017550248366135817
0 0.5684214005103478 0.18996612842266375 0.01530771989088792 0.01564898857703576
0 0.898529786330003 0.6705269446739783 0.015317183274489183 0.015256441556490384
0 0.05191559057969313 0.896261948805589 0.02005294653085562 0.02025457528921274
0 0.7399352147028997 0.7918422405536358 0.017603947566105768 0.017650897686298076
0 0.4025589135976938 0.30556102899404675 0.015148162841796875 0.015193645770733174
0 0.6735499455378606 0.227755803328294 0.031130277193509616 0.03139517857478215
0 0.9462736569918119 0.897378554710975 0.021021182720477764 0.021248303926908053
0 0.10332430326021634 0.8759836050180289 0.15387956912700945 0.24241021963266227
0 0.63250365624061 0.6731006915752704 0.08216549799992488 0.07925591102013221
0 0.4119117443378155 0.6427283653846154 0.017650017371544473 0.017648843618539665
0 0.7274635021503155 0.8487397707425631 0.033634185791015625 0.03417763343224159
0 0.45014498783991885 0.9938791715181791 0.018198453463040866 0.01103973388671875
0 0.602053715632512 0.6960521111121545 0.01408694340632512 0.014082101675180288
0 0.29389236523554874 0.7101042820857122 0.061234584221473105 0.06289085975060096
0 0.8340322054349459 0.13000303048353928 0.23807290884164664 0.23985778368436372
0 0.1478441311762883 0.6271080603966346 0.014950238741361178 0.014944076538085938
0 0.6824264526367188 0.853877434363732 0.04375545795147236 0.04311444209172176
0 0.9392747145432693 0.5942880190335788 0.023991217980018027 0.024056728069598857
0 0.5804589344904973 0.7339977851280799 0.014476922842172476 0.014403123121995192
0 0.6119163219745343 0.14423953569852388 0.03367042541503906 0.033845754770132214
0 0.5066967744093674 0.15685778397780198 0.034318777231069714 0.03464713463416466
0 0.45457883981557995 0.32326881702129656 0.015716699453500602 0.01578184274526743
0 0.7329909984882061 0.8492025228647085 0.02014952439528245 0.020247826209435098
0 0.513946166405311 0.062740669800685 0.0341643553513747 0.03462289846860445
0 0.8070724193866436 0.8566733873807467 0.025415713970477764 0.02535277146559495
0 0.621860357431265 0.07000643473405105 0.18690373347355768 0.13900025074298566
0 0.9577583166269156 0.9191518930288461 0.01741203894981971 0.017447251539963942
0 0.05324070270244892 0.5527564929081843 0.017928160153902493 0.018165221581092246
0 0.8185354379507211 0.783994014446552 0.018016228309044473 0.018097363985501803
0 0.9449095359215369 0.900391358595628 0.02085392291729267 0.020426530104417067
0 0.07211304627932034 0.2479876004732572 0.014768490424522987 0.014687281388502855
0 0.7343441889836237 0.019996354213127725 0.04082078200120192 0.03744664558997521
0 0.5848526587853065 0.6469073662391076 0.01565683805025541 0.01538848876953125
