0 0.9238870327289288 0.35671413861788237 0.1380894000713642 0.14125530536358172
0 0.11908455078418438 0.056316765455099255 0.1346775751847487 0.10808764054225041
0 0.36932952587421125 0.34539904961219203 0.06505305950458233 0.06581937349759616
0 0.09958894436176007 0.40358660771296573 0.19899687400230995 0.23873798663799578
0 0.5872198618375338 0.6666198143592248 0.09496476100041316 0.09545194185697116
0 0.3996149209829477 0.7679629692664514 0.132384520310622 0.13205454899714544
0 0.77460450392503 0.6995823199932392 0.06615506685697116 0.06563039926382211
0 0.4833308733426608 0.9127537653996394 0.07382348867563102 0.07432086651141827
0 0.825655643756573 0.8284361179058368 0.11575141319861779 0.1160113994891827
0 0.6378960242638221 0.7394039447490985 0.06996268492478591 0.06963847233698918
0 0.7281809586745042 0.8034676771897536 0.0921487074631911 0.09405576265775241
0 0.2692724374624399 0.2391777772169847 0.06291602208064152 0.06304418123685397
0 0.7247088505671575 0.22435870537391076 0.04750471848707933 0.04757426335261418
0 0.3307088338411771 0.39641505021315354 0.0757279762854943 0.07647961836594802
0 0.46398001450758714 0.5809041536771334 0.10268328740046574 0.10252673809344952
0 0.6563493288480319 0.6879298870380108 0.050354297344501205 0.050454359788161054
0 0.28702486478365385 0.18117068364070013 0.04441371330848107 0.044544146611140326
0 0.6877651214599609 0.2989752476031964 0.04918113121619591 0.04912589146540715
0 0.45711873127863956 0.8358927506666917 0.05034637451171875 0.050031808706430286
0 0.7043948540320764 0.36423022930438703 0.06756063608022836 0.0673527350792518
0 0.05203958658071665 0.5840484178983248 0.051184892654418945 0.05104417067307692
0 0.5354377306424655 0.3891913340641902 0.050233620863694414 0.04978326650766226
0 0.72540650000939 0.4903618005605844 0.04161746685321514 0.04143245403583233
0 0.22123362467839167 0.7161882107074444 0.0316923581636869 0.03120759817270132
0 0.952247326190655 0.8675114558293269 0.053399892953725964 0.053408109224759616
0 0.0432777450634883 0.6610108889066256 0.08548385363358718 0.13613682526808518
0 0.7178168663611779 0.7196106543907752 0.08338106595552884 0.08249517587515023
0 0.5883942383986253 0.9474142514742337 0.02678827139047476 0.026865739088792067
0 0.9533241712130033 0.019910133801973783 0.044620660635141224 0.03800860735086294
0 0.5520467024583083 0.9506589449368991 0.01878056159386268 0.018836388221153848
0 0.3296281374417819 0.7364924504206731 0.03148797842172476 0.03131191547100361
0 0.85741453904372 0.4533052444458008 0.03860282897949219 0.03840153033916767
0 0.32909334622896635 0.5706421778752253 0.04766598114600548 0.04736254765437199
0 0.1947483099423922 0.6850821421696589 0.04576829763559195 0.04548777066744291
0 0.07722307168520413 0.15978631606468788 0.033896758006169245 0.033603668212890625
0 0.5481994335467999 0.8409287379338191 0.02243152031531701 0.02252343984750601
0 0.7940685565655048 0.44481746967022234 0.026371589073768027 0.02623572716346154
0 0.9881669558011569 0.14894747734069824 0.02318572998046875 0.03060014431293194
0 0.3194321852463942 0.12135863304138184 0.028980420185969427 0.028968224158653848
0 0.7101836571326623 0.26724870388324445 0.029529864971454326 0.029475909013014574
0 0.20969610947829026 0.8243263684786283 0.04222371028019832 0.04259564326359676
0 0.22975741899930513 0.6527957182664138 0.04350629219642052 0.04344500028170072
0 0.2952461792872502 0.04609824602420513 0.03078471697293795 0.030687396342937764
0 0.9865378599900466 0.5494672335111178 0.026831406813401442 0.02851999722994291
0 0.9244890946608323 0.673392809354342 0.03374275794396034 0.033853971041165866
0 0.6302854097806491 0.565147326542781 0.03159317603478065 0.031513214111328125
0 0.6381422189565805 0.10556320960705097 0.021780014038085938 0.02177744645338792
0 0.26820865044227016 0.7459341195913461 0.04555452786959135 0.044895172119140625
0 0.17066295330341047 0.7243511493389423 0.037406554588904746 0.03735821063701923
0 0.43731054892906773 0.6706799727219802 0.0355072755080003 0.03575427715594952
0 0.6447482475867639 0.4007431176992563 0.03449454674353966 0.034934704120342545
0 0.34820109147291917 0.9293295053335336 0.036490367009089544 0.03660113994891827
0 0.6039208999046912 0.3847831212557279 0.026474952697753906 0.02642367436335637
0 0.6484725658710186 0.4344632075383113 0.02214666513296274 0.02218495882474459
0 0.3146367073059082 0.3007794526907114 0.050825852614182696 0.05092063316932091
0 0.06690823573332566 0.22250828376183143 0.028802642455467813 0.02877330780029297
0 0.31024529383732724 0.3631585928109976 0.05417484503525954 0.0546270517202524
0 0.8997289217435397 0.7906629122220553 0.029454157902644232 0.02947205763596755
0 0.06978498055384709 0.11899322729844314 0.03992161383995643 0.0396732917198768
0 0.15654850006103516 0.31337679349459135 0.018074475801908053 0.018302770761343148
0 0.5988481228168194 0.08133259186377892 0.022502605731670674 0.022548780991480902
0 0.2790873600886418 0.5077505111694336 0.050578997685359076 0.05047915532038762
0 0.9755356861994817 0.5166935920715332 0.020504291240985576 0.02082956754244291
0 0.2153320129101093 0.15671451275165266 0.03820599042452299 0.03837005908672626
0 0.52844971876878 0.6528966610248272 0.04592968867375301 0.045191251314603366
0 0.6247707513662485 0.3624097383939303 0.028588074904221755 0.028683295616736777
0 0.9559346712552584 0.22348750554598296 0.027469928448016826 0.027692134563739482
0 0.24459259326641375 0.15065943277799165 0.023193359375 0.02328073061429537
0 0.2095350302182711 0.25147751661447376 0.04321024968073918 0.04357822124774639
0 0.7589419438288763 0.14546744640056902 0.0435796884390024 0.04380391194270207
0 0.8891712335439829 0.8537211051354041 0.026843877939077523 0.02642968984750601
0 0.7071458376370944 0.16312470802894005 0.06847469623272236 0.06869060259598953
0 0.6581371013934796 0.5159972264216497 0.028201910165640023 0.028411351717435397
0 0.20764420582697943 0.8017995540912335 0.017583590287428636 0.017815369826096755
0 0.7640204796424279 0.4060806127694937 0.017050816462590143 0.016877394456129808
0 0.8587868030254657 0.5825600257286658 0.028826493483323317 0.028979374812199518
0 0.16948223114013672 0.22881355652442345 0.04255829407618596 0.04255456190842848
0 0.3068673060490535 0.8319142414973333 0.02222420619084285 0.02237525353064904
0 0.06972947487464318 0.7716802450326773 0.07671561607947716 0.07590660682091346
0 0.4058827620286208 0.5408921241760254 0.10718345642089844 0.10468849769005409
0 0.1321800947189331 0.18749259068415716 0.026650502131535456 0.026744329012357272
0 0.933629402747521 0.8070191603440505 0.022634066068209134 0.022779024564302884
0 0.6759470426119291 0.5608093555157001 0.01774010291466346 0.017856891338641826
0 0.7188609196589544 0.3265088888315054 0.03315646831805889 0.032904624938964844
0 0.05196705231299767 0.17016847317035383 0.01742377647986779 0.01735269106351412
0 0.37140970963698167 0.17181790792025053 0.022844534653883714 0.022866579202505257
0 0.2082520631643442 0.5070882943960336 0.03527025076059195 0.03460355905386118
0 0.1046458574441763 0.9700122246375451 0.034566329075739935 0.034728710467998795
0 0.47257221662081206 0.6948178364680364 0.06422182229849008 0.06406930776742789
0 0.9056505056527945 0.12419375089498666 0.027240166297325723 0.027245246447049655
0 0.5823392868041992 0.871855589059683 0.05286202063927284 0.053460194514347956
0 0.780726799598107 0.496919925396259 0.025047889122596152 0.025272369384765625
0 0.43841552734375 0.23868318704458383 0.03479444063626803 0.03422737121582031
0 0.49893463574923 0.742459223820613 0.03892223651592548 0.03857774000901442
0 0.6951035719651443 0.9183701735276443 0.03764049823467548 0.038202139047475964
0 0.7769449674166166 0.5769440210782565 0.21061237041766828 0.21460291055532602
0 0.20940877841069147 0.3071146744948167 0.031838527092566855 0.031760215759277344
0 0.28087854385375977 0.8112429105318509 0.0310057860154372 0.03098150400015024
0 0.08548251482156607 0.20258118556096003 0.022407385019155648 0.02234022433941181
0 0.4691332670358511 0.19386447392977202 0.03855485182542067 0.03862740443303035
0 0.6885147094726562 0.2315523441021259 0.015867966871995192 0.015865105849045973
0 0.28078346986037034 0.5594942386333759 0.030902275672325723 0.031155806321364183
0 0.5650636966411884 0.1844815474290114 0.03108376723069411 0.031319838303786054
0 0.33212991861196667 0.6033108784602239 0.020145562978891227 0.020655998816856973
0 0.5106675074650691 0.82013306250939 0.023817062377929688 0.02395967336801382
0 0.46582948244535005 0.39177923936110276 0.0151670896089994 0.015344326312725361
0 0.5514468413132888 0.5096718347989596 0.02553250239445613 0.025564047006460335
0 0.9329163477971003 0.1232459545135498 0.030558366041917067 0.03071740957406851
0 0.6424302321213943 0.7828182073739859 0.01753836411696214 0.018071688138521634
0 0.5579367417555589 0.7738692943866436 0.022145564739520732 0.022113800048828125
0 0.8085042513333834 0.1096647152533898 0.059945326585036054 0.05867583935077374
0 0.6934029505803034 0.8378978142371545 0.08136661236102764 0.0840619894174429
0 0.258543271284837 0.8712391486534705 0.029737032376802884 0.02951225867638221
0 0.7832534496600811 0.9418828670795147 0.022029583270733174 0.02203677250788762
0 0.5625003301180326 0.3833786891056941 0.014581827016977163 0.014651225163386418
0 0.358156314262977 0.8359774076021634 0.046247629018930286 0.04552547748272236
0 0.8118708683894231 0.39144420623779297 0.027115895197941706 0.02698546189528245
0 0.9724031595083383 0.5710576130793645 0.019497798039362982 0.019268549405611478
0 0.3235235581031212 0.3385501274695763 0.029517100407527044 0.029623765211838942
0 0.3371599270747258 0.06049594512352577 0.015889974740835335 0.015867875172541693
0 0.653088276202862 0.5433670190664438 0.016901456392728366 0.01709747314453125
0 0.7367418729341947 0.6094440680283767 0.017952992365910456 0.0183106202345628
0 0.6609835991492639 0.913729741023137 0.045661632831280045 0.046062322763296276
0 0.2862680508540227 0.33101477989783656 0.023086731250469502 0.02331675015963041
0 0.2645276876596304 0.6668586730957031 0.03728668506328876 0.037442574134239785
0 0.20969809018648589 0.6055344801682693 0.02293880169208233 0.023071875939002402
0 0.645576917208158 0.2781718694246732 0.02128425011268029 0.02132078317495493
0 0.8120555877685547 0.33136096367469203 0.01581426767202524 0.01574567648080679
0 0.5902029917790339 0.06869410551511325 0.020957506619966947 0.020912665587205153
0 0.26350566057058483 0.6095816905681903 0.02749784176166241 0.02715749007004958
0 0.6235131483811599 0.2868780722984901 0.02436241736778846 0.024451769315279447
0 0.22402005929213303 0.6271809798020583 0.02118649849524865 0.021392235389122598
0 0.3551193017225999 0.24262683208172137 0.016448827890249398 0.016603653247539815
0 0.7762053563044622 0.385953976557805 0.016893533559945915 0.016817386333759014
0 0.4909502909733699 0.06208128195542555 0.014818484966571514 0.014732030721811147
0 0.6623629056490384 0.449889953319843 0.021510784442608174 0.021611580481896035
0 0.11752864030691293 0.6985646761380709 0.027796085064227764 0.028012495774489183
0 0.7076194469745343 0.8904966941246619 0.02245330810546875 0.022178209744966947
0 0.5072210752047025 0.2571544647216797 0.026295588566706732 0.0263211176945613
0 0.04769644828943106 0.2965205449324388 0.020762122594393216 0.021032296694242038
0 0.24813281572782075 0.5768149449275091 0.029315068171574518 0.0295562744140625
0 0.11569643020629883 0.6776325519268329 0.01639980536240798 0.016513824462890625
0 0.6946092752309946 0.5898042091956506 0.03336334228515625 0.03387898665208083
0 0.7817199413592999 0.6265778174767127 0.017055804912860576 0.01668519240159255
0 0.631652098435622 0.2403262211726262 0.03584762719961313 0.035866150489220254
0 0.5426257940439078 0.9880016033466046 0.039508966299203724 0.022479130671574518
0 0.2996320357689491 0.7310595879187951 0.025313670818622295 0.02463106008676382
0 0.29987566287700945 0.6685935533963717 0.022566942068246696 0.022704491248497598
0 0.9858665466308594 0.6731885029719427 0.02620535630446214 0.02610015869140625
0 0.6618212919968826 0.12527550183809721 0.01746529799241286 0.017805172846867487
0 0.20978329731867865 0.19362515669602615 0.019950719980093148 0.019940523000863884
0 0.764620854304387 0.6106493289654071 0.017102755033052884 0.017349096444936898
0 0.73223693554218 0.11030342028691219 0.04841012221116286 0.04787918237539438
0 0.16214357889615572 0.5177450180053711 0.05860746823824369 0.05836406120887169
0 0.8954941676213191 0.015201332477422861 0.02363439706655649 0.023949260895068828
0 0.5007912562443659 0.5361312719491812 0.033729259784405045 0.033719576322115384
0 0.8452044266920823 0.6044292449951172 0.03230828505295973 0.032034653883713946
0 0.42118094517634463 0.6832378094012921 0.13025342501126802 0.13093185424804688
0 0.5717664865347055 0.0423813324708205 0.01609501471886268 0.016321239563135
0 0.6380690061129056 0.12749090561499962 0.024343343881460335 0.02414727210998535
0 0.675746330848107 0.09880322676438552 0.01641258826622596 0.016462289370023288
0 0.5162496199974647 0.6276857669536884 0.03885525923508864 0.03876157907339243
0 0.9458659245417669 0.5497912627000076 0.016644404484675482 0.016548963693472054
0 0.3075835154606746 0.22822809219360352 0.017352837782639723 0.017430525559645433
0 0.32657949741070086 0.15903102434598482 0.03284505697397085 0.03230707462017353
0 0.8420312588031476 0.2697316866654616 0.2570548424353966 0.26200056076049805
0 0.49985562838040865 0.6652613419752854 0.016980831439678486 0.017018684974083535
0 0.9080592668973483 0.765476813683143 0.030188340407151442 0.029872600848858174
0 0.5667235667888935 0.8903217315673828 0.01778697967529297 0.018201094407301683
0 0.2920832267174354 0.6126455893883338 0.025802098787747897 0.025169519277719352
0 0.5655433948223407 0.5818221385662372 0.015291360708383413 0.015376457801231971
0 0.6628290323110727 0.9497303595909705 0.043648939866286054 0.04309580876277043
0 0.6357134305513822 0.33312357389009917 0.020196181077223558 0.020209312438964844
0 0.46167447016789365 0.624791512122521 0.030705378605769232 0.03077081533578726
0 0.3201118615957407 0.8491441286527194 0.02090908930851863 0.021214851966271035
0 0.15486994156470665 0.7000951033372146 0.017859605642465446 0.017874791071965143
0 0.2677465402162992 0.06785414769099309 0.025594637944148138 0.025576664851262018
0 0.574215999016395 0.2791025455181415 0.029775692866398737 0.02919490520770733
0 0.8402416522686298 0.7514858979445237 0.056276174692007214 0.0561067141019381
0 0.024182308178681593 0.845730708195613 0.038509868658505954 0.038580087515024036
0 0.68847289452186 0.7583130322969877 0.04703198946439303 0.04709273118239183
0 0.04172341640178974 0.12927755942711464 0.01612116740300105 0.016217671907865085
0 0.23578702486478365 0.8631296891432542 0.01616492638221154 0.016446627103365384
0 0.5773674891545222 0.8969686948336087 0.014861987187312199 0.01507274921123798
0 0.7601259671724759 0.3188952299264761 0.04466335590069111 0.0453497813298152
0 0.2970589124239408 0.6284145942101111 0.01976163570697491 0.020075284517728366
0 0.20203073208148664 0.5797593043400691 0.02672686943641076 0.02752377436711238
0 0.9888001221876878 0.6993544651911809 0.022254503690279447 0.027302962083082933
0 0.008293088238972884 0.1226290097603431 0.01516793668270111 0.01511990107022799
0 0.7574957334078275 0.6371863438532903 0.026109842153695915 0.02647737356332632
0 0.21403765678405762 0.858725694509653 0.020215914799616888 0.020449271568885215
0 0.25357558177067685 0.13833860250619742 0.02193905757023738 0.02120175728431115
0 0.4200504743135892 0.407042173238901 0.03442881657527043 0.03470450181227464
0 0.6854150478656476 0.46265719487116885 0.03242654066819411 0.03362406217134916
0 0.16117543440598708 0.5353444172785833 0.01885040906759409 0.019301854647122897
0 0.7820321596585788 0.962589850792518 0.042256722083458535 0.04244657663198618
0 0.5224999647874099 0.8001148517315204 0.018065379216120794 0.017860999474158652
0 0.6747410113994892 0.1398307176736685 0.025280879094050482 0.02479215768667368
0 0.6180365635798528 0.9291216776921198 0.030780462118295524 0.030074633084810697
0 0.45494849865253156 0.7855841563298152 0.036749766423152044 0.036511934720552884
0 0.35708295381986177 0.8619552759023813 0.01391432835505559 0.013674369225135216
0 0.1469348669052124 0.05903177994948167 0.015614821360661434 0.0156478056540856
0 0.6487546333899865 0.8647316419161283 0.0155790769136869 0.015753672673152044
0 0.9486546149620643 0.9522856932419997 0.10285069392277645 0.09287100571852464
0 0.11417634670551007 0.6520500183105469 0.017945546370286208 0.018093696007361777
0 0.72479248046875 0.046805574343754694 0.014148125281700721 0.013975381851196289
0 0.24841037163367638 0.53515441601093 0.09183377486008865 0.09402949993426983
0 0.8936284872201773 0.5161318045396072 0.03260098970853365 0.03267332223745493
0 0.4462710894071139 0.5220791743351862 0.02460450392503005 0.02447685828575721
0 0.11673424794123723 0.5357551207909217 0.014051987574650692 0.01426241948054387
0 0.8486659710223858 0.22858043817373422 0.02375030517578125 0.02412898723895733
0 0.9952552501971905 0.804477544931265 0.009218656099759616 0.021689341618464544
0 0.04573241563943716 0.5119932614839994 0.032352025692279525 0.03313651451697716
0 0.6026380979097806 0.28926462393540603 0.017885208129882812 0.01798563737135667
0 0.08393956147707425 0.8639973860520583 0.05227431884178749 0.0528558584359976
0 0.5300406676072341 0.70941528907189 0.05941156240609976 0.0603489508995643
0 0.37295737633338344 0.056017618912916914 0.0158230708195613 0.015695920357337363
0 0.2737461787003737 0.6305171526395358 0.023316126603346605 0.02373167184682993
0 0.5341796141404372 0.09075135451096755 0.01409134498009315 0.014175194960374098
0 0.6912645193246695 0.8470056973970853 0.0698239253117488 0.06971447284405048
0 0.578910387479342 0.21464208456186148 0.014292056743915264 0.014139102055476261
0 0.43246936798095703 0.06177430427991427 0.01986973102276142 0.019968280425438516
0 0.6559667587280273 0.16725971148564264 0.014290589552659255 0.014023193946251502
0 0.5768150182870718 0.46856051224928635 0.01763754624586839 0.017681121826171875
0 0.18074719722454363 0.828543809744028 0.016526185549222507 0.01680271442119892
0 0.5885397470914401 0.008874402596400334 0.016735590421236478 0.015795391339522142
0 0.7862427051250751 0.6426205268272986 0.014506706824669471 0.014214589045597957
0 0.3725577867948092 0.8545338557316706 0.01697232173039363 0.0166628910945012
0 0.18536193554218 0.5678997406592736 0.017548781174879808 0.017331930307241585
0 0.7319616171029898 0.9628259952251728 0.12497945932241586 0.07109568669245793
0 0.6199667270366962 0.9258174896240234 0.025054491483248197 0.024644118088942308
0 0.9591632256141076 0.49305912164541393 0.01996744596041166 0.01984097407414363
0 0.31636861654428333 0.6177623455341046 0.016166540292593148 0.01627199466411884
0 0.8804512023925781 0.9277007763202374 0.12791149432842547 0.1282495351938101
0 0.6418087299053485 0.6130566230187049 0.016135289118840143 0.016164339505709134
0 0.99559813279372 0.44814106134267956 0.008707193227914663 0.0180814449603741
0 0.870205805851863 0.07198208570480347 0.014659294715294471 0.014876906688396748
0 0.5716287539555476 0.7926289485051081 0.015901932349571817 0.015749711256760817
0 0.0242578570659344 0.49080914717454177 0.015159739897801327 0.015281090369591346
0 0.5457821625929612 0.16764182310837966 0.015179854172926683 0.015450624319223257
0 0.5314924533550556 0.1599433972285344 0.014883921696589543 0.015433384821965145
0 0.6156881772554837 0.10367012023925781 0.01392379173865685 0.013840455275315505
0 0.7678815401517428 0.19023255201486441 0.021594120905949518 0.021792081686166618
0 0.9079730694110577 0.6288299560546875 0.013963846059945913 0.013902224027193509
0 0.34279295114370495 0.9734406104454627 0.03682429973895733 0.037362905649038464
0 0.3009806963113638 0.7275777963491586 0.02902379402747521 0.029941265399639424
0 0.5294072077824519 0.15848379868727464 0.01793663318340595 0.01836736385638897
0 0.590846061706543 0.11171269416809082 0.01930383535531851 0.01881581086378831
0 0.3410315146813026 0.48419912044818586 0.014274523808405949 0.014319419860839844
0 0.7925495000985953 0.744232911330003 0.015248958881084736 0.015607980581430288
0 0.013892552027335534 0.2348947891822228 0.013780868970430814 0.014031336857722355
0 0.9538110586313101 0.5869095508868878 0.043041229248046875 0.0408631104689378
0 0.991568345289964 0.3285518059363732 0.016581608698918268 0.08424032651461087
0 0.23099681047292855 0.38445337002093977 0.01823766414935772 0.01834979424109826
0 0.5041136008042556 0.5369388873760517 0.02756184798020583 0.027007469764122598
0 0.5920605292687049 0.7405622922457181 0.01775213388296274 0.017604534442608174
0 0.6019317553593562 0.8417099439180814 0.01894510709322416 0.018585351797250602
0 0.21879801383385292 0.5551049525921161 0.019366044264573317 0.0192105953509991
0 0.5838500536405123 0.05385134770320012 0.016655995295597956 0.01716452378493089
0 0.1537916476909931 0.6747041848989633 0.031328604771540716 0.03160506028395433
0 0.27184490057138294 0.7052440643310547 0.014410092280461239 0.014554977416992188
0 0.9738154778113732 0.06809735298156738 0.03707416240985577 0.037534016829270586
0 0.907173596895658 0.2859078554006723 0.013906478881835938 0.014236963712252103
0 0.674718269935021 0.26613422540517956 0.017634024986853965 0.017516062809870794
0 0.4764548448415903 0.49924755096435547 0.03564379765437199 0.035343170166015625
0 0.36031726690439075 0.6498439495380108 0.015597270085261418 0.015442481407752404
0 0.6858605604905349 0.10444444876450759 0.04463635958158053 0.04442464388333834
0 0.5069896991436298 0.11578068366417518 0.013995170593261719 0.013485468350923978
0 0.40359196296105015 0.7303994985727164 0.07673058143028846 0.07678163968599759
0 0.04729899993309608 0.23719316262465256 0.02352552918287424 0.023560340587909404
0 0.8561609708345853 0.11486671521113469 0.0364532470703125 0.03643364172715407
0 0.46249635402972883 0.010502040386199951 0.03296477978046124 0.01995675380413349
0 0.165162233205942 0.48932640369121844 0.12745775626255915 0.12335131718562199
