0 0.2939803416912372 0.45326401637150693 0.13121326153094953 0.13159971970778245
0 0.3770721508906438 0.10752781537862924 0.14811867934006911 0.14801621437072754
0 0.37894314986008865 0.5213286326481745 0.1619256643148569 0.16332362248347357
0 0.5190673974844126 0.8775115379920373 0.22011170020470253 0.23161873450646034
0 0.5797750399662898 0.6086427982036884 0.07591665708101712 0.07566672105055589
0 0.4903212327223558 0.29742138202373797 0.06685440356914814 0.06674032944899339
0 0.4344026858990009 0.4343595504760742 0.05251620366023137 0.05243873596191406
0 0.6901512145996094 0.4884384595430814 0.03504386314978966 0.035302382249098554
0 0.7581848731407752 0.4454779258141151 0.04018093989445613 0.05745653005746695
0 0.547894918001615 0.3824345515324519 0.04842229989858774 0.04829956935002254
0 0.24939678265498236 0.8116764655480018 0.05672392478355995 0.05720314612755409
0 0.7325602311354417 0.041766964472257175 0.02968626755934495 0.0298464481647198
0 0.36267478649432844 0.6104348256037786 0.04206554706280048 0.042112497182992786
0 0.47446493002084583 0.3457757876469539 0.09566578498253456 0.0969693844134991
0 0.29610056143540603 0.8352801249577448 0.046636764819805436 0.04686135512131911
0 0.5390590521005484 0.3552231055039626 0.01801292712871845 0.01804960691011869
0 0.350066405076247 0.9797401428222656 0.023890128502478965 0.024155249962439902
0 0.7265379979060247 0.3162949268634503 0.02514032217172476 0.02512645721435547
0 0.27061091936551607 0.27460105602557844 0.018007498521071214 0.017903841458834134
0 0.4738191824692946 0.5686535101670486 0.03237775655893179 0.03226881760817308
0 0.5776442014254056 0.06670236587524414 0.04724326500525841 0.047040279094989486
0 0.5937214631300706 0.2933837083669809 0.03169565934401292 0.03181927020733173
0 0.7105548565204327 0.5956706267136794 0.13295100285456732 0.1311008746807392
0 0.3130997144258939 0.2035499352675218 0.017899604944082406 0.017932561727670524
0 0.39151455805851865 0.7856085850642278 0.18413765613849348 0.18634884174053484
0 0.6184109174288236 0.278258910545936 0.03409708463228666 0.03426966300377479
0 0.688026134784405 0.26860893689669096 0.019846989558293268 0.01986562288724459
0 0.7287588853102464 0.7830701241126428 0.10501714853140023 0.1578976557804988
0 0.6760104252741888 0.5247976596538837 0.0176239013671875 0.017478502713716947
0 0.7454638847937951 0.12686342459458572 0.060402209942157455 0.09490699034470779
0 0.47277406545785755 0.11992929531977727 0.02623748779296875 0.02611406032855694
0 0.35702096498929536 0.2546248619373028 0.021834373474121094 0.02200929935161884
0 0.4882607093224159 0.4441305674039401 0.03741719172551082 0.037377430842472956
0 0.33513758732722354 0.029680561560850877 0.0996382603278527 0.058577349552741416
0 0.6348810929518479 0.36452645521897536 0.019481658935546875 0.01955252427321214
0 0.5539001318124624 0.5120677947998047 0.017395753126878005 0.017293489896334134
0 0.3686695098876953 0.9162183174720178 0.01705470451941857 0.017152052659254808
0 0.6705259176400992 0.3989916214576134 0.07607357318584736 0.07465149806096004
0 0.514490714439979 0.18254861464867225 0.014559599069448618 0.014537774599515475
0 0.5716774280254657 0.32772497030404896 0.039034476647010215 0.03804338895357572
0 0.6067189436692458 0.534638918363131 0.06470152047964242 0.0630044203538161
0 0.38179250863882214 0.5921103404118464 0.014498197115384616 0.014372458824744591
0 0.7032844836895282 0.3751724683321439 0.06275294377253605 0.06316727858323318
0 0.3292105014507587 0.6205667349008414 0.025071217463566706 0.025193434495192308
0 0.6809849372276893 0.2887727847466102 0.029824476975661058 0.030333335583026592
0 0.37524898235614484 0.6541866155771109 0.014664356525127705 0.014609556931715745
0 0.47285784207857573 0.8612035604623648 0.019184259267953727 0.018968728872445915
0 0.47945594787597656 0.2474828866811899 0.02386951446533203 0.023592215317946214
0 0.670008292564979 0.1074372438284067 0.028053136972280648 0.028604544126070462
0 0.5624402119563177 0.022233981352586012 0.0709378169133113 0.04268077703622671
0 0.5728861735417292 0.22958742655240572 0.024448688213641826 0.02403604067288912
0 0.2660689353942871 0.6288417669442984 0.022110939025878906 0.02223513676570012
0 0.5689175679133489 0.33773634983943057 0.032056955190805286 0.03178743215707632
0 0.5059665533212515 0.5462692700899564 0.03847195551945613 0.038110586313100964
0 0.394649102137639 0.23358755845289964 0.01822324899526743 0.018088340759277344
0 0.4182900282052847 0.02858103238619291 0.07697171431321365 0.056220476443950944
0 0.2815665281735934 0.4948581548837515 0.053314539102407604 0.05453652601975661
0 0.6750646737905649 0.6314579156728891 0.034159146822415866 0.034030767587515026
0 0.23073421991788423 0.6141957136300894 0.02124166488647461 0.035269737243652344
0 0.6774837787334735 0.32889483525202823 0.03651868380033053 0.036103321955754206
0 0.6083569159874549 0.7363954690786508 0.01612369830791767 0.015967149000901442
0 0.3685459357041579 0.19255713316110465 0.014476996201735277 0.014466138986440806
0 0.48497764880840594 0.41745989139263445 0.01449276850773738 0.014649171095628005
0 0.5678687829237717 0.7431195332453802 0.021997965299166165 0.0224606440617488
0 0.6353436983548678 0.8423394423264724 0.014275770920973558 0.014387864332932692
0 0.3015761375427246 0.30173279688908505 0.014796697176419772 0.015008192795973558
0 0.6274412595308744 0.3497648239135742 0.015193645770733174 0.01472003643329327
0 0.23723492255577674 0.10030298966627854 0.024859208327073317 0.03252403552715595
0 0.5573808596684382 0.20825785856980544 0.02617806654710036 0.026519408592810996
0 0.2896410685319167 0.10673333131350003 0.0438843140235314 0.043875474196213946
0 0.5629372963538537 0.6816327755267804 0.0302734375 0.030716675978440505
