0 0.4837921215937688 0.5236078409048227 0.1597758806668795 0.1589486048771785
0 0.5249213805565467 0.6724464709942157 0.1559625772329477 0.15218734741210938
0 0.3651597316448505 0.8866459773137019 0.12089017721322867 0.12140831580528846
0 0.2016272911658654 0.3682699937086839 0.17516480959378755 0.2546540773831881
0 0.5499549645643967 0.5750974141634427 0.05468603280874399 0.05519998990572416
0 0.6996775407057542 0.29355360911442685 0.06225938063401442 0.062029471764197715
0 0.42657943872305065 0.28946810502272385 0.04738059410682091 0.04757360311654898
0 0.1406409923846905 0.336979499230018 0.03101653319138747 0.03084138723520132
0 0.3563378040607159 0.22228589424720177 0.029444767878605768 0.029780094440166768
0 0.47483257146982044 0.15589446287888747 0.05346400921161358 0.05303118779109074
0 0.42118013822115385 0.4103722939124474 0.05736130934495192 0.0575404533973107
0 0.5040859075692984 0.8274197211632361 0.04612321120042067 0.04602520282451923
0 0.82927733201247 0.37457950298602766 0.05662228510929988 0.05658942002516527
0 0.765438593350924 0.15026621635143572 0.04359846848707933 0.04338952211233286
0 0.30403859798724836 0.7140729610736554 0.0335534902719351 0.03386776263897236
0 0.14986866254072922 0.061802799885089583 0.05319817249591534 0.08137242610637958
0 0.6994061836829553 0.0744326664851262 0.040037888746995196 0.04008615933931791
0 0.13754796064816988 0.7141945178692157 0.04912308546213003 0.048772225013146035
0 0.19249646480266863 0.8255083377544696 0.020046197451077975 0.020494607778695915
0 0.58166137108436 0.40144957028902495 0.06059675950270433 0.061174832857572116
0 0.42801765295175404 0.6837153801551232 0.022533416748046875 0.022632305438701924
0 0.6574396720299354 0.12450275054344764 0.02814967815692608 0.027959273411677435
0 0.7374940285315881 0.20882723881648138 0.04196431086613582 0.04212064009446364
0 0.5803080705495981 0.49674819065974307 0.022063622107872598 0.022113800048828125
0 0.4690641990074745 0.7938839839054987 0.032227589533879206 0.03219252366286058
0 0.3569682194636418 0.6357244344858023 0.025831002455491286 0.025910010704627402
0 0.33131786493154675 0.27888932594886195 0.021104959341195915 0.02115315657395583
0 0.8024183420034555 0.03738446877552913 0.04213215754582332 0.04156254805051363
0 0.7629200862004206 0.06679692635169396 0.021825496967022236 0.02180655185992901
0 0.19104058925922102 0.24379843931931716 0.03136488107534555 0.03131250234750601
0 0.8316301932701697 0.9368689610407903 0.028587194589468148 0.028561225304236777
0 0.5977668395409217 0.9747244027944711 0.026422647329477165 0.02659005385178786
0 0.6650858659010667 0.8520767505352314 0.03377620990459736 0.03374129075270433
0 0.2634007747356708 0.21788974908682016 0.03586262923020583 0.036280338580791764
0 0.3645468491774339 0.1490700520001925 0.035633087158203125 0.03564055149371807
0 0.47417919452373797 0.7619562882643479 0.026160753690279447 0.026259495661808893
0 0.7038339468149039 0.1903041142683763 0.03488966134878305 0.03460150498610277
0 0.7967451535738431 0.4884340579693134 0.016836166381835938 0.016608751737154447
0 0.4363057063176082 0.04743504524230957 0.03090242239145132 0.030681555087749775
0 0.37461024064284104 0.7266587477463943 0.01867081568791316 0.01870888930100661
0 0.2734860640305739 0.09398064246544471 0.06581057035006009 0.06534899198091947
0 0.323458378131573 0.22018146514892578 0.03416846348689152 0.03403601279625526
0 0.49601070697490984 0.1888292385981633 0.029338689950796273 0.02951357914851262
0 0.5815354860745944 0.6820986821101263 0.02844722454364483 0.02857046860914964
0 0.2640051291539119 0.7114403064434345 0.027060802166278545 0.027015099158653848
0 0.24015012154212365 0.5323995443490835 0.03903110210712139 0.03867743565486027
0 0.7286209693321815 0.1353008196904109 0.026683807373046875 0.026549559373121995
0 0.4709416169386644 0.6292123060960036 0.030271236713115986 0.030527848463792067
0 0.5798437411968524 0.9084430107703576 0.027424445519080527 0.027542554415189303
0 0.46013567997859073 0.07146121905400203 0.031801590552696817 0.03148887707636906
0 0.45992433107816255 0.7314568299513596 0.017302586482121393 0.01725035447340745
0 0.6191017444317157 0.31482967963585484 0.02156855509831355 0.021387705436119668
0 0.5459271944486178 0.8124438799344577 0.024522928091195915 0.02478335453913762
0 0.6917790632981521 0.777834965632512 0.05605052067683293 0.05651444655198317
0 0.58143373636099 0.4593938680795523 0.023051335261418268 0.023019937368539665
0 0.30687537560096156 0.6684840275691106 0.0205230712890625 0.020432105431189902
0 0.3035252827864427 0.24028275563166693 0.0342413462125338 0.03374958038330078
0 0.6593365302452674 0.08046568357027493 0.04291871877817007 0.04353068425105168
0 0.45214418264535755 0.7488314555241511 0.016588284419133112 0.016621809739332933
0 0.1370092722085806 0.6807580360999475 0.019297471413245566 0.01936061565692608
0 0.21388992896446815 0.8093398901132437 0.01782116523155799 0.01793069105881911
0 0.4912238854628343 0.3101787567138672 0.02023476820725661 0.020403568561260518
0 0.38596248626708984 0.7889046302208533 0.03650327829214243 0.036261338454026446
0 0.18760178639338568 0.19468479890089768 0.02417894510122446 0.024210012876070462
0 0.4373303560110239 0.3191979114825909 0.0411684329693134 0.04111018547644982
0 0.7417141107412485 0.11616274943718544 0.023036810067983773 0.023104392565213717
0 0.5632348427405725 0.028649543340389546 0.03059079096867488 0.030415677107297458
0 0.6310570056621845 0.17217771823589617 0.030002887432391826 0.029610707209660456
0 0.19414800863999587 0.8443964444673978 0.021406210385836087 0.02151210491473858
0 0.4996486810537485 0.6904332087590144 0.016878421490009014 0.016932560847355768
0 0.12734735012054443 0.47640408002413237 0.02562821828402006 0.03190055260291466
0 0.3937785808856671 0.33950050060565656 0.02264536344088041 0.022694954505333535
0 0.2531699217282809 0.042408415904411904 0.02400695360623873 0.02397136504833515
0 0.3291820012606107 0.13211850019601676 0.029596402094914362 0.02989757977999174
0 0.3458363459660457 0.12141695389380822 0.01719357417179988 0.01727900138268104
0 0.7052062107966497 0.707405530489408 0.04103293785682091 0.04163507314828726
0 0.1316987734574538 0.8158670572134165 0.016285419464111328 0.016215397761418268
0 0.514471017397367 0.9089324657733624 0.07551061190091647 0.07616982093224159
0 0.1471107923067533 0.7765564551720252 0.023425945868858926 0.023600358229417067
0 0.6311564078697791 0.2973940189068134 0.018978705772986777 0.018894268916203424
0 0.23261873538677508 0.5873349263117864 0.03455642553476187 0.0346224124615009
0 0.21515791232769305 0.08791049627157357 0.023273541377140924 0.023563109911405124
0 0.6407064291147085 0.041049063205718994 0.01638617882361779 0.01638946166405311
0 0.17649676249577448 0.9028094365046575 0.017196141756497897 0.017362007727989785
0 0.4137561504657452 0.22787161973806527 0.017749713017390326 0.017699645115778997
0 0.3873742176936223 0.24358375255878156 0.033138275146484375 0.0331578621497521
0 0.5815100303063025 0.29957074385422927 0.028055411118727464 0.028030542226938102
0 0.6367387038010818 0.01883399486541748 0.04906478294959435 0.03393087020287147
0 0.29662079077500564 0.20650032850412223 0.030964374542236328 0.031322332528921276
0 0.4540725854726938 0.020763101486059334 0.020090249868539665 0.020344371979053203
0 0.6500066610483023 0.7838384188138522 0.0157470703125 0.015564845158503605
0 0.4329441510714017 0.6649215404803936 0.018332554743840143 0.018604572002704326
0 0.6059379944434533 0.49293914208045375 0.02942048586331881 0.029385199913611777
0 0.14259339295900786 0.5698464466975286 0.02213628475482647 0.02205489231989934
0 0.6348742705125076 0.2731180557837853 0.024442232572115384 0.025052217336801384
0 0.4302080594576322 0.7059824283306415 0.018320083618164062 0.018471937913161058
0 0.31267276177039516 0.1842027077308068 0.02433598958528959 0.024172489459698018
0 0.5932233150188739 0.01874705232106722 0.020627975463867188 0.0210229387650123
0 0.56102231832651 0.3622940503633939 0.02186437753530649 0.02194837423471304
0 0.2692261475783128 0.7622231703538161 0.01793663318340595 0.018225743220402643
0 0.5055271295400766 0.28380515025212216 0.05644783606896034 0.05660673288198618
0 0.6921693361722506 0.23982059038602388 0.023279336782602165 0.023334429814265326
0 0.5643864411574143 0.06374646150148831 0.0427702390230619 0.04276279302743765
0 0.42065913860614484 0.3422580132117638 0.022979002732496995 0.023068794837364785
0 0.7131538391113281 0.03420931100845337 0.03430263812725361 0.034448797886188216
0 0.5577518389775202 0.33958016909085786 0.02808805612417368 0.028533935546875
0 0.45780189220721906 0.11371872975276066 0.031077018150916465 0.030778921567476712
0 0.1850744760953463 0.03847002983093262 0.034249452444223255 0.033576834660310015
0 0.14362538777864897 0.9003777137169471 0.016217598548302285 0.016282301682692308
0 0.2563025401188777 0.8877716798048753 0.02159705528846154 0.02180789067195012
0 0.3656283158522386 0.021086436051588792 0.026354349576509915 0.026504681660578802
0 0.41516854212834287 0.0315059652695289 0.03200457646296574 0.03218189569619986
0 0.6380426700298603 0.37180475088266224 0.07763833266038161 0.07810475276066707
0 0.46234989166259766 0.5923307858980619 0.03641201899601863 0.03685144277719351
0 0.3931959592379056 0.06990918287864098 0.03473457923302284 0.03477277205540584
0 0.3927197823157677 0.01825830340385437 0.023829166705791768 0.02372009479082548
0 0.6017401768611028 0.8541864248422476 0.018261249248798076 0.018422933725210335
0 0.199277767768273 0.7563133973341721 0.02510349567119892 0.02502294687124399
0 0.6791465465839093 0.2482874210064228 0.01956792978140024 0.019521419818584736
0 0.43939949915959287 0.7390367067777194 0.016566056471604567 0.016941950871394232
0 0.8204273810753455 0.54907409961407 0.05305158174954928 0.05265588026780348
0 0.22219434151282677 0.6191596251267654 0.035015179560734674 0.034766123845027044
0 0.3077254295349121 0.7789017603947566 0.019312931941105768 0.019562647892878607
0 0.33609885435837966 0.17406834088839018 0.032427347623384915 0.03198447594275841
0 0.6660409340491662 0.49523346240703875 0.017319899338942308 0.016996383666992188
0 0.8037327986497146 0.05699033003586989 0.022211808424729567 0.022313814896803636
0 0.13259321909684402 0.5986777819119967 0.03630498739389273 0.03650371844951923
0 0.6395860818716196 0.6678719887366662 0.04388075608473558 0.04410244868351863
0 0.24730917123647836 0.11691495088430551 0.052092515505277194 0.05330848693847656
0 0.179015196286715 0.5377959104684683 0.019855645986703727 0.019847356356107272
0 0.36012990658099836 0.6622136922983023 0.02375683417687049 0.02388895474947416
0 0.40584307450514573 0.13914420054509088 0.023582825293907754 0.02428911282466008
0 0.3072337737450233 0.31177711486816406 0.08237648010253906 0.0832658914419321
0 0.7982120513916016 0.8778488452617939 0.02543816199669471 0.025569915771484375
0 0.33225606038020206 0.7986074594350961 0.01581566150371845 0.015873248760516826
0 0.2424645057091346 0.676430188692533 0.027283375079815205 0.026815267709585335
0 0.2594605592580942 0.6878086970402644 0.016758258526141826 0.01677116980919471
0 0.292145142188439 0.747631733234112 0.014373705937312199 0.014251415546123799
0 0.361822641812838 0.6620955834021935 0.018315682044396035 0.019001007080078125
0 0.32484824840839094 0.5253100762000451 0.04163611852205717 0.04169522798978365
0 0.773886460524339 0.6063701923076923 0.014599433312049279 0.014466945941631611
0 0.5806355843177209 0.8306841483482947 0.015786097599909857 0.015845372126652643
0 0.8278626662034255 0.11351422163156363 0.016606257512019232 0.016786942115196817
0 0.41204122396615833 0.40911865234375 0.19087703411395734 0.1918917435866136
0 0.21809236819927508 0.5110070522014911 0.01443026616023137 0.014563853924091045
0 0.5328322924100436 0.7911048302283654 0.01670045119065505 0.016954862154447116
0 0.17955592962411734 0.555149665245643 0.023045136378361628 0.023351009075458232
0 0.5552728726313665 0.20218376012948844 0.014399088346041165 0.01441640120286208
0 0.23369314120366022 0.4924936661353478 0.024357392237736628 0.024623283973106973
0 0.294219787304218 0.2103707606975849 0.029172163743239183 0.02903006627009465
0 0.29765978226294887 0.5793631627009466 0.017432029430682842 0.017249180720402643
0 0.3254911716167743 0.774740952711839 0.018211804903470553 0.018088267399714544
0 0.7754901005671575 0.7027697929969201 0.018529745248647835 0.01859136728140024
0 0.68726319533128 0.36051724507258487 0.02137580284705529 0.020952884967510518
0 0.19856485953697792 0.01639626805598919 0.08099423922025241 0.03267297377953163
0 0.8097629547119141 0.5465258084810697 0.030820406400240384 0.031003218430739183
0 0.2735453385573167 0.23566673352168158 0.018144680903508112 0.018002766829270583
0 0.3773947495680589 0.47975481473482573 0.05778650137094351 0.05814655010516827
0 0.7249243809626653 0.39253682356614333 0.07963767418494591 0.0808572035569411
0 0.6657760326678936 0.03829572750971867 0.025203704833984375 0.025060396928053636
0 0.2515307022975041 0.812110607440655 0.015100552485539364 0.015168850238506611
0 0.4928576396061824 0.9901545597956731 0.02397918701171875 0.01692625192495493
0 0.1433888948880709 0.6451967679537259 0.04253457142756535 0.04356707059420072
0 0.24002452997060922 0.6791554230910081 0.02133486821101262 0.022603841928335335
0 0.19835798556988055 0.11297924701984112 0.0379637204683744 0.03759296123798077
0 0.3506006094125601 0.7078924912672776 0.024190609271709736 0.024329258845402643
0 0.2115170038663424 0.7396493324866662 0.02256642855130709 0.022663263174203727
0 0.1433419447678786 0.4914550414452186 0.018549625690166768 0.018282670241135817
0 0.44255931560809797 0.6085789387042706 0.017255489642803486 0.017159021817720853
0 0.29848551750183105 0.5474707530095027 0.027263898115891676 0.027924170860877402
0 0.5652300027700571 0.784093269935021 0.0270840571476863 0.027344630314753607
0 0.2672419548034668 0.06614010609113254 0.033725665165827826 0.033654478880075306
0 0.6511503366323618 0.7287221321692834 0.07863826018113357 0.0777744880089393
0 0.7388792771559495 0.04102483162513146 0.016024076021634616 0.015929038708026592
0 0.4726974047147311 0.21401097224308893 0.032652047964242786 0.03281718034010667
0 0.6824571169339694 0.014144438963669997 0.036296697763296276 0.024379445956303522
