0 0.7424622315626878 0.6854096926175631 0.11106564448429988 0.1269055880033053
0 0.453247803908128 0.9270805945763221 0.08440898014948918 0.08421853872445914
0 0.4877102558429425 0.8302967364971454 0.15083026885986328 0.14936975332406852
0 0.5550269346970779 0.7594331594613882 0.17685846182016227 0.17372894287109375
0 0.38415006490854114 0.8306052868182843 0.0512231680063101 0.05154096163236178
0 0.2424903282752404 0.9822544684776893 0.034238962026742786 0.033637707050030045
0 0.40517249474158656 0.5959142905015212 0.03150301713209886 0.03151064652663011
0 0.5274474804217999 0.7718257904052734 0.023361939650315505 0.023418719951923076
0 0.583336169903095 0.35495633345383865 0.03661038325383113 0.036778963529146634
0 0.704048596895658 0.7704868316650391 0.020342606764573317 0.020306220421424277
0 0.6800280350905198 0.15823074487539437 0.022291917067307692 0.021929089839641865
0 0.5235768831693209 0.9144681783822867 0.019117355346679688 0.019214923565204326
0 0.6411181229811448 0.3869335467998798 0.03768715491661659 0.03757007305438702
0 0.5196850116436298 0.6698747781606821 0.018567892221304085 0.018484849196213942
0 0.6782741546630859 0.5700954290536734 0.03373278104341947 0.03397369384765625
0 0.7741268598116361 0.7612831409160907 0.01849511953500601 0.018331527709960938
0 0.6399778952965369 0.059720598734342135 0.01830262404221755 0.018248704763559196
0 0.29445345585162824 0.06039378276238075 0.017923391782320462 0.017805943122276895
0 0.3828426141005296 0.6979795602651743 0.03302816244272085 0.03287447415865385
0 0.4067653509286734 0.07049765953650841 0.016500326303335335 0.01656961441040039
0 0.4893654676584097 0.3486240827120267 0.017617519085223857 0.01762052682729868
0 0.7495259505051833 0.5014933072603666 0.028069422795222357 0.02820565150334285
0 0.5084994756258451 0.10582338846646823 0.025136654193584736 0.025147016231830303
0 0.5000358728262094 0.06869900226593018 0.030400569622333232 0.030480073048518255
0 0.5654639830956092 0.7546687492957482 0.018082838792067308 0.018496880164513223
0 0.7520982302152194 0.5721036470853366 0.02290931114783654 0.02302976754995493
0 0.31665101418128383 0.5910001901479868 0.018341431250939004 0.018180260291466348
0 0.2761550499842717 0.7173402492816632 0.025825023651123047 0.02598997262807993
0 0.6794289809006911 0.5535174149733323 0.015948955829326924 0.016129713792067308
0 0.24738684067359337 0.5576481452355018 0.016412001389723558 0.016255745520958535
0 0.330633676969088 0.853731815631573 0.017321366530198317 0.017142222477839544
0 0.6707297105055589 0.9791953747089093 0.06812389080341046 0.0391693115234375
0 0.4755593446584848 0.8328081277700571 0.015824538010817308 0.015811626727764424
0 0.39552552883441633 0.5588700221135066 0.017719048720139723 0.017769740178034857
0 0.45513670261089617 0.6403770446777344 0.024321556091308594 0.024564596322866585
0 0.6880953862116888 0.7165358616755559 0.01697716346153846 0.017072237454927884
0 0.37983872340275693 0.8949772761418269 0.027320421659029447 0.027072026179387018
0 0.7703761320847732 0.33255067238440883 0.029258141150841348 0.02926158905029297
0 0.4180195148174579 0.1295649638542762 0.023198054387019232 0.023532830751859225
0 0.3401491458599384 0.6743915998018705 0.02898436326246995 0.029125066903921273
0 0.33227047553429234 0.10582995414733887 0.01916195796086238 0.019132320697490986
0 0.3682251710158128 0.4373796903170072 0.056294808020958535 0.05642083974984976
0 0.5663192455585186 0.7714975797213041 0.016980831439678486 0.016926692082331732
0 0.5227798315194937 0.5578233645512507 0.023965835571289062 0.023586566631610576
0 0.3501378572904147 0.5548414817223182 0.08114257225623497 0.08004203209510216
0 0.7343884981595553 0.7829685211181641 0.014825674203725962 0.014803079458383413
0 0.21325423167302057 0.7565599588247446 0.02015829086303711 0.021065638615534857
0 0.4096879225510817 0.7493252387413611 0.09661865234375 0.09875224186823918
0 0.21390137305626503 0.8007601224459134 0.022089297954852764 0.023588914137620192
0 0.7876732165996845 0.11407191936786358 0.022559532752403848 0.02258599721468412
0 0.4230037102332482 0.9878928111149714 0.06801913334773137 0.023818382850060098
0 0.3367463258596567 0.8173371828519381 0.03193349104661208 0.03181956364558293
0 0.23889736028817984 0.1178057652253371 0.07500784213726337 0.07613517687870906
0 0.21242939508878267 0.31003621908334583 0.027521903698260967 0.03392276397118202
0 0.5308233407827524 0.15790526683513934 0.015491925753079928 0.015317073235144982
0 0.46539695446307844 0.1864448327284593 0.01501912337083083 0.014788187467134915
0 0.42070843623234677 0.6336245903602014 0.034338217515211836 0.034123787513146035
0 0.29181590447059047 0.9187250137329102 0.016794718228853665 0.017004746657151442
0 0.4007865465604342 0.14606235577509954 0.023462442251352165 0.023638065044696514
0 0.7765121459960938 0.4126377839308519 0.03557293231670673 0.03555789360633263
0 0.7827928983248197 0.20239725479712853 0.03738960852989784 0.062195227696345404
0 0.5695688541118915 0.6417747644277719 0.01794917766864483 0.017899733323317308
0 0.46491388174203724 0.15242318923656756 0.017316084641676683 0.017116564970750075
0 0.5513408367450421 0.7501688737135667 0.015667108389047477 0.01579123276930589
0 0.33376591022198016 0.9213423362145057 0.017206338735727165 0.017261211688701924
0 0.4287766676682692 0.5631676453810471 0.018118858337402344 0.018295141366811898
0 0.3097361784714919 0.9607322399432843 0.016035813551682692 0.01621114290677584
0 0.4923207209660457 0.5647466366107647 0.024706620436448317 0.02492347130408654
0 0.252867185152494 0.8542533287635217 0.09838030888484074 0.12227219801682693
0 0.21730848459097055 0.7360263237586389 0.02494074748112605 0.025471613957331732
0 0.49451358501727766 0.04163930507806631 0.029222488403320312 0.02883436129643367
0 0.27870115867027867 0.9557787088247446 0.03351431626539964 0.03354175274188702
0 0.6145971004779522 0.394749274620643 0.015526991624098558 0.015471531794621395
0 0.5643613521869366 0.12354095165546124 0.01696043748121995 0.01699033150306115
0 0.2892334828009972 0.4637121053842398 0.014316485478327824 0.014190453749436598
0 0.5228536679194524 0.5108551979064941 0.014487266540527344 0.014282666719876803
0 0.5502095589270959 0.9128789168137771 0.027152281541090745 0.02690916794996995
0 0.748966803917518 0.9788037813626803 0.07793279794546273 0.03925528893103966
0 0.3507865759042593 0.45835293256319487 0.06552344102125901 0.06682447286752555
0 0.701687372647799 0.51297638966487 0.033692580003004804 0.03320517906775841
0 0.2177878893338717 0.4462758210989145 0.015116581550011268 0.015508358295147236
0 0.7944173079270583 0.4882345933180589 0.010876288780799279 0.013548924372746395
0 0.7750708506657527 0.41314433171198917 0.028590275691105768 0.027078555180476263
0 0.7669021899883564 0.4478439184335562 0.06538889958308293 0.09110289353590745
0 0.5399860235360953 0.027520042199354906 0.028416560246394232 0.028409416858966533
0 0.39594089067899263 0.9730355922992413 0.028990965623121995 0.029663232656625602
0 0.49352843944843 0.03864597357236422 0.02458609067476713 0.025281651661946222
