0 0.3706419284527118 0.21773198934701773 0.13304431621844953 0.1336596654011653
0 0.23953617536104643 0.5533489814171424 0.07953687814565805 0.07892491267277645
0 0.38601978008563703 0.29837241539588344 0.13029846778282753 0.130706053513747
0 0.21394779131962702 0.6708809779240534 0.1162117077754094 0.11643750850970928
0 0.5774680651151217 0.33602450444148135 0.08922136746920072 0.08946890097398025
0 0.47324367669912487 0.33536364481999326 0.08154810391939603 0.08245035318227914
0 0.679099596463717 0.11429055837484506 0.03793951181265024 0.037862722690288834
0 0.17426494451669547 0.398896730863131 0.044562303102933444 0.0443878907423753
0 0.1668557387131911 0.17524788929865912 0.05017697811126709 0.052097824903634876
0 0.5047108576847956 0.5659920619084284 0.03710438654972957 0.03714194664588341
0 0.7767576070932242 0.416351501758282 0.0973196763258714 0.09868284372182992
0 0.23706881816570574 0.607207885155311 0.06057101029616136 0.06101226806640625
0 0.577698304102971 0.7928050114558294 0.07986706953782302 0.07988034761868991
0 0.6394563821645883 0.43601421209482044 0.04287367600661058 0.04287433624267578
0 0.4494314193725586 0.9524348332331731 0.11973219651442307 0.09237054678109977
0 0.48454607450045073 0.05789408316979042 0.01956000694861779 0.01955863145681528
0 0.34560570350060094 0.6761572177593524 0.06019313518817608 0.06051180912898137
0 0.7350710355318509 0.6326703291672927 0.10163673987755409 0.10304058515108548
0 0.35529510791485125 0.5611176857581506 0.01847098423884465 0.01840077913724459
0 0.8288481785700872 0.3593910657442533 0.020380166860727165 0.020484190720778245
0 0.4707887356097882 0.8522076239952674 0.036357952998234674 0.03638604971078726
0 0.2122008617107685 0.20168260427621695 0.02639634792621319 0.026606156275822565
0 0.17404523262610802 0.9059156271127554 0.04999241462120643 0.05003151526817909
0 0.5084410447340745 0.42132957165057844 0.02433923574594351 0.024352440467247598
0 0.7951051271878756 0.6594990950364333 0.03962238018329327 0.03908465458796574
0 0.18488474992605355 0.9521344991830679 0.05108008017906776 0.05051099337064303
0 0.2674559263082651 0.33112170146061826 0.11273020964402419 0.11198938809908353
0 0.7424927491408128 0.33459755090566784 0.032774851872370794 0.033006448012131914
0 0.5677401469304011 0.4648856016305777 0.016896394582895134 0.016994696397047777
0 0.7104244232177734 0.5470466613769531 0.04368503277118389 0.043480946467472956
0 0.24732443002554086 0.29259936626140887 0.02237903154813326 0.022466769585242637
0 0.2615168644831731 0.13207598832937387 0.0561822010920598 0.05550923714270958
0 0.2540415983933669 0.7718571882981521 0.0831911747272198 0.08153636638934796
0 0.3532251944908729 0.8185597933255709 0.017772967998798076 0.017850729135366585
0 0.5064959159264197 0.7901562177217923 0.05077582139235277 0.05175502483661358
0 0.33525510934682995 0.8539547553429236 0.10193179203913762 0.10518030019906852
0 0.6122555365929236 0.9043409640972431 0.2617356226994441 0.18679134662334734
0 0.8078790811391977 0.47236273838923526 0.029466775747445915 0.029122132521409255
0 0.5900174654447116 0.9296971834622897 0.015576876126802884 0.015711564284104567
0 0.49773150223952073 0.628853284395658 0.015222696157602163 0.01512908935546875
0 0.7462931412916917 0.953976924602802 0.022474142221304085 0.022800445556640625
0 0.4907400424663837 0.8845590444711539 0.06932786794809195 0.06933945875901443
0 0.48773428109975964 0.0070949987723277165 0.018152457017164964 0.013079430048282329
0 0.7970350705660306 0.8075282757098858 0.13298386793870193 0.2494665292593149
0 0.8356268956111028 0.5229545006385217 0.05055559598482572 0.0719148929302509
0 0.34478051845843977 0.5997509222764236 0.03286882547231821 0.03249278435340294
0 0.44364155255831206 0.544407844543457 0.04173476879413311 0.04233859135554387
0 0.4799047616811899 0.5396781334510217 0.03241715064415565 0.03261272723858173
0 0.17468986144432655 0.5979025180523212 0.056241622337928183 0.05582471994253305
0 0.5366369394155649 0.6961358877328726 0.04423376230093149 0.044583687415489785
0 0.5543117523193359 0.18693371919485238 0.037924693180964544 0.03790895755474384
0 0.3505660937382625 0.7142160855806791 0.016297413752629206 0.016269390399639424
0 0.20310258865356445 0.8548099811260517 0.015677232008713942 0.01556088374211238
0 0.32777888958270734 0.8713166163517878 0.08176027811490573 0.08179283142089844
0 0.21788894213162935 0.2324972886305589 0.014812542841984676 0.014662815974308895
0 0.41744411908663237 0.04648586419912485 0.015204576345590444 0.01494304950420673
0 0.41838260797353893 0.8143160893366888 0.047663248502291165 0.04719338050255409
0 0.1571030616760254 0.24300947556128868 0.033159998747018665 0.06084533838125376
0 0.32391984646136945 0.6950925680307242 0.04646594707782452 0.04594568105844351
0 0.7688685930692233 0.9462880354661208 0.11766815185546875 0.10361598088191105
0 0.7602654970609225 0.4658959462092473 0.019577759962815505 0.019613045912522536
0 0.7009489352886493 0.4962725272545448 0.016997117262620192 0.017025287334735576
0 0.7680191626915565 0.5037841796875 0.03513835026667668 0.03526915036714994
0 0.17892852196326622 0.42572637704702526 0.014015271113469051 0.013990842379056491
0 0.7153714986947867 0.08348486056694618 0.03999534020057091 0.039611449608435996
0 0.6619642697847806 0.39227713071382964 0.030239398662860576 0.030081969041090745
0 0.19255289664635292 0.24879840704110953 0.03551439138559195 0.03610075437105619
0 0.4877278254582332 0.7188267341026893 0.043176504281850964 0.04333848219651442
0 0.16853822194612944 0.06545143861037034 0.014721833742581882 0.014848599067101112
0 0.17438547427837664 0.4921108392568735 0.03371906280517578 0.03389534583458534
0 0.4886140823364258 0.46296523167536807 0.026934110201322116 0.027139003460223857
0 0.7152800193199744 0.2814609087430514 0.06690084017240085 0.0670320070706881
0 0.48027860201322115 0.5092562528756949 0.029122425959660456 0.02927053891695463
0 0.6551641317514273 0.5908411466158353 0.013650160569411058 0.013559341430664062
0 0.4802694320678711 0.024571790144993708 0.015242796677809495 0.01515485575565925
0 0.41558173986581654 0.8174183185283954 0.05867268488957332 0.05755820641150841
0 0.5564699539771447 0.5366147481478177 0.030161050649789665 0.030516331012432393
0 0.32889806307279146 0.39626569014329177 0.08973635160006009 0.08850552485539363
0 0.38225093254676235 0.43271886385404146 0.029974717360276442 0.02997867877666767
0 0.38029043491070086 0.4319816736074594 0.023810093219463643 0.024604063767653245
0 0.5779166588416467 0.05836334595313439 0.05259440495417668 0.05304109133206881
0 0.5628517957834097 0.025811915214245137 0.014604715200570913 0.014875376453766456
0 0.36968047802264875 0.5855525823739859 0.02902676508976863 0.029639464158278245
0 0.3511240298931415 0.38882277562068057 0.05969737126277043 0.05886077880859375
0 0.1561894233410175 0.35889625549316406 0.0186922366802509 0.018897276658278245
0 0.7642346895658053 0.09016953981839694 0.04625232403094952 0.0474392267373892
0 0.25095640696012056 0.9669528374305139 0.05871152877807617 0.05740209726186899
0 0.537544690645658 0.6317685200617864 0.01596348102276142 0.01598812983586238
0 0.7502520634577825 0.28840574851402867 0.013670407808743991 0.01358637442955604
0 0.2042546272277832 0.38848242392906773 0.013605411236102764 0.013353421137883114
0 0.4427008628845215 0.661768546471229 0.026119305537297174 0.026623652531550482
0 0.6320529350867639 0.7577689244196966 0.01537337669959435 0.015499114990234375
0 0.3110044185931866 0.5108645145709698 0.014418088472806491 0.014507880577674279
0 0.43224327380840594 0.7092764927790716 0.038806988642765924 0.03906543438251202
0 0.3195056915283203 0.4024343490600586 0.07117874805743878 0.0724485837496244
