0 0.3308252554673415 0.055617653406583346 0.019841707669771634 0.020259783818171576
0 0.42859965104323167 0.10879316696753868 0.022881727952223558 0.02296106631939228
0 0.20215749740600586 0.6592936149010291 0.016100406646728516 0.015946021446814902
0 0.4552131799551157 0.9700153057391827 0.024631353525015023 0.024409367487980768
0 0.248766147173368 0.857460462130033 0.029892811408409707 0.0298309326171875
0 0.6478831951434796 0.8256430992713342 0.034254807692307696 0.03423162607046274
0 0.5405536064734826 0.4561574642474835 0.06320747962364784 0.06343313363882211
0 0.6695845677302434 0.14839008221259484 0.04380710308368389 0.04351427004887508
0 0.32864922743577224 0.5204752408541166 0.014743438133826623 0.014710793128380409
0 0.2610408342801608 0.6028117399949294 0.02256606175349309 0.022613672109750602
0 0.5653006480290339 0.6448800747211163 0.023461561936598558 0.024057975182166465
0 0.7391148347121018 0.7787444774921124 0.03432420583871695 0.034334036020132214
0 0.25752320656409633 0.6580434945913461 0.02155956855187049 0.02115484384390024
0 0.7610493439894456 0.4531146196218637 0.02877044677734375 0.028679774357722357
0 0.5341852995065542 0.8294607309194711 0.03632985628568209 0.03640042818509615
0 0.7569337991567758 0.6578944279597356 0.024069565993088942 0.024054894080528848
0 0.7664935772235577 0.26628881234389085 0.017048468956580527 0.01712171848003681
0 0.4341770318838266 0.48327295596782976 0.01711449256310096 0.017618839557354268
0 0.7879729637732873 0.5223294038038987 0.017676426814152643 0.017188879159780648
0 0.4750858453603891 0.7169626676119291 0.01733229710505559 0.01723201458270733
0 0.8571767073411208 0.6862970498891977 0.017610696645883415 0.018030753502478965
0 0.5454054245581994 0.6330663974468524 0.023740841792179987 0.02483954796424279
0 0.3941218302800105 0.4560984831589919 0.01746030954214243 0.017159535334660456
0 0.6196352885319636 0.038918486008277305 0.08620320833646335 0.07690726793729342
0 0.5998738729036771 0.868162595308744 0.03331309098463792 0.032548170823317304
0 0.31351632338303786 0.3948102364173302 0.015306454438429613 0.015490972078763522
0 0.37131577271681565 0.5635232191819411 0.040225909306452826 0.0398099605853741
0 0.8233384352463943 0.24234667191138634 0.023433832021859977 0.023493363307072565
0 0.852404887859638 0.2823637082026555 0.015639378474308893 0.015861364511343148
0 0.3790145653944749 0.5137912310086764 0.014114966759314904 0.01406082740196815
0 0.6687319828913763 0.8759913811316857 0.06115590609036959 0.06363325852614182
0 0.5464677443871131 0.6302157915555514 0.020172632657564603 0.02071512662447416
0 0.5250020027160645 0.4198353107158954 0.019553404587965745 0.01953257047213041
0 0.22478778545673078 0.3038235077491173 0.013837667611929087 0.013827323913574219
0 0.717395122234638 0.4605073562035194 0.015153444730318509 0.015179634094238281
0 0.5888916895939753 0.5568185219397912 0.019120436448317308 0.019029617309570312
0 0.2340072118318998 0.20622678903432992 0.014573610745943509 0.01495207273043119
