0 0.6874757913442758 0.5871387628408579 0.13268309373121995 0.13411697974571815
0 0.30099014135507435 0.4190860895010141 0.08358302483191857 0.0833578843336839
0 0.5452687190129206 0.5657902864309458 0.11136333759014423 0.11183569981501652
0 0.2883906181042011 0.17603628452007586 0.10633406272301307 0.14426766909085786
0 0.3109904435964731 0.3460205885080191 0.05617303114670973 0.056366333594689004
0 0.46583927594698393 0.7747110220102164 0.05348543020395132 0.0535119863656851
0 0.33744423206035906 0.23148092856773964 0.05478873619666466 0.05557669126070463
0 0.673820055448092 0.091888611133282 0.0390313955453726 0.039164832005133994
0 0.6968610470111554 0.25871982941260707 0.04927561833308293 0.04901607219989483
0 0.5466398092416617 0.01640383440714616 0.037620911231407754 0.03298349334643437
0 0.6343438075138972 0.6858497032752404 0.05685245073758639 0.05719962486853966
0 0.44265079498291016 0.8213141514704778 0.027223587036132812 0.027289170485276442
0 0.3182236964886005 0.48784233973576474 0.03713857210599459 0.03643710796649639
0 0.49283379774827224 0.23752777393047625 0.029840909517728366 0.029857928936298076
0 0.385620300586407 0.7115339132455679 0.024565990154559795 0.02465086716871995
0 0.4419462497417743 0.11150136360755333 0.05839274479792668 0.058913194216214694
0 0.37094908494215745 0.9445775838998648 0.021332373985877402 0.021548931415264424
0 0.6201499058650091 0.542334666618934 0.04321373425997221 0.0426484621488131
0 0.40253228407639724 0.44977298149695766 0.023802537184495192 0.023769965538611777
0 0.5931667914757361 0.11210300372197078 0.044790414663461536 0.044309836167555586
0 0.544590950012207 0.6952394338754507 0.05558013916015625 0.05608587998610277
0 0.7023971264178936 0.3249797821044922 0.04310050377478966 0.04361145312969501
0 0.26786587788508487 0.6273932823768029 0.025502498333270732 0.025557738084059495
0 0.3289540730989896 0.7538192455585186 0.02132555154653696 0.02117156982421875
0 0.34977201315072864 0.18693978969867414 0.025887562678410456 0.02612132292527419
0 0.4785462159376878 0.2598201861748329 0.027178617624136116 0.02717869098369892
0 0.46436243790846604 0.8186261837299054 0.017697994525615986 0.017845007089468148
0 0.3672320659344013 0.08312319792233981 0.03903278937706581 0.03932078068072979
0 0.40958808018611026 0.7458840883695163 0.025294377253605768 0.025270902193509616
0 0.3620086449843187 0.4419827094444862 0.0252993657038762 0.025097480187049277
0 0.6895138667179987 0.01543970749928401 0.036277477557842545 0.029765899364764873
0 0.7201385498046875 0.75373598245474 0.054391127366286054 0.053814081045297474
0 0.5585512014535757 0.08054228012378399 0.04203532292292668 0.041984301346998945
0 0.36788782706627476 0.8573505695049579 0.03249087700477013 0.0329588376558744
0 0.42037134904127854 0.08765076673947848 0.046112060546875 0.04615640640258789
0 0.3513225041902982 0.2545468990619366 0.022588436420147236 0.022527327904334433
0 0.3957035724933331 0.041202398446890026 0.026015721834622897 0.026335108738679152
0 0.5406058384821966 0.043322787835047796 0.03959332979642428 0.04024869662064772
0 0.5885049012991098 0.14652186173659104 0.0519109139075646 0.05133903943575346
0 0.5963770059438852 0.006553571957808275 0.036690932053786054 0.013146872703845684
0 0.7123925135685847 0.7227981273944561 0.054061596210186295 0.054196871243990384
0 0.7358291332538311 0.8419087483332708 0.03326093233548678 0.03331668560321514
0 0.4087222539461576 0.49579282907339245 0.019352546105018027 0.019564115084134616
0 0.379359978895921 0.5001622713529147 0.026364253117487982 0.0263217045710637
0 0.5477750484759991 0.3146511958195613 0.01941050015963041 0.01956794812129094
0 0.30668126619779146 0.7506571549635667 0.01822244204007662 0.01827239990234375
0 0.7023893503042368 0.850829344529372 0.10680183997521034 0.17502447275015023
0 0.5046617801372821 0.014109175938826341 0.016069338871882513 0.0165019310437716
0 0.5755954889150766 0.6400152353140024 0.03629214947040264 0.03596848707932692
0 0.5964986360990084 0.6767010321983924 0.04483325664813702 0.04470502413236178
0 0.5299214216379019 0.7453393202561599 0.020967556880070612 0.02107869661771334
0 0.2478493727170504 0.071646681198707 0.025610593649057243 0.0290833069727971
0 0.3633780846228966 0.737740736741286 0.023013775165264424 0.022945404052734375
0 0.3214313800518329 0.013606137954271756 0.02438075725848858 0.02432925426042997
0 0.43170804243821365 0.7109300906841571 0.022950025705190804 0.02276156498835637
0 0.5772618147043082 0.7125872098482572 0.036045074462890625 0.03573124225323017
0 0.38124289879432094 0.7672667136559119 0.02206244835486779 0.022341214693509616
0 0.29096007347106934 0.8793439131516677 0.04393126414372371 0.0437925778902494
0 0.3898283885075496 0.7350596647996169 0.027963785024789665 0.02709535452035757
0 0.5312212430513822 0.16410552538358247 0.02820000281700721 0.028423300156226523
0 0.5802369484534631 0.9198297353891226 0.3132896423339844 0.15817392789400542
0 0.3440281061025766 0.6931548485389123 0.022572884192833535 0.022678962120643027
0 0.6723623275756836 0.30501732459435094 0.0481257805457482 0.04812299288236178
0 0.7451028823852539 0.17217515065119818 0.0305325434758113 0.030341735252967246
0 0.553530949812669 0.3940397042494554 0.025990852942833535 0.026830159700833835
0 0.32428664427537185 0.7240819197434646 0.02381001985990084 0.023502056415264424
0 0.28823161125183105 0.7262002504788913 0.01910998271061824 0.019003941462590143
0 0.5337754029494065 0.1033477416405311 0.029024270864633415 0.028992854631864108
0 0.34672186924861026 0.7248395773080679 0.0182345463679387 0.018608680138221152
0 0.5902237892150879 0.35584721198448765 0.03595601595365084 0.035755010751577526
0 0.4578398924607497 0.4312575413630559 0.021112735454852764 0.020633697509765625
0 0.7190261987539438 0.5069328821622409 0.08175512460561898 0.12187473590557392
0 0.7066801511324369 0.6687312492957482 0.03525249774639423 0.0351103269136869
0 0.34914108423086315 0.708039430471567 0.019547535822941706 0.01927801278921274
0 0.7209799106304462 0.7923588385948768 0.03773058377779447 0.03798411442683293
0 0.31393007131723255 0.9727442081157978 0.14331927666297326 0.05373998788686899
0 0.716879624586839 0.35393718572763294 0.03889729426457332 0.03843821012056791
0 0.29099607467651367 0.5745529028085562 0.016665091881385215 0.01635580796461839
0 0.5238257188063401 0.4768208723801833 0.02403596731332632 0.024073087252103366
0 0.6751822691697341 0.7553944220909705 0.023052509014423076 0.023166949932391826
0 0.6703871213472806 0.05130260724287767 0.025203998272235576 0.025535161678607646
0 0.6973179303682767 0.1918470859527588 0.023885433490459736 0.023578900557297926
0 0.4707323954655574 0.8649352880624624 0.033585621760441706 0.033292183509239785
0 0.4805603760939378 0.5615422909076397 0.031556936410757214 0.031694852388822116
0 0.6384289081280048 0.11855255640470065 0.03297864473783053 0.03304752936730018
0 0.5776638617882361 0.05629101166358361 0.02777554438664363 0.02742915887099046
0 0.5984512475820688 0.1859277395101694 0.03784795907827524 0.03637354190532978
0 0.35690894493689906 0.6555247673621545 0.015903179462139424 0.01584654587965745
0 0.7087463965782752 0.13993494327251726 0.05635569645808293 0.057766107412484974
0 0.743169197669396 0.25272754522470325 0.02388147207406851 0.02420175992525541
0 0.5511339260981634 0.1210647913125845 0.03461918464073768 0.03432747033926157
0 0.4641368572528546 0.03648722401032081 0.02687703646146334 0.02673619068585909
0 0.32304059542142427 0.6916397534883939 0.01830423795259916 0.01840840853177584
0 0.39319243797889125 0.8476720223060021 0.022345909705528848 0.022150773268479567
0 0.4070809804476224 0.6501297583946815 0.04653783944936899 0.04551373995267428
0 0.6433601379394531 0.31622061362633336 0.03406363267164964 0.03448794438288762
0 0.6087004588200495 0.5748165570772611 0.03198711688701923 0.031988290640024036
0 0.4213417860177847 0.6931289526132437 0.0284575682419997 0.02856298593374399
0 0.45943421583909255 0.4161089750436636 0.01885810265174279 0.018856928898737982
0 0.41626981588510364 0.5613056329580454 0.02085729745718149 0.02071806100698618
0 0.4363062931941106 0.01740388457591717 0.021535286536583535 0.021472839208749626
0 0.37353992462158203 0.6086587172288161 0.02902368398813101 0.029582390418419473
0 0.6347161072951096 0.030982180283619806 0.029162186842698317 0.029481406395251934
0 0.37577181596022385 0.00973613216326787 0.08448336674616887 0.01938391190308791
0 0.27526191564706654 0.4711007338303786 0.027004462022047777 0.027249703040489785
0 0.43236956229576695 0.8592686286339393 0.02060567415677584 0.020897791935847357
0 0.6618639872624323 0.34917413271390474 0.038992074819711536 0.03913189814640926
0 0.4119674242459811 0.7814176999605619 0.01748517843393179 0.017488919771634616
0 0.42940715643075794 0.5860429543715256 0.02324845240666316 0.023232753460223857
0 0.44537023397592396 0.037546130327078014 0.028301752530611478 0.028159728417029746
0 0.30492536838238055 0.08527979483971229 0.016736177297738884 0.016803415922018197
0 0.3709237025334285 0.6321720710167518 0.015543277447040264 0.015601231501652645
0 0.5109728299654447 0.62817566211407 0.030092386099008415 0.02961877676156851
0 0.30785703659057617 0.699485338651217 0.01965779524583083 0.01953579829289363
0 0.6740444623506986 0.8318413954514724 0.042550307053786054 0.04271962092472957
0 0.656889401949369 0.24625448080209586 0.018321110652043268 0.018132796654334433
0 0.7045419399554913 0.6902450414804312 0.030416341928335335 0.03115536616398738
0 0.722624265230619 0.2139004377218393 0.03534991924579327 0.035066384535569414
0 0.2960519790649414 0.5841522950392503 0.022122969994178183 0.022064649141751803
0 0.6425853142371545 0.11639151206383339 0.0424798818734976 0.04119685979989859
0 0.6037076803354117 0.5968845440791204 0.05800012441781851 0.0623777096088116
0 0.6051724874056302 0.6069050568800706 0.045851560739370495 0.04413766127366286
0 0.5866015140826886 0.25246642186091495 0.034949962909405045 0.034337630638709433
0 0.6474310067983774 0.49785731388972354 0.05823780940129207 0.05767983656663161
0 0.3658140989450308 0.6977213346041166 0.01964913881742037 0.0200961186335637
0 0.5655411206758939 0.33654645773080677 0.015792699960561898 0.015867966871995192
0 0.49965715408325195 0.35846717541034406 0.021139218257023737 0.021336922278771035
0 0.30964022416334885 0.7022178356464093 0.02010798454284668 0.0197604252741887
0 0.5328316321739783 0.8340424024141752 0.015030200664813701 0.015224750225360576
0 0.6869134169358474 0.20970883736243615 0.025780897874098558 0.02576307150033804
0 0.5349070108853854 0.3699808854323167 0.02517392085148738 0.025264519911545973
0 0.3545086567218487 0.7513947853675256 0.0164948243361253 0.016303429236778848
0 0.439970456636869 0.8849361126239483 0.032240794255183294 0.03280727679912861
0 0.68890014061561 0.06416147947311401 0.0211026118351863 0.021816061093257025
0 0.5136539385868952 0.838784437913161 0.014377740713266226 0.014337833111102764
0 0.2916800058805026 0.5768330647395208 0.02044501671424279 0.019634100107046273
0 0.29433419154240537 0.5796765914330115 0.025788233830378607 0.02589277120736929
0 0.6133012771606445 0.29908998195941633 0.03235538189227764 0.033115460322453424
0 0.6026100745567908 0.1911653738755446 0.040398817795973554 0.039348749014047474
0 0.6058182349571815 0.41402288583608776 0.02859981243426983 0.028206898615910456
0 0.6670417785644531 0.03967629029200627 0.03952847994290865 0.04269281717447134
0 0.3052998322706956 0.6854422642634466 0.01673096876878005 0.016728034386268027
0 0.3729391831618089 0.6042406008793757 0.02582887502817007 0.02634011782132662
0 0.37402835259070766 0.6561627021202674 0.016690180851862982 0.01721983689528245
0 0.4034588887141301 0.8300049121563251 0.018166542053222656 0.01865210899939904
0 0.3642384455754207 0.5967167340792142 0.018414864173302285 0.0189968989445613
