0 0.27782366825984073 0.3966380999638484 0.07861555539644681 0.0782773678119366
0 0.5727412884051983 0.17093988565298227 0.03602908207820012 0.03550525812002329
0 0.5546459418076736 0.48511226360614484 0.0195310299213116 0.019806641798753005
0 0.17838056270892805 0.8377576241126428 0.018759874197152946 0.01889624962439904
0 0.19246912002563477 0.7643247751089243 0.01748382128201998 0.017667330228365384
0 0.15505011265094465 0.989270283625676 0.018398394951453574 0.017826667198768027
0 0.7648507631742038 0.5148853888878455 0.05334149874173678 0.05327474153958834
0 0.3506597372201773 0.11147302847642165 0.12685275077819824 0.12705106001633865
0 0.24079541059640738 0.44507422814002406 0.01731311357938326 0.017288794884314902
0 0.3723822006812462 0.8051766615647536 0.015986809363731973 0.016228895920973558
0 0.25737942182100737 0.5292111543508676 0.015022938068096455 0.01514896979698768
0 0.5119174810556265 0.05494987964630127 0.015506597665640024 0.015537060224092923
0 0.7738380432128906 0.921962151160607 0.014504065880408654 0.014463277963491587
0 0.8071992580707257 0.6016173729529748 0.03271807157076322 0.032143666194035456
0 0.2933293122511644 0.33148699540358323 0.03247561821570763 0.03244693462665264
0 0.6434528644268329 0.1874403953552246 0.015174572284405049 0.015285858741173377
0 0.15587839713463417 0.930397840646597 0.04530818645770733 0.04563830449030949
0 0.8708298022930439 0.9258935634906476 0.015128649198091947 0.014917520376352163
0 0.2536344528198242 0.9828601250281701 0.033651572007399336 0.03148489732008714
0 0.5926853326650766 0.6932442004864032 0.06458590580866887 0.06571578979492188
0 0.4820481813870944 0.5550715373112605 0.0142515622652494 0.014224565946138822
0 0.87482423048753 0.7220825782189002 0.015014354999248799 0.015161074124849759
0 0.27470841774573695 0.28282822095430815 0.06386412107027493 0.06356752835787259
0 0.4938385303203876 0.2708931336036095 0.21193328270545372 0.21986660590538612
0 0.6421180138221154 0.24205262844379133 0.014234396127554087 0.014569942767803486
0 0.7040355388934796 0.6039945162259616 0.06910060002253605 0.06937657869779147
0 0.7253520672137921 0.7281648195706881 0.014631858238807091 0.014908130352313701
