0 0.508583875802847 0.6017715013944186 0.03173608046311598 0.03182367178109976
0 0.7287119351900541 0.7156904660738431 0.018538548396183893 0.01851507333608774
0 0.7290289952204778 0.5804741932795598 0.019211989182692308 0.019043555626502402
0 0.29369633014385516 0.66552734375 0.019816838777982272 0.019727266751802884
0 0.28664599932157075 0.4484819999107948 0.01678598844088041 0.01666861314039964
0 0.10596411961775559 0.1668554819547213 0.016350636115440957 0.016390360318697415
0 0.1374379671536959 0.6316047081580529 0.0162963133591872 0.01645807119516226
0 0.11043750322782077 0.6944934404813327 0.015649942251352165 0.015478574312650241
0 0.5272316565880408 0.1750669112572303 0.01651734572190505 0.01647321994488056
0 0.10443990047161396 0.7315974602332482 0.017053824204664964 0.01715087890625
0 0.4101924162644606 0.5269246834975022 0.017763284536508415 0.01768647707425631
0 0.14166833804203913 0.2674744679377629 0.015134701362022987 0.01507883805495042
0 0.338621579683744 0.813311136685885 0.014841519869290866 0.01493365948016827
0 0.2619800384228046 0.3809195298414964 0.014005624330960788 0.014155828035794772
0 0.4024241520808293 0.5172299238351675 0.01677557138296274 0.016649539654071514
0 0.110696398294889 0.6139699495755709 0.014487449939434346 0.014258311345027043
0 0.32327486918522763 0.2420519315279447 0.014609850369966947 0.014660028310922476
0 0.14406692064725435 0.07509324183830848 0.013835962002093975 0.014025266353900615
0 0.5156580118032602 0.28466088955218977 0.014039993286132812 0.01415421412541316
0 0.6140361932607797 0.7802300086388221 0.014032657329852764 0.014059066772460938
0 0.49046465066763073 0.3964059903071477 0.013870532696063701 0.014077700101412259
