0 0.38416437002328724 0.4210853576660156 0.027208474966195915 0.02690461965707632
0 0.3683000344496507 0.7146741426908053 0.02544997288630559 0.025481297419621393
0 0.6035543221693772 0.8708918644831731 0.025767179635854866 0.02585425743689904
0 0.34985857743483323 0.06435974744650033 0.018945767329289362 0.018879083486703727
0 0.4373256243192233 0.9743568713848407 0.025668804462139424 0.025550255408653848
0 0.3113400385929988 0.6263556847205529 0.01948892153226412 0.01958318857046274
0 0.4496914790226863 0.5212176396296575 0.018256700955904447 0.018258314866286058
0 0.259720490528987 0.6743007073035607 0.020206414736234225 0.02029595008263221
0 0.5588736900916467 0.8877130655141977 0.017299578740046576 0.01728233924278846
0 0.4667965815617488 0.44754772919874924 0.019310951232910156 0.01940470475416917
0 0.4500132340651292 0.5384239050058218 0.01857918959397536 0.018660912146935098
0 0.4854640227097731 0.9390054849477915 0.016424912672776442 0.016459538386418268
0 0.5145944448617789 0.12987732887268066 0.020185323861929085 0.019992241492638223
0 0.3880323630112868 0.35205261523907 0.017447838416466348 0.0174410893366887
0 0.8262712772075946 0.40119728675255406 0.014446405264047476 0.016367985652043268
0 0.5147482065054086 0.9931867306049054 0.01976321293757512 0.011849770179161659
0 0.2994946883274959 0.41334904157198393 0.030277729034423828 0.030521612900954027
0 0.3147706618675819 0.7990536322960486 0.01670698019174429 0.01686272254356971
0 0.30189968989445615 0.8130610539362981 0.019661389864408053 0.01959815392127404
0 0.26146644812363845 0.6164690164419321 0.015675874856802132 0.015558389516977163
0 0.3452302125784067 0.8049528415386493 0.01602326906644381 0.015780522273137018
0 0.32199679888211763 0.654938844534067 0.015617590684157152 0.015606219951923076
0 0.18223927571223333 0.33966702681321365 0.017834590031550482 0.01765309847318209
0 0.3913856286268968 0.196409849020151 0.015349314762995793 0.015382840083195614
0 0.3580171144925631 0.9569285466120794 0.014481030977689303 0.014588282658503605
0 0.648916978102464 0.8302540412315955 0.014644916240985576 0.014605448796198918
0 0.7182100736177884 0.7593403596144456 0.014479123629056491 0.014445818387545072
0 0.5797517116253192 0.09713578224182129 0.01472773918738732 0.014896759620079627
0 0.21114198978130633 0.5923084112314078 0.015046926645132212 0.015199074378380409
0 0.5497014705951397 0.8486471176147461 0.014049823467548076 0.01435103783240685
0 0.170714598435622 0.6094385293813852 0.014241365286020132 0.015118232140174279
0 0.2980850843282846 0.8801087599534255 0.013917262737567607 0.01409457280085637
0 0.22769986666165865 0.059474509495955244 0.013772891117976261 0.01377856731414795
0 0.8169996555034931 0.29214848004854643 0.014260658851036659 0.014519324669471154
0 0.23397086216853216 0.7266833965594952 0.014118121220515324 0.014322574322040264
0 0.5115812008197491 0.6413116455078125 0.014062441312349759 0.014272396381084736
