0 0.7465569422795222 0.8548076336200421 0.07983867938701923 0.08162513146033654
0 0.5731015572181115 0.7974521930401142 0.04793093754695012 0.04768048799954928
0 0.8291616439819336 0.873705790593074 0.05805763831505409 0.0575408935546875
0 0.553895510160006 0.858014180110051 0.05024014986478365 0.05024939316969652
0 0.2179718017578125 0.8828777900108924 0.03500160804161659 0.03474514301006611
0 0.28844611461345965 0.4542666948758639 0.038281183976393476 0.03818937448354868
0 0.31067419052124023 0.4985330288226788 0.038097454951359674 0.03794596745417668
0 0.4205334736750676 0.8183829234196589 0.030858846811147835 0.030988253079927884
0 0.5987595778245193 0.9710603860708383 0.030140509972205527 0.030109405517578125
0 0.8658673213078425 0.7063712340134841 0.046060415414663464 0.047170052161583535
0 0.3121792719914363 0.6434286557711087 0.028268979145930365 0.028504004845252402
0 0.30458309100224423 0.5531945595374475 0.03152388792771559 0.0317231691800631
0 0.44225186568040115 0.9534156505878155 0.025249701279860277 0.025347489577073317
0 0.6587063716008112 0.8857480562650241 0.024736844576322116 0.0245358393742488
0 0.6802183297964243 0.6536137507512019 0.02223058847280649 0.02212671133188101
0 0.3972786756662222 0.4905099135178786 0.032142345721905045 0.03200685060941256
0 0.44966484950138974 0.0894616750570444 0.022522119375375602 0.022557148566612832
0 0.7311029434204102 0.7445584077101487 0.023976839505709134 0.023921673114483174
0 0.26346687170175404 0.43126762830294096 0.023187013772817757 0.023433832021859977
0 0.25150607182429385 0.9114855986375076 0.05147757897010216 0.05169809781588041
0 0.6738869593693659 0.7650340153620794 0.0221407963679387 0.022283407358022835
0 0.27861745540912336 0.6601450993464544 0.02828069833608774 0.028399540827824518
0 0.3272957435021034 0.5565062302809495 0.02367254403921274 0.02395908649151142
0 0.1353013515472412 0.4954005754910983 0.030126534975492038 0.030119675856370192
0 0.21898973905123198 0.9883793317354642 0.03062717731182392 0.020741389347956732
0 0.43673075162447417 0.7665036274836614 0.018402466407189004 0.018494679377629206
0 0.7422719368567834 0.6764037792499249 0.017685376680814303 0.017656766451322116
0 0.8471419994647686 0.8298232738788311 0.015217414269080529 0.015334789569561299
0 0.2730284837576059 0.12669192827664888 0.02017343961275541 0.020114311805138223
0 0.3549096400921161 0.5996317496666541 0.020050562345064603 0.020068975595327523
0 0.6860705155592698 0.7398270827073318 0.01923971909743089 0.019195703359750602
0 0.2600514521965614 0.1073902020087609 0.03897501872136043 0.03921325390155499
0 0.1696460247039795 0.058662121112530045 0.020961871513953574 0.021163243513840895
0 0.22918308698214018 0.5609345802894006 0.023370816157414362 0.023365534268892728
0 0.1999501998607929 0.20096910916841948 0.027289573962871846 0.027456283569335938
0 0.3311891188988319 0.36560718829815203 0.02715308849628155 0.02680485065166767
0 0.26529865998488206 0.5035580121553861 0.01753719036395733 0.01756154573880709
0 0.7297804905818059 0.7175689110389123 0.02420938931978666 0.0241085932804988
0 0.2551570672255296 0.06301362697894757 0.03894391426673302 0.039271611433762774
0 0.8373716060931866 0.6532422579251803 0.019969940185546875 0.0200192378117488
0 0.22300459788395807 0.3167580824631911 0.02168556360098032 0.02179549290583684
0 0.7851128211388221 0.9582437368539664 0.017499190110426683 0.017351884108323317
0 0.5591376377986028 0.08267501684335563 0.025845160851111777 0.02585291862487793
0 0.20840116647573617 0.5732007026672363 0.022014397841233473 0.021810091458834134
0 0.5667963761549729 0.054267397293677695 0.01813360360952524 0.01809090834397536
0 0.26808514961829555 0.37757055576031023 0.019025729252741888 0.01900658240685096
0 0.19539748705350435 0.08833745809701773 0.020493287306565505 0.020539467151348408
0 0.2549030597393329 0.2777169117560753 0.01863237527700571 0.018547901740440957
0 0.1421391230363112 0.6912877009465144 0.029936607067401592 0.029503455528846152
0 0.34607703869159406 0.5476989012498122 0.02251713092510517 0.022590197049654447
0 0.19004506331223708 0.4321876672598032 0.019695575420673076 0.01997536879319411
0 0.23493091876690203 0.34635066986083984 0.02698494837834285 0.026826858520507812
0 0.1837466863485483 0.22136235237121582 0.022217420431283805 0.022291293511023887
0 0.17942212178156927 0.23756526066706732 0.017901200514573317 0.01786386049710787
0 0.6383913480318509 0.8170176285963792 0.018836388221153848 0.018665607158954326
0 0.7893159572894757 0.6072516808143029 0.016692088200495794 0.016848637507512018
0 0.4132569386408879 0.22737800157987154 0.02062856234036959 0.02082655980036809
0 0.17684382658738357 0.2715358000535231 0.018001409677358773 0.017897495856651895
0 0.7790291125957782 0.6693680103008564 0.03361716637244591 0.033613938551682696
0 0.7784121586726263 0.6324373391958383 0.017048762394831732 0.017201937161959134
0 0.808901860163762 0.7297235635610727 0.030473709106445312 0.03165303743802584
0 0.38715795370248646 0.08621793526869553 0.01879281264085036 0.01912128008328951
0 0.6687515698946439 0.609993054316594 0.015615609975961538 0.015838182889498197
0 0.35511038853571963 0.45813490794255185 0.01732811560997596 0.016910039461576022
0 0.23980237887455866 0.031844728268109836 0.024291368631216195 0.024486995660341702
0 0.4018075649554913 0.03561041217583876 0.0171967286330003 0.017127747719104473
0 0.8158855438232422 0.6852475679837741 0.021758446326622598 0.021983513465294473
0 0.15889706978431115 0.2885584281041072 0.01528182396521935 0.015334752889779897
0 0.3454577372624324 0.5772441717294546 0.017007094163161058 0.016910699697641227
0 0.2923725935129019 0.9631975614107572 0.016128099881685697 0.01629022451547476
0 0.2755237359267015 0.5642771354088416 0.020739995516263522 0.02057618361253005
0 0.30962005028357875 0.36499478266789365 0.019510709322415866 0.019310877873347357
0 0.1502190369826097 0.052301218876471885 0.018573247469388522 0.018368986936715934
0 0.15939199007474458 0.3444724449744591 0.01737476312197172 0.017164303706242487
0 0.83661622267503 0.8220979250394381 0.016377375676081732 0.015949836144080527
0 0.8303693624643179 0.8039346841665415 0.019034459040715143 0.018512725830078125
0 0.4805033757136418 0.9677415994497446 0.015613775986891527 0.015881465031550482
0 0.8046299861027644 0.7389762584979718 0.01921873826246995 0.018920311560997598
0 0.4206450902498685 0.2469157622410701 0.01749390822190505 0.017478099236121543
0 0.37342159564678484 0.39792684408334583 0.025882427509014424 0.026215773362379808
0 0.23708330667935884 0.7449626922607422 0.01666109378521259 0.016800513634314902
0 0.7698823488675631 0.7635261829082782 0.02193025442270132 0.022069784311147835
0 0.22063097586998573 0.20478173402639535 0.01967305403489333 0.02006684816800631
0 0.15613752145033616 0.8439577542818509 0.016806565798245944 0.016928452711838942
0 0.24567464681772086 0.29322011654193586 0.02315667959359976 0.022905936607947715
0 0.40096370990459734 0.7991798107440655 0.018639050997220553 0.018852820763221152
0 0.5333872575026292 0.07356908688178429 0.03206179692195012 0.03222049199617826
0 0.30186073596660906 0.11750213916485126 0.015696965731107272 0.015727428289560173
0 0.7495666650625376 0.7453356522780198 0.01705653850848858 0.01746221689077524
0 0.19268575081458458 0.27051283763005185 0.01663692180926983 0.01663075960599459
0 0.3546558160048265 0.015237915974396925 0.022368137653057393 0.022060187963338997
0 0.23871656564565805 0.5327641046964205 0.022584034846379206 0.022685417762169473
0 0.4462919235229492 0.9073551618135892 0.0240328862116887 0.02371949415940505
0 0.555716661306528 0.5899468201857346 0.017143983107346755 0.017111998337965745
0 0.12721805389110857 0.9768352508544922 0.039769814564631537 0.0369264162503756
0 0.30826451228215146 0.8702672811654898 0.021790449435894307 0.02208709716796875
0 0.4788622489342323 0.8089061883779672 0.01555039332463191 0.015465663029597355
0 0.11647987365722656 0.7069734426645132 0.01655710660494291 0.018804403451772835
0 0.2690005669227013 0.26842095301701474 0.01929022715641902 0.019323275639460638
0 0.2847614655127892 0.798907206608699 0.016194747044489935 0.016256185678335335
0 0.702670170710637 0.8822722801795373 0.015211692223182091 0.015297522911658654
0 0.5826909358684833 0.9132193051851712 0.029604104849008415 0.028002225435697116
0 0.24241021963266227 0.012505443050311161 0.02800295903132512 0.02317456786449139
0 0.3880164806659405 0.022734385270338792 0.017189172598031852 0.017390342859121468
0 0.6587462058434119 0.5710932658268855 0.015522149892953726 0.015223869910606971
0 0.6263414529653696 0.9324778043306791 0.03027956302349384 0.03011938241811899
0 0.40484435741718 0.10968494415283203 0.015644953801081732 0.015655022401076097
0 0.20156332162710336 0.2534763996417706 0.014998949491060697 0.015090062068058895
0 0.3210419508127066 0.8896817427415115 0.015829012944148138 0.01567840576171875
0 0.1640945031092717 0.46137208205003005 0.015442334688626803 0.015466983501727764
0 0.27177135760967547 0.9395207625169021 0.05068830343393179 0.05021109947791466
0 0.3903175500723032 0.5720232083247259 0.06508768521822415 0.06510074322040264
0 0.8718475928673377 0.027033844819435708 0.016414935772235576 0.01875413839633648
0 0.6146471316997821 0.2012478388272799 0.01779350867638221 0.0177460450392503
0 0.3352786577664889 0.9051449115459735 0.014524606557992788 0.014610877403846154
0 0.3513591472919171 0.44322912509624773 0.016532017634465143 0.016406426062950723
0 0.17937150368323693 0.31926844670222354 0.017197425548846904 0.017032770010141227
0 0.6872160251323993 0.9457308695866511 0.015521563016451322 0.015567926260141226
0 0.1209016488148616 0.6741132002610427 0.014272084602942834 0.014375833364633413
0 0.22916874518761268 0.7620333158052884 0.021474691537710335 0.021129314716045674
0 0.769901495713454 0.646484008202186 0.018227650569035456 0.018080784724308893
0 0.5769210962148813 0.8945033733661358 0.025097480187049277 0.024096562312199518
0 0.15895487711979792 0.9506373772254357 0.024707858379070576 0.024347452016977165
0 0.5814721767718976 0.9083775006807767 0.034910935621995196 0.03654347933255709
0 0.8578076729407678 0.0268977192732004 0.017386216383713942 0.017720607610849235
0 0.631690685565655 0.8280931619497446 0.014223538912259616 0.014229114239032451
0 0.39021785442645734 0.9685453268197867 0.016864483173076924 0.017165550818810098
0 0.8092349125788763 0.7263011932373047 0.026651822603665866 0.025214562049278848
0 0.3160854486318735 0.9458695925199069 0.01757159599891076 0.017758296086237982
0 0.3558051402752216 0.8800709064190204 0.014724291287935697 0.014602367694561299
0 0.14289083847632775 0.12370627660017747 0.018564554361196663 0.01816100340623122
0 0.6382639958308294 0.9933795928955078 0.02819545452411358 0.012477581317608174
0 0.8667891575739934 0.0103149230663593 0.015269939716045674 0.015282383331885705
0 0.28170039103581357 0.14141077261704665 0.015846105722280648 0.015491485595703125
0 0.6823070232684796 0.35826932466947115 0.015865472646859977 0.015903766338641826
0 0.2346803958599384 0.21530980330247146 0.01608698184673603 0.01613785670353816
0 0.11927973307096042 0.6556331194364108 0.013955464729895959 0.013813165517953726
0 0.41525473961463344 0.15437047298137957 0.017029835627629206 0.017238506904015176
0 0.23749859516437238 0.08522699429438664 0.020375545208270732 0.02039124873968271
0 0.15238176859342134 0.911211894108699 0.02463227051955003 0.025111271784855768
0 0.7135235713078425 0.9170111142672025 0.01450817401592548 0.014379061185396634
0 0.33819286639873797 0.02916745268381559 0.01906893803523137 0.01901030081969041
0 0.13797472073481634 0.691601826594426 0.025007871481088493 0.024939610407902643
0 0.23182982664841872 0.30025065862215483 0.01783268268291767 0.018031743856576774
0 0.23572819049541766 0.08349176553579477 0.017488552973820612 0.017456059272472676
0 0.13640423921438363 0.22382688522338867 0.025131775782658503 0.025535766895000752
0 0.29575472611647385 0.03752908110618591 0.01592702132004958 0.016076275935539834
0 0.15018125680776742 0.7125712174635667 0.014640184549184946 0.014460930457481971
0 0.5890892835763785 0.7688406430757962 0.0173492431640625 0.01759675832895132
0 0.8151895082913913 0.6543962038480319 0.017448278573843148 0.017493027907151442
0 0.2900978418496939 0.9920451824481671 0.015508761772742638 0.0139007568359375
0 0.3528941594637357 0.5170051501347468 0.01569968003493089 0.016032659090482272
0 0.22794954593365008 0.29652769748981184 0.01838375971867488 0.01862225165733924
0 0.3184855534480168 0.013659071463804979 0.01853627424973708 0.01855983642431406
0 0.6536045074462891 0.950136844928448 0.023697779728816107 0.024010878342848558
0 0.6860733032226562 0.8831649193396935 0.020879598764272835 0.020832355205829326
0 0.19324335685143104 0.3209406779362605 0.01533662355863131 0.015727703387920674
0 0.25410125805781436 0.07516440519919762 0.016979217529296875 0.01787696434901311
0 0.164337891798753 0.7459482779869666 0.014737349290114183 0.014827728271484375
0 0.373750980083759 0.41707523052509016 0.016579114473783053 0.016702798696664665
0 0.23929874713604266 0.08891943784860465 0.022568409259502705 0.02177770321185772
0 0.12130851012009841 0.9430957207312951 0.03120880860548753 0.040080877450796276
0 0.38364234337439906 0.22256400034977838 0.018185982337364785 0.018224569467397835
0 0.16542830834021935 0.2599785511310284 0.016148713918832634 0.016062002915602464
0 0.7498576824481671 0.7485385307898889 0.017642387977013223 0.018500107985276442
0 0.16556409689096305 0.22224140167236328 0.014382655803973857 0.014318539546086239
0 0.4176778793334961 0.4586467376122108 0.01775389451246995 0.018056942866398737
0 0.19066280585068923 0.6419793642484225 0.014969385587252103 0.014710059532752404
0 0.2740646509023813 0.03527231399829571 0.020172779376690205 0.019747688220097467
