0 0.916149799640362 0.2692592694209172 0.06036582359900841 0.0606836905846229
0 0.17984254543597883 0.1765287105853741 0.03699772174541767 0.03715225366445688
0 0.5327901106614333 0.54895202930157 0.03487044114332933 0.03466298029972957
0 0.6340954120342548 0.15639033684363732 0.025879786564753607 0.025924966885493353
0 0.31199899086585414 0.5938163904043344 0.021064244783841647 0.0211639404296875
0 0.7076725592980018 0.8789542271540716 0.025845160851111777 0.025749793419471152
0 0.6891145706176758 0.6936912536621094 0.024062083317683294 0.024264115553635817
0 0.9741646693303034 0.562917159153865 0.021831219012920674 0.02187765561617338
0 0.9747393681452825 0.46237619106586164 0.02161231407752404 0.02159397418682392
0 0.7841036136333759 0.2834855593167819 0.018482061532827523 0.01848323528583233
0 0.9358894641582782 0.8466024398803711 0.017621260422926683 0.017853956956129808
0 0.6076558186457708 0.8585093571589544 0.017488773052509014 0.01746368408203125
0 0.06898251405129066 0.4578653849088229 0.01760368163769062 0.017622874333308294
0 0.7369166154127854 0.01392312004015996 0.018967261681189902 0.01918265911249014
0 0.7818806721613958 0.6696277031531701 0.01715674767127404 0.01704582801231971
0 0.14435665424053484 0.20591110449570876 0.016888214991642878 0.017006800724909857
0 0.4178871741661659 0.09516042929429275 0.0173492431640625 0.017280706992516152
0 0.7151922079233023 0.6127692002516526 0.01834869384765625 0.018047919640174277
0 0.5898370009202224 0.8955301138070914 0.016000014085036058 0.01596802931565505
0 0.7016441638653095 0.9915018815260667 0.017694913423978366 0.014031336857722355
0 0.48520814455472505 0.5129943994375376 0.017709805415226862 0.01748202397273137
0 0.7904208256648138 0.06415415268677932 0.017172886775090143 0.017101434560922477
0 0.030872661333817702 0.059384744900923506 0.015345894373380221 0.015353083610534668
0 0.32323558513934797 0.8560283367450421 0.015806124760554388 0.015804584209735576
0 0.5821090844961313 0.5692908580486591 0.01578969221848708 0.015708556542029746
0 0.45219003237210786 0.6078716424795297 0.015230325552133413 0.015259522658128005
0 0.322664921100323 0.13267240157494178 0.01440121577336238 0.014619277073786808
0 0.10013143832866962 0.9594801389254056 0.015080121847299429 0.015020810640775241
0 0.30513845957242525 0.8142220423771784 0.015396448282095103 0.015060131366436299
0 0.9638196505033053 0.21790469609774077 0.023009667029747598 0.02322072249192458
0 0.632480841416579 0.031633429802381076 0.014425277709960938 0.014797508716583252
0 0.8444989277766302 0.024037576638735257 0.02424753629244291 0.024526375990647536
0 0.6165585884681115 0.6338970477764423 0.013791597806490384 0.013872293325570913
0 0.012105124501081614 0.8784113663893479 0.011148379399226261 0.015006725604717549
0 0.7177547308114859 0.6013155350318322 0.01574839078463041 0.015247491689828726
0 0.4030469747690054 0.5845957902761606 0.014017912057729868 0.013694689824030949
0 0.6425699087289664 0.7748741003183218 0.015387315016526442 0.015311461228590745
0 0.43311287806584287 0.12687752797053412 0.013719558715820312 0.01383535678570087
0 0.6452966836782602 0.6075523083026593 0.013790424053485576 0.013868478628305288
0 0.8590838358952448 0.015663406023612388 0.032276153564453125 0.029626080623039834
