0 0.6172016583956205 0.27990018404447115 0.04100638169508714 0.04022825681246244
0 0.5784364113440881 0.38287830352783203 0.058528753427358776 0.058935312124399036
0 0.7737585214468149 0.21949247213510367 0.12841209998497596 0.1469279802762545
0 0.43004754873422474 0.44252171883216274 0.02939781775841346 0.029619877155010518
0 0.8114012204683744 0.9606813284067007 0.028986710768479567 0.029041583721454326
0 0.22142865107609674 0.38310997302715594 0.03537940979003906 0.035283382122333236
0 0.26981130013099086 0.24225409214313215 0.020032956049992487 0.02031285946185772
0 0.525138414823092 0.5137016223027155 0.02967555706317608 0.029631908123309795
0 0.2920551666846642 0.3364337407625638 0.03750206873967098 0.03769603142371544
0 0.20620844914362982 0.3035603303175706 0.022964330819936898 0.023129389836237982
0 0.34087709280160755 0.5850930580726037 0.049589890700120196 0.05026120405930739
0 0.694760616009052 0.6889494382418119 0.020043006310096152 0.02009729238656851
0 0.17610619618342474 0.44179017727191633 0.018721323746901292 0.018634796142578125
0 0.324766599214994 0.2501240143409142 0.018540455744816706 0.01858652555025541
0 0.5515735332782452 0.3168548804063063 0.07408714294433594 0.07401715792142428
0 0.3865019724919246 0.6172395852895883 0.022990960341233473 0.02314197100125826
0 0.4445296067457933 0.5285666539118841 0.024347965533916768 0.02446614778958834
0 0.4584987713740422 0.3565246875469501 0.01698479285606971 0.01711757366473858
0 0.1746227191044734 0.03510380249757033 0.02675144488994892 0.02771259271181547
0 0.5476432213416467 0.5730515626760629 0.09142420842097355 0.0924225587111253
0 0.24974995393019456 0.9045911935659555 0.023916978102463942 0.02415950481708233
0 0.7597275513869065 0.6671788142277644 0.01600955082820012 0.016152161818284255
0 0.32063634578998274 0.396117613865779 0.01630878448486328 0.016196397634652946
0 0.25323763260474574 0.16015019783606896 0.017695243542010967 0.017673795039837178
0 0.22925391564002404 0.18517681268545297 0.01590875478891226 0.01576093526986929
0 0.3450503716102013 0.678810192988469 0.01932841080885667 0.019230035635141227
0 0.7291214282696064 0.3665474744943472 0.017054044283353366 0.017167311448317308
0 0.294951842381404 0.030254435080748338 0.02565156496488131 0.025814904616429254
0 0.29671436089735764 0.7014481471135066 0.01822673357450045 0.018285017747145433
0 0.34382306612454927 0.458345706646259 0.015769151540902946 0.015643853407639723
0 0.2739732265472412 0.365293209369366 0.05075271313007061 0.0502320803128756
0 0.6213516088632437 0.779845091012808 0.025942582350510817 0.026139332697941706
0 0.6100612053504357 0.05552370731647198 0.06676175044133113 0.06579430286700909
0 0.5120993760915903 0.45522113946767956 0.016641910259540264 0.01664873269888071
0 0.3708190551170936 0.6876939626840445 0.07116325084979717 0.07022769634540264
0 0.2659168610206017 0.4233675736647386 0.015312414902907152 0.015460747938889723
0 0.1744376696073092 0.081221892283513 0.024956336388221152 0.026918337895320013
0 0.7327764951265775 0.036247574366056 0.016948553232046273 0.01705033962543194
0 0.2239408126244178 0.23496237167945275 0.015125861534705529 0.015186603252704326
0 0.7230094029353216 0.5552036578838642 0.022725325364332933 0.02322240976186899
0 0.18350780927217925 0.6160666392399714 0.01529070047231821 0.015391716590294471
0 0.7329524113581731 0.10812882276681754 0.015813680795522835 0.01589070833646334
0 0.7149978784414438 0.13538538492642915 0.016811370849609375 0.01697536615224985
0 0.20465887509859526 0.34582996368408203 0.04354697007399339 0.042873235849233776
0 0.6709715036245493 0.05190315613379845 0.01520538330078125 0.01524823445540208
0 0.32542118659386265 0.2239833611708421 0.015059984647310697 0.015159900371844951
0 0.6695279341477615 0.11111950874328613 0.06351030789888822 0.06349864372840294
0 0.42302850576547474 0.5898449237530048 0.015394650972806491 0.015444021958571214
0 0.7557205787071815 0.9362399027897761 0.018937330979567308 0.019210375272310697
0 0.27929441745464617 0.4618848653940054 0.015164815462552585 0.01494150895338792
0 0.7397833604079026 0.14274783317859358 0.015686915471003607 0.01564937371474046
0 0.4522104263305664 0.4680933585533729 0.014696267934945913 0.014606989347017728
0 0.21533991740300104 0.8297496208777795 0.022319793701171875 0.022870870736929085
0 0.18327652491056 0.7247883723332331 0.03556548632108248 0.0469049307016226
0 0.3468734301053561 0.053617816704970137 0.015993558443509616 0.016211583064152643
0 0.8239638988788311 0.07450673213371864 0.02841362586388221 0.03181277788602389
0 0.5028553009033203 0.3975379650409405 0.015456419724684495 0.015436319204477163
0 0.46734787867619443 0.18979501724243164 0.034818135775052585 0.03436836829552284
0 0.4445049579326923 0.4294583980853741 0.014428065373347355 0.014530328603891226
0 0.7446729953472431 0.6659616323617789 0.013982185950646034 0.014117167546198918
0 0.2548999602978046 0.44931785876934344 0.014823033259465145 0.014914952791654147
0 0.5831829217764047 0.46470810816838193 0.021684866685133714 0.021434637216421273
0 0.5047377806443435 0.1942750674027663 0.025858218853290264 0.025730389815110426
0 0.4118678386394794 0.19957428712111253 0.01491847405066857 0.014709179217998799
0 0.33874034881591797 0.4209618935218224 0.013822042025052585 0.0138700925386869
0 0.6102221195514386 0.4678826698890099 0.06383228302001953 0.06132096510667067
0 0.29916902688833386 0.6328091254601111 0.015405654907226562 0.015232673058143029
0 0.6553181868333083 0.20017350636995757 0.014981783353365384 0.014996822063739482
0 0.29971683942354643 0.410553712111253 0.0146482907808744 0.014605008638822116
0 0.8209651066706731 0.17366842123178336 0.014600900503305288 0.014874458312988281
0 0.5817307692307693 0.5451465019812951 0.013996124267578125 0.014220897967998799
0 0.205138793358436 0.055099212206327 0.015286078819861779 0.015726272876446065
0 0.5232064173771784 0.19499855775099534 0.022471501277043268 0.022020706763634317
0 0.6787408682016226 0.7464450689462515 0.018832573523888223 0.01845726600060096
0 0.7083015441894531 0.3969322351308969 0.043425486637995794 0.0431516353900616
0 0.7833096430851862 0.07653199250881489 0.04623706524188702 0.04609969029059777
0 0.5949950584998498 0.35134344834547776 0.02430549034705529 0.024094508244441107
0 0.22611621709970328 0.10704677838545579 0.016129273634690505 0.01586019075833834
0 0.4441322913536659 0.7033395033616286 0.02415950481708233 0.023906414325420674
0 0.7896754925067608 0.9836846865140475 0.030711247370793268 0.027958503136268027
0 0.7378840813269982 0.910771736731896 0.013934502234825721 0.013965900127704326
0 0.2900495162376991 0.5146939937884991 0.07601385850172776 0.07556863931509164
0 0.6277808409470779 0.02085186426456158 0.015174572284405049 0.015108814606299767
0 0.4710422662588266 0.8510944659893329 0.014466359065129207 0.014784005972055288
