0 0.7175222543569711 0.22700111682598406 0.03588192279522236 0.03581721966083233
0 0.3716592055100661 0.09326013234945443 0.03252352201021635 0.03260489610525278
0 0.6908240685096154 0.9133095374474158 0.0224151611328125 0.022451254037710335
0 0.6852821936974158 0.2799655474149264 0.03392703716571514 0.033303444202129655
0 0.21786919006934533 0.31030585215641904 0.01889492915226863 0.018628340501051683
0 0.45530282534085786 0.23119119497445914 0.023204656747671273 0.02307752462533804
0 0.6597364865816556 0.9850627459012545 0.01845374474158654 0.018274453970102165
0 0.6835121741661658 0.4673315928532527 0.0217892573429988 0.021898709810697116
0 0.5434607725877029 0.34337839713463414 0.018308492807241585 0.01837576352632963
0 0.1695558291215163 0.15735167723435622 0.028928720034085788 0.02899646759033203
0 0.3530325155991774 0.37670069474440354 0.01899587191068209 0.018771831805889424
0 0.6396097036508414 0.13771076385791486 0.020941807673527643 0.020885779307438776
0 0.3311441128070538 0.2834564722501315 0.02274953402005709 0.02275841052715595
0 0.5060009222764236 0.40482543064997745 0.03202489706186148 0.03208028353177584
0 0.6994568751408503 0.4362492928138146 0.01684746375450721 0.01692786583533654
0 0.2862370747786302 0.28228262754587025 0.01869065944965069 0.018429279327392578
0 0.6089040316068209 0.7091372563288763 0.022282967200646035 0.022716228778545674
0 0.5663557052612305 0.5673932295579177 0.018374516413762018 0.018334315373347357
0 0.7134521190936749 0.9429176037128155 0.020453232985276442 0.02015862098106971
0 0.7375480211698092 0.19074177742004395 0.016481399536132812 0.016254315009483926
0 0.8610335129957932 0.8850697737473708 0.02964635995718149 0.0296170161320613
0 0.4296666658841647 0.2189048987168532 0.022509354811448317 0.02252347652728741
0 0.7627811431884766 0.23793194844172552 0.016156416672926683 0.016147466806265023
0 0.9070920944213867 0.050294380921583906 0.015848453228290264 0.015693206053513747
0 0.08367505440345177 0.9256814809945914 0.021899622220259447 0.03365325927734375
0 0.6788850931020883 0.3224472265977126 0.01847663292518029 0.018354049095740683
0 0.730873548067533 0.7270300938532903 0.017071063701923076 0.016880035400390625
0 0.8359348590557392 0.8551469949575571 0.02697137685922476 0.026437906118539665
0 0.8124664013202374 0.8670010199913611 0.03128198476938101 0.03180547860952524
0 0.8940929999718299 0.8047384115365835 0.027219332181490384 0.027320274939903848
0 0.5368125988886907 0.7749319810133714 0.02031715099628155 0.020247532771183893
0 0.4145355224609375 0.6575775146484375 0.015732838557316706 0.015863858736478366
0 0.7401208877563477 0.322599851168119 0.018381705650916465 0.018112989572378304
0 0.10234869443453275 0.29654897176302397 0.0411529174217811 0.042185453268197864
0 0.4458783956674429 0.9063240931584284 0.01943338834322416 0.019635714017427884
0 0.7100141965425931 0.9918752817007211 0.018386253943810098 0.014137561504657451
0 0.4252490263718825 0.5558179708627554 0.02354915325458233 0.023583192091721755
0 0.6873770493727464 0.25411128997802734 0.02227783203125 0.02240643134483924
0 0.3860346720768855 0.8767733940711389 0.01606119596041166 0.01602319570688101
0 0.48720568877000076 0.17418457911564753 0.01586804023155799 0.015756973853478067
0 0.15054400150592512 0.09428699199969952 0.016678883479191706 0.016479895665095404
0 0.351169806260329 0.04239925512900719 0.18722781768211952 0.08397317849672757
0 0.8777649219219501 0.33629322052001953 0.018717545729417067 0.018889353825495794
0 0.0841982914851262 0.17191382554861215 0.017324025814349834 0.01713114518385667
0 0.584756484398475 0.714551045344426 0.01836703373835637 0.018439366267277643
0 0.7761094753558819 0.06366894336847159 0.025136214036207933 0.0254971797649677
0 0.42754217294546276 0.9205784430870643 0.030543694129356973 0.030460064227764424
0 0.9137960580679086 0.1346170168656569 0.02866818354679988 0.04627293806809645
0 0.690149894127479 0.9913019767174354 0.017572843111478366 0.014167198768028846
0 0.6130597774799054 0.6806344985961914 0.018251565786508415 0.017914845393254206
0 0.42504039177527797 0.9422999161940354 0.029514312744140625 0.0299072265625
0 0.2915293803581825 0.25408766819880557 0.015738230485182542 0.015668795658991888
0 0.6441214634821966 0.3350203587458684 0.0239565922663762 0.02380679203913762
0 0.7108017848088191 0.25688512508685774 0.0154420412503756 0.015219028179462139
0 0.8664115759042593 0.5822210678687463 0.014879079965444712 0.015190931466909556
0 0.6067003836998572 0.24045463708730844 0.0182492182804988 0.018199627216045674
0 0.7623468545766977 0.7492395547720102 0.02031370309682993 0.020543318528395433
0 0.7576566842886118 0.9350548524122971 0.014889937180739183 0.014691426203801082
0 0.8678921919602615 0.3465626056377704 0.015263777512770433 0.015482902526855469
0 0.8536037298349234 0.2751458974984976 0.016838513887845553 0.017032843369704027
0 0.3695927399855394 0.9888199292696439 0.016550504244290866 0.01584933354304387
0 0.5164323219886193 0.5480046272277832 0.0152284182035006 0.014893605158879207
0 0.22336396804222694 0.20647844901451698 0.015575702373798076 0.01585703629713792
0 0.5154566398033729 0.6628395227285532 0.03132357964148888 0.03167123060960036
0 0.9061862505399264 0.8753688518817608 0.014325802142803486 0.01443011944110577
0 0.8379149803748498 0.7703409928541917 0.01833651616023137 0.01842161325307993
0 0.7722035921536959 0.3930172553429237 0.016655555138221152 0.01666993361253005
0 0.6211049740131085 0.5937381157508264 0.01635287358210637 0.016196177555964544
0 0.3713406782883864 0.9903686963594877 0.01865981175349309 0.016223614032451924
0 0.559141966012808 0.22177736575786883 0.03251427870530348 0.03256298945500301
0 0.2686145855830266 0.29429010244516224 0.01808591989370493 0.01790750943697416
0 0.8002324471106896 0.27251305946936977 0.022661355825570915 0.022669278658353366
0 0.6232478068425105 0.2585264719449557 0.01605811485877404 0.015965608450082634
0 0.2552139208867 0.2840134914104755 0.0167691157414363 0.016800440274752103
0 0.5851194675152118 0.3186349868774414 0.014922068669245793 0.015076050391564002
0 0.90025571676401 0.48566627502441406 0.015353863055889424 0.01545421893780048
0 0.6521877875694861 0.17410155443044809 0.0437933114858774 0.04386347990769606
0 0.3756258671100323 0.7032814759474534 0.014662082378680889 0.014671912560096154
0 0.6034276668842022 0.07891920896676871 0.022868963388296273 0.022498832299159124
0 0.25020621373103213 0.26575506650484526 0.018065966092623197 0.019105177659254808
0 0.8792723142183744 0.9200536287747897 0.016430487999549277 0.01649753863994892
0 0.18074919627262995 0.32453104165884167 0.014164997981144832 0.014061414278470553
0 0.46081297214214617 0.3922785979050856 0.01640781989464393 0.01614827376145583
0 0.6223040360670823 0.41071264560406023 0.015403307401216947 0.015592648432804989
0 0.25334372887244594 0.28076568016639125 0.02028193840613732 0.02029268558208759
0 0.7418967026930589 0.14275939647968 0.018954643836388223 0.018889610583965596
0 0.6596358372614934 0.8800899065457858 0.014838292048527645 0.014673379751352163
0 0.37547720395601714 0.9939399865957407 0.020330135638897236 0.011281233567457933
0 0.854705810546875 0.072991472024184 0.06918936509352464 0.06768171603863056
0 0.6024006330049955 0.08315772276658279 0.028756215022160456 0.029075544614058275
0 0.6740618485670823 0.35553807478684646 0.03228128873384916 0.031586793752817005
0 0.6743158193734976 0.30045325939471906 0.015742962176983174 0.016021288358248197
0 0.6355510858389047 0.7280684984647311 0.015300310575045072 0.015312488262469951
0 0.7198476057786208 0.9792066720815805 0.013929807222806491 0.014115406916691707
0 0.8683775388277494 0.05303644675474901 0.015216240516075721 0.015210105822636532
0 0.3785521067105807 0.31583569600031924 0.01758149953988882 0.01747725560114934
0 0.5974870461684006 0.09425497972048245 0.018595475416917067 0.01834667645967924
0 0.8879049741304837 0.9725823035606971 0.014872917762169471 0.014961536114032451
0 0.8780093559852014 0.6892455174372747 0.0147247314453125 0.014715341421274038
0 0.6818718543419471 0.1957870630117563 0.014828168428861178 0.015054262601412259
0 0.1364565629225511 0.8044793055607722 0.09946353618915264 0.10418172983022836
0 0.39199190873366135 0.4705500235924354 0.017622727614182692 0.017700048593374398
