0 0.8381883181058444 0.014392474522957435 0.02899316641000601 0.027747585223271296
0 0.4035386305588942 0.07574958067673904 0.03032860389122596 0.030245047349196214
0 0.6305671105018029 0.914568827702449 0.05362235582791842 0.05364667452298678
0 0.5905199417701135 0.3754114737877479 0.028839624845064603 0.028842926025390625
0 0.9045568612905649 0.7753888643704928 0.031950143667367786 0.03202966543344351
0 0.4170794120201698 0.031247735023498535 0.02505155710073618 0.025167226791381836
0 0.1459627518287072 0.33463844886192906 0.025519921229435846 0.025553483229417067
0 0.8858877328725961 0.7209817446195163 0.02068182138296274 0.020702068622295674
0 0.7298629467303936 0.19671876613910383 0.021441092857947715 0.021175201122577373
0 0.15030484933119553 0.8499710376446064 0.03035739751962515 0.030497917762169473
0 0.22932925591102013 0.2894503886883075 0.022672726557804987 0.022619174076960638
0 0.6282666279719427 0.14626139860886794 0.025226739736703727 0.025186612055851862
0 0.3233386186453012 0.08812497212336613 0.03310966491699219 0.033505068375514105
0 0.8939759181096003 0.21081887758695161 0.018589019775390625 0.018654823303222656
0 0.241668884570782 0.17940777998704177 0.02543486081636869 0.02532041989839994
0 0.6995512155386118 0.9278560051551232 0.019866356482872598 0.019837012657752402
0 0.2196639317732591 0.2556011493389423 0.02580110843365009 0.02608489990234375
0 0.8253847268911508 0.22641878861647385 0.0174099848820613 0.01753990466778095
0 0.7763524422278771 0.407830678499662 0.017639013437124398 0.01771090580866887
0 0.1913179067464975 0.3642241037808932 0.017823402698223408 0.017858431889460638
0 0.28972781621492827 0.6149027530963604 0.021944669576791618 0.022132360018216647
0 0.6183795928955078 0.7165064444908729 0.019490792201115534 0.019570424006535456
0 0.7168127206655649 0.42843316151545596 0.02072906494140625 0.021138851459209736
0 0.819463142981896 0.35183099599984974 0.024044917179987982 0.024144686185396634
0 0.6254284932063177 0.3062283442570613 0.018744542048527643 0.018863091102013223
0 0.09748211273780236 0.06049892535576454 0.0224764530475323 0.02269284541790302
0 0.3680594517634465 0.8314650608943059 0.028992286095252402 0.029010772705078125
0 0.26518608973576474 0.2957630707667424 0.017525086036095254 0.01737814683180589
0 0.1515784630408654 0.5366125840407151 0.024691031529353216 0.02437107379619892
0 0.9021876408503606 0.46456483694223255 0.020518669715294473 0.02052028362567608
0 0.4253959655761719 0.1617297392625075 0.015934137197641227 0.016019958716172438
0 0.5702027540940505 0.07486181534253634 0.018512652470515326 0.018387180108290452
0 0.4890154325045072 0.3601059180039626 0.01683381887582632 0.01701465019812951
0 0.30227000896747297 0.20994065358088568 0.017472193791316107 0.017104148864746094
0 0.5270647269028884 0.044861637628995456 0.01700936830960787 0.016793287717379056
0 0.24255015299870417 0.5083574881920447 0.017599179194523737 0.01757680452786959
0 0.2937755584716797 0.052890465809748724 0.023451878474308893 0.023462332212007962
0 0.4598831030038687 0.9675526985755334 0.03403340853177584 0.03437951894906851
0 0.2358102981860821 0.15369884784405047 0.01598673600416917 0.015712958115797777
0 0.7215320880596454 0.8392847501314603 0.016467461219200723 0.016599214993990384
0 0.6917575689462515 0.9674950379591721 0.0210421635554387 0.020949877225435697
0 0.6598112399761493 0.13989383440751296 0.020409510685847357 0.020755639443030723
0 0.9237695840688852 0.034830487691439115 0.026756873497596152 0.026624358617342435
0 0.30490805552555966 0.6444123341487005 0.015520829420823317 0.015564698439378005
0 0.1981663337120643 0.066070189842811 0.016193316533015326 0.016024021001962516
0 0.5649408927330604 0.3850562022282527 0.018726935753455527 0.018741754385141227
0 0.10658829028789814 0.44672826620248646 0.01807858393742488 0.018199700575608473
0 0.8041517551128681 0.7362375992995042 0.015538875873272236 0.015574822059044471
0 0.627044677734375 0.12133207687964806 0.019680169912484977 0.019832354325514574
0 0.1510304487668551 0.5026022104116586 0.04246315589317909 0.041788541353665866
0 0.06684997448554406 0.2918400947864239 0.014905727826631986 0.01655864715576172
0 0.24570336708655724 0.11506819725036621 0.015684201167179987 0.015610309747549204
0 0.9193294231708233 0.7309099344106821 0.015831873967097357 0.015820429875300482
0 0.7711325425368089 0.02542588343987098 0.017734821026141826 0.017429334612993095
0 0.7031967456524189 0.12712315412668082 0.01621246337890625 0.016379539783184346
0 0.4361805549034706 0.5418130434476413 0.015073922964242788 0.015192472017728366
0 0.7497674501859225 0.4143998072697566 0.014524019681490384 0.014446038466233473
0 0.8034519782433143 0.7139754662146935 0.015014061560997596 0.014930431659405049
0 0.34128090051504284 0.20973915320176345 0.01723825014554537 0.017433533301720254
0 0.27881224338824934 0.5516088192279522 0.01789999008178711 0.017951525174654447
0 0.5828921244694636 0.8146517826960638 0.015543937683105469 0.015486203707181491
0 0.39983819081233096 0.5326117002047025 0.015047146723820614 0.015051768376277043
0 0.814837749187763 0.6973047990065354 0.014917226938100962 0.014840639554537259
0 0.579089091374324 0.08384229586674617 0.014544266920823317 0.014683131988231953
0 0.16286165897662824 0.48723352872408354 0.02613966281597431 0.026329627403846152
0 0.7183591402493991 0.49816476381742036 0.016051365778996393 0.01561737060546875
0 0.6096329322228065 0.09900723970853366 0.014258751502403846 0.014612803092369666
0 0.5937015093289889 0.06149454300220196 0.014154360844538761 0.014615884194007287
0 0.3897456389207106 0.5790227743295523 0.026254947368915264 0.026482362013596755
0 0.9224609961876502 0.3658730066739596 0.01584654587965745 0.01603236565223107
0 0.8106308716994065 0.3690793330852802 0.024306810819185697 0.024519040034367487
0 0.37645824138934797 0.25604833089388335 0.014614545381986178 0.01469868880051833
0 0.5432170721200796 0.6069903740516076 0.014734121469350962 0.014741237346942607
0 0.10735715352571927 0.38347288278432995 0.014438959268423228 0.014316852276141826
0 0.8414360926701472 0.3340800358698918 0.017004746657151442 0.016520940340482272
0 0.7959952721228967 0.24906387695899376 0.015328480647160457 0.015261136568509616
0 0.3040152696462778 0.14214095702538124 0.01705147669865535 0.016872259286733773
0 0.2782452656672551 0.11854400084568904 0.01816580845759465 0.018967536779550407
0 0.08202074124262883 0.007488751640686622 0.022130801127507135 0.013966580996146569
0 0.3333121079664964 0.5664894030644343 0.01529385493351863 0.01518843724177434
0 0.2792049921475924 0.135223755469689 0.020672137920673076 0.020735447223369893
0 0.5514356539799616 0.13945572192852312 0.014649024376502404 0.014508687532865085
0 0.4018071981576773 0.16675281524658203 0.015969056349534255 0.015900318439190205
0 0.21826369945819563 0.15569697893582857 0.01542971684382512 0.015277825869046725
0 0.662996952350323 0.44624746762789214 0.01404586205115685 0.014099707970252404
0 0.30479623721196103 0.6737720782940204 0.015108071840726413 0.014793102557842549
0 0.2948169708251953 0.7707749880277194 0.020920606759878304 0.021248010488656852
0 0.5625959909879245 0.7243934044471154 0.014300126295823317 0.014314064612755409
0 0.30641931753892165 0.970270743736854 0.05971728838407076 0.05418748121995192
0 0.27525997161865234 0.09946990013122559 0.02172081287090595 0.021544878299419697
0 0.6103747808016263 0.12421730848459098 0.015750664931077223 0.01582816930917593
0 0.5483491604144757 0.32619113188523513 0.02162595895620493 0.021616715651292067
0 0.36927102162287784 0.4358435043921837 0.01600470909705529 0.015959813044621393
0 0.2540013606731708 0.4714651107788086 0.028122461759127103 0.028180709251990683
0 0.12461709976196289 0.1818846372457651 0.014360776314368615 0.014340070577768179
0 0.3933906921973595 0.25770869621863735 0.013854907109187199 0.013969641465407152
0 0.1354893445968628 0.3575591307419997 0.014159294275137095 0.014523799602801982
0 0.38690889798677885 0.5823887311495267 0.03245236323429988 0.03249285771296574
0 0.9157147040733924 0.37598485213059646 0.015289013202373799 0.015160780686598558
0 0.25054410787729114 0.1975083717933068 0.014829488900991587 0.01486979998075045
0 0.8424061995286208 0.2471010684967041 0.013947120079627404 0.014224089108980618
0 0.8421434255746695 0.047998593403742865 0.014083568866436299 0.014171380263108473
0 0.11941682375394382 0.5363832620474008 0.01667015369121845 0.01672642047588642
0 0.8498552028949444 0.34761839646559495 0.015489871685321514 0.0159146235539363
0 0.36509095705472505 0.1630707887502817 0.019809722900390625 0.01984837422004113
0 0.28661709565382737 0.44727153044480544 0.01587816385122446 0.015992237971379206
0 0.4680483157818134 0.5295431430523212 0.014092225294846755 0.014098827655498799
0 0.31794247260460484 0.22165670761695275 0.014685410719651442 0.014729609856238732
0 0.17196490214421198 0.26898926955003005 0.019479091350848857 0.01964084918682392
0 0.3313298592200646 0.6991735605093149 0.017912791325495794 0.01823278573843149
0 0.09074599926288311 0.6095480552086463 0.05514128391559307 0.054925771859975964
0 0.5759509893564078 0.10155835518470177 0.013418637789212741 0.013247324870182918
0 0.34146969134990984 0.4027621562664325 0.013580615703876201 0.01359110612135667
0 0.6766210702749399 0.14882923089540923 0.022323168241060697 0.02211425854609563
0 0.6771753751314603 0.16683717874380258 0.018360431377704326 0.019134007967435397
0 0.29007442180926984 0.2997294205885667 0.01375880608191857 0.013922838064340444
0 0.3467021355262169 0.5803440900949332 0.014844454251802884 0.015151537381685697
0 0.7890611795278696 0.41916685837965745 0.014170279869666466 0.014302473801832933
0 0.5443548422593337 0.9659545604999249 0.04556413797231821 0.04702436006986178
0 0.9127194331242487 0.11143930141742413 0.013494344858022837 0.013787012833815355
