0 0.5534222676203802 0.2077196561373197 0.037479547353891224 0.037606459397536054
0 0.45851707458496094 0.48957109451293945 0.03176307678222656 0.03165626525878906
0 0.5757763202373798 0.6899019388052133 0.05153223184438852 0.05215806227463942
0 0.5956711035508376 0.3205114511343149 0.02818907224214994 0.028302100988534782
0 0.5384770906888522 0.30841820056621844 0.03236521207369291 0.03225267850435697
0 0.6452297797569861 0.0368690536572383 0.04830022958608774 0.04807329177856445
0 0.4103749715364896 0.3078608512878418 0.033634185791015625 0.033843700702373795
0 0.4742564788231483 0.24670162567725548 0.03108633481539213 0.030880854679987982
0 0.7064975591806265 0.3590287428635817 0.020703975970928486 0.02080220442551833
0 0.44350183927095854 0.304242335833036 0.030602528498722956 0.030542997213510368
0 0.7080191098726712 0.7805893237774189 0.03074499276968149 0.030925750732421875
0 0.3869093381441556 0.03772841279323284 0.03705736306997446 0.0371443904363192
0 0.23868476427518404 0.07012378710966843 0.03093550755427434 0.030631422996520996
0 0.2682342162499061 0.04346753083742582 0.04327744704026442 0.04343964503361629
0 0.5215019079355093 0.750418809744028 0.026040150569035456 0.026058490459735576
0 0.2807594446035532 0.9259480696458083 0.0303957278911884 0.03055601853590745
0 0.5747451415428748 0.7694443922776443 0.019731448246882513 0.01957086416391226
0 0.7206366612361028 0.4062706140371469 0.019596393291766826 0.019362376286433294
0 0.14035500012911284 0.7712306976318359 0.03215188246506911 0.032425220196063705
0 0.3573629305912898 0.2948493223923903 0.03569456247182993 0.03574092571551983
0 0.5163660049438477 0.4286967057448167 0.021599256075345553 0.021492884709284857
0 0.23302382689255935 0.21401508037860578 0.03479290008544922 0.03467823908879207
0 0.6904756105863131 0.33866742941049427 0.0196835444523738 0.019794610830453727
0 0.26317497400137096 0.25033085162823016 0.02728733649620643 0.02739539513221154
0 0.5572781196007361 0.6326066530667819 0.029946253849909857 0.029881990872896634
0 0.8490612323467548 0.6120145504291241 0.03430747985839844 0.03423984234149639
0 0.04401296835679274 0.06687089571586022 0.025093564620384805 0.025084431354816143
0 0.6471895071176382 0.7158109224759616 0.020871969369741585 0.020899846003605768
0 0.2009585453913762 0.5728503373953012 0.025477482722355768 0.02561613229604868
0 0.23485005818880522 0.17980139072124773 0.042488501622126654 0.04201569923987755
0 0.8322413517878606 0.4645488445575421 0.0360254141000601 0.036222017728365384
0 0.8432338421161358 0.7992681356576773 0.045232332669771634 0.045207977294921875
0 0.42641104184664214 0.2346027447627141 0.02423726595365084 0.024327865013709433
0 0.6745052337646484 0.1797976677234356 0.020584693321814902 0.020425869868351862
0 0.15064149636488694 0.12006794489347018 0.02754050034743089 0.027747594393216647
0 0.886563594524677 0.6532421112060547 0.03548504756047176 0.03561885540301983
0 0.6801234758817233 0.6287417778602014 0.04358042203463041 0.04382162827711839
0 0.5657251064593976 0.1013192213498629 0.05136930025540865 0.05111296360309307
0 0.5987890316889837 0.6533609536977915 0.04224549807035006 0.04228562575120192
0 0.5214426334087665 0.9677040393535907 0.03589923565204327 0.035226675180288464
0 0.9038983858548678 0.5149858181293194 0.01604461669921875 0.01588916778564453
0 0.41243721888615537 0.05442487276517428 0.02424460190993089 0.024332028168898363
0 0.39598941802978516 0.3948053213266226 0.0170901371882512 0.01745003920335036
0 0.5847707161536584 0.14407470593085656 0.02796319814828726 0.02769306989816519
0 0.9056640038123498 0.8642613337590144 0.03200237567608173 0.03216904860276442
0 0.18570054494417632 0.6816309415377103 0.025430752680851862 0.025317852313701924
0 0.6131087816678561 0.39339956870445836 0.027325850266676683 0.026957878699669473
0 0.3523768645066481 0.7997919229360727 0.01652042682354267 0.016387059138371393
0 0.3852083866412823 0.4082716428316556 0.03120847848745493 0.031169744638296273
0 0.6250531123234675 0.4743923040536734 0.016671254084660456 0.01653150411752554
0 0.21532766635601336 0.8282257960392878 0.029919807727520283 0.030150780310997598
0 0.4638062257033128 0.8748563619760367 0.027546222393329326 0.02744880089393029
0 0.9297954852764423 0.5394995029156024 0.016476264366736777 0.01633108579195463
0 0.22937998404869667 0.027114478441385124 0.026439666748046875 0.02651362235729511
0 0.8618836036095252 0.5893401366013747 0.022151947021484375 0.022076973548302285
0 0.7288671640249399 0.9772259638859675 0.019446739783653848 0.019511589637169473
0 0.5952780063335712 0.020286094683867235 0.029146561255821817 0.02948195659197294
0 0.6721986623910757 0.9483589759239783 0.03058169438288762 0.031052809495192308
0 0.4991716971764198 0.10415492607997014 0.023725069486177884 0.023575581037081204
0 0.3096885681152344 0.40092607644888073 0.018916790301983174 0.018883485060471755
0 0.6524137350229117 0.6388824169452374 0.04529512845552885 0.04657686673677885
0 0.46526145935058594 0.38598332038292515 0.026966241689828727 0.02749024904691256
0 0.04872413323475765 0.7149599515474759 0.034506733600909896 0.03634174053485577
0 0.09793713459601769 0.7015413137582632 0.034023138192983776 0.03429280794583834
0 0.442690372467041 0.7256617179283729 0.016593566307654746 0.01666567875788762
0 0.9107922774094802 0.6490752146794245 0.016838220449594352 0.01692361098069411
0 0.47725706834059495 0.9259906915517954 0.03031048407921424 0.030324935913085938
0 0.6923696811382587 0.26468961055462176 0.04115442129281851 0.04069962868323693
0 0.4618634810814491 0.7422493421114408 0.016597674443171576 0.01655270503117488
0 0.44304899068979114 0.33034588740422177 0.019964951735276442 0.0199282719538762
0 0.5216290033780612 0.16016950974097618 0.034678165729229264 0.034587750068077676
0 0.5372710594764123 0.08358537233792819 0.023976252629206732 0.023610298450176533
0 0.16576302968538725 0.7057653573843149 0.02729342533991887 0.02725395789513221
0 0.9506256396953876 0.8005645458514874 0.030346797062800482 0.037296295166015625
0 0.5352929188654973 0.8871699113112229 0.03283001826359676 0.033034104567307696
0 0.43463560251089245 0.07130290453250591 0.02831238966721755 0.028580546379089355
0 0.5106872411874624 0.018367856740951538 0.03646689194899339 0.03436477826191829
0 0.7115828440739558 0.9054301335261419 0.016806529118464544 0.016809903658353366
0 0.4730547024653508 0.0285453933935899 0.03312844496506911 0.033635845551123984
0 0.2980194275195782 0.7967897561880258 0.021514709179217998 0.021403972919170674
0 0.4936712705172025 0.07106217054220346 0.022724151611328125 0.023129701614379883
0 0.5637233440692608 0.8766884436974158 0.016385298508864183 0.01614966759314904
0 0.9483134196354792 0.6033855584951547 0.032094515286959134 0.03183174133300781
0 0.22520989638108474 0.8524473630464994 0.022383763239933893 0.0224453852726863
0 0.5521893134483924 0.7518096336951623 0.022259932297926683 0.02219053415151743
0 0.5173911314744216 0.9365051709688627 0.022844754732572116 0.022538405198317308
0 0.2429957023033729 0.12537660965552697 0.0256503178523137 0.02557207987858699
0 0.6654385786790115 0.8269478724553034 0.020829420823317308 0.020582052377554085
0 0.16885225589458758 0.374268128321721 0.019968252915602464 0.020107195927546576
0 0.43400030869704026 0.1298358257000263 0.021791384770320013 0.022274237412672777
0 0.2603888695056622 0.7915102151724008 0.01953722880436824 0.019632779634915866
0 0.4902941630436824 0.17138000635000375 0.02867405231182392 0.028612210200383112
0 0.13588485350975624 0.35697009013249326 0.041349557729867786 0.04053937471829928
0 0.7075736706073468 0.6083232439481295 0.033378307635967545 0.03251383854792668
0 0.6769101069523737 0.09149053463569054 0.015671950120192308 0.015642734674307015
0 0.19624143380385178 0.14905760838435247 0.04279932608971229 0.04196086296668419
0 0.5107318438016452 0.34708393537081206 0.018122379596416768 0.018083865825946514
0 0.90216798048753 0.9274108593280499 0.015301924485426683 0.015216827392578125
0 0.7336540222167969 0.5908255577087402 0.01967444786658654 0.01978639455942007
0 0.8146630067091721 0.9848211728609525 0.03721926762507512 0.026358677790715143
0 0.11983728408813477 0.2799514990586501 0.043819464170015775 0.04405637887807993
0 0.41385602951049805 0.9350750262920673 0.01973408919114333 0.01987427931565505
0 0.20798162313608023 0.09497466454139122 0.017957393939678486 0.01828138644878681
0 0.6236578134390024 0.8369299081655649 0.018660325270432692 0.018824650691105768
0 0.9621210831862229 0.35281790219820464 0.011332291823167067 0.015309847318209134
0 0.12049713501563439 0.5615562659043533 0.023759988638070915 0.024159724895770732
0 0.6607771653395432 0.7626985403207632 0.016466287466195915 0.016261467566856973
0 0.19555407304030198 0.8177636219904973 0.01547395266019381 0.015073482806865986
0 0.47765629108135516 0.7114815345177283 0.02072752439058744 0.020926255446213942
0 0.422664055457482 0.3288096281198355 0.016315240126389723 0.016580948462853067
0 0.31004733305711013 0.33253926497239333 0.019263047438401442 0.019283221318171576
0 0.30459763453556943 0.25478456570551944 0.019148606520432692 0.019224937145526592
0 0.23934595401470476 0.27281429217411923 0.017771280728853665 0.017337835752047025
0 0.6951876420241135 0.9419618019690881 0.018519034752478965 0.01885355435884916
0 0.2544960608849159 0.8798553026639498 0.017575924213115986 0.017270748431865986
0 0.5007260395930364 0.720337647658128 0.014287948608398438 0.014099414532001201
0 0.6018249805157001 0.18497914534348708 0.07475134042593148 0.075683777148907
0 0.6230806203988882 0.08756756782531738 0.016109209794264574 0.015993815201979417
0 0.5631643442007211 0.564833824451153 0.015920565678523138 0.01600933074951172
0 0.20303500615633452 0.05329782229203444 0.02170361005342924 0.021916939662053034
0 0.6999535193810096 0.6583871841430664 0.028604947603665866 0.028554916381835938
0 0.24695495458749625 0.8048933469332181 0.01872422144963191 0.018708155705378607
0 0.12916213732499343 0.1544457215529222 0.01960328909067007 0.01954505076775184
0 0.33378193928645206 0.9288077721228967 0.030807861915001504 0.031455700214092545
0 0.3594498267540565 0.6787584744966947 0.017392818744365986 0.017670558049128607
0 0.10776916834024283 0.19901706622197077 0.02255702018737793 0.022801912747896634
0 0.33761226213895357 0.931653096125676 0.02253613105187049 0.022443771362304688
0 0.20411260311420149 0.24708072955791766 0.0192715571476863 0.019098795377291165
0 0.8235631355872521 0.959739244901217 0.019185433020958535 0.01902154775766226
0 0.04944304319528433 0.4031833501962515 0.026538738837608926 0.02574267754187951
0 0.6325401159433218 0.5011120209327111 0.01427914546086238 0.014247674208420973
0 0.34011730780968297 0.9315879528339093 0.017372278066781852 0.017848675067608174
0 0.5242082155667819 0.619270398066594 0.020988831153282754 0.020685929518479567
0 0.5585957307081956 0.4517662708575909 0.013965313251201924 0.013992749727689303
0 0.5678643813500037 0.24467336214505708 0.015136645390437199 0.01501164069542518
0 0.5458783003000113 0.14363312721252441 0.04436514927790715 0.04367887056790865
0 0.043187228532937855 0.9873156914344201 0.022243784024165228 0.02090307382436899
0 0.28046595133267915 0.26970481872558594 0.02501509739802434 0.024853853078988884
0 0.060677363322331354 0.9462469541109525 0.01971286993760329 0.0196685791015625
0 0.9170614389272836 0.5528542445256159 0.013944332416240986 0.01410675048828125
0 0.13141992458930382 0.35834759932297927 0.033841536595271185 0.0344996819129357
0 0.22882197453425482 0.3273025659414438 0.02803945541381836 0.028323833759014424
0 0.890891955449031 0.3496403327355018 0.018321110652043268 0.018143140352689303
0 0.3523446229787973 0.6574118687556341 0.028627689068134014 0.028766485360952523
0 0.6576677469106821 0.1628093536083515 0.0309451176570012 0.030399872706486628
0 0.6912793379563552 0.547489386338454 0.014603834885817308 0.014528714693509616
0 0.03817455585186298 0.3837460004366361 0.01733729472527137 0.024527329664963942
0 0.7320226522592398 0.43757152557373047 0.02002129187950721 0.020220829890324518
0 0.6758829263540415 0.05698796877494225 0.015877210176908053 0.016417879324692946
0 0.7243867287269006 0.14836573600769043 0.01693857633150541 0.016823438497690055
0 0.1079027010844304 0.5281961881197416 0.02170140926654522 0.02159397418682392
0 0.3487804119403546 0.7668436490572416 0.01593472407414363 0.01569953331580529
0 0.6116139705364521 0.9465321760911208 0.015531466557429386 0.01565859867976262
0 0.04083028206458458 0.008705422282218933 0.026613636658741877 0.016185205716353197
0 0.5398393777700571 0.1533329303448017 0.0563810788668119 0.05995013163639949
0 0.42692705301138073 0.21118871982281023 0.02217586223895733 0.0224456787109375
0 0.8097053674551157 0.8105748983529898 0.020374444814828727 0.020633697509765625
0 0.5824912878183218 0.4259226872370793 0.015402867243840145 0.015501315777118389
0 0.2531057871305026 0.9888848524827224 0.01516129420353816 0.01443188007061298
0 0.37772868229792667 0.13170249645526594 0.019799305842472956 0.020293785975529596
0 0.5261975068312424 0.6886693514310397 0.017765632042518027 0.017634171705979567
0 0.257967655475323 0.6860062525822566 0.017746411837064303 0.0176241948054387
0 0.6545724868774414 0.9907147334172175 0.027224320631760817 0.016611539400540866
