0 0.139306536087623 0.6797752380371094 0.09949242151700534 0.09999377910907452
0 0.6478242874145508 0.3477821350097656 0.07668480506310096 0.0779722653902494
0 0.4492018773005559 0.214660461132343 0.06754919198843148 0.06780037513146034
0 0.7523593168992263 0.03289363934443547 0.05128772442157452 0.05147975224715013
0 0.7261474315936749 0.48482762850247896 0.07206447307880108 0.0720823728121244
0 0.3360245411212628 0.1068203724347628 0.02496675344613882 0.025362528287447415
0 0.6844483889066256 0.1557340805347149 0.03434489323542668 0.03400351450993465
0 0.6937774511484 0.07594732137826773 0.025090144230769232 0.02525670711810772
0 0.5767887555635892 0.5914878845214844 0.020392784705528848 0.020075431236853965
0 0.7064628601074219 0.901463875403771 0.028160535372220553 0.02823770963228666
0 0.5269165772658128 0.5337765033428485 0.040794665996844955 0.04109822786771334
0 0.3596304746774527 0.5012510739839994 0.024832945603590745 0.02484747079702524
0 0.4826224400446965 0.29352677785433257 0.023376024686373197 0.023679513197678786
0 0.7618271020742563 0.952606934767503 0.0654744368333083 0.06637719961313102
0 0.45170483222374547 0.14542951033665583 0.03700461754432091 0.03666083629314716
0 0.39206339762761044 0.5200873154860276 0.03161070897028996 0.03167005685659555
0 0.5949104749239408 0.3509671871478741 0.03454883282001202 0.034267425537109375
0 0.6357408670278696 0.11611628532409668 0.019685891958383415 0.01942139405470628
0 0.8682401363666241 0.4645677713247446 0.028125469501201924 0.028055777916541465
0 0.20526697085453913 0.9610039637638972 0.021834520193246696 0.02202019324669471
0 0.8411699441763071 0.12286195388207069 0.037084726186899036 0.036935072678786054
0 0.3092024876521184 0.15422600966233474 0.02001026960519644 0.020116292513333835
0 0.9432108952448919 0.10664286980262169 0.07011061448317307 0.07027361943171574
0 0.8760362038245568 0.8500071305495042 0.021979111891526442 0.022131699782151442
0 0.91583251953125 0.7540233318622296 0.018150916466346152 0.018202708317683294
0 0.8848747106698843 0.5059231978196365 0.018070074228140023 0.018044251662034255
0 0.38182361309344953 0.08504295349121094 0.01849526625413161 0.018456000548142653
0 0.5821337333092322 0.0350909187243535 0.01909798842210036 0.019178353823148288
0 0.5171786088209885 0.8582572203416091 0.02910166520338792 0.029276040884164665
0 0.8641774104191706 0.40544873017531174 0.06852986262394832 0.0706025637113131
0 0.8633606250469501 0.5062602116511419 0.023572188157301683 0.023392897385817308
0 0.04224545222062331 0.7487851656400241 0.016727704268235426 0.016924638014573317
0 0.6866181446955755 0.525272589463454 0.03870714627779447 0.038111319908728965
0 0.5776582864614633 0.9685794390164889 0.018261102529672477 0.01811394324669471
0 0.6458905293391302 0.5724707383375901 0.022322728083683893 0.022364249596228965
0 0.31681394577026367 0.06954749272419856 0.029378377474271335 0.02963725420144888
0 0.4719241215632512 0.8895475681011493 0.03556280869704027 0.03638957096980168
0 0.5082649084237906 0.590675794161283 0.022254797128530648 0.022160163292518027
0 0.5996291087223933 0.26779534266545224 0.025179349459134616 0.02550616631141076
0 0.7702121001023513 0.3976652438823993 0.030102362999549277 0.03026998960054838
0 0.9873522244966947 0.7848550356351413 0.015662560096153848 0.018581683819110576
0 0.38291344275841344 0.007228596852375911 0.017440209021935098 0.013707381028395433
0 0.4544218503511869 0.2891810123737042 0.018688495342548076 0.019066443810096152
0 0.8390524937556341 0.055100165880643405 0.026201394888070915 0.025980087426992562
0 0.3324365249046913 0.28292611929086536 0.020145489619328424 0.019988646874060996
0 0.1688990959754357 0.19848933586707482 0.01723348177396334 0.01715366656963642
0 0.7574307368351862 0.38064002990722656 0.02289610642653245 0.023066887488731973
0 0.7672119140625 0.21242864315326399 0.020656879131610576 0.020238142747145433
0 0.08972358703613281 0.03234507258121784 0.015306436098538913 0.01517864832511315
0 0.6046053079458383 0.6754711591280423 0.023747957669771634 0.02409054682804988
0 0.16595103190495417 0.24898800483116737 0.01781925788292518 0.01790904998779297
0 0.7530954067523663 0.9284890981820914 0.03529035128079928 0.036048595721905045
0 0.8039890436025766 0.4040808310875526 0.06374183067908654 0.06574513362004207
0 0.7093049562894381 0.3822761682363657 0.06075198833759014 0.05665148221529447
0 0.8820910820594201 0.11457516596867488 0.0569299551156851 0.05686041025015024
0 0.3336907166701097 0.200560789841872 0.017735627981332634 0.01766204833984375
0 0.22560438743004432 0.6184956477238581 0.02061942907480093 0.020335600926325872
0 0.454559326171875 0.08093898112957294 0.02162507864145132 0.021625963541177604
0 0.894864008976863 0.2547660790956937 0.020152898935171273 0.020174723405104417
0 0.5791764626136193 0.6297808427077073 0.021535139817457933 0.021665279681865986
0 0.1269457248541025 0.36332134100107044 0.017487177482018106 0.017613704387958232
0 0.43285149794358474 0.09129907534672664 0.024408633892352764 0.02445187935462365
0 0.2898547832782452 0.06842057980023898 0.023121173565204326 0.022706022629371055
0 0.9003602541410006 0.8559513092041016 0.016420657818134014 0.016717030451847956
0 0.4968555157001202 0.8779365832989032 0.02198204627403846 0.021631534282977764
0 0.9798834874079778 0.48507954524113583 0.03170072115384615 0.05210414299598107
0 0.7711793459378756 0.2852480594928448 0.02004726116473858 0.02025604248046875
0 0.8426165947547326 0.5142125716576209 0.018340917733999398 0.018171090346116286
0 0.6923556694617639 0.11766247565929706 0.0299227787898137 0.03039095951960637
0 0.7277834965632513 0.37857888295100284 0.023029914269080527 0.022280326256385215
0 0.39440499819242036 0.2853520466731145 0.050613036522498496 0.05169105529785156
0 0.7952006413386419 0.31554680604201096 0.03051611093374399 0.030024381784292366
0 0.5927121822650616 0.874468730046199 0.0181735112116887 0.01781610342172476
0 0.2672433119553786 0.07299560766953689 0.019404851473294772 0.019294610390296348
0 0.2444302485539363 0.1871652969947228 0.0206142939054049 0.02073324643648588
0 0.5573526895963229 0.266974009000338 0.017297964829664964 0.017281348888690654
0 0.3297267326941857 0.05154425364274245 0.025863207303560697 0.025810846915611856
0 0.46991315254798305 0.27645448537973255 0.021676356975848857 0.021622877854567308
0 0.02659369890506451 0.9567429469181941 0.019549085543705866 0.019602555495042067
0 0.08908735788785495 0.23534525357759917 0.016434779533973105 0.016465187072753906
0 0.535072400019719 0.842384778536283 0.03408329303448017 0.03385441119854267
0 0.6298568432147686 0.23043419764592096 0.016129126915564902 0.01640209784874549
0 0.8247685065636268 0.7927241692176232 0.017614217904897835 0.017460162823016826
0 0.1242822867173415 0.09291841433598445 0.015259632697472205 0.015218331263615536
0 0.7202763190636268 0.5232261510995718 0.027928865872896634 0.028578831599308893
0 0.46467920450063854 0.03962123394012451 0.02350337688739483 0.023773578497079704
0 0.5383450434758112 0.8442564010620117 0.02842257573054387 0.028162002563476562
0 0.4543182666485126 0.10714931671436016 0.026277542114257812 0.025933375725379355
0 0.7097935309776893 0.1612070890573355 0.03481644850510817 0.035186318250802845
0 0.047117994381831244 0.9748380367572491 0.017905310942576483 0.018310106717623197
0 0.9370861053466797 0.41603594559889573 0.01711126474233774 0.01700768103966346
0 0.9794720869797927 0.12323918709388146 0.02070309565617488 0.0207672119140625
0 0.7169035398043119 0.23513430815476638 0.02928895216721755 0.029551872840294473
0 0.30192978565509504 0.9853379176213191 0.017777479611910306 0.017713400033804085
0 0.840812242948092 0.4935727853041429 0.024602156419020433 0.024695102985088643
0 0.6069924281193659 0.1358360877403846 0.017262092003455527 0.017499520228459284
0 0.8208783956674429 0.46277515704815203 0.03028693565955529 0.03054046630859375
0 0.33242522753202 0.17469077843886155 0.016654308025653545 0.01659569373497596
0 0.46273253514216495 0.03721145941660954 0.01961796100323017 0.01956327144916241
0 0.3020760646233192 0.05429863929748535 0.01752336208636944 0.01701010190523588
0 0.8871321311363807 0.7591326786921575 0.0178375244140625 0.01770606407752404
0 0.024368934906446017 0.6025523405808669 0.034551881826840915 0.0342710935152494
0 0.47256858532245344 0.8857224537776067 0.030682123624361478 0.030373206505408652
0 0.7515986515925481 0.9466414818396935 0.08449759850135216 0.08075361985426682
0 0.38985971304086536 0.2846776522122897 0.04287448296180138 0.04357719421386719
0 0.47368720861581654 0.07408458452958328 0.01636923276461088 0.016484719056349535
0 0.45580801597008336 0.12103407199566181 0.02325329413780799 0.020122876534095176
0 0.19486276920025164 0.3325347166794997 0.041228294372558594 0.0406805185171274
0 0.8856632526104267 0.7620936173659104 0.023860051081730768 0.023971704336313102
0 0.4693166659428523 0.044849592905778154 0.018646240234375 0.018725074254549466
0 0.42110465123103213 0.07978726350344144 0.019060648404634915 0.018580528405996468
0 0.32456449361947864 0.8850749822763296 0.014597525963416466 0.014352211585411659
0 0.31213797055757964 0.028294551831025343 0.028666349557729866 0.029295357374044564
0 0.5681142073411208 0.04935885392702543 0.024470109205979567 0.024089888884471014
0 0.1347243327360887 0.5807131987351638 0.015180386029756986 0.015382033128004808
0 0.4565107272221492 0.1052708809192364 0.02121287125807542 0.020790723653940055
0 0.8814175679133489 0.76416749220628 0.033743051382211536 0.03105926513671875
0 0.8882595208974985 0.7615776795607346 0.019944411057692308 0.020463943481445312
0 0.870576051565317 0.08597414310161884 0.03576953594501202 0.03591528305640587
0 0.8161027614886944 0.8119542782123272 0.01745003920335036 0.01777047377366286
