0 0.39513694323026216 0.15459601695720965 0.10107480562650241 0.10115880232590896
0 0.5882812646719126 0.017859197579897367 0.044766792884239785 0.03439822563758263
0 0.4427167819096492 0.5585814255934495 0.02717898442195012 0.027273178100585938
0 0.6480783315805289 0.4119142752427321 0.04176183847280649 0.0415338369516226
0 0.5728220206040603 0.13363214639516977 0.033087510329026446 0.03287634482750526
0 0.26548059170062727 0.11216973341428317 0.051666663243220404 0.05117942736699031
0 0.2921861685239352 0.6464388920710638 0.01752270185030424 0.01769843468299279
0 0.49474815221933216 0.08040492351238544 0.02713328141432542 0.027130058178534873
0 0.6327254955585186 0.3539880605844351 0.03244781494140625 0.03226324228140024
0 0.6784788278432993 0.10990378489861122 0.03479678814227764 0.034732708564171426
0 0.2657090150392972 0.08279733474438007 0.03442837641789363 0.034575810799231894
0 0.5342403191786546 0.29143500328063965 0.03481784233680138 0.034694708310640775
0 0.3663520812988281 0.2591842871445876 0.030124957744891826 0.030479797950157754
0 0.4466568873478816 0.028473122761799738 0.03617389385516827 0.03659471640220055
0 0.47076353659996617 0.014283916124930749 0.027273178100585938 0.022987443667191725
0 0.7159353402944711 0.13794345122117263 0.028516182532677285 0.028475871452918418
0 0.6667901552640475 0.06839507818222046 0.028946509728064902 0.028954680149371807
0 0.5344085693359375 0.9719583071195163 0.02597464047945463 0.025805106529822715
0 0.7181415557861328 0.21163228841928336 0.019980210524338942 0.020192439739520732
0 0.7421986506535456 0.6689513279841497 0.038965665377103366 0.039431058443509616
0 0.6732959013718826 0.023738154998192422 0.024679037240835335 0.024764849589421198
0 0.6757218287541316 0.3248310455909142 0.023844498854417067 0.023929522587702826
0 0.7236182139470027 0.27521272806020886 0.024553298950195312 0.02458675091083233
0 0.30025320786696214 0.17242897473848784 0.02968905522273137 0.029684727008526143
0 0.7376136779785156 0.14510616889366737 0.030772869403545674 0.031099502856914815
0 0.46887691204364484 0.48018763615534854 0.03915977478027344 0.038835305434006914
0 0.5732949330256536 0.10756707191467285 0.02562845670259916 0.02598876219529372
0 0.6670359831589919 0.5720386505126953 0.04954616840069111 0.05009196354792668
0 0.3022763912494366 0.030801688249294575 0.022500331585223857 0.02243286371231079
0 0.25032722032987154 0.6171259513268104 0.01656341552734375 0.016693702110877402
0 0.48473446185772234 0.5531676365778997 0.02094863011286809 0.021189762995793268
0 0.42183061746450573 0.8336131022526667 0.052045968862680286 0.0524591299203726
0 0.28895247899569 0.7862045581524189 0.03840956321129432 0.038801339956430286
0 0.6801241361177884 0.5320846851055439 0.03118280264047476 0.03107320345365084
0 0.4460461689875676 0.22235598930945763 0.019058667696439303 0.019189761235163763
0 0.2641725173363319 0.16605364359342134 0.020755841181828424 0.021084088545579176
0 0.6979475754957932 0.3189379985515888 0.029244349553034857 0.029561629662146933
0 0.312005483187162 0.011718886402937083 0.029849859384390023 0.02252712845802307
0 0.5829652639535757 0.17601647743811974 0.035224547752967246 0.03523401113656851
0 0.24182624083298904 0.20969196466299203 0.025829792022705078 0.029396937443659857
0 0.45227865072397083 0.6912213839017428 0.019171934861403245 0.01906732412484976
0 0.5556734525240384 0.0357057681450477 0.04315640376164363 0.0432428946861854
0 0.5804426486675556 0.05752145327054537 0.02772067143366887 0.02770079099214994
0 0.631142836350661 0.0262165917800023 0.026569659893329326 0.02665940156349769
0 0.6442259274996244 0.08540223195002629 0.03493411724384014 0.03491327854303213
0 0.3476810088524452 0.09613428666041447 0.03748035430908203 0.03778664882366474
0 0.46479657980111927 0.7417405935434195 0.041131092951847956 0.04045016948993389
0 0.7679707453801081 0.9574391291691706 0.015268179086538462 0.015122046837439904
0 0.7536632831280048 0.9371535227848933 0.04902179424579327 0.04898482102614183
0 0.6788338881272536 0.22765768491304839 0.025368617131159857 0.025225712702824518
0 0.36550067021296573 0.4636078614455003 0.06105804443359375 0.06118422288161058
0 0.43668460845947266 0.7224441675039438 0.02216764596792368 0.022361315213716947
0 0.7166861020601712 0.38384246826171875 0.02869239220252404 0.028669430659367487
0 0.7219979212834284 0.4382635263296274 0.016097435584435098 0.016173582810621995
0 0.7481153194720929 0.5753297072190505 0.042789312509390026 0.042768625112680286
0 0.5816313303433932 0.5574515782869779 0.015398098872258114 0.015871854928823616
0 0.54617217870859 0.47132418705866885 0.04363852280836839 0.04274595700777494
0 0.3637173359210675 0.40514505826509917 0.016157223628117487 0.01609670198880709
0 0.36208189450777495 0.648279776939979 0.015410496638371395 0.015217267549954928
0 0.6371806951669546 0.1669168472290039 0.01674197270320012 0.01707150385929988
0 0.5826047750619742 0.3440975776085487 0.020153339092548076 0.020032295813927285
0 0.7392856157743014 0.10619080066680908 0.03203450716458834 0.0323176567371075
0 0.5955039171072153 0.6352415818434495 0.014562680171086239 0.014403123121995192
0 0.256411075592041 0.2584336537581224 0.020146810091458835 0.020230219914362982
0 0.4185937001154973 0.3147120842566857 0.025792048527644232 0.025615618779109076
0 0.46878623962402344 0.3518546177790715 0.048055208646334134 0.04807090759277344
0 0.7699386890117939 0.7313968951885517 0.015899071326622598 0.016028477595402643
0 0.27993141687833345 0.14837448413555437 0.029059116656963643 0.029215335845947266
0 0.47570353287916917 0.1688077816596398 0.07384667029747596 0.07394988720233624
0 0.4445811051588792 0.05090197233053354 0.019875379709097054 0.020213548953716572
0 0.6621589660644531 0.7157366825984075 0.015458913949819712 0.015609154334435096
0 0.5459839747502253 0.11916512709397536 0.025436914884127103 0.025695213904747598
0 0.3199917719914363 0.7967447134164664 0.0413976816030649 0.041251842792217545
0 0.7213544111985427 0.03538128733634949 0.06541677621694711 0.06417423486709595
0 0.39802074432373047 0.017299489333079413 0.0348352285531851 0.0321087516271151
0 0.28264753635113055 0.700961919931265 0.015801356388972357 0.015835395226111777
0 0.7109061021071214 0.5598894999577448 0.024973942683293268 0.025149125319260817
0 0.4595545988816481 0.6129109309269831 0.016087898841271035 0.015687942504882812
0 0.6242967752309946 0.9250779518714318 0.030248641967773438 0.029992030217097357
0 0.28889729426457333 0.38970096294696516 0.016074107243464544 0.016148787278395433
0 0.37722455538236177 0.05744489339681772 0.04491483248197115 0.04471525779137245
0 0.7333913949819711 0.8298056675837591 0.06121958219088041 0.06058692932128906
0 0.6296669153066782 0.9016148493840144 0.017243605393629808 0.017629183255709134
0 0.6305486238919772 0.20498961668748122 0.016766914954552285 0.016962051391601562
0 0.33065054966853213 0.44657002962552583 0.0173492431640625 0.017180222731370192
0 0.6832051643958459 0.4165789530827449 0.03126027033879207 0.03177452087402344
0 0.3676912601177509 0.7909350028404822 0.04196709852952223 0.0422967764047476
0 0.39833714411808896 0.09093926503108098 0.03312103564922626 0.033134061556596026
0 0.746737553523137 0.8886148012601413 0.0235440180851863 0.023914630596454326
0 0.38680370037372297 0.6671588604266827 0.01772455068734976 0.017952845646784857
0 0.44280030177189755 0.9211616516113281 0.022258245027982272 0.021883157583383415
0 0.36948834932767427 0.6123694639939529 0.04009100107046274 0.040289805485652044
0 0.49878355172964245 0.49336987275343674 0.02754974365234375 0.02826375227708083
0 0.40884920266958386 0.039791648204510026 0.02235265878530649 0.022075946514423076
0 0.40032533498910755 0.2534931989816519 0.04231115487905649 0.04258229182316707
0 0.2870758863595816 0.8962482305673453 0.012860664954552284 0.013374915489783654
0 0.5576636241032527 0.8868424342228816 0.014385516826923076 0.014619093674879808
0 0.6538000106811523 0.20009348942683294 0.017858065091646634 0.017957430619459886
0 0.3592948546776405 0.7278206165020282 0.02575030693641076 0.025805253248948317
0 0.5295561643747183 0.26727661719689 0.01728982191819411 0.017094758840707634
0 0.6431191517756536 0.03647062870172354 0.01762522183931791 0.018282175064086914
0 0.6908347790057843 0.07442282713376559 0.02262115478515625 0.022276016382070687
0 0.2598750407879169 0.027857846938646756 0.0260161986717811 0.025986290895021878
0 0.26652915661151594 0.7347284463735727 0.03820940164419321 0.03875057513897236
0 0.5993526898897611 0.5751309028038611 0.013911907489483174 0.013916749220628005
0 0.7430271735558143 0.5466722708482009 0.04253680889423077 0.0427392812875601
0 0.7135291466346154 0.105956114255465 0.023262904240534857 0.023541652239285983
0 0.6831459632286658 0.17498177748460036 0.018461080697866585 0.018354342533991888
0 0.4275192114023062 0.7809011019193209 0.020238802983210638 0.020705443162184495
0 0.26300567847031814 0.2383547196021447 0.017285493703988884 0.017325107867901143
0 0.5971184143653283 0.09860700827378494 0.016588284419133112 0.016791783846341647
0 0.4454159369835487 0.010387953657370348 0.01799319340632512 0.01645071919147785
0 0.7434035081129807 0.9827167804424579 0.03461045485276442 0.029814793513371393
0 0.2688294924222506 0.057290576971494235 0.021170322711651143 0.020988730283883903
0 0.380916558779203 0.22597415630634016 0.020649029658390924 0.02001358912541316
0 0.27937966126662034 0.14406104271228498 0.03595374180720402 0.03774633774390587
0 0.3230213752159706 0.04969481321481558 0.02054772010216346 0.02076709270477295
0 0.3789669917179988 0.7439993344820462 0.014072564932016226 0.014082981989933895
0 0.24179590665377104 0.13947840837331918 0.021594854501577523 0.02356694294856145
0 0.41870968158428484 0.3114946805513822 0.023360472459059495 0.022858858108520508
0 0.24176678290733924 0.16396291439349836 0.025379400986891527 0.03022471758035513
0 0.5035269810603216 0.49033326369065505 0.03945013192983774 0.039310602041391224
