0 0.6759686836829553 0.09486412085019626 0.07866844764122596 0.07819322439340445
0 0.48254577930157 0.046996235847473145 0.03585492647611178 0.03592171806555528
0 0.44139979435847354 0.2011281527005709 0.03696573697603666 0.03678211799034706
0 0.6297115912804236 0.6531241490290716 0.033269478724553034 0.03326078561636118
0 0.3723320960998535 0.9038904630220853 0.02042975792518029 0.02018561730018029
0 0.6502853540273813 0.7906473599947416 0.024990668663611777 0.024955602792593148
0 0.6471688197209284 0.3948097229003906 0.06744546156663161 0.06664129403921273
0 0.3540400725144606 0.7639032510610727 0.020758702204777643 0.020643967848557692
0 0.6762718787560096 0.009101649889579186 0.024161118727463942 0.017818597646859977
0 0.40598143064058745 0.9089803695678711 0.021210303673377402 0.02133970994215745
0 0.4075763408954327 0.964812132028433 0.024230810312124398 0.02430240924541767
0 0.3453994897695688 0.7361925565279447 0.018841963547926683 0.018855901864858773
0 0.5918289331289438 0.8444588000957782 0.029139298659104567 0.028987297644981973
0 0.30302682289710414 0.06833637677706204 0.02409979013296274 0.024134104068462666
0 0.5328044524559608 0.21509368603046125 0.026207923889160156 0.026105513939490683
0 0.4602550726670485 0.37950809185321516 0.3219904532799354 0.31803600604717547
0 0.4392101581280048 0.9375682977529672 0.017511367797851562 0.017487452580378607
0 0.4851562426640437 0.5273978159977839 0.018854654752291165 0.01889170133150541
0 0.36235519555898815 0.8786464104285607 0.021505429194523737 0.021514452420748197
0 0.5653239763700045 0.19162873121408316 0.017775755662184495 0.017904354975773737
0 0.5802314831660345 0.8606488154484675 0.024958023658165567 0.024860968956580527
0 0.39503801785982573 0.1947210018451397 0.018665167001577523 0.018555897932786208
0 0.44902823521540713 0.7880719991830679 0.023263050959660456 0.023219768817608174
0 0.37398661099947417 0.9657171689547025 0.019608057462252103 0.019888657789963942
0 0.514773625593919 0.804770249586839 0.020750999450683594 0.020918919489933893
0 0.3066536096426157 0.9518390068641076 0.01747549497164213 0.017491854154146634
0 0.48693246107835036 0.10420665374168983 0.022074039165790264 0.022088380960317757
0 0.4301727001483624 0.39290618896484375 0.017483051006610576 0.017410865196814902
0 0.29556604532095104 0.7607600872333233 0.01668379856989934 0.016715123103215143
0 0.6754258962777945 0.8532988474919245 0.017399714543269232 0.017258130587064303
0 0.3746085533728966 0.8229833016028771 0.0217130367572491 0.02169374319223257
0 0.4195404419532189 0.5450695477999173 0.01755369626558744 0.017588321979229268
0 0.5618097965533917 0.09118270874023438 0.01674960209773137 0.01692542662987342
0 0.6671529916616586 0.4679987613971417 0.017908536470853366 0.018087020287146933
0 0.3782222087566669 0.983493658212515 0.017323640676645134 0.017472193791316107
0 0.5917203609759991 0.24474442922152007 0.019673860990084134 0.01980763215285081
0 0.39116382598876953 0.16602494166447565 0.027242220365084134 0.02740031022291917
0 0.3999076989980844 0.8573179978590745 0.01696645296536959 0.016936082106370192
0 0.43913852251493013 0.8909661219670222 0.015791966364933893 0.01586297842172476
0 0.37001433739295375 0.9519519805908203 0.017633438110351562 0.01759162315955529
0 0.46410113114577073 0.3891781293428861 0.01811951857346755 0.018222808837890625
0 0.47051055614764875 0.12889311863825872 0.01632822476900541 0.01626931704007662
0 0.4171008330125075 0.10727262496948242 0.021083685067983773 0.021282379443828877
0 0.28612411939180815 0.010819836304737972 0.025775029109074518 0.020050433965829704
0 0.4431922252361591 0.17809002216045672 0.019162398118239183 0.01929473876953125
0 0.542378095480112 0.6814421140230619 0.015680753267728366 0.015607980581430288
0 0.5965017905602088 0.5647378334632287 0.05620222825270433 0.05731912759634165
0 0.46104618219228893 0.10009985703688401 0.02084071819598858 0.020963375384990986
0 0.4376099659846379 0.3761619421151968 0.01690057607797476 0.016919869642991286
0 0.4507663066570575 0.34291890951303333 0.01645183563232422 0.01641427553617037
0 0.6369218092698318 0.8821119895348182 0.029723534217247598 0.029084278987004206
0 0.34207549461951625 0.8812870612511268 0.014631858238807091 0.014823620135967549
0 0.5798666660602276 0.05042121043572059 0.1213520490206205 0.09754344133230355
0 0.3598550282991849 0.9816972292386569 0.018608239980844352 0.018329620361328125
0 0.6771101584801307 0.7212592638455905 0.015483562762920674 0.015531686636117788
0 0.3534236687880296 0.08130478858947754 0.016125312218299277 0.01616643025324895
0 0.27333569526672363 0.023029714822769165 0.014683283292330228 0.01949630333827092
0 0.46920255514291614 0.5404330033522385 0.016206741333007812 0.015859163724459134
0 0.4111177371098445 0.5996638444753793 0.014325288625863882 0.014406571021446815
0 0.6196820185734675 0.9248763597928561 0.015320741213285007 0.015673710749699518
0 0.7160873413085938 0.01534508283321674 0.016068531916691706 0.016124033010922946
0 0.373808163862962 0.5389916346623347 0.015990770780123197 0.015979620126577523
0 0.384522951566256 0.7142663368811975 0.015396631681002103 0.015602551973783053
0 0.6249866485595703 0.8962202805739182 0.03526746309720553 0.03480999286358173
0 0.7038909471951998 0.6398751185490534 0.014967991755558895 0.014948331392728366
0 0.34602007499107945 0.8334757731511042 0.02608489990234375 0.026082258958082933
0 0.5227090028616098 0.6146357609675481 0.02350587111253005 0.02375059861403245
0 0.6014867195716271 0.27214391414935774 0.014434814453125 0.014629950890174279
0 0.42282720712515026 0.5884361267089844 0.014220604529747596 0.014035958510178786
0 0.39708805084228516 0.06099562461559589 0.016501940213716947 0.01633293812091534
0 0.39458524263822115 0.6773477701040415 0.016155242919921875 0.016347151536207933
0 0.5173402566176194 0.8668647179236779 0.014214735764723558 0.01427753155048077
0 0.6155299406785232 0.2577642294076773 0.015694838303786058 0.015645687396709736
0 0.564456426180326 0.7585669297438401 0.014367910531850962 0.014291029710036058
0 0.3471830074603741 0.8332694860605093 0.02147498497596154 0.02205525911771334
0 0.45833723361675555 0.14226738306192252 0.015810232896071214 0.015770765451284554
0 0.5470643410315881 0.7021325918344351 0.015026385967548076 0.01504208491398738
0 0.4072550993699294 0.6416608370267428 0.014498050396259014 0.014609997089092549
0 0.506542866046612 0.5445530231182392 0.014280025775615986 0.014072271493765024
0 0.3680270268366887 0.9924201965332031 0.015087127685546875 0.013320335975060096
0 0.4390333615816556 0.9039213473980243 0.014431586632361779 0.013994216918945312
0 0.6294413346510667 0.8920719440166767 0.04109998849722055 0.04046308077298678
0 0.4678770945622371 0.7001260610727164 0.089569091796875 0.09047185457669772
0 0.690041395334097 0.03223253213442289 0.08333264864408053 0.06315312018761268
0 0.7057714462280273 0.9970428026639498 0.01840386023888221 0.0054434262789212744
0 0.5723216350261981 0.8094219061044546 0.013778393085186299 0.013786609356219951
0 0.49933019051185024 0.5762771459726187 0.1325076176570012 0.1310906043419471
