0 0.7255133848923904 0.9048728942871094 0.0365147223839393 0.036205291748046875
0 0.3403304173396184 0.8386567922738882 0.02891709254338191 0.028786732600285456
0 0.19951934080857497 0.3133967106158917 0.022856418903057393 0.022599440354567308
0 0.2485325153057392 0.22663050431471604 0.018622178297776442 0.018578786116379958
0 0.6449593764085036 0.8652046643770658 0.017084268423227165 0.01705022958608774
0 0.24359919474675104 0.367069281064547 0.016135215759277344 0.016108146080603965
0 0.4523916978102464 0.6205015916090745 0.016172042259803183 0.016314286452073317
0 0.5838904014000525 0.11434435844421387 0.017399421105018027 0.017475164853609525
0 0.8121926967914288 0.02192889268581684 0.015836128821739785 0.015935642214921806
0 0.5027660956749549 0.33599369342510516 0.017213821411132812 0.01705763890193059
0 0.3398072902972882 0.6838478675255408 0.015746630155123197 0.015744135929987982
0 0.517453120304988 0.7316482250507061 0.01565214303823618 0.015658451960637018
0 0.21109966131357047 0.19159463735727164 0.015023891742412861 0.014891991248497596
0 0.5402933267446665 0.9894972581129807 0.04095781766451322 0.018726348876953125
0 0.7560713841364934 0.9223622542161208 0.014779897836538462 0.014871890728290264
0 0.37402941630436826 0.5638237733107346 0.014914879432091346 0.014868076031024639
0 0.6856743005605844 0.05896239555799044 0.015076710627629207 0.015093189019423265
0 0.42586326599121094 0.6380852919358474 0.015314395611102764 0.015599470872145433
0 0.607823738685021 0.15627345672020546 0.014841226431039663 0.014858686006986178
0 0.19449857565072867 0.2504881712106558 0.014044468219463643 0.013935015751765324
0 0.7983617048997146 0.4770525785592886 0.014289415799654447 0.014227867126464844
0 0.49448768909160906 0.608592363504263 0.015535794771634616 0.015526184668907752
0 0.5789367235623873 0.14752118404094988 0.014410165640024038 0.014453374422513522
0 0.6141519546508789 0.1387935601747953 0.014174094566932091 0.014489467327411357
