0 0.9238349474393405 0.10972200907193698 0.04250379709097055 0.04226596538837139
0 0.8873516229482797 0.36596433932964617 0.04261911832369291 0.04251458094670223
0 0.97485168163593 0.10972200907193698 0.03705949049729567 0.037664046654334433
0 0.6475586524376502 0.30343305147611177 0.03422751793494591 0.03412554814265324
0 0.7531512333796575 0.40108170876136195 0.03455895643967848 0.0345003421490009
0 0.23623415140005258 0.5668558707604041 0.030430133526141826 0.03016075721153846
0 0.769314692570613 0.16549059060903695 0.023907001201923076 0.02388132535494291
0 0.8094545511099008 0.6286555070143479 0.02096102787898137 0.021098797137920674
0 0.7974205750685471 0.3732402508075421 0.023628381582406852 0.024018361018254206
0 0.5040834133441632 0.6941848901601938 0.02661308875450721 0.02642822265625
0 0.6662571246807392 0.18412630374615008 0.023602705735426683 0.023536168611966647
0 0.29766211142906773 0.970945798433744 0.045378538278432995 0.045787811279296875
0 0.04683179580248319 0.6109713040865384 0.02699012939746563 0.027188227726862982
0 0.312531251173753 0.5123331730182354 0.023253514216496393 0.023098212022047777
0 0.8024049905630258 0.591435432434082 0.01804175743689904 0.017934652475210335
0 0.3511068637554462 0.28336339730482835 0.018207256610576924 0.01830442135150616
0 0.6067412082965558 0.4711753405057467 0.018021876995380107 0.017997888418344352
0 0.20506752454317534 0.30095579073979306 0.02309414056631235 0.02291389612051157
0 0.7098483305711013 0.10184852893535908 0.01923091594989483 0.019099895770733174
0 0.4838856917161208 0.3896987254802997 0.04988318223219652 0.04855647453894982
0 0.2717734116774339 0.32894270236675555 0.02027555612417368 0.020043226388784554
0 0.5194082260131836 0.9021139144897461 0.052293630746694714 0.0526881584754357
0 0.5094110048734225 0.7906381166898288 0.030547068669245794 0.030644343449519232
0 0.5197867613572341 0.7794513702392578 0.019512029794546273 0.019855792705829326
0 0.5874038476210374 0.5729375252356896 0.015663807208721455 0.01595475123478816
0 0.4953644092266376 0.8810374920184796 0.01623117006742037 0.016220239492563102
0 0.800538576566256 0.8595547309288611 0.34577149611253005 0.27636073185847354
0 0.502257933983436 0.765809572660006 0.021155137282151442 0.02132239708533654
0 0.4989154522235577 0.4796986213097206 0.017360980694110576 0.01740396939791166
0 0.11403098473182091 0.7164193666898288 0.017245145944448616 0.017254756047175482
0 0.7744112014770508 0.19924244513878456 0.016893533559945915 0.017130558307354268
0 0.8985956632173978 0.15334929869725153 0.015747950627253607 0.015624688221858097
0 0.6366566878098708 0.2822979780343863 0.016518226036658652 0.016411267794095553
0 0.226958494919997 0.4653769639822153 0.016814048473651592 0.016718497643103965
0 0.9404807457557092 0.45060253143310547 0.022167205810546875 0.02237701416015625
0 0.5411258110633264 0.9102954864501953 0.026140506450946514 0.027068504920372598
0 0.09969561833601731 0.16848039627075195 0.016574676220233623 0.016677709726186898
0 0.4813698988694411 0.7048982473520132 0.021871566772460938 0.022017552302433893
0 0.49904808631310094 0.6559941952045147 0.02679296640249399 0.027140690730168268
0 0.3906709964458759 0.9798597189096304 0.028195014366736777 0.027916541466346152
0 0.511414124415471 0.9257210217989408 0.02406795208270733 0.024068685678335335
0 0.3974376091590294 0.7598598186786358 0.019994735717773438 0.01975866464468149
0 0.172607421875 0.6956756298358624 0.018518961392916165 0.01832433847280649
0 0.2693965251629169 0.023318717112907998 0.01853033212515024 0.018593485538776103
0 0.13624350841228777 0.6558573796198919 0.018667074350210335 0.018793106079101562
0 0.8524202200082632 0.1842477138225849 0.01686859130859375 0.01660618415245643
0 0.5080379706162673 0.7500632359431341 0.018996238708496094 0.019123957707331732
0 0.15302003346956694 0.7432812910813552 0.027535365178034857 0.026431743915264424
0 0.9028659233680139 0.34401864271897536 0.02149171095628005 0.02152839073768029
0 0.14451111280001128 0.5299327556903546 0.016162688915546123 0.0163266108586238
0 0.503142943749061 0.04179228269136869 0.015282557560847355 0.015366831651100745
0 0.9103224827693059 0.37699222564697266 0.023197760948768027 0.02335636432354267
0 0.35850095748901367 0.6702594757080078 0.01598218771127554 0.015818669245793268
0 0.8290218940147986 0.3725188695467435 0.014756716214693509 0.014864187974196214
0 0.3563689818749061 0.899417363680326 0.01717516092153696 0.01706534165602464
0 0.9179489429180439 0.4417145068828876 0.02304209195650541 0.02306960179255559
0 0.6855726975661057 0.20702743530273438 0.01610403794508714 0.015958492572490986
0 0.7354340186485877 0.339722046485314 0.017154840322641227 0.016863015981820915
0 0.5332406117365911 0.17049466646634615 0.01614042428823618 0.01602957798884465
0 0.40558257469764125 0.7830857496995193 0.01673404987041767 0.016547569861778848
0 0.1519032074854924 0.678479268000676 0.02203710262592022 0.022109105036808893
0 0.48389299099261945 0.6806450623732346 0.019097108107346755 0.01943823007436899
0 0.770123555110051 0.2731000093313364 0.016132061298076924 0.016410424159123346
0 0.06195689164675199 0.5386216823871319 0.015487432479858398 0.015384233914888822
0 0.3931129162128155 0.18273491125840408 0.01550887181208684 0.015423224522517277
0 0.5744362244239221 0.08524324343754695 0.01539296370286208 0.015624266404371995
0 0.3939389448899489 0.9908253596379206 0.02473728473369892 0.0169528080866887
0 0.8787634189312274 0.16902850224421576 0.016965279212364785 0.017180589529184196
0 0.48325435931865984 0.7520341139573318 0.022400929377629206 0.022443037766676683
0 0.46999461834247297 0.607185803926908 0.016106092012845553 0.015593308668870192
0 0.8117206280048077 0.2312481953547551 0.015046633206881009 0.01516276139479417
0 0.02847307461958665 0.33447867173414964 0.01644285825582651 0.01615010775052584
0 0.823484860933744 0.0783540102151724 0.014570676363431491 0.014572895490206204
0 0.4729844606839694 0.665504162128155 0.017965316772460938 0.01805730966421274
0 0.7535205987783579 0.22773014582120454 0.014416914719801683 0.0144044069143442
0 0.8639323161198542 0.17226320046644944 0.01975118196927584 0.020044693580040567
0 0.3355396344111516 0.680960435133714 0.01807579627403846 0.018241295447716348
0 0.06197891327051016 0.5226875451894907 0.01575007805457482 0.016006102928748496
0 0.45851905529315656 0.6152042608994704 0.015002910907451924 0.015037903418907752
0 0.7627137991098257 0.47478741865891677 0.01436614990234375 0.01442403059739333
0 0.15063335345341608 0.6633608891413763 0.01947894463172326 0.019649212176983174
0 0.2908648344186636 0.2837851964510404 0.019753456115722656 0.01967752896822416
0 0.1843446951646071 0.37700058863713193 0.015401840209960938 0.015484883235051082
0 0.2254178707416241 0.7656349769005408 0.015492952786959134 0.015497647798978366
0 0.799931159386268 0.330806328700139 0.014566568227914663 0.015006285447340745
0 0.4615724270160382 0.32182939235980695 0.013970741858849159 0.013971255375788761
0 0.6865614377535306 0.4677179776705228 0.01490035423865685 0.01486954322228065
0 0.7573858407827524 0.032797593336838946 0.016126485971304085 0.016105230037982646
0 0.10983433173252986 0.8295242603008564 0.01860983555133526 0.018535614013671875
0 0.9903150705190805 0.4515466323265663 0.015183668870192308 0.018509644728440505
0 0.04146509445630587 0.629912596482497 0.015357485184302697 0.015374550452599159
0 0.5248335324800931 0.33230950282170224 0.015929588904747598 0.015732398399939902
0 0.49675365594717175 0.7141816065861628 0.016840567955603965 0.016909379225510817
0 0.3074898352989784 0.7243750645564153 0.0166321534376878 0.01676016587477464
0 0.29940311725323016 0.619589585524339 0.014690839327298678 0.014837411733774038
0 0.8447623619666467 0.448703985947829 0.016581315260667067 0.016071906456580527
0 0.4865398406982422 0.08222316778623141 0.01778133098895733 0.017772197723388672
0 0.5531505437997671 0.32918798006497896 0.01468966557429387 0.014591657198392428
0 0.6337411587054913 0.3272472895108737 0.013162466195913462 0.013199145977313701
0 0.14122399000021127 0.501408576965332 0.014222970375647912 0.014288242046649639
0 0.28452348709106445 0.6229800444382888 0.014778210566594051 0.014679248516376201
0 0.16547661561232346 0.2227617777310885 0.014296678396371694 0.014406937819260817
0 0.027629925654484674 0.19218936333289513 0.015156791760371281 0.015194159287672777
0 0.523189324599046 0.6591901045579177 0.015064166142390324 0.015243236835186299
0 0.5236238332895132 0.9075434758112981 0.016875340388371393 0.016710428091195915
0 0.1634691861959604 0.4692975557767428 0.015591988196739784 0.015850213857797477
0 0.5671223493722769 0.9365668663611779 0.01676067939171424 0.01627951401930589
0 0.40320220360389125 0.832222425020658 0.014751140887920674 0.014613811786358174
0 0.1429925148303692 0.7338937612680289 0.016268436725323018 0.016293158897986777
0 0.8072090148925781 0.4982879345233624 0.01918792724609375 0.019153301532451924
0 0.2507038483252892 0.5392175087561975 0.014008448674128605 0.01394946758563702
0 0.9426034780649039 0.4373276417072003 0.025094252366286058 0.02640540783221905
