0 0.09973450807424691 0.9454240065354568 0.067673187989455 0.06744619516225961
0 0.1040876553608821 0.7384894444392278 0.04572626260610727 0.04598236083984375
0 0.4816569548386794 0.9868765610914964 0.024041395920973558 0.023154038649338942
0 0.07612875791696402 0.22891084964458758 0.04682755470275879 0.04673921144925631
0 0.5043109013484075 0.41078816927396333 0.03467853252704327 0.034591968242938705
0 0.5846923681405874 0.6709735576923077 0.027309197645920973 0.027355047372671273
0 0.553257942199707 0.1436314582824707 0.03334867037259615 0.033555214221660905
0 0.9255158351017878 0.5487853196951059 0.04639522845928486 0.0472406974205604
0 0.12629250379709098 0.5085749626159668 0.021642648256742038 0.021837454575758714
0 0.944340339073768 0.22899679037240836 0.04251802884615385 0.04736812298114483
0 0.05627549611605131 0.7983168822068435 0.0344764911211454 0.035379263070913464
0 0.05285600974009587 0.6797617398775541 0.027820816406836875 0.027733582716721755
0 0.0704596546980051 0.2813910704392653 0.02906303222362812 0.029006371131310098
0 0.8924428499661959 0.09244059599362887 0.033469860370342545 0.033234174434955306
0 0.3848923169649564 0.5371200121366061 0.03370050283578726 0.03394919175368089
0 0.9145372830904447 0.8023977279663086 0.027186467097355768 0.026955824631911058
0 0.8460328028752253 0.21475780927217925 0.021899883563701924 0.021628819979154147
0 0.1839755498445951 0.6129262630756085 0.02163549569936899 0.021553186269906852
0 0.6182363950289212 0.43724657939030576 0.021602924053485576 0.02158671159010667
0 0.6999783149132361 0.760388447688176 0.032613167395958535 0.032923184908353366
0 0.5268564957838792 0.7839334928072416 0.01996187063363882 0.019904650174654447
0 0.6002702713012695 0.9704154087946966 0.02580569340632512 0.02574010995718149
0 0.09641161331763634 0.42881037638737607 0.05217467363064106 0.052031443669245794
0 0.9332348016592172 0.8500815171461839 0.04832297105055589 0.048385913555438705
0 0.8736398403461163 0.7537405307476337 0.02636117201585036 0.026249225323016826
0 0.08485345657055195 0.8213213407076322 0.02253271983220027 0.022462991567758415
0 0.9365526346059946 0.4219047106229342 0.03490037184495192 0.03481278052696815
0 0.565713148850661 0.7334688626802884 0.018398138192983773 0.01848602294921875
0 0.8890323638916016 0.6602023198054388 0.0301205561711238 0.03049322275015024
0 0.332026665027325 0.7056954457209661 0.02254662146935096 0.02259958707369291
0 0.15445887125455415 0.9779599996713492 0.03923812279334435 0.03943340594951923
0 0.8939882425161508 0.020352487380688008 0.0371545644906851 0.0365144289456881
0 0.1457968675173246 0.5282430648803711 0.019461558415339544 0.019674007709209736
0 0.15148657101851243 0.9409245711106521 0.04577187391427847 0.04649088932917668
0 0.6582541832557092 0.8272559092595027 0.05464025644155649 0.05494352487417368
0 0.8194496448223407 0.7968341387235202 0.03361716637244591 0.03347338162935697
0 0.6514277824988732 0.21303360278789812 0.018535320575420674 0.018477439880371094
0 0.1217201306269719 0.4094244883610652 0.016195113842303935 0.016255892240084134
0 0.36974015602698695 0.4762597450843224 0.016629439133864183 0.016661864060621995
0 0.8040781754713792 0.9181922032282903 0.03227087167593149 0.03267346895658053
0 0.9413738250732422 0.8945853893573468 0.04213098379281851 0.045974438007061295
0 0.31955190805288464 0.763765261723445 0.04236580775334285 0.04281161381648137
0 0.7387379866379958 0.7189841637244592 0.0241241455078125 0.024218926062950723
0 0.8614950913649339 0.2731512143061711 0.04360198974609375 0.043819280771108776
0 0.5903069055997409 0.5748251401461087 0.03566162402813251 0.03529717372013973
0 0.6956603710467999 0.11332963063166691 0.05189426128680889 0.051439762115478516
0 0.6157876528226413 0.620757323044997 0.04574500597440279 0.04575146161592924
0 0.8920406928429236 0.12833967575660118 0.038050284752478965 0.03811498788686899
0 0.8470618908221905 0.2505336357997014 0.04653299771822416 0.047441299145038314
0 0.48241817034207857 0.26750626930823695 0.021704380328838643 0.021981459397536058
0 0.929665051973783 0.11370631364675668 0.03937266423152043 0.03953959391667293
0 0.8691579378568209 0.3583186956552359 0.020901019756610576 0.020928016075721152
0 0.8233350607065054 0.7549362182617188 0.03118309607872596 0.03129900418795072
0 0.49390814854548526 0.9167341819176307 0.03929416949932392 0.040021456204927884
0 0.046561708817115195 0.7186872042142428 0.019125330906647902 0.022469740647536058
0 0.6190000680776743 0.8789190145639273 0.017728512103740986 0.01788916954627404
0 0.12897341067974383 0.9103590158315805 0.023075947394737832 0.023299290583683893
0 0.08432989854079026 0.330780029296875 0.015877338556142952 0.016102937551645134
0 0.25488945154043346 0.8147756136380709 0.018232345581054688 0.01831392141488882
0 0.5047722963186411 0.7507115877591647 0.057845042302058294 0.05787218534029447
0 0.9444770079392654 0.08901935357313889 0.022178063025841348 0.02235071475689228
0 0.10967875443972074 0.9816697927621695 0.03466894076420711 0.03244737478402945
0 0.4979606775137094 0.795593628516564 0.05772238511305589 0.05739784240722656
0 0.8532518973717322 0.6554134075458233 0.03931074876051683 0.038806915283203125
0 0.5035671087411734 0.44252850459172177 0.029875975388746995 0.03059988755446214
0 0.7816863426795373 0.2297194004058838 0.05334736750676082 0.05380340722891001
0 0.14470984385563776 0.5978566683255709 0.014750480651855469 0.015175525958721455
0 0.7767178462101862 0.05339569311875563 0.07604246873121995 0.0737159802363469
0 0.8503641715416541 0.6292384221003606 0.02362691439115084 0.02389188913198618
0 0.8551648946908804 0.12008003088144156 0.03427886962890625 0.03415269118088942
0 0.5848170793973483 0.5047328655536358 0.058254388662484974 0.056306105393629804
0 0.8651219881497897 0.3325904699472281 0.027146559495192308 0.026967562161959134
0 0.8867561633770282 0.5988692136911246 0.02932401803823618 0.030486913827749398
0 0.5480978305523212 0.9242494289691632 0.01655417222243089 0.016386032104492188
0 0.7646494645338792 0.8427845147939829 0.027359889103816107 0.02744425260103666
0 0.5067274387066181 0.8802877572866586 0.029181993924654447 0.028659527118389424
0 0.9204245347243089 0.027370104422936074 0.01661506065955529 0.01645952807022975
0 0.9503421049851638 0.40155293391301083 0.02686471205491286 0.027859614445612982
0 0.6009235748877892 0.8189783829909104 0.034089088439941406 0.03451802180363582
0 0.5686580217801608 0.8631139901968149 0.02276009779710036 0.022895226111778848
0 0.9109288729154147 0.3317036261925331 0.03514187152569111 0.034544724684495196
0 0.7865129617544321 0.19343225772564226 0.032885037935697116 0.032663785494290866
0 0.7903989645150992 0.026507693987626296 0.030480311467097357 0.029557338127723105
0 0.8987674713134766 0.6301093468299279 0.03191434420072115 0.03251174780038687
0 0.827649189875676 0.22410253378061148 0.0418859628530649 0.03928367908184345
0 0.7931081331693209 0.5763392448425293 0.01751987750713642 0.016980684720552884
0 0.05695640123807467 0.386480844937838 0.016698452142568734 0.016585276677058294
0 0.6521188295804538 0.6934966307419997 0.02991646986741286 0.030236317561222956
0 0.7918225801908053 0.742606676541842 0.026207850529597357 0.026351048396183893
0 0.30515160927405727 0.24891205934377816 0.014228894160344051 0.014200137211726261
0 0.28522905936607945 0.7257699232835036 0.023940893319936898 0.02413764366736779
0 0.9166805560772235 0.9611360109769381 0.022462991567758415 0.022771835327148438
0 0.9231331898615911 0.8219402019794171 0.03562178978553185 0.03758679903470553
0 0.8467543675349309 0.6839950268085186 0.031673431396484375 0.031549893892728366
0 0.07231718301773071 0.3029645039485051 0.01605353905604436 0.016149594233586237
0 0.9279822569627029 0.37181630501380336 0.021083978506234977 0.02094855675330529
0 0.5492022587702825 0.19484765713031477 0.023078331580528848 0.023293421818659857
0 0.7181601157555213 0.7866385533259466 0.014405617347130409 0.014082688551682692
0 0.8854568188007061 0.574484971853403 0.021207369290865384 0.021515332735501803
0 0.6381406784057617 0.9704693280733548 0.04141778212327223 0.041778857891376205
0 0.8813196328970102 0.1742119055527907 0.032405999990609974 0.03334206801194411
0 0.07915584857647236 0.9073555286114032 0.01807637856556819 0.018056722787710335
0 0.5514932779165415 0.19572215813856858 0.019161811241736777 0.019857443295992337
0 0.4267658820519081 0.8935657647939829 0.024782180786132812 0.024814605712890625
0 0.891842768742488 0.46726153447077823 0.03682855459359976 0.03691409184382512
0 0.06506941868708684 0.7787758753849909 0.01652392974266639 0.01671879108135517
0 0.8067897649911734 0.2628355393042931 0.031528326181265026 0.03203868865966797
0 0.897032957810622 0.7453281696026142 0.020304166353665866 0.02042212853064904
0 0.5877952575683594 0.5108760687021109 0.04986132108248197 0.049065736623910755
0 0.636436755840595 0.7960363534780649 0.015543277447040264 0.015553987943209134
0 0.18542707883394682 0.9366361177884616 0.027048404400165264 0.026485149676983174
0 0.6808451872605544 0.4079577372624324 0.01790281442495493 0.018035301795372598
0 0.16968283286461464 0.9092710935152494 0.03557263887845553 0.03443820659930889
0 0.8690135662372296 0.516750849210299 0.0468450692983774 0.046160331139197715
0 0.6938783939068134 0.11911117113553561 0.04110028193547176 0.039879835568941556
0 0.9054970374474158 0.42120298972496617 0.022944523737980768 0.022942836468036357
0 0.7970348504873422 0.3751249680152306 0.03708193852351262 0.03664376185490535
0 0.8659554995023288 0.5064404560969427 0.05622951801006611 0.058897898747370794
0 0.056248994973989636 0.3477637951190655 0.01455079592191256 0.014681302584134616
0 0.6502176431509165 0.7200173598069411 0.03216875516451322 0.032615955059344955
0 0.5813747552724985 0.8471299684964694 0.014705804678109976 0.014330056997445913
0 0.09334468841552734 0.0424922750546382 0.014249434837928185 0.014547430551969089
0 0.652000720684345 0.789776508624737 0.016312232384314902 0.016129126915564902
0 0.655363523043119 0.950992804307204 0.014728252704326924 0.01467440678523137
0 0.5851934873140775 0.5549060381375827 0.026902125431941107 0.02836154057429387
0 0.8668700731717623 0.4013737165010892 0.01584141071026142 0.016089586111215446
