0 0.6167171184833233 0.1108856017772968 0.04795910761906551 0.04800143608680138
0 0.7327680587768555 0.19407187975369966 0.04425136859600361 0.04451282207782452
0 0.9007740020751953 0.35512564732478213 0.037421153141902044 0.03763448275052584
0 0.1545697542337271 0.31186749384953427 0.046096471639779896 0.04635011232816256
0 0.1036067192371075 0.33487903154813325 0.03326955208411583 0.03318970020000751
0 0.6072183755727915 0.3915367860060472 0.022116881150465745 0.022182317880483773
0 0.22812982705923227 0.4745355019202599 0.03125689579890324 0.030566582312950723
0 0.3984427818885216 0.6614946952232947 0.020229339599609375 0.020371216994065505
0 0.22680148711571327 0.10657888192396897 0.021784892449012168 0.021773228278526895
0 0.2174391012925368 0.1376777979043814 0.02242308396559495 0.022740950951209433
0 0.94470581641564 0.0529752648793734 0.023012601412259616 0.02308505315047044
0 0.7931181100698618 0.5264422343327448 0.019480191744290866 0.019602262056790866
0 0.8163001720721905 0.5036766712482159 0.022634066068209134 0.022369898282564603
0 0.7298911901620718 0.8811000677255484 0.019445125873272236 0.019485326913686898
0 0.33418996517474836 0.3518881064194899 0.018424474276029147 0.018500474783090446
0 0.051380661817697376 0.17899142778836763 0.020477753419142503 0.02031282278207632
0 0.5203005717350886 0.5384106269249549 0.019112807053786058 0.019422090970552884
0 0.9594535094041091 0.9398777301494892 0.018476046048677884 0.018415157611553486
0 0.4037353809063251 0.06367682493649997 0.030193622295673076 0.030953407287597656
0 0.8399072060218225 0.05390051695016714 0.01686257582444411 0.01686827953045185
0 0.14209760152376616 0.18306270012488732 0.017808143909160908 0.017698251284085788
0 0.4470805388230544 0.031582025381234974 0.015241769643930288 0.015327095985412598
0 0.1439680136167086 0.4334580348088191 0.018132906693678636 0.01842799553504357
0 0.1737175721388597 0.22909223116361177 0.04376689287332388 0.04367909064659706
0 0.9306163787841797 0.424835388477032 0.02033204298753005 0.01997038034292368
0 0.5970404698298528 0.7081867364736704 0.015291654146634616 0.0154266357421875
0 0.26012385808504546 0.2253728279700646 0.016539463630089395 0.01655468573937049
0 0.316465634566087 0.09410826976482685 0.01541599860558143 0.015300420614389272
0 0.4304799666771522 0.5304259887108436 0.016031558697040264 0.015947268559382513
0 0.40909785490769607 0.07706053440387432 0.023661026587853067 0.02336068795277522
0 0.10520293162419246 0.6226246173565204 0.023288873525766227 0.023148610041691706
0 0.07936989344083346 0.12604590562673715 0.016907215118408203 0.016855459946852464
0 0.6072486730722281 0.23617003514216497 0.01515491192157452 0.015149740072397085
0 0.18991765609154335 0.1822657218346229 0.021417507758507363 0.021590526287372295
0 0.8439231285682092 0.4620361328125 0.01496124267578125 0.015030787541316105
0 0.9660981985238882 0.4202398887047401 0.017743624173677884 0.017624781681941107
0 0.5640003497783954 0.0942605183674739 0.014671032245342549 0.014687354748065654
0 0.7035406552828275 0.3477792006272536 0.017793948833759014 0.018010066105769232
0 0.6681321217463567 0.9455017676720252 0.015851387610802285 0.016018060537484977
0 0.505866160759559 0.8905984438382663 0.01532914088322566 0.015122340275691105
0 0.5252800721388596 0.8477328373835638 0.01649929926945613 0.016742412860576924
0 0.11338606247535118 0.6573856060321515 0.0248562372647799 0.024891046377328727
0 0.926139391385592 0.4357585173386794 0.019393334021935098 0.01922886188213642
0 0.08814957508674034 0.09909785710848294 0.01426245616032527 0.014568952413705679
0 0.9718308815589318 0.41066492520845854 0.013863490178034855 0.017238323505108174
0 0.9062655522273138 0.06353923449149498 0.014510521521935096 0.014534409229572002
0 0.8554718311016376 0.5047277303842398 0.014197422907902645 0.014111885657677284
0 0.3204266107999362 0.2129968496469351 0.01417402120736929 0.014074765718900241
0 0.21288427939781776 0.42627892127403844 0.020497688880333535 0.020684315608097956
0 0.9337212489201472 0.5078612474294809 0.013907505915715145 0.014100001408503605
0 0.24893133456890398 0.7721193753756009 0.015005405132587139 0.015113243689903846
0 0.04169583779114943 0.15269877360417292 0.016768198746901292 0.016754297109750602
0 0.027394624856802132 0.1410505588238056 0.015195782367999736 0.015400923215425931
0 0.2117175689110389 0.020148689930255596 0.014190673828125 0.014089543085831862
0 0.9288883942824143 0.4281014662522536 0.022281793447641227 0.0225680424616887
0 0.7495482518122747 0.06551537146935096 0.014197129469651442 0.013989741985614482
0 0.9267861292912409 0.43264003900381237 0.02238948528583233 0.022465852590707634
0 0.40697189477773815 0.8337328250591571 0.014078286977914663 0.014177615825946514
0 0.14725189942580003 0.1182096004486084 0.013797356532170223 0.013985230372502254
0 0.969383533184345 0.41574793595534104 0.018818488487830527 0.021589205815241888
0 0.8443720890925481 0.5235589467562162 0.013232011061448317 0.013238760141225962
0 0.10111030248495248 0.6977935204139123 0.05524827883793758 0.056018829345703125
