0 0.19211281262911284 0.8872275719275842 0.04156175026526818 0.041794850276066706
0 0.8130256946270282 0.5612299258892353 0.028431819035456732 0.0285645264845628
0 0.8455276489257812 0.5903490139887884 0.024153782771183893 0.024194864126352165
0 0.287845648252047 0.939633296086238 0.02844685774583083 0.028393672062800482
0 0.05643079831049992 0.28073795025165266 0.023562541374793418 0.023563605088454027
0 0.26847003056452823 0.12800768705514762 0.021266937255859375 0.021615321819598857
0 0.2313859646136944 0.11529997678903434 0.01840807841374324 0.018393296461838942
0 0.9316447331355169 0.08694146229670598 0.017687870905949518 0.0177612671485314
0 0.7491460946890024 0.4227319130530724 0.017144129826472357 0.017257837148813102
0 0.34442604505098784 0.6898188957801232 0.017557070805476263 0.01748510507436899
0 0.2656800930316632 0.2457860799936148 0.016977456899789665 0.017038638775165264
0 0.480192808004526 0.008926772154294528 0.024793478158804085 0.01672095977343046
0 0.10474083973811223 0.5664812968327448 0.017868482149564303 0.017888435950646035
0 0.4113514239971454 0.5410005862896259 0.017623754648061898 0.017726604755108174
0 0.5147095460158128 0.6343021392822266 0.016835872943584736 0.016944298377403848
0 0.5075043164766752 0.4574414766751803 0.017170539269080527 0.017007827758789062
0 0.47541123170119065 0.6014184218186599 0.016810050377478965 0.016919062687800482
0 0.6998354104849008 0.6688812696016752 0.018768897423377402 0.01862173814039964
0 0.03590996448810284 0.36248254776000977 0.019474102900578424 0.019492442791278545
0 0.8844782022329477 0.4807530916654147 0.015826592078575723 0.015750738290640023
0 0.1444425216087928 0.8957474781916692 0.016204137068528395 0.016212316659780648
0 0.5553147976215069 0.5490680107703576 0.01601864741398738 0.015920639038085938
0 0.10002380151015061 0.7282168315007136 0.015182238358717699 0.015198634221003605
0 0.03579867344636183 0.7487301459679236 0.015420051721426157 0.01555340106670673
0 0.8667196127084585 0.31183726970966047 0.015327747051532451 0.015633821487426758
0 0.81738097851093 0.46728126819317156 0.015164888822115384 0.015251599825345553
0 0.08423144083756667 0.17831897735595703 0.015944700974684495 0.0159151737506573
0 0.46441819117619443 0.41937864743746245 0.014692453237680288 0.014925296490009014
0 0.9789109596839318 0.8042468291062576 0.015900391798753005 0.015830260056715745
0 0.5471515655517578 0.2068622662470891 0.015451724712665264 0.015557142404409556
0 0.38241485448984 0.6461769984318659 0.014827948350172777 0.01458740234375
0 0.9470641796405499 0.5897380388700045 0.014824207012469951 0.0149688720703125
0 0.7754691197321966 0.17471753633939302 0.015560443584735576 0.015254827646108774
0 0.3067272993234488 0.9448292072002704 0.016980538001427285 0.01722438518817608
0 0.6045445295480582 0.48765828059269833 0.014650271489070011 0.014476849482609676
0 0.356692020709698 0.1922762210552509 0.0140226804293119 0.01413103250356821
0 0.8965994761540339 0.5176222140972431 0.014074178842397837 0.013996564424954928
0 0.29387811514047474 0.7779240975013146 0.014642128577599159 0.01467587397648738
0 0.013945185221158542 0.6404317709115835 0.014267517970158504 0.014586815467247596
0 0.8643167935884916 0.5955197260929987 0.017661314744215745 0.017540418184720553
0 0.8836281116192157 0.6908972813532903 0.014449192927433895 0.014481617854191707
0 0.15117047383235052 0.13047512677999643 0.014050740462083083 0.01386431547311636
0 0.5951816118680514 0.19659134057851937 0.013955483069786659 0.01401688502385066
0 0.9129045926607572 0.582062134375939 0.013970595139723558 0.013844563410832332
0 0.18903798323411208 0.9549878193781927 0.014104292942927433 0.014234249408428486
0 0.6043374355022724 0.8513017067542443 0.014725538400503306 0.014821712787334736
0 0.8137374291053185 0.5230799088111291 0.018912682166466348 0.018856268662672777
0 0.9773590381328876 0.21001192239614633 0.014173947847806491 0.01430966303898738
0 0.5810584288377029 0.44074065868671125 0.014526807344876803 0.014660028310922476
0 0.015086258833224956 0.7039152292104868 0.014045458573561449 0.014345609224759616
0 0.7948028857891376 0.9299405904916617 0.013845590444711538 0.013879042405348558
0 0.8141415669367864 0.5358560268695538 0.014894338754507212 0.014615425696739784
