0 0.49624542089609 0.3668362544133113 0.15385899176964393 0.15140892909123346
0 0.6467476624708909 0.14694344997406006 0.1781745323768029 0.17218730999873236
0 0.6449783765352689 0.45554975362924427 0.03635964026817909 0.03581942044771635
0 0.7541024134709284 0.23273790799654448 0.044503432053786054 0.04449059413029598
0 0.190033325782189 0.09795873898726243 0.1372232437133789 0.18455940026503342
0 0.2520275849562425 0.8025392385629507 0.03281879425048828 0.03273230332594652
0 0.6921119689941406 0.4230499267578125 0.05313609196589543 0.05292643033541166
0 0.3615458928621732 0.8172873717087966 0.020338792067307692 0.020220536452073317
0 0.6165535266582782 0.5868114324716421 0.021817427415114183 0.0218502924992488
0 0.8149868158193735 0.14668666399442232 0.02517876258263221 0.024501507098858174
0 0.48254842024583083 0.520782470703125 0.02378221658559946 0.023987256563626803
0 0.7881424243633564 0.5319714913001428 0.02930024953988882 0.029242588923527643
0 0.3220817125760592 0.11844809238727276 0.02783379187950721 0.028273362379807692
0 0.34289073944091797 0.18056590740497297 0.030463292048527643 0.03100864703838642
0 0.8427812136136569 0.9535768949068509 0.025139735295222357 0.02523950430063101
0 0.6062864156869742 0.034656185370225176 0.02464631887582632 0.024681586485642653
0 0.6758336287278396 0.37803855309119594 0.03136091965895433 0.03148093590369591
0 0.6918607858511118 0.2782705013568585 0.025103055513822116 0.02486727787898137
0 0.7599631089430589 0.3662563470693735 0.02257845951960637 0.02273244124192458
0 0.7205292628361628 0.6494040122398963 0.02224878164438101 0.022511849036583535
0 0.7490857931283804 0.4487108083871695 0.027120296771709736 0.027314259455754206
0 0.6371420346773587 0.03997054466834435 0.02088781503530649 0.0208737299992488
0 0.18724905527555025 0.12744619296147272 0.029263019561767578 0.02915793198805589
0 0.6141834992628831 0.31379952797522914 0.0188754155085637 0.01865863800048828
0 0.6576827122614934 0.10070265256441556 0.01950660118689904 0.019442374889667217
0 0.5870770674485427 0.781186030461238 0.025734534630408652 0.02585014930138221
0 0.7171749701866736 0.2949533462524414 0.026688208946814902 0.026670089134803183
0 0.34743470412034255 0.8666936434232272 0.01706211383526142 0.017031009380634014
0 0.6611756544846755 0.05443774736844576 0.02216925987830529 0.022301215391892653
0 0.5632297809307392 0.5027002921471229 0.01904164827786959 0.018867639394906852
0 0.45922990945669323 0.11775803565979004 0.02319966829740084 0.023293348459097054
0 0.3313698401817909 0.6061259783231295 0.02000713348388672 0.020200435931865986
0 0.40007914029634917 0.8905652853158804 0.027032778813288763 0.027260413536658652
0 0.3087294285113995 0.5756449332604041 0.019678115844726562 0.01956778306227464
0 0.695128660935622 0.6162715324988732 0.018390068641075723 0.018534293541541465
0 0.36230637476994443 0.7830684368426983 0.018701846782977764 0.01892882127028245
0 0.19566055444570687 0.7227381192720853 0.020055587475116435 0.019898047814002402
0 0.3231540826650766 0.8048185935387244 0.021434490497295674 0.021545263437124398
0 0.37299376267653245 0.08345349018390362 0.02378082275390625 0.023910297797276422
0 0.6161873157207782 0.5261023594782903 0.05441694993239183 0.05497947105994591
0 0.6701299227201022 0.29335869275606596 0.02308830848106971 0.02315836686354417
0 0.6002870706411508 0.33174624809852016 0.01700137211726262 0.017043333787184495
0 0.20451222933255708 0.5978935681856595 0.018520942101111777 0.01843877939077524
0 0.31564994958730846 0.8598935053898737 0.015176112835223857 0.015349314762995793
0 0.597319089449369 0.44722652435302734 0.023061312161959134 0.022806094242976263
0 0.5914366795466497 0.20561407162592962 0.13658787653996393 0.1342006096473107
0 0.8142629770132211 0.23676850245549128 0.018931755652794473 0.018969242389385518
0 0.3153232427743765 0.33853872005756086 0.017219708516047552 0.017379393944373496
0 0.5149291845468374 0.22411621533907378 0.017979255089393027 0.01802517817570613
0 0.763815659743089 0.3426663325383113 0.022760537954477165 0.02277990487905649
0 0.15488085379967323 0.12635067793039176 0.01943049064049354 0.01955975019014799
0 0.6306015161367563 0.4176597595214844 0.022317152756911058 0.022124217106745794
0 0.2848515143761268 0.037433738891895 0.016576840327336237 0.01653882173391489
0 0.3835581999558669 0.15314550583179182 0.02555113572340745 0.025680413612952598
0 0.24184245329636794 0.16579305208646333 0.019330978393554688 0.019486280588003304
0 0.5669926129854642 0.4419073691734901 0.03597039442795973 0.03548152630145733
0 0.8273731378408579 0.16392990259023812 0.015927681556114785 0.01616059816800631
0 0.6236864970280573 0.10630558087275578 0.015898484450120192 0.016136958048893854
0 0.8070925199068509 0.5012994912954477 0.02387090829702524 0.02448756878192608
0 0.655548095703125 0.30122639582707333 0.01749244103064904 0.01731271010178786
0 0.1920920335329496 0.04936544711773212 0.016651043525108926 0.01669792028573843
0 0.7595442258394681 0.11323347458472618 0.0380552732027494 0.038650769453782305
0 0.7838862492487981 0.7420736459585336 0.02813119154710036 0.02781853309044471
0 0.5753046549283541 0.8124226790208083 0.01898538149320162 0.018885392409104567
0 0.68109130859375 0.3207641381483812 0.029846925001878005 0.029401192298302285
0 0.7058743696946365 0.3743696946364183 0.015134371243990384 0.01516415522648738
0 0.469027225787823 0.4542906100933368 0.03302500798152043 0.03307386545034555
0 0.356597166794997 0.7988840983464167 0.015521929814265324 0.015406535221980168
0 0.7450959132267878 0.47612637739915115 0.01404278094951923 0.014094719519981971
0 0.7981765453632061 0.17282537313608023 0.019440871018629808 0.01949134239783654
0 0.29271727341871995 0.7876657339242789 0.01587515610914964 0.015694398146409255
0 0.21419877272385818 0.015687807248188898 0.01942575894869291 0.019696570359743558
0 0.3073575313274677 0.04134529370528001 0.016721285306490384 0.016873105214192316
0 0.7466333829439603 0.08405480018028846 0.01724096444936899 0.01723703512778649
0 0.3224587073692909 0.07062958754025973 0.021310879633976862 0.02102490571828989
0 0.6452355018028846 0.388850945692796 0.01993986276479868 0.02006809528057392
0 0.6191410651573768 0.4766494310819186 0.031357948596660905 0.03159273587740385
0 0.7320327758789062 0.06046674801753117 0.018694510826697715 0.018820964373075046
0 0.7160455263577975 0.04389741329046396 0.020476708045372598 0.02074277400970459
0 0.3013314467210036 0.8979633037860577 0.014594591580904447 0.014641688420222355
0 0.1824790881230281 0.39093960248506987 0.11493858924278846 0.14153275123009315
0 0.2050952177781325 0.8245478409987229 0.014911908369797926 0.014715047983022837
0 0.643406501183143 0.26132818368765026 0.023265545184795674 0.02268534440260667
0 0.849810160123385 0.17475067652188814 0.017699755155123197 0.017701038947472207
0 0.5355086693396935 0.3120628503652719 0.0144805908203125 0.01445287924546462
0 0.7098529522235577 0.5939463101900541 0.016673748309795674 0.01638456491323618
0 0.23006472220787635 0.6469718492948092 0.016683651850773737 0.01667506878192608
0 0.8037649301382211 0.0917665041410006 0.014698028564453125 0.015070475064791165
0 0.5373870409451998 0.3346595764160156 0.030040154090294473 0.030182545001690205
0 0.382380852332482 0.907196778517503 0.014556151169996995 0.01486514164851262
0 0.7251870081974909 0.5524874100318322 0.022023714505709134 0.02236806429349459
0 0.6277156242957482 0.36176292712871844 0.02095794677734375 0.02030343275803786
0 0.49548229804405797 0.9531561044546274 0.024662898137019232 0.02434569138746995
0 0.7787249638484075 0.6399970421424279 0.014313624455378605 0.014217963585486779
0 0.14477860927581787 0.8409318190354568 0.015219028179462139 0.015314248891977163
0 0.2409495206979605 0.9346278263972356 0.01773826892559345 0.017644735483022835
0 0.6213666475736178 0.12145266166100135 0.016243531153752253 0.016338495107797477
0 0.3968521264883188 0.09379128309396598 0.016474063579852764 0.016596390650822565
0 0.5502644318800706 0.31494386379535383 0.017970892099233773 0.018440686739408053
0 0.8419053004338191 0.1915887319124662 0.01824613717886118 0.018441126896784857
0 0.7904723240778997 0.48504220522367036 0.016423592200646035 0.016542728130634014
0 0.34895896911621094 0.723912239074707 0.01866458012507512 0.018574054424579326
0 0.27331022115854114 0.7780770521897536 0.01630863776573768 0.0164797856257512
0 0.6985627687894381 0.24828369800861066 0.01740294236403245 0.017612934112548828
0 0.18839520674485427 0.7492697789118841 0.015051731696495643 0.014940995436448317
0 0.16415951802180365 0.4469770284799429 0.02539231226994441 0.025118461022010215
