0 0.7203736672034631 0.6116335208599384 0.04035142751840445 0.03969573974609375
0 0.4396860416118915 0.7244994823749249 0.07825932135948768 0.07736411461463341
0 0.14810547461876503 0.3433171052199144 0.021995397714468148 0.022054378802959736
0 0.6267120654766376 0.3443201505220853 0.031044446505033053 0.031044886662409857
0 0.18743322445796087 0.3477907914381761 0.022339454064002402 0.022455655611478366
0 0.8464906399066632 0.4542370942922739 0.023015975952148438 0.022985018216646634
0 0.72661986717811 0.5270645068241999 0.018121866079477165 0.01804696596585787
0 0.18774714836707482 0.783225573026217 0.02230064685528095 0.022253770094651442
0 0.5048639590923603 0.9574027428260217 0.025299218984750602 0.025324894831730768
0 0.36760847385113055 0.6528657032893255 0.13630331479586089 0.13595111553485578
0 0.1471078212444599 0.41141238579383266 0.01852893829345703 0.01855131296011118
0 0.7412863511305589 0.37864420964167667 0.0279385493351863 0.02813588655911959
0 0.47645998001098633 0.24587669739356408 0.021254832927997295 0.02134557870718149
0 0.6920899611253005 0.28839689034682053 0.049402677095853366 0.04890981087317833
0 0.22318025735708383 0.13107553812173697 0.03458081758939303 0.03447657365065355
0 0.3718011195843036 0.008823642363915076 0.01973100808950571 0.016807540104939386
0 0.6139593124389648 0.30227521749643177 0.016042122474083535 0.016261761005108174
0 0.33901339310866135 0.2941773854769193 0.02908178476186899 0.02884681408221905
0 0.7038275645329402 0.5073323616614709 0.019081262441781852 0.019117355346679688
0 0.1520983989422138 0.12010342341202956 0.023393924419696514 0.02331082637493427
0 0.40726683689997745 0.2547460702749399 0.03251383854792668 0.0327607668363131
0 0.4760006757882925 0.31396807157076323 0.020325293907752402 0.020418533912071817
0 0.15717040575467622 0.5544331990755521 0.02349999317756066 0.023706509516789362
0 0.4484869150015024 0.6274868891789362 0.040350107046274036 0.04037039096538837
0 0.6829570623544546 0.8840596125676081 0.07784109849196214 0.0762026860163762
0 0.15965469066913313 0.3259108616755559 0.0169066649216872 0.01676786862886869
0 0.8168296813964844 0.5256248254042405 0.017184037428635817 0.016846436720628005
0 0.5783799978402945 0.8847830845759466 0.09982651930588943 0.10110825758713943
0 0.5023958499615009 0.5268361385052021 0.021515699533315804 0.02194052476149339
0 0.7235051668607272 0.4578858889066256 0.016691061166616585 0.01654338836669922
0 0.65387513087346 0.967076668372521 0.019178243783804085 0.0189511225773738
0 0.8489565482506385 0.4186286926269531 0.01693578866811899 0.016998291015625
0 0.8296921069805439 0.8488346980168269 0.01719518808218149 0.017227906447190505
0 0.8314151030320388 0.18003052931565505 0.01918367239145132 0.019194749685434196
0 0.4400319319504958 0.051845935674814075 0.018430709838867188 0.018431645173292894
0 0.6928722675030048 0.2554714863116925 0.02315521240234375 0.023522413693941556
0 0.7857210452740009 0.7233690115121695 0.015270086435171274 0.015234433687650241
0 0.19448016240046576 0.20548435357900766 0.03108838888315054 0.03114476570716271
0 0.5389957061180701 0.6060867309570312 0.020705589881310098 0.021041136521559495
0 0.5467625397902268 0.40918709681584287 0.016506048349233773 0.016565909752478965
0 0.33181902078481823 0.5935074732853816 0.014972686767578125 0.015012447650615986
0 0.8031409336970403 0.3124382679279034 0.016602736253004808 0.01690842555119441
0 0.42929744720458984 0.9734183091383714 0.017046708327073317 0.01720575185922476
0 0.3532750056340144 0.6767347775972806 0.016572071955754206 0.016203953669621393
0 0.35510620704064 0.6444509946382962 0.018557035006009616 0.01840048569899339
0 0.40241465201744664 0.3003069987663856 0.01623395773080679 0.016039151411790114
0 0.43552483045137846 0.7227843357966497 0.015382766723632812 0.016273645254281852
0 0.20470738410949707 0.7976754995492789 0.01876387229332557 0.018561289860652044
0 0.5046578554006723 0.32273006439208984 0.02453892047588642 0.024074261005108174
0 0.630068485553448 0.9593846247746394 0.01676001915564904 0.016600682185246393
0 0.4209819206824669 0.8173870673546424 0.016408186692457933 0.01648712158203125
0 0.6710146390474759 0.5910745033851037 0.015629988450270433 0.015720367431640625
0 0.4706999705387996 0.484041690826416 0.02633380889892578 0.0264126704289363
0 0.3220798052274264 0.48460942048292893 0.03420213552621695 0.034750791696401745
0 0.6957641748281626 0.34619786189152646 0.055552115807166465 0.05560141343336839
0 0.1843701142531175 0.45388397803673375 0.014899327204777645 0.014904022216796875
0 0.18955102333655724 0.5754288159883939 0.042604263012225814 0.04244290865384615
0 0.699771000788762 0.4084283388577975 0.023207444411057692 0.023453345665564902
0 0.6444001564612756 0.38765723888690656 0.019221966083233174 0.0191800777728741
0 0.3475777552678035 0.9065262721135066 0.015717799846942607 0.015919612004206732
0 0.5590752821702224 0.5202802511361929 0.05780858259934645 0.05753634526179387
0 0.4729439662053035 0.1969892795269306 0.018843577458308294 0.01926400111271785
0 0.4708057183485765 0.28819836102999175 0.02463113344632662 0.02439990410437951
0 0.28474928782536435 0.9744559067946214 0.019971407376802884 0.02011739290677584
0 0.7226310876699594 0.3560603948739859 0.02533853971041166 0.025590896606445312
0 0.5143409142127404 0.43249265964214617 0.02065731928898738 0.020384935232309196
0 0.4474298403813289 0.30840462904710036 0.032407247103177585 0.03290147047776442
0 0.1566763474391057 0.3681846031775841 0.01442564450777494 0.014806600717397837
0 0.6068119635948768 0.16605646793658918 0.05044086162860577 0.05117926230797401
0 0.85344725388747 0.5764653132512019 0.013771350567157451 0.019226661095252402
0 0.7980139805720403 0.8792927815363958 0.015384087195763221 0.015387168297400841
0 0.4172639846801758 0.7339169428898737 0.015610768244816707 0.015676498413085938
0 0.20413978283221906 0.7746356083796575 0.014783272376427284 0.015008632953350361
0 0.14621740121107835 0.9500072185809796 0.014658762858464168 0.01655725332406851
0 0.2598720330458421 0.6704119168795072 0.020004419180063102 0.0203399658203125
0 0.2311402834378756 0.11152471028841458 0.020691798283503607 0.021250211275540866
0 0.34670000809889573 0.4773128949678861 0.01651426462026743 0.016260733971228965
0 0.6893515953650842 0.7476147138155423 0.016255011925330527 0.016232857337364785
0 0.35790714850792515 0.8820461126474234 0.06410055894118089 0.06371028606708233
0 0.7509642380934495 0.489501953125 0.018887739915114183 0.019455542931189902
0 0.22707487986637995 0.15420081065251276 0.017285530383770283 0.017005333533653848
0 0.7802028656005859 0.12266379136305589 0.015043698824368991 0.015081699077899639
0 0.4837791002713717 0.18320426574120155 0.015484296358548678 0.015363143040583683
0 0.5784259576063889 0.35290215565608096 0.021025731013371393 0.02092874967134916
0 0.7957411545973557 0.25650554436903733 0.03816545926607572 0.038342219132643476
0 0.728611579308143 0.3317390221815843 0.02687351520244892 0.02655814244196965
0 0.7835433666522686 0.8845396041870117 0.014415740966796875 0.014229554396409255
0 0.6085073030911959 0.5027893506563627 0.014910184420072116 0.014959628765399639
0 0.7449065721951998 0.13493199531848615 0.04273561330942007 0.04253282913794884
0 0.34995372478778547 0.5738583711477426 0.013831798846905049 0.013800547673152043
0 0.3375699336712177 0.1676508096548227 0.07785613720233624 0.07767294920407809
0 0.20256367096534142 0.0356749938084529 0.015303758474496694 0.01551987574650691
0 0.4965074979341947 0.2680072601024921 0.04408073425292969 0.04432527835552509
0 0.8503126731285682 0.33777904510498047 0.015367507934570312 0.015279183020958534
