0 0.697151624239408 0.10429986623617318 0.06453851553109977 0.06509074797997108
0 0.7052763425386869 0.5690655341515174 0.03274448101337139 0.03272291330190805
0 0.4082942375769982 0.41772857079139125 0.03686736180232121 0.037050760709322415
0 0.33928966522216797 0.22937989234924316 0.029295701246995192 0.02907727314875676
0 0.6840168879582331 0.14661357952998236 0.024506495549128607 0.024827260237473708
0 0.4778597905085637 0.40169239044189453 0.025663375854492188 0.02582234602708083
0 0.2545141623570369 0.5787441913898175 0.018792262444129355 0.018624599163348857
0 0.26966283871577335 0.18429935895479643 0.021327128777137168 0.02159265371469351
0 0.5311024005596454 0.9452677506666917 0.02243174039400541 0.022482945368840143
0 0.45929820720966047 0.3445855654202975 0.018984574538010817 0.019109725952148438
0 0.44011343442476714 0.9278909243070163 0.01756154573880709 0.01767143836388221
0 0.26038622856140137 0.5070898349468524 0.017789327181302585 0.017659920912522536
0 0.5106512216421274 0.31903861119196963 0.01867983891413762 0.018780634953425482
0 0.4931537921612079 0.9645379873422476 0.016620635986328125 0.016598041240985576
0 0.5300705983088567 0.6182355147141677 0.028449278611403245 0.028792161207932692
0 0.24611185147212103 0.6964433376605694 0.015098021580622746 0.018825384286733773
0 0.35444167944101185 0.6702979894784781 0.0191957767193134 0.019233116736778848
0 0.5844372235811673 0.8421070392315204 0.01771692129281851 0.017638279841496393
0 0.43819082700289214 0.7889899473923904 0.019835252028245192 0.01983011685884916
0 0.6037725301889273 0.6501731872558594 0.026706842275766227 0.026257881751427285
0 0.6745268014761118 0.1882650118607741 0.0148162841796875 0.015259559337909404
0 0.44560036292442906 0.37079591017503005 0.016444866473858174 0.016306363619290866
0 0.39775635645939755 0.397492738870474 0.019747513991135817 0.019596026493952826
0 0.5122429040762094 0.6305323380690354 0.018603398249699518 0.018217820387620192
0 0.3653554549584022 0.3839561755840595 0.016711308405949518 0.016666192274827223
0 0.5818361135629507 0.8186200215266302 0.015197020310621995 0.015075096717247596
0 0.27278979008014387 0.12513323930593637 0.018370885115403395 0.018130999345045824
0 0.37444254068227917 0.7061248192420373 0.015177653386042668 0.015054702758789062
0 0.7101882054255559 0.2619120157681979 0.015995905949519232 0.016036327068622295
0 0.6710505852332482 0.009961534004945021 0.015851387610802285 0.015705246191758376
0 0.5174793096689078 0.46073179978590745 0.015525084275465745 0.015493246225210337
0 0.27535640276395357 0.38381136380709135 0.015321731567382812 0.015482902526855469
0 0.6355714064378005 0.96564087500939 0.01548473651592548 0.015540489783653846
0 0.4957780104417067 0.15602157666133 0.020927282480093148 0.02106651893028846
0 0.40999170450063854 0.7975992789635291 0.015831140371469352 0.016110346867487982
0 0.5473739917461689 0.8149372981144831 0.02273838336651142 0.02258022014911358
0 0.3449276410616361 0.4751991125253531 0.01632514366736779 0.016777918888972357
0 0.65277099609375 0.5476550322312576 0.019165625939002402 0.01952670170710637
0 0.34622907638549805 0.14406527005709135 0.015611061683067909 0.015371359311617337
0 0.3457987858698918 0.3954636500431941 0.014845554645244893 0.014877612774188701
0 0.4895249880277194 0.9960531088022085 0.016497098482572116 0.0076773716853215145
0 0.7168851999136118 0.5185166138869065 0.015034895676832933 0.015237074631911058
0 0.47142813755915713 0.24866914749145508 0.014989706186147837 0.015011273897611178
0 0.562684572660006 0.6476114713228666 0.022386991060697116 0.02267030569223257
0 0.5244208115797776 0.3473512209378756 0.02053231459397536 0.02001351576585036
0 0.7096842985886794 0.782960451566256 0.014672352717472957 0.014796036940354567
0 0.5441721035883977 0.6574910970834585 0.021643345172588643 0.02144490755521334
0 0.7187318068284255 0.4908050023592435 0.014133306650015024 0.014104329622708835
0 0.5332566774808444 0.7829660268930289 0.02155641409067007 0.021999652569110576
0 0.5409459334153396 0.6556368607741135 0.021293786855844352 0.021062410794771634
0 0.5958101566021259 0.19641795525184044 0.02178529592660757 0.021543429448054388
0 0.5907295667208158 0.6673009578998272 0.017308161808894232 0.017443290123572715
0 0.4160375961890587 0.37078534639798677 0.01402744880089393 0.014036178588867188
0 0.3613934883704552 0.6533235403207632 0.016817753131573018 0.01674960209773137
0 0.3760968721829928 0.2845332439129169 0.014026128328763522 0.014245400061974159
0 0.5809361384465144 0.182206575687115 0.014845921443058895 0.014650564927321214
0 0.49125436636117786 0.4696322221022386 0.014006247887244591 0.014032070453350361
0 0.6508903503417969 0.5459634707524226 0.017474541297325723 0.018047552842360277
0 0.4261826001680814 0.22639914659353402 0.018507077143742487 0.01852875489455003
0 0.3603553038377028 0.399078735938439 0.01786202650803786 0.017858358529897835
0 0.40558704963097203 0.30970232303325945 0.015468303973858174 0.01587222172663762
0 0.5334808643047626 0.5435400375953088 0.013884030855618991 0.013854907109187199
0 0.5820213464590219 0.4345827836256761 0.015699093158428486 0.015923573420597956
0 0.5278125909658579 0.565103714282696 0.015123954186072716 0.014971513014573317
0 0.4944940713735727 0.1403059225815993 0.015395091130183293 0.01582483144906851
0 0.653721075791579 0.3210570262028621 0.014886269202599159 0.014931018535907451
0 0.6081109780531663 0.043722716661599964 0.014778357285719652 0.014997179691608135
0 0.2546257239121657 0.12181166502145621 0.015866646399864785 0.015584652240459736
0 0.2767300605773926 0.07408416271209717 0.014872881082388071 0.014838457107543945
0 0.4271852786724384 0.22943337147052473 0.016688713660606973 0.016384161435640775
0 0.39311761122483474 0.37690221346341646 0.025065201979417067 0.024585210360013522
0 0.6458618457500751 0.9961484028742864 0.017685523399939902 0.0073956709641676685
0 0.64832093165471 0.7632218874417819 0.016107852642352764 0.0157928466796875
0 0.4256183917705829 0.7852744322556716 0.015263850872333232 0.0167388916015625
0 0.25555232854989857 0.8637200869046725 0.014786353478064904 0.01481334979717548
0 0.5504642633291391 0.7897795163668119 0.015732398399939902 0.015811333289513223
0 0.5337827389056866 0.7876608921931341 0.018821863027719352 0.01813331017127404
0 0.5565495491027832 0.6397828322190505 0.01666677915132963 0.015202155480018029
0 0.3228584803067721 0.40048933029174805 0.013895988464355469 0.014198523301344652
