0 0.7754802703857422 0.44150719275841344 0.04683890709510216 0.04722507183368389
0 0.33218713907095104 0.1569505104651818 0.02180180182823768 0.022154698005089395
0 0.3475746008066031 0.1934383465693547 0.019355920644906852 0.019502859849196214
0 0.9509199582613431 0.08797566707317646 0.05669813889723558 0.09185127111581656
0 0.48576927185058594 0.47217607498168945 0.03267244192270132 0.03298466022198017
0 0.2133958523090069 0.15631530835078314 0.028350243201622598 0.028061903440035306
0 0.7589441446157602 0.05367187353280874 0.017252115102914665 0.017063186718867376
0 0.41425881019005406 0.2193330984849196 0.020757235013521634 0.0209044676560622
0 0.5740168644831731 0.20883688559898964 0.01835808387169471 0.018337396474984977
0 0.14009778316204363 0.2492649005009578 0.017100444206824668 0.017087239485520583
0 0.7493171691894531 0.4511576432448167 0.024471282958984375 0.024524982158954326
0 0.3301842762873723 0.4171608411348783 0.07068964151235727 0.07127439058743991
0 0.3007936110863319 0.5626131204458383 0.03509668203500601 0.035390267005333535
0 0.8311782983633188 0.46416451380803037 0.015477840717022236 0.015556922325721154
0 0.6137950236980731 0.14620333451491135 0.019368465130145732 0.01953568825354943
0 0.18869955723102277 0.08458614349365234 0.01572271493765024 0.015670336209810697
0 0.45380086165208083 0.24594983687767616 0.015018316415640024 0.014995208153357873
0 0.8280715208787185 0.17924257425161508 0.015186163095327524 0.015327893770658053
0 0.7647342681884766 0.5371735646174505 0.014894632192758413 0.014905269329364482
0 0.914640866793119 0.1147310000199538 0.019895406869741585 0.020062996790959284
0 0.697357544532189 0.49365872603196365 0.014662082378680889 0.014728839580829326
0 0.0992722694690411 0.594611277947059 0.06266743861711942 0.062251971318171576
0 0.41004437666672927 0.5174594292273889 0.015061525198129507 0.015093289888822116
0 0.2420335549574632 0.5500644537118765 0.01893476339486929 0.019051258380596455
0 0.327763190636268 0.14522541486299956 0.017259891216571514 0.017384932591364935
0 0.4562064317556528 0.5507014347956731 0.014755689180814303 0.014725318321814904
0 0.21327403875497672 0.714543709388146 0.04375531123234676 0.04361768869253305
0 0.1316656516148494 0.19800008260286772 0.014054481799785908 0.013948623950664815
0 0.7508797278771033 0.014056178239675669 0.01524059589092548 0.014535413338587834
0 0.41948817326472354 0.4458648975078876 0.07103215731107272 0.07149388239933895
0 0.5597590666550857 0.6956617648784931 0.016059288611778848 0.016727300790640023
0 0.6253550602839544 0.011211249690789443 0.02932596206665039 0.021069515209931593
0 0.36725301008958083 0.8845059321476862 0.015271700345552884 0.015241036048302284
0 0.20554718604454628 0.52758238865779 0.06711262923020583 0.0682511696448693
0 0.5688543319702148 0.705832628103403 0.015873835637019232 0.01592416029710036
0 0.4434132209190956 0.5869491283710186 0.017268254206730768 0.01721470172588642
0 0.5526041617760291 0.6828633821927584 0.015527578500600962 0.015617957481971154
0 0.3991746168870192 0.7507240588848407 0.06489181518554688 0.06566121028019832
0 0.3139567741980919 0.729043593773475 0.014845316226665791 0.01531688983623798
0 0.5725282522348257 0.3992468026968149 0.01943368178147536 0.019207147451547477
0 0.15206418587611273 0.6518475459172175 0.046488120005680963 0.045488210824819714
0 0.3306427001953125 0.1497120948938223 0.021833493159367487 0.019947070341843825
0 0.932649172269381 0.12301206588745117 0.01665496826171875 0.016283365396352913
0 0.288507131429819 0.5899027310884916 0.019567232865553636 0.019887630756084736
0 0.3151942766629733 0.9186138006357046 0.014747913067157451 0.014687904944786659
