0 0.5242393200214093 0.9686928529005784 0.07345419663649339 0.06223707932692308
0 0.624473498417781 0.549028910123385 0.11402276846078727 0.1133716289813702
0 0.5309280248788687 0.8978381523719201 0.05265734745905949 0.053006685697115384
0 0.43644883082463193 0.48185429206261265 0.07094119145320012 0.07029327979454628
0 0.40110478034386265 0.5364266909085788 0.08864329411433293 0.0900419675386869
0 0.5229155100308932 0.4524109180157001 0.04033594865065355 0.040642078106219955
0 0.7077029301570013 0.03438348495043241 0.03833169203538161 0.04472185098207914
0 0.38118655865009016 0.7144740178034856 0.021078183100773737 0.021258720984825723
0 0.43486543802114636 0.13639622468214768 0.022458443274864785 0.02233298008258526
0 0.2940204326923077 0.3710231047410231 0.04121707035945012 0.06005360529972957
0 0.5832312290485089 0.18217053780188927 0.030058567340557393 0.030165672302246094
0 0.36701213396512544 0.4120539885300856 0.027605423560509317 0.0275729252741887
0 0.4266512944148137 0.7043719658484826 0.027887784517728366 0.028117253230168268
0 0.37296152114868164 0.2883464006277231 0.02686317150409405 0.026912102332481973
0 0.47777817799494815 0.4121891902043269 0.03966573568490835 0.039574843186598554
0 0.4846264399014987 0.4636978736290565 0.04761461111215445 0.04746877230130709
0 0.31760578889113206 0.1721010574927697 0.021316014803372897 0.021575487576998197
0 0.5419271909273587 0.3243119166447566 0.024181365966796875 0.02405885549692007
0 0.624844477726863 0.9724778395432693 0.019822194026066706 0.01982718247633714
0 0.5205671603863056 0.23643563343928412 0.02849578857421875 0.028149751516488884
0 0.515866573040302 0.8131062434269831 0.024098983177771933 0.024409660926231973
0 0.6654466482309195 0.47467796619121844 0.1101537484389085 0.11495399475097656
0 0.5268858396089994 0.27538240872896635 0.023159907414362982 0.022874758793757513
0 0.3552199877225436 0.5208132450397198 0.10422523205096905 0.10382630274846004
0 0.3520541191101074 0.11211839089026818 0.019107745243952826 0.01894804147573618
0 0.6163236177884616 0.6864574138934796 0.01846944368802584 0.018383612999549277
0 0.4578272012563852 0.6506692446195163 0.07871569119966947 0.07968873244065505
0 0.36557799119215745 0.928252440232497 0.02174802926870493 0.021929227388822116
0 0.7029072688176081 0.5617949045621432 0.016703972449669473 0.016568844134990986
0 0.5300380266629733 0.8039741516113281 0.022036625788762018 0.0216824458195613
0 0.5439481735229492 0.18145117392906776 0.0164340092585637 0.016544121962327223
0 0.3867075993464543 0.31874964787409854 0.030363816481370192 0.030962137075570915
0 0.6161649410541241 0.927023300757775 0.01599575923039363 0.0160983158991887
0 0.5037321677574744 0.5960449072030874 0.016005516052246094 0.01635125967172476
0 0.6862410031832181 0.1381796139937181 0.019186753493088942 0.01891602002657377
0 0.5226049790015588 0.14326752149141753 0.02629698239839994 0.02627284710223858
0 0.6159807351919321 0.4052198850191556 0.01594715852003831 0.015906554002028245
0 0.4875541833730844 0.19686308273902306 0.017964876615084134 0.01817626219529372
0 0.32222450696505034 0.46207376626821667 0.08209052452674279 0.08051138657789964
0 0.660608878502479 0.555290148808406 0.017821385310246393 0.017899733323317308
0 0.3907625491802509 0.2998969371502216 0.023290634155273438 0.023334723252516527
0 0.3744465754582332 0.027520413582141582 0.017806273240309495 0.017617262326754056
0 0.5140459354107196 0.6350856194129357 0.05535316467285156 0.05676706020648663
0 0.545356273651123 0.935294298025278 0.03381002866304838 0.0337518545297476
0 0.6212686391977164 0.2893063838665302 0.0157625858600323 0.015656507932222806
0 0.41745934119591344 0.3685984978309044 0.01663838900052584 0.016568844134990986
0 0.2919183877798227 0.574241564824031 0.018005224374624398 0.01816221383901743
0 0.34022844754732573 0.18646900470440203 0.018183047954852764 0.018076273111196663
0 0.6048020582932693 0.7386295612041767 0.016990074744591348 0.0166473388671875
0 0.5707943989680364 0.41529563757089466 0.015079058133638822 0.015191224905160757
0 0.6238956451416016 0.33238282570472133 0.05434971589308519 0.05488021557147686
0 0.6526009486271784 0.655396975003756 0.02848052978515625 0.028361980731670674
0 0.6179442772498498 0.4672695306631235 0.07560128432053786 0.0745545900785006
0 0.4513824536250188 0.8087836045485276 0.01717347365159255 0.017176261314978965
0 0.5451598167419434 0.8423832379854642 0.015507331261268029 0.015665641197791465
0 0.5401643606332632 0.2482467798086313 0.015518261836125301 0.015894743112417366
0 0.3131749079777644 0.7062188662015475 0.019660216111403245 0.019496330848106973
0 0.34392173473651594 0.46171969633836013 0.04790350107046274 0.04853358635535607
0 0.5017626468951886 0.8503132600050706 0.04389506119948167 0.044524853046123795
0 0.4466677445631761 0.8431373009314904 0.016778212327223558 0.016721285306490384
0 0.327942261329064 0.6405355013333834 0.01586151123046875 0.01604608389047476
0 0.7027774957510141 0.38430925515981823 0.0402983151949369 0.04091204129732572
0 0.42240476608276367 0.74573120704064 0.019367144658015326 0.01929503220778245
0 0.2864336600670448 0.9450638110821064 0.014095086317795973 0.014136094313401442
0 0.7060899000901443 0.30822229385375977 0.03886061448317308 0.06876065180851863
0 0.47428233806903547 0.7191586861243615 0.01683469919057993 0.01676662151630108
0 0.3557179891146146 0.01243318273470952 0.015314468970665565 0.015339855964367207
0 0.5481176376342773 0.7900105989896334 0.02776189950796274 0.027455843411959134
0 0.35798017795269305 0.13533542706416204 0.02623470012958233 0.026537748483511116
0 0.3637642493614784 0.08084167883946346 0.01461931375356821 0.014697808485764723
0 0.5546651253333459 0.6537889333871695 0.02691811781663161 0.02722754845252404
0 0.33875725819514346 0.400941225198599 0.0146482907808744 0.014832056485689603
0 0.35306453704833984 0.06283078743861271 0.014800145075871395 0.014706721672644982
0 0.6908422616811899 0.9118039057804987 0.021684793325570915 0.021872593806340143
0 0.5351792849027194 0.5278410911560059 0.03214461986835186 0.03232391063983624
0 0.4784660339355469 0.5094470244187576 0.027151107788085938 0.02711354769193209
0 0.29105417545025164 0.2006685000199538 0.03605981973501352 0.047089173243596
0 0.29520463943481445 0.9722637029794546 0.030394480778620794 0.030449647169846755
0 0.48423436971811146 0.2741255026597243 0.02729518596942608 0.02711648207444411
0 0.6762096698467548 0.4311298957237831 0.0665293473463792 0.06578504122220553
0 0.6343215795663687 0.8963306133563702 0.03833858783428486 0.038023728590745196
0 0.5501244985140287 0.8003372045663687 0.01938166985144982 0.018868226271409255
0 0.4666728973388672 0.24755415549645057 0.030151880704439603 0.030215923602764424
0 0.5438650938180777 0.693824474628155 0.01831230750450721 0.018458733191856973
0 0.3264267628009503 0.9527248969444861 0.03483867645263672 0.034605172964242786
0 0.34428897270789516 0.5325079697829026 0.07970661383408767 0.07934878422663762
0 0.3067341767824613 0.46965907170222354 0.05449885588425856 0.054465073805588946
0 0.4459833732018104 0.2236309051513672 0.01991448035606971 0.020168084364670973
0 0.5462262080265925 0.06336339161946224 0.02141424325796274 0.021454710226792555
0 0.6494668080256536 0.8570258067204402 0.032679044283353366 0.03284146235539363
0 0.46423086753258336 0.35615143409142125 0.033179063063401446 0.034270213200495794
0 0.49758581014779896 0.9233815119816706 0.02858602083646334 0.028361980731670674
0 0.5973438116220328 0.6319360733032227 0.014608529897836538 0.014644916240985576
0 0.34773951310377854 0.9217808063213642 0.03354101914625902 0.033525320199819714
