0 0.7757826585036057 0.8020734053391677 0.10985917311448318 0.11047803438626803
0 0.3246890948368953 0.12396815189948449 0.041953673729529746 0.042231229635385364
0 0.7609884555523212 0.23743625787588266 0.04766508249136118 0.04803114670973558
0 0.3135793392474835 0.4882452671344464 0.03866012279803936 0.03875270256629357
0 0.537231078514686 0.9885045565091647 0.02403112558218149 0.0174407958984375
0 0.266860870214609 0.7900579159076397 0.024298961345966045 0.024452356191781852
0 0.2673247227301964 0.7428789872389573 0.03426507803109976 0.03408314631535457
0 0.24293319995586687 0.7663891132061298 0.03880493457500751 0.038684844970703125
0 0.1414355864891639 0.9827514795156626 0.02541178923386794 0.025409551767202523
0 0.193127467082097 0.23386273017296424 0.03386812943678636 0.03404984107384315
0 0.36759259150578427 0.9719365926889273 0.023395611689640924 0.023393777700570915
0 0.3429551858168382 0.24446645149817833 0.021539688110351562 0.021545776954064004
0 0.37922356678889346 0.4302726892324594 0.019689119779146634 0.0199130131648137
0 0.6966416285588191 0.3303217521080604 0.03040167001577524 0.0302432133601262
0 0.534449944129357 0.1116193624643179 0.018300423255333535 0.018332701462965745
0 0.8198480606079102 0.3542598577646109 0.02449930631197416 0.02434686514047476
0 0.36095457810621995 0.5180727151724008 0.01873471186711238 0.018691429725060098
0 0.6190416629497821 0.3501116312467135 0.04303271953876202 0.0438692386333759
0 0.476933112511268 0.5024744180532602 0.017751547006460335 0.017574090224045973
0 0.15132927894592285 0.6983227362999549 0.026578242962176982 0.027026836688701924
0 0.47173129595243013 0.9657346285306491 0.018520575303297777 0.018430416400615986
0 0.21307769188514122 0.20866181300236628 0.02863465822660006 0.028733106759878304
0 0.44857333256648135 0.7723825894869291 0.023050601665790264 0.023433685302734375
0 0.3549247888418344 0.6695426060603216 0.017214848445012018 0.01705169677734375
0 0.23479579045222357 0.6354616605318509 0.03612518310546875 0.03646586491511418
0 0.35277201579167294 0.9360720561100886 0.018749383779672477 0.01876346881573017
0 0.7950257521409255 0.2690081229576698 0.027974642240084134 0.02803347660945012
0 0.3716885493351863 0.9226451286902795 0.020210852989783652 0.020212613619290866
0 0.6461896162766677 0.2762565612792969 0.03156955425555889 0.0316771727341872
0 0.44971363361065203 0.05570525389451247 0.02105874281663161 0.020926640583918646
0 0.44960315410907453 0.07817625999450684 0.029768723707932692 0.029837351578932542
0 0.6387149370633639 0.39131824786846453 0.01805290809044471 0.017997594980093148
0 0.13209992188673753 0.3508055026714618 0.017601655079768255 0.02028039785531851
0 0.7242758824275091 0.23004986689640924 0.03261126004732572 0.032562072460468
0 0.6868145282451923 0.624698125399076 0.021214411808894232 0.02129393357496995
0 0.4123050249539889 0.2426175337571364 0.018462988046499398 0.018388087932880107
0 0.20845981744619516 0.40009623307448167 0.01586804023155799 0.015802676861102764
0 0.5007240222050593 0.4763606144831731 0.01766366225022536 0.017585901113656852
0 0.6725827730618991 0.5302476149338943 0.017239497258112982 0.01731138962965745
0 0.14708825258108285 0.3342442512512207 0.017654272226186898 0.017662195058969352
0 0.14109502388880804 0.22101701222933257 0.018058098279512845 0.01801333060631385
0 0.73101256443904 0.48411105229304385 0.018451984112079326 0.01868570767916166
0 0.31798744201660156 0.43228442852313703 0.016594666701096755 0.01667506878192608
0 0.5380376302278959 0.2968869942885179 0.03140838329608624 0.031189845158503607
0 0.5591363906860352 0.4113536247840294 0.01779937744140625 0.01796377622164213
0 0.30621917431171125 0.27875885596642125 0.018803229698768027 0.018787970909705527
0 0.14254691050602838 0.14775609970092773 0.019241516406719502 0.019221085768479567
0 0.4481960076552171 0.15464920264024 0.016634134145883415 0.016718057485727165
0 0.5087396181546725 0.42091861137977016 0.02721713139460637 0.02712836632361779
0 0.2310024041395921 0.7012351109431341 0.016585276677058294 0.016832498403695915
0 0.43872525141789365 0.7560916313758264 0.016314286452073317 0.01653143075796274
0 0.8472844637357272 0.8826158963716947 0.016774837787334736 0.01699212881234976
0 0.8025101881760818 0.23222857255202073 0.05414141141451322 0.05285967313326322
0 0.818443224980281 0.13278634731586164 0.0398565439077524 0.040452113518348105
0 0.44897600320669323 0.4558156453646146 0.015086834247295674 0.015121533320500301
0 0.5824505365811862 0.08804844892941989 0.016856633699857272 0.0167844295501709
0 0.6240976773775541 0.7416403110210712 0.015511145958533654 0.015475786649263822
0 0.23721221777109 0.6078678644620455 0.016514704777644232 0.016303502596341647
0 0.3014521965613732 0.7716773106501653 0.014926616962139424 0.01514434814453125
0 0.29636863561776966 0.7153560931865985 0.014807187593900241 0.014844014094426082
0 0.2548590073218712 0.46304776118351865 0.014331817626953125 0.014672792874849759
0 0.8123663388765775 0.4943370085496169 0.01641244154710036 0.016483820401705228
0 0.3790035614600548 0.47353201646071214 0.02515103266789363 0.025292029747596152
0 0.6206866044264573 0.3954897660475511 0.01687446007361779 0.017140021690955527
0 0.46249969188983625 0.7637807405911959 0.015190711388221154 0.015445709228515625
0 0.24757454945490912 0.6956163553091196 0.01647046896127554 0.016185467059795674
0 0.8317313561072717 0.19965854057898888 0.05348880474384014 0.053241803095890924
0 0.15502610573401818 0.7771756098820612 0.01597432906811054 0.016054887038010817
0 0.2563767616565411 0.6024409807645358 0.018137308267446663 0.018042491032527044
0 0.44466411150418794 0.6493490659273587 0.014835577744704027 0.01488964374248798
0 0.17867572490985578 0.3600139251122108 0.016088412358210638 0.016375981844388522
0 0.21835991052480844 0.4321902348445012 0.015738157125619743 0.015419299785907451
0 0.14991998672485352 0.19138303169837365 0.016604790320763223 0.016916898580697868
0 0.3919520744910607 0.2886861471029428 0.015137012188251201 0.01509842505821815
0 0.13177664463336652 0.4167045813340407 0.016161185044508714 0.016802420982947715
0 0.169509062400231 0.39120842860295224 0.014542763049785908 0.014705144442044772
0 0.14275053831247184 0.20647076460031363 0.01624015661386343 0.016583626086895283
0 0.8191663301908053 0.25966354516836315 0.01789122361403245 0.018128395080566406
0 0.6462145585280198 0.6957219197199895 0.02022552490234375 0.02042667682354267
0 0.14293346038231483 0.17800387969383827 0.015938942249004658 0.015627714303823616
0 0.476472414456881 0.26111782514131987 0.05047328655536358 0.05162994678203876
0 0.3679168774531438 0.8017233335054837 0.016345464266263522 0.01642608642578125
0 0.6694439374483548 0.340547671684852 0.022739410400390625 0.02301025390625
0 0.27749927227313703 0.689339124239408 0.014992530529315654 0.014977968656099759
0 0.44107965322641224 0.7421530943650466 0.014893531799316406 0.015001883873572716
0 0.1975085551922138 0.409088134765625 0.01376797602726863 0.013978517972506009
0 0.624420166015625 0.4113171650813176 0.01430980975811298 0.014660175030048076
0 0.3407394335820125 0.8993539810180664 0.03165883284348708 0.03197156465970553
0 0.6097768270052396 0.3354304387019231 0.016768162067119893 0.01643833747276893
0 0.13028836250305176 0.2596821418175331 0.011584098522479717 0.017210740309495192
0 0.20465142910297102 0.18408749653742865 0.01502231451181265 0.014791011810302734
0 0.28972346966083234 0.6926140418419471 0.018117317786583535 0.017952552208533652
0 0.5212739064143255 0.6878626896784856 0.014175708477313701 0.014217816866361178
0 0.14828226199516883 0.29241943359375 0.01605391502380371 0.016219725975623496
0 0.39416001393244815 0.6837010750403771 0.01443774883563702 0.014231461745042067
0 0.1493988037109375 0.005499575573664445 0.019031047821044922 0.010595584144959083
0 0.2662602938138522 0.8790566371037409 0.014269792116605319 0.014246427095853366
0 0.6762218475341797 0.10252687564262977 0.24167607380793646 0.20328534566439116
0 0.8319893616896409 0.6228788816011869 0.01903842045710637 0.01922288307776818
0 0.1766338715186486 0.3587288489708534 0.019550653604360726 0.019237224872295674
0 0.6073912840623122 0.14709181051987869 0.026239541860727165 0.026893799121563252
0 0.21143311720628005 0.4420536481417142 0.014216202955979567 0.014150032630333534
0 0.8132123213547927 0.45245423683753383 0.04230308532714844 0.042835088876577526
0 0.1358166474562425 0.026658140696012057 0.014302473801832933 0.014175726817204403
0 0.4058077151958759 0.51312622657189 0.014134773841271034 0.014213635371281551
