0 0.2801030232356145 0.27944623506986177 0.06824948237492488 0.06836201594426082
0 0.6610381786639874 0.23441072610708383 0.020326761099008415 0.02021019275371845
0 0.24426735364473784 0.6128330964308518 0.038045406341552734 0.03820477999173678
0 0.7921375861534705 0.6697901212252103 0.029041877159705527 0.028879752525916465
0 0.7662095289963943 0.5252965413607084 0.020913344163161058 0.020908869229830228
0 0.5279370087843674 0.7901891561654898 0.03383548443134014 0.03408123896672176
0 0.4880601442777194 0.9145141014685998 0.021614514864408053 0.021464714637169473
0 0.5878927157475398 0.9391618875356821 0.019613045912522536 0.0195010258601262
0 0.27741213945242077 0.1388881756709172 0.1874524996830867 0.2330942153930664
0 0.4713558050302359 0.6134689404414251 0.056569466224083535 0.055979435260479264
0 0.560366337115948 0.7802385917076697 0.03315250690166767 0.033333998460036054
0 0.3786904995258038 0.3451294165391188 0.02577370863694411 0.025925636291503906
0 0.680244519160344 0.5566213681147649 0.024878868689903848 0.02476963630089393
0 0.5286570328932542 0.3527493110069862 0.05096736321082482 0.050626241243802585
0 0.21739596586961013 0.7456199205838717 0.02121455852801983 0.021385046151968148
0 0.6269366924579327 0.8484918154202975 0.022113506610576924 0.022374666654146634
0 0.7977044032170222 0.7387138513418344 0.03550925621619591 0.035685172447791465
0 0.32068597353421724 0.9753560286301833 0.01965757516714243 0.01965948251577524
0 0.35651445388793945 0.48099565505981445 0.023810680095966045 0.023706362797663763
0 0.3004561204176683 0.8440234844501202 0.025197249192457933 0.025297018197866585
0 0.439913272857666 0.271454591017503 0.01723825014554537 0.01734770261324369
0 0.21250324982863206 0.0223619112601647 0.025374926053560697 0.02538120746612549
0 0.5142902227548453 0.28713539930490345 0.02921441885141226 0.029201030731201172
0 0.4514213708730844 0.08123434506929837 0.02189474839430589 0.02177637815475464
0 0.5060010689955491 0.39059892067542445 0.025290269118088942 0.025374119098369893
0 0.4796624550452599 0.8660521874060998 0.025267821091871995 0.025256817157451924
0 0.3094786864060622 0.9433756608229417 0.016464105019202598 0.01648741502028245
0 0.42589825850266677 0.6443860714252179 0.024981865516075723 0.025246693537785456
0 0.570213244511531 0.5804321582500751 0.01894980210524339 0.019194529606745794
0 0.32561991764948917 0.0385669836631188 0.02430130885197566 0.02422083570406987
0 0.5466070908766526 0.022299784880418044 0.023648188664362982 0.023525247207054727
0 0.524851028735821 0.7128165318415716 0.026526964627779447 0.026362199049729567
0 0.5781818169813889 0.32979635091928333 0.02352134998028095 0.023074957040640023
0 0.5177176548884466 0.7671697323138897 0.033976188072791465 0.03440944965069111
0 0.77978515625 0.7916742471548227 0.04000296959510216 0.03999871474045973
0 0.5517911177415115 0.3186062299288236 0.02286104055551382 0.02312177878159743
0 0.3479050856370192 0.9138296567476712 0.016998144296499398 0.017039078932542067
0 0.4704866409301758 0.30970136935894305 0.02309102278489333 0.02347982846773588
0 0.36465879587026745 0.3099810893719013 0.019370885995718148 0.01941856971153846
0 0.4143267044654259 0.37340582334078276 0.02244912661038912 0.022077560424804688
0 0.7316731673020583 0.9320792418259841 0.015409029447115384 0.015526844904972957
0 0.738521355849046 0.6037535300621619 0.01978463392991286 0.019846549400916465
0 0.768428582411546 0.27443918815025914 0.09737029442420372 0.13075689169076773
0 0.5754400766812838 0.5494105999286358 0.018854214594914362 0.018955083993765023
0 0.6292082713200495 0.49385257867666393 0.018132429856520433 0.017916165865384616
0 0.5862878285921537 0.8898167243370643 0.024546990027794473 0.02455315223106971
0 0.7704016612126277 0.76233827150785 0.02217997037447416 0.02194052476149339
0 0.6993626814622146 0.8752610133244441 0.016043442946213942 0.015929002028245192
0 0.4578397457416241 0.01674076685538659 0.028093631450946514 0.028249676410968486
0 0.6255304629986103 0.5525167905367337 0.016795525184044473 0.016596427330603965
0 0.4700214679424579 0.37103946392352766 0.017606368431678183 0.017300752493051384
0 0.45937222700852615 0.42771229377159703 0.015411890470064603 0.015588907095102163
0 0.3370255690354567 0.6090466059171237 0.028260451096754808 0.028339165907639723
0 0.3742120082561786 0.2144149633554312 0.02485796121450571 0.02512807112473708
0 0.4421841181241549 0.5401336963360126 0.02297342740572416 0.023047740642841045
0 0.49313464531531703 0.7038927811842698 0.02759559337909405 0.027606377234825723
0 0.2797045340904823 0.7808675032395583 0.019827916071965143 0.019709953894981973
0 0.3656541384183444 0.8666612184964694 0.02284079331618089 0.022860600398137018
0 0.6321154374342698 0.8852826631986178 0.020767798790564902 0.020625774676983174
0 0.3941368323106032 0.6547738588773288 0.034234193655160755 0.03451391366811899
0 0.74805421095628 0.8537527231069711 0.020572368915264424 0.020799783559945915
0 0.43322064326359677 0.3724205310528095 0.01781038137582632 0.018141966599684495
0 0.46146583557128906 0.4505189015315129 0.01468673119178185 0.014560406024639424
0 0.46097696744478667 0.8066500883836013 0.015519142150878906 0.015398172231820913
0 0.25998034844031703 0.8756220890925481 0.02628150353064904 0.026194645808293268
0 0.433685852931096 0.38764315385084885 0.022524540240948018 0.02254794194148137
0 0.2577982132251446 0.43390567486102766 0.0215759644141564 0.022302627563476562
0 0.20421791076660156 0.6815960223858173 0.025679735036996696 0.025873624361478366
0 0.6793686793400691 0.48168252064631534 0.01706666212815505 0.01706094008225661
0 0.19569892149705154 0.24561911362868089 0.01847421205960787 0.019218884981595553
0 0.7364216584425706 0.8020652624276968 0.021547464224008415 0.021192257220928486
0 0.24689467136676496 0.7459721932044396 0.016606550950270433 0.017104955819936898
0 0.23856005301842323 0.9315866323617789 0.1036221430851863 0.10309776893028846
0 0.40050169137807995 0.23520238582904524 0.01670221182016226 0.01668864030104417
0 0.32685360541710484 0.5775357759915866 0.026287225576547477 0.025830929095928486
0 0.5428669269268329 0.2006209263434777 0.016339815579927884 0.016334056854248047
0 0.6041160730215219 0.33510332841139573 0.017614364624023438 0.0176083491398738
0 0.283368312395536 0.6521501541137695 0.017678554241473857 0.018070807823768027
0 0.6053677338820237 0.2532225021949181 0.019881321833683893 0.01996759267953726
0 0.8076751415546124 0.5504603019127479 0.017225118783804085 0.01749706268310547
0 0.45126097018902117 0.7185679215651292 0.03048882117638221 0.030446419349083535
0 0.4454198983999399 0.12657502981332633 0.024640743549053486 0.024924388298621543
0 0.29261385477506197 0.42333375490628755 0.035043533031757064 0.0359039306640625
0 0.24154197252713716 0.2047735360952524 0.01729594744168795 0.017119297614464395
0 0.2643254353449895 0.7678755246675931 0.01880616408128005 0.019053239088792067
0 0.6612005967360276 0.4757836415217473 0.01668548583984375 0.016743293175330527
0 0.4358418904818021 0.4497342109680176 0.015134004446176382 0.015331635108360877
0 0.29151267271775466 0.49459171295166016 0.09837737450232872 0.09831054394061749
0 0.6065735450157752 0.77777833205003 0.02957314711350661 0.031250293438251205
0 0.21774486395028922 0.6620336679311899 0.016272544860839844 0.01647039560171274
0 0.39568541600153995 0.46660459958589995 0.01434032733623798 0.014371651869553786
0 0.40036612290602464 0.9784098405104417 0.014850323016826924 0.014840639554537259
0 0.2886757483849159 0.41364757831280047 0.21286282172569862 0.24135353015019342
0 0.544159302344689 0.28391170501708984 0.015648768498347357 0.015751765324519232
0 0.3876352310180664 0.22664315883929914 0.01636666517991286 0.016331012432391826
0 0.29914045333862305 0.3956449948824369 0.021941331716684196 0.0225373048048753
0 0.279207889850323 0.4465950452364408 0.0204770014836238 0.020755767822265625
0 0.6853076494657077 0.45682342235858625 0.02223352285531851 0.022560559786283053
0 0.73339660351093 0.4072741361764761 0.01826902536245493 0.018596135652982272
0 0.2080095731295072 0.25701412787804234 0.02018106900728666 0.02019471388596755
0 0.3579268822303185 0.19986534118652344 0.020746817955603965 0.020969610947829027
0 0.2031289797562819 0.28771789257343 0.018021546877347507 0.017783531775841348
0 0.5748222057635968 0.7425078612107497 0.01601864741398738 0.015887333796574518
0 0.3558284319364108 0.09770947236281174 0.014929551344651442 0.014944039858304538
0 0.415525876558744 0.3557098462031438 0.02927530728853666 0.02907276153564453
0 0.28418328211857724 0.47223876072810245 0.016037720900315505 0.016223614032451924
0 0.6557804987980769 0.4628291863661546 0.015033428485576924 0.015090722304124098
0 0.5319494834313025 0.8352805651151217 0.014101321880634014 0.013823582575871395
0 0.4178464596088116 0.8021972362811749 0.02346346928523137 0.023868854229266826
0 0.20329724825345552 0.7230856968806341 0.024700678311861478 0.025286747859074518
0 0.5233725034273587 0.3236806576068585 0.014305848341721755 0.014302913959209736
0 0.27759451132554275 0.633943117581881 0.025957877819354717 0.026297642634465143
0 0.6578109447772686 0.7691075251652644 0.018111302302433893 0.018366887019230768
0 0.4456475331233098 0.04284175542684702 0.020925081693209134 0.02094919864947979
0 0.6798326785747821 0.6186758921696589 0.023687069232647236 0.024077195387620192
0 0.6140919465285081 0.4530668258666992 0.015241329486553486 0.01521770770733173
0 0.711752671461839 0.6355251165536734 0.022919581486628607 0.022973133967472956
0 0.5212493676405686 0.3105487823486328 0.01658204885629507 0.016594666701096755
0 0.7757074649517353 0.39460145510160005 0.016130594106820915 0.016080709604116585
0 0.35714024763840896 0.27147579193115234 0.015653463510366585 0.015605486356295072
0 0.5804180732140174 0.9040412169236404 0.015550980201134315 0.015581424419696514
0 0.2990864607004019 0.5918357555682843 0.018584398122934196 0.018390068641075723
0 0.4653267493614784 0.03703276469157292 0.020008087158203125 0.020197235620938815
0 0.5430384049048791 0.40988911115206206 0.01556081038254958 0.015581277700570913
0 0.44746729043813854 0.41290650000939 0.015094316922701322 0.015069814828725962
0 0.40594027592585635 0.20550755354074332 0.015043405386117788 0.0150910891019381
0 0.7976484298706055 0.39112457862267125 0.01586576608511118 0.01607645474947416
0 0.6082767706650954 0.7796249389648438 0.02540111541748047 0.02493462195763221
0 0.42461461287278396 0.7108694223257211 0.02094415517953726 0.0211639404296875
0 0.5392116399911734 0.8455408536470853 0.014578525836651143 0.01545407221867488
0 0.28834596047034633 0.5517440209021935 0.01586283170259916 0.015484149639423076
0 0.19386874712430513 0.48186779022216797 0.022129315596360426 0.028986050532414362
0 0.45403172419621396 0.5670887140127329 0.01755494337815505 0.017972359290489785
0 0.7713011228121244 0.43932335193340594 0.05166787367600661 0.05264605008638822
0 0.7233050419734075 0.4782536580012395 0.017457228440504808 0.017517236562875602
0 0.2389962122990535 0.9378860180194561 0.021523328927847054 0.021728662344125602
0 0.5789571175208459 0.4797795369074895 0.020418460552509014 0.020587774423452523
0 0.28111945665799654 0.4111741872934195 0.18178925147423378 0.1959251990685096
0 0.6791708285991962 0.436030938075139 0.01674828162560096 0.016908792349008415
0 0.2542554965386024 0.4088160808269794 0.02232228792630709 0.022240051856407754
0 0.28661128190847546 0.7593724911029522 0.016757708329420824 0.01704861567570613
0 0.7984978602482722 0.35735225677490234 0.014050116905799279 0.01411892817570613
0 0.7396480853740985 0.5837216010460486 0.01609494135929988 0.016241953923152044
0 0.2399561221782978 0.7302366403432993 0.01604036184457632 0.015573941744290866
0 0.4512688930218036 0.8880109786987305 0.014681742741511418 0.014487926776592549
0 0.724121460547814 0.6770932124211237 0.01484973614032452 0.0148619138277494
0 0.32216310501098633 0.8529683626615084 0.015123073871319111 0.015242063082181491
0 0.5107893576988807 0.44142840458796573 0.01739810063288762 0.01745444077711839
0 0.7157871539776142 0.7553263444166917 0.01684423593374399 0.016735957219050482
0 0.19356788121736968 0.7845724545992337 0.014203328352708083 0.014323894794170674
0 0.4427843460669884 0.8712632839496319 0.028658500084510215 0.027811490572415866
0 0.30629565165593076 0.6516320155217097 0.016866170443021335 0.016911139855018027
0 0.6561911656306341 0.7665813152606671 0.019085810734675482 0.019961137038010817
0 0.2718830658839299 0.16575923332801232 0.01623711219200721 0.016133455129770134
0 0.8089658297025241 0.8140676938570462 0.019060281606820915 0.03007360605093149
0 0.39027991661658656 0.06498263432429387 0.024000021127554085 0.024483222227830153
0 0.23081693282494178 0.5610091869647686 0.022771945366492637 0.02345752716064453
0 0.2821348630464994 0.5630774131188025 0.01647641108586238 0.01576364957369291
0 0.7458123427170974 0.8133097428541917 0.013876988337590145 0.013828571026141826
