0 0.5765527578500601 0.7982849707970252 0.040887099045973554 0.040610093336838946
0 0.48004355797400844 0.4512937252338116 0.0301058842585637 0.030118208665114183
0 0.15376508235931396 0.3992951466487004 0.024930238723754883 0.024689454298753005
0 0.7334163372333233 0.9522766700157752 0.023322472205528848 0.023438527033879206
0 0.10145213053776668 0.838040278508113 0.060526485626514144 0.06050608708308293
0 0.8055936373197116 0.35671241466815656 0.019199664776141826 0.019136722271259014
0 0.19010441119854266 0.8537295414851263 0.09905382303091195 0.09977868887094352
0 0.35477784963754505 0.17068026616023138 0.0184170649601863 0.018315241887019232
0 0.17550589488102838 0.8907536726731521 0.04272182171161358 0.042615450345552884
0 0.9223675361046424 0.48344157292292667 0.01834898728590745 0.01832096393291767
0 0.13239053579477164 0.26713985663193923 0.018726495596078727 0.018863127781794622
0 0.11959538092980018 0.3758040208082933 0.017395386329064004 0.017386509821965143
0 0.09852424034705529 0.28486090440016526 0.018044673479520358 0.018064132103553183
0 0.4161379153911884 0.2874883505014273 0.018645653357872598 0.01867826168353741
0 0.23070927766653207 0.316432916201078 0.01750968052790715 0.01750007042518029
0 0.9094039476834811 0.21367927697988656 0.018210924588716947 0.018140059251051683
0 0.29642385702866775 0.9289834682758038 0.019074403322660007 0.019124984741210938
0 0.2990286166851337 0.03420226619793819 0.016956586104172926 0.016938773485330436
0 0.06608254175919753 0.27037503169133115 0.017456531524658203 0.017347262455866888
0 0.2821480310880221 0.08775631281045768 0.016827509953425482 0.01685336919931265
0 0.7753159449650691 0.1319123965043288 0.016598628117487982 0.016436980320857122
0 0.32036715287428635 0.05402908875392033 0.016048724834735576 0.016267116253192607
0 0.07117303976645836 0.9068205906794622 0.11516687503227821 0.12528522198016828
0 0.2207940174983098 0.3989142637986403 0.03497780286348783 0.03533172607421875
0 0.7646568004901593 0.9898794614351712 0.015572181114783654 0.015259962815504808
0 0.14054004962627703 0.33154542629535383 0.0155792236328125 0.015571374159592848
0 0.7031617531409631 0.47655795170710635 0.015124981219951924 0.015198047344501201
0 0.13786174700810358 0.3629879584679237 0.0147705078125 0.014669271615835337
0 0.6560346896831806 0.4738127268277682 0.014863527738131009 0.014976868262657752
0 0.32000035506028396 0.12599748831528884 0.023136358994704027 0.023073361470149115
0 0.36899559314434344 0.6095419663649339 0.01448807349571815 0.014596498929537259
0 0.7480852420513446 0.3653610669649564 0.015353716336763822 0.0151670896089994
0 0.5351469333355243 0.4888274119450496 0.01443782219519982 0.01438456315260667
0 0.3662771445054274 0.5645922880906326 0.017000858600323018 0.01691744877741887
0 0.03989540613614596 0.20242971640366775 0.014729710725637583 0.014595251816969652
0 0.10350594153771034 0.42421627044677734 0.014189335016103892 0.014007128201998197
0 0.2672477135291466 0.19185289969811073 0.02261968759390024 0.02294298318716196
0 0.11176944695986234 0.20887440901536208 0.015576821107130785 0.015896430382361777
0 0.277008056640625 0.1967591138986441 0.03138248737041767 0.03126188424917368
0 0.16205017383282 0.3211504862858699 0.018451974942133978 0.018489690927358773
0 0.04223253176762508 0.24525000498845026 0.015041736456064077 0.014947084280160757
0 0.15599483710068923 0.9448396242581881 0.25823152982271635 0.10803046593299279
0 0.38160001314603365 0.5618413778451773 0.016371506911057692 0.01637414785531851
0 0.2805186418386606 0.1969316189105694 0.025756322420560397 0.026584918682391826
0 0.31217087232149565 0.011036037252499508 0.013888359069824219 0.014061425740902241
0 0.2363747083223783 0.3526774186354417 0.016951634333683893 0.017053750845102165
