0 0.6145540017348069 0.8086996078491211 0.06447931436391977 0.06439942580003005
0 0.3768725028404823 0.24526700606712928 0.05584291311410757 0.05605987402108999
0 0.6402061168964093 0.8863454965444711 0.031801663912259616 0.0317846444936899
0 0.39356451768141526 0.7288346657386193 0.024233011099008415 0.024677863487830527
0 0.5316285353440505 0.5094473912165716 0.04240109370304988 0.041992554297814004
0 0.47633809309739333 0.05693411827087402 0.049350738525390625 0.04898702181302584
0 0.4566161082341121 0.33516634427584135 0.045184942392202526 0.04522294264573317
0 0.639160523047814 0.1341444070522602 0.01809237553523137 0.01853071726285494
0 0.3622729228093074 0.062383477504436784 0.019963191105769232 0.019583867146418646
0 0.32979825826791614 0.6433139214148889 0.023448797372671273 0.023392897385817308
0 0.5140407635615423 0.02418235861338102 0.019912279569185697 0.019708477533780612
0 0.360194756434514 0.09891878641568698 0.016511183518629808 0.016747071192814753
0 0.45770813868596005 0.13300968133486235 0.02310019273024339 0.02327836476839506
0 0.4585553682767428 0.24521842369666466 0.025723677415114183 0.02553697732778696
0 0.5237657840435321 0.4145821791428786 0.03751813448392428 0.03747426546536959
0 0.42846019451434797 0.15744840181790865 0.022519625150240384 0.022311733319209173
0 0.44356525861299956 0.03335249194732079 0.030053212092472956 0.03045444763623751
0 0.6589972422673152 0.4801478752723107 0.01837774423452524 0.0183260991023137
0 0.3528106396014874 0.26755501673771787 0.03606693561260517 0.03618981288029598
0 0.41004188244159406 0.46073091947115385 0.10458667461688702 0.10482465303861178
0 0.3750324249267578 0.1144704085129958 0.01960915785569411 0.01997819313636193
0 0.44484831736638 0.2638734303987943 0.017730859609750602 0.017745238084059495
0 0.5731294338519757 0.08185712190774772 0.015341978806715745 0.015961298575768106
0 0.4587934934175931 0.15718760857215294 0.021253145658052884 0.021202784318190355
0 0.5987903154813327 0.5552607316237229 0.01719526144174429 0.01712777064396785
0 0.43254390129676235 0.20861104818490836 0.02319482656625601 0.02343412546011118
0 0.4821767073411208 0.22446355452904335 0.03419054471529447 0.034480975224421576
0 0.4908435528094952 0.3309041903569148 0.020197574908916768 0.020316417400653545
0 0.44260714604304385 0.19173299349271333 0.027480492225060098 0.02700350834773137
0 0.4858967707707332 0.28867228214557356 0.017164963942307692 0.01744387700007512
0 0.3278726064241849 0.46054986807016224 0.06488440586970402 0.06502283536470853
0 0.42068650172306943 0.17254414925208458 0.015348581167367788 0.01536420675424429
0 0.5243712938748873 0.004997635690065531 0.01592599428617037 0.00980380979868082
0 0.6655918268057016 0.7949155660775992 0.029347639817457933 0.029238774226262018
0 0.5638191516582782 0.8766389993520883 0.01953257047213041 0.019856086144080527
0 0.6827306747436523 0.41190349138700044 0.04882651108961839 0.07684509570782001
0 0.6934765302217923 0.8277111053466797 0.016054446880634014 0.01616844764122596
0 0.5068851617666391 0.5343689551720252 0.034291780911959134 0.034130243154672474
0 0.5777988067040076 0.7344783636239859 0.02325586172250601 0.023175606360802285
0 0.5785486147953913 0.8370202871469351 0.015254387488731971 0.015379538902869591
0 0.5368879758394681 0.9470966045673077 0.09288083589993991 0.09318982637845553
0 0.5371871361365685 0.28758538686312163 0.02375969519981971 0.023602779094989482
0 0.5449645702655499 0.6677100841815655 0.032331026517427884 0.03259702829214243
0 0.48926580869234526 0.8109947351308969 0.01625970693734976 0.016220679649939902
0 0.6949611810537485 0.30501420681293195 0.017464711115910456 0.01778235802283654
0 0.4716029533973107 0.6298913222092849 0.016484774076021634 0.01626410851111779
0 0.5049826181851901 0.8856578240027795 0.031261370732234076 0.031174586369441107
0 0.6864313712486854 0.934619243328388 0.015158579899714543 0.015080965482271634
0 0.6661989505474384 0.9139100588285006 0.044872137216421276 0.045694791353665866
0 0.48877426294180065 0.7716958706195538 0.034656377939077526 0.03464009211613582
0 0.4194549780625563 0.7618990678053635 0.014336219200721154 0.01459517845740685
0 0.3562880295973558 0.04604648626767672 0.014424544114332933 0.014454052998469425
0 0.6938300499549279 0.042823548500354476 0.021442706768329326 0.021712523240309495
0 0.36281853455763596 0.38103947272667515 0.12779786036564753 0.12194560124323918
0 0.6680751947256235 0.6264268434964694 0.017599986149714544 0.01748041006234976
0 0.5296239119309646 0.35657589252178484 0.019262974078838643 0.018941805912898138
0 0.5961520121647761 0.0752786581332867 0.026571127084585335 0.026354092818040114
0 0.6972214625431941 0.9113839222834661 0.013371687669020433 0.018298956064077523
0 0.5335125556358924 0.7809203221247747 0.01918939443734976 0.01911031282865084
0 0.6796131134033203 0.9950398665208083 0.048757699819711536 0.009632110595703125
0 0.5103205167330228 0.9178977379432092 0.014966964721679688 0.015147869403545674
0 0.5915984007028433 0.09683821751521184 0.01470778538630559 0.015143834627591647
0 0.390936411344088 0.7795206950261042 0.018230731670673076 0.018285604623647835
