0 0.7951256678654597 0.45702699514535755 0.05853946392352764 0.05818741138164814
0 0.9183223430926983 0.33655019906850964 0.04444738534780649 0.0447239508995643
0 0.6977086433997521 0.19529645259563738 0.03769683837890625 0.03747995083148663
0 0.6618624467116135 0.2190837676708515 0.038378201998197116 0.0383001474233774
0 0.7720537919264573 0.2309453670795147 0.034540616548978366 0.03453372075007512
0 0.8450373136080228 0.01419209516965426 0.031052809495192308 0.027159764216496393
0 0.42338173206035906 0.64404663672814 0.024622477017916165 0.024808150071364183
0 0.6723047403188852 0.883819580078125 0.02618261483999399 0.02628326416015625
0 0.6844681959885818 0.16573254878704363 0.03982690664438101 0.03918673441960262
0 0.8050018457266 0.26567745208740234 0.04080801743727464 0.04067428295428936
0 0.7866710516122671 0.3001508896167462 0.029306558462289665 0.0293429814852201
0 0.6544427871704102 0.29783371778634876 0.03374349153958834 0.033882471231313854
0 0.7008885603684646 0.9617186326246995 0.030591524564302884 0.030692614041841947
0 0.3146068499638484 0.4121230198786809 0.03596415886512169 0.03577848581167368
0 0.5033793082604041 0.5812955636244553 0.0765223869910607 0.07597050300011268
0 0.11482773377345158 0.43730933849628156 0.026028229640080378 0.026147989126352165
0 0.6788601508507361 0.7839004810039814 0.037565378042367786 0.03704349811260517
0 0.41483959784874547 0.25965349490825945 0.04491615295410156 0.04465572650615986
0 0.0739218913591825 0.6798361264742337 0.029242882361778848 0.029473231388972357
0 0.35416720463679385 0.6007354442889874 0.01836527310884916 0.01837921142578125
0 0.3371740487905649 0.7803193605863131 0.026438492995042067 0.026736039381760817
0 0.5765734452467698 0.25017620966984677 0.02943552457369291 0.029498760516826924
0 0.9323413555438702 0.7499041924109826 0.030782552865835335 0.030930445744441107
0 0.8167514801025391 0.15300550827613243 0.020260737492487982 0.020234181330754206
0 0.10886749854454628 0.7596552922175481 0.019379652463472806 0.019478724553034857
0 0.0881194701561561 0.7735218634972205 0.020554597561176006 0.02065893319936899
0 0.9116360591008112 0.391878788287823 0.032636789175180286 0.0320738278902494
0 0.1792754943554218 0.19959475443913385 0.023299033825214092 0.023470658522385817
0 0.5411298091594989 0.15054875153761643 0.04226552523099459 0.04247969847459059
0 0.21216854682335487 0.3938878866342398 0.021775172306941107 0.02205203129695012
0 0.8940115708571214 0.5476613411536584 0.025273543137770433 0.025187125572791465
0 0.67595885350154 0.9868093637319711 0.01837759751539964 0.018065525935246393
0 0.114820828804603 0.6433297670804538 0.03131686724149264 0.03134067241962139
0 0.6485267785879282 0.8781497661884015 0.023953804602989785 0.02417755126953125
0 0.7851653465857873 0.97973999610314 0.019267889169546273 0.019531836876502402
0 0.7490134605994592 0.44091070615328276 0.023125281700721152 0.02329078087439904
0 0.8131058032696064 0.23516324850229117 0.026611328125 0.02658425844632662
0 0.727917744563176 0.2741001569307767 0.020902340228740986 0.020702288700984076
0 0.8777082883394681 0.15758354847247785 0.018679398756760817 0.018346786499023438
0 0.5647329550523025 0.727818855872521 0.022637220529409554 0.022721217228816107
0 0.6939601898193359 0.4844067646906926 0.021430529080904447 0.021353941697340745
0 0.13130103624784029 0.1396487676180326 0.020547151565551758 0.0202025266794058
0 0.24063370778010443 0.31293601256150466 0.0203701899601863 0.020331162672776442
0 0.4186545151930589 0.6004155232356145 0.022517864520733174 0.022399242107684795
0 0.5512727223909818 0.9496153317964994 0.035526202275202826 0.03575545090895433
0 0.0927117971273569 0.10364178510812613 0.015729592396662787 0.01596179375281701
0 0.07461521258720985 0.06441458830466637 0.019525656333336465 0.019586847378657415
0 0.9715416248028095 0.9577995447012094 0.018907987154447116 0.025379474346454326
0 0.05277348481691801 0.2730553333575909 0.07801373188312237 0.09571244166447566
0 0.8302857325627253 0.19472857621999887 0.017117426945612982 0.017146990849421576
0 0.9597355769230769 0.39943926150982195 0.016387059138371393 0.01648227985088642
0 0.18979800664461577 0.27866183794461763 0.019826595599834736 0.01976754115178035
0 0.7434937403752253 0.7126488318810096 0.024173736572265625 0.024178431584284857
0 0.3285487981942984 0.03792548638123732 0.03103505648099459 0.03194148723895733
0 0.9498535302969126 0.11914742909944974 0.018935276911808893 0.018955267392672025
0 0.2809491524329552 0.10398508952214168 0.01813532755925105 0.017957063821645882
0 0.6242361802321214 0.3079200891348032 0.01967595173762395 0.019539778049175557
0 0.34214232518122745 0.8896556267371545 0.018587552584134616 0.018272986778846152
0 0.9032831925612229 0.26071056952843297 0.020096705510066107 0.020113358130821817
0 0.6991079770601712 0.9847004230205829 0.028204991267277643 0.024871826171875
0 0.8191587007962741 0.4991284883939303 0.1134957533616286 0.11466539823091947
0 0.9311846219576322 0.0869460656092717 0.018227797288161058 0.01867195276113657
0 0.028826910715836745 0.47988502795879656 0.02429377115689791 0.02495398888221154
0 0.9676630313579853 0.3197917938232422 0.014776229858398438 0.015027633080115685
0 0.1275921234717736 0.6205927775456355 0.015140386728140024 0.015146108774038462
0 0.13781164242671087 0.4641112547654372 0.016842768742487982 0.016684605525090143
0 0.8598877833439753 0.3327053510225736 0.026371002197265625 0.02628487807053786
0 0.8946819305419922 0.518642205458421 0.021061823918269232 0.02102499741774339
0 0.662929314833421 0.0900119818173922 0.018564811119666465 0.01832441183236929
0 0.05391109906710111 0.22646023676945612 0.03612223267555237 0.036061580364520736
0 0.6029678491445688 0.9586187509390024 0.05315076387845553 0.05245707585261418
0 0.8369704026442307 0.44159324352557844 0.03119806142953726 0.03175493387075571
0 0.6885999532846304 0.33463287353515625 0.022106757530799277 0.022054525522085335
0 0.9650077086228591 0.372650513282189 0.017989672147310697 0.017726604755108174
0 0.918875474196214 0.3697047967177171 0.019909491905799277 0.01990985870361328
0 0.12757876286139855 0.3302135467529297 0.014844032434316782 0.014855018028846154
0 0.7404881257277268 0.2317062524648813 0.019715235783503607 0.019580914424015924
0 0.5000165059016302 0.7429661383995643 0.028251501230093148 0.028170365553635817
0 0.7939902085524339 0.20736184486976036 0.017740543072040264 0.01776724595289964
0 0.6865692872267503 0.14453952129070574 0.026518601637620192 0.027124624985914964
0 0.25454222238980806 0.6167872502253606 0.015372533064622145 0.015001993912916917
0 0.4110490358792819 0.1904593431032621 0.01891180185171274 0.018987142122708835
0 0.453369140625 0.8040954883282001 0.01971919719989483 0.019814417912409857
0 0.6638859968919021 0.04939862398000864 0.015322171724759616 0.015246006158682017
0 0.09425948216364934 0.025549455330922052 0.07063762499735905 0.05001373015917265
0 0.804967293372521 0.0316254932146806 0.015369121844951924 0.015285322299370399
0 0.5123831308805026 0.5225804035480206 0.01770775134746845 0.01780047783484826
0 0.3977535687960111 0.10750416608957145 0.015819842998798076 0.015877980452317458
0 0.8772951272817758 0.0616684418458205 0.0186917231633113 0.018590652025662936
0 0.7409235880925105 0.30078733884371245 0.017806860116811898 0.017833562997671273
0 0.4388612233675443 0.7142959741445688 0.019491269038273737 0.019588177020733174
0 0.8619381831242487 0.4237322440514198 0.027027130126953125 0.026946287888746995
0 0.2744109813983624 0.7202242337740384 0.01842674842247596 0.018647120549128607
0 0.7649658643282377 0.30995919154240537 0.017145303579477165 0.016982573729294997
0 0.4600488589360164 0.39444270500769985 0.03265799008882963 0.03312903184157152
0 0.49869144879854643 0.8386003054105319 0.0137786865234375 0.014049823467548076
0 0.2197420413677509 0.5853398763216459 0.01684709695669321 0.016777552091158353
0 0.8644065123337966 0.3577737441429725 0.01701017526479868 0.01726509974553035
0 0.027113102949582614 0.00990373813188993 0.027937669020432692 0.018711282656742975
0 0.18090688265286958 0.8256780184232272 0.018542913290170524 0.0186004638671875
0 0.6758363430316632 0.8050510699932392 0.01652350792518029 0.015867966871995192
0 0.0717211915896489 0.5789797122661884 0.013785994969881497 0.013861876267653245
0 0.0517695454450754 0.4667775080754207 0.028919513408954326 0.028912104093111478
0 0.4906125802260179 0.04537693353799673 0.02271725581242488 0.0230789092870859
0 0.601905896113469 0.762656725369967 0.07946968078613281 0.07942258394681491
0 0.9424117161677434 0.08070006737342247 0.015949542705829326 0.01593725039408757
0 0.45606224353496844 0.3954476576585036 0.041314345139723554 0.03964563516470102
0 0.4745328242962177 0.02615772531582759 0.020043666546161357 0.020183265209197998
0 0.7177884028508112 0.24606090325575608 0.021551865797776442 0.021520137786865234
0 0.8610166402963492 0.5809392929077148 0.09264667217548077 0.09663596520057091
0 0.09833212999197152 0.42162609100341797 0.01624859296358549 0.01616536653958834
0 0.6481383397028997 0.4371456733116737 0.05334678063025841 0.054485174325796276
0 0.6935080748337966 0.08794533289395846 0.016052392812875602 0.016211601404043343
0 0.5598781292255108 0.4085942048292894 0.015158139742337741 0.015510339003342848
0 0.39314504770132214 0.7548204568716196 0.015557215763972355 0.015650529127854567
0 0.1480855024777926 0.1257015558389517 0.019290630634014424 0.01935131733234112
0 0.5998860872708834 0.9634902660663311 0.044288341815655045 0.04377599862905649
0 0.40726749713604266 0.024007478585610025 0.016073960524338942 0.01648473281126756
0 0.7648355043851413 0.25594164774968076 0.01581720205453726 0.01587699009821965
0 0.5838140340951773 0.44510027078481823 0.015205970177283654 0.015448716970590444
0 0.08980560302734375 0.9933530367337741 0.01618620065542368 0.011307349571814904
0 0.6008303715632513 0.11016013072087215 0.016983472383939303 0.016923134143535908
0 0.22971791487473708 0.46345773110022914 0.018280909611628607 0.01821312537560096
0 0.5401242329524114 0.1863122536585881 0.016275992760291465 0.015417795914870042
0 0.43852710723876953 0.34839996924767125 0.08628331697904147 0.08516649099496695
0 0.057522085996774525 0.2202778045947735 0.02795710930457482 0.027696609497070312
0 0.024395144902742825 0.1545866085932805 0.015262191112224873 0.015365123748779297
0 0.7110281724196214 0.9132025792048528 0.016294039212740384 0.016235938439002402
0 0.22910334513737604 0.42133228595440203 0.1797954119168795 0.1783929971548227
0 0.580747127532959 0.1450347900390625 0.03779888153076172 0.03859985791719877
0 0.16850027671227089 0.23049123470599836 0.03849385334895207 0.03827645228459285
0 0.6660832625169021 0.1452386470941397 0.015337723952073317 0.015363216400146484
0 0.04927728267816397 0.3568541453434871 0.040995276891268216 0.040567251352163464
