0 0.5957513955923227 0.372251950777494 0.0656889401949369 0.06534517728365384
0 0.49709195357102615 0.30628684850839466 0.08495338146503155 0.08576033665583684
0 0.2859955567580003 0.5764409945561335 0.04622430067795973 0.046052712660569414
0 0.6647111452542819 0.17786392798790565 0.09872612586388221 0.0991986348078801
0 0.39214405646690953 0.7331965519831731 0.12822385934682992 0.13128368671123797
0 0.6985445756178635 0.3322335389944223 0.06247623150165264 0.0624846678513747
0 0.3589127247150128 0.08130188171680157 0.05063211000882662 0.050724304639376126
0 0.34796692774846005 0.03968989849090576 0.07178548666147086 0.07200261262746957
0 0.17526958538935736 0.1251611434496366 0.03718163416935848 0.03707718849182129
0 0.5611545856182392 0.021001533820078924 0.03619942298302284 0.03519292519642757
0 0.516728767981896 0.6211473024808444 0.043480286231407754 0.04351399495051457
0 0.37291218684269833 0.9175674731914814 0.05349012521597055 0.054468008188100964
0 0.3223166832557091 0.9568934073814979 0.05357984396127554 0.05307989854079027
0 0.13098680973052979 0.45789080399733323 0.02989532397343562 0.029612907996544473
0 0.269032936829787 0.9521284836989182 0.028942584991455078 0.029029259314903848
0 0.6695687954242413 0.7944556016188401 0.01902903043306791 0.018906079805814303
0 0.8560540125920222 0.29906338911790115 0.02836755605844351 0.02836777613713191
0 0.849950203528771 0.40258073806762695 0.052490234375 0.052191734313964844
0 0.6784618817842923 0.13970687756171593 0.03197684654822716 0.0319523261143611
0 0.4373468985924354 0.9146895775428185 0.04730136577899639 0.04761945284329928
0 0.3718882707449106 0.4122486114501953 0.031993792607234076 0.03193803933950571
0 0.7942065459031326 0.1981827295743502 0.04504526578463041 0.044997875507061295
0 0.1582822066086989 0.692410395695613 0.022783682896540716 0.02265504690317007
0 0.12538038767301118 0.7996364006629357 0.027704715728759766 0.027946325448843148
0 0.46570425767164964 0.7401522122896634 0.031059411855844352 0.03119043203500601
0 0.4575422727144681 0.8073893326979417 0.02850825969989483 0.028788639948918268
0 0.1076960930457482 0.8418970841627854 0.03185462951660156 0.04654194758488582
0 0.3960743684035081 0.3392169658954327 0.05407083951509916 0.05410546522874098
0 0.48177513709435094 0.6078945306631235 0.024901903592623197 0.02490865267240084
0 0.28506722817054164 0.8933951304509089 0.02733949514535757 0.02745980482835036
0 0.51131560252263 0.4111459805415227 0.025630804208608773 0.02545305398794321
0 0.8751515608567458 0.2340869169968825 0.06424977229191707 0.06631154280442458
0 0.6100418384258564 0.8450336456298828 0.020680060753455527 0.020739188561072715
0 0.4859725511991061 0.6460257310133714 0.030505840594951924 0.03067926260141226
0 0.35069861778846156 0.9871061031634991 0.028751960167518027 0.02033365689791166
0 0.28081886584942156 0.7906522017258865 0.02175140380859375 0.021734090951772835
0 0.34790831345778245 0.3107166290283203 0.030962283794696514 0.030891583516047552
0 0.5383617327763484 0.5551642271188589 0.03622729961688702 0.03619590172400841
0 0.12608233781961295 0.3085529620830829 0.02077651023864746 0.021019935607910156
0 0.2706338075491098 0.7720195330106295 0.023583192091721755 0.023375584528996393
0 0.5443536318265475 0.9415831932654748 0.05583271613487831 0.055356539212740384
0 0.12331923154684213 0.030869493117699258 0.02517527800339919 0.02523501102740948
0 0.6427499330960788 0.8080076070932242 0.019974928635817308 0.019953067486102764
0 0.3242064622732309 0.14603495597839355 0.018358890826885518 0.018398431631234977
0 0.27196499017568737 0.6110453238854041 0.02054170461801382 0.02075987595778245
0 0.5136699676513672 0.8486577547513522 0.018963446983924277 0.018676611093374398
0 0.546285445873554 0.5239408933199369 0.03126606574425331 0.031059998732346755
0 0.5575421406672552 0.5011117274944599 0.02081746321458083 0.02074586428128756
0 0.6388985560490534 0.3969892355111929 0.0302432133601262 0.03063517350416917
0 0.6481593205378606 0.3763615901653583 0.04084220299353966 0.040850345905010514
0 0.8555707197922927 0.8330283531775842 0.019786834716796875 0.019719930795522835
0 0.8873522098247821 0.8734895999615009 0.019261286808894232 0.019499558668870192
0 0.41820599482609677 0.7483385526216947 0.018845631526066706 0.019152421217698317
0 0.6232920426588792 0.25707041300260103 0.0284881958594689 0.028316534482515775
0 0.488465822660006 0.037455116326992326 0.023339491624098558 0.023179077185117282
0 0.24328011732835036 0.4280417882479154 0.022925413571871243 0.0229799564068134
0 0.5679566310002253 0.9156658466045673 0.016305263225848857 0.016316633958082933
0 0.5240000211275541 0.9145368429330679 0.01762214073768029 0.01734616206242488
0 0.17366246076730582 0.19979421909038836 0.017227796407846305 0.017537630521334134
0 0.13946905502906212 0.6339649053720328 0.018412351608276367 0.018222662118765023
0 0.5957410518939679 0.9637958820049579 0.037372515751765326 0.036976007314828724
0 0.34711093168992263 0.35302052131065953 0.04857488778921274 0.048888133122370794
0 0.608460573049692 0.5040446428152231 0.02907386192908654 0.028611109806941107
0 0.6914965556218073 0.044785417043245755 0.018031193659855768 0.017625056780301608
0 0.7259327815129206 0.0521706984593318 0.027176783635066107 0.027219185462364785
0 0.43603060795710635 0.35216496540949893 0.02042044126070463 0.02058102534367488
0 0.1714462683751033 0.8133973341721755 0.01706977990957407 0.017118013822115384
0 0.502595094534067 0.5414029634915866 0.017217049231896035 0.01719049307016226
0 0.11527840907757099 0.8704493596003606 0.01598057380089393 0.016056060791015625
0 0.14020331089313215 0.19805680788480318 0.016009770906888522 0.016185980576735277
0 0.1142414716573862 0.08297228813171387 0.022368119313166693 0.022110645587627705
0 0.5895474507258489 0.8202781677246094 0.01989261920635517 0.020438707791841947
0 0.1811246505150428 0.331447014441857 0.016861475431002103 0.016263448275052585
0 0.2560173181387094 0.9012402020967923 0.02075807864849384 0.021095716036283053
0 0.1784837429340069 0.2959579871251033 0.01662445068359375 0.01663068624643179
0 0.13414615851182204 0.13582081061143142 0.017681672022892878 0.01756576391366812
0 0.14479689414684588 0.7278484197763296 0.021177383569570687 0.02099007826585036
0 0.44985033915593076 0.08402587817265438 0.020081813518817607 0.020236423382392295
0 0.3725715417128343 0.10862955680260292 0.02279523702768179 0.02259977047259991
0 0.48431946681096005 0.36761797391451323 0.01877564650315505 0.0187990482036884
0 0.5689139732947717 0.730249624985915 0.023899371807391826 0.02379461435171274
0 0.6433187631460336 0.6858703906719501 0.02276009779710036 0.022477370042067308
0 0.842368272634653 0.574801701765794 0.06296216524564303 0.06259954892672025
0 0.29492895419781023 0.027527513412328865 0.026784456693209134 0.02661345096734854
0 0.20047525259164664 0.8331737518310547 0.019903843219463643 0.019856379582331732
0 0.46721131985004133 0.47844974811260516 0.01622918935922476 0.016710574810321514
0 0.42453989615807164 0.8692251352163461 0.029425621032714844 0.029324751633864183
0 0.6375224773700421 0.19003537984994742 0.015718900240384616 0.01602334242600661
0 0.8289679013765775 0.8452328168428861 0.02969052241398738 0.02953793452336238
0 0.10424523170177753 0.035502335199942954 0.017426545803363506 0.017490987594311055
0 0.25667333602905273 0.009482747660233425 0.018013147207406852 0.01703201005092034
0 0.20415707734914926 0.3762200428889348 0.020071946657620944 0.019983291625976562
0 0.6937957176795373 0.4096814669095553 0.026671482966496393 0.026705375084510215
0 0.15122511753669152 0.8171388919536884 0.021840664056631234 0.02153748732346755
0 0.33507442474365234 0.5029831666212815 0.01917237501878005 0.019608570979191706
0 0.7865116412823017 0.15652141204247108 0.039182809682992786 0.03963033969585712
0 0.24779803936298078 0.22753099294809195 0.016613006591796875 0.01688982890202449
0 0.6922117379995493 0.7058736360990084 0.027236058161808893 0.0274655268742488
0 0.8386780665471003 0.7997835599459134 0.01566182650052584 0.015933990478515625
0 0.2875441037691556 0.9709387559157151 0.021116256713867188 0.021353794978215143
0 0.11432230472564697 0.8867398041945237 0.017002380811251126 0.016910406259390023
0 0.7419730699979342 0.03580779754198515 0.016087752122145433 0.016090017098646898
0 0.41363231952373797 0.6491508483886719 0.016579848069411058 0.01662298349233774
0 0.8287720313439002 0.17625993948716384 0.04347903911884014 0.04436907401451698
0 0.6438537010779748 0.4973469514113206 0.034103100116436295 0.03371363419752855
0 0.40914509846613956 0.28080059931828427 0.054522147545447715 0.05450600844163161
0 0.6709764920748197 0.16908685977642351 0.01894349318284255 0.019148899958683893
0 0.6279271932748648 0.8163655354426458 0.01895288320688101 0.018959779005784255
0 0.09645201609684871 0.1415027930186345 0.015258385584904598 0.020248137987577
0 0.14253025788527268 0.8885605885432317 0.08824454821073092 0.08965668311485878
0 0.48866917536808896 0.8480483568631686 0.02631216782789964 0.026369241567758415
0 0.13268792629241943 0.3719874895535983 0.015156745910644531 0.01509549067570613
0 0.3221278557410607 0.30222474611722505 0.020168157724233773 0.019937735337477464
0 0.5505376962515024 0.35429147573617786 0.03202203603891226 0.03165076329157902
0 0.6718951005202073 0.1714470753302941 0.022510235126201924 0.02389379648061899
0 0.6473445892333984 0.5656405228834885 0.01871974651630108 0.019077301025390625
0 0.5401831406813401 0.09375533690819374 0.01564656771146334 0.01587816385122446
0 0.5938815336961013 0.6986125065730169 0.017136060274564303 0.01734308096078726
0 0.23862446271456206 0.6810359954833984 0.016453889700082634 0.016385298508864183
0 0.38442384279691255 0.00949622174868217 0.021105106060321514 0.017749262543825004
0 0.2937809870793269 0.052344125050764814 0.021976544306828424 0.022437251531160794
0 0.42380589705247146 0.7898103273831881 0.020355811485877402 0.020787165715144232
0 0.6093082427978516 0.8064852494459885 0.021748909583458535 0.021849705622746393
0 0.358433356651893 0.56305481837346 0.014731187086838942 0.014692893395057091
0 0.6528566800631009 0.9222280795757587 0.0267788813664363 0.026888040395883415
0 0.46938224939199596 0.8434631641094501 0.015943307142991286 0.01666435828575721
0 0.3078031539916992 0.9887306506817157 0.020816729618952826 0.018129495474008415
0 0.6651947314922626 0.7517945949847882 0.015482095571664663 0.0155029296875
0 0.3023887047400841 0.5507315855759841 0.11091202955979568 0.11185455322265625
0 0.2992674937615028 0.5326814651489258 0.09015108988835262 0.09009111844576322
0 0.25505388700045073 0.11672803988823524 0.018539061913123496 0.01837022487933819
0 0.39684640444242036 0.6144388639009916 0.015735919658954326 0.015828059269831732
0 0.58824766599215 0.6706796059241662 0.020939166729266826 0.021016781146709736
0 0.5915743754460261 0.8706783881554236 0.01571376507098858 0.015841557429387018
0 0.5310662342951848 0.6676221994253305 0.020397773155799277 0.02042388916015625
0 0.5511021980872521 0.7636974041278546 0.021875821627103366 0.02189812293419471
0 0.8776833460881159 0.28142386216383714 0.024720412034254808 0.02466121086707482
0 0.5283133066617526 0.08799615273108849 0.01684871086707482 0.016498675713172324
0 0.21268862944382888 0.27036153353177583 0.06713228959303635 0.06746512192946214
0 0.13333637897784895 0.7669297731839694 0.022727379432091348 0.02312645545372596
0 0.47966142801138073 0.22400749646700346 0.0359797844519982 0.03583181821382963
0 0.1372586855521569 0.6004230425908015 0.02207326889038086 0.022436141967773438
0 0.4851909050574669 0.8498746431790866 0.02092750255878155 0.021103492149939902
0 0.33150577545166016 0.23952405269329363 0.0187533451960637 0.018108404599703275
0 0.3926074688251202 0.19432775790874773 0.01434157444880559 0.014306435218224159
0 0.16994144366337702 0.23333488977872407 0.015752462240365837 0.015914293435903695
0 0.3083039797269381 0.9085131425123948 0.028119435677161582 0.028105809138371393
0 0.3088398713331956 0.9042625427246094 0.023834815392127402 0.023884993333082933
0 0.7754129263070914 0.5757567699138935 0.03663371159480168 0.03656424008882963
0 0.8963039104755108 0.8602020557110126 0.014438335712139424 0.015618544358473558
0 0.6356201171875 0.6910682091346154 0.017983216505784255 0.01875129112830529
0 0.5998842532818134 0.4201494363638071 0.029172897338867188 0.029510644766000602
0 0.18582430252662072 0.3209568170400766 0.014573794144850511 0.015354596651517428
0 0.18050021391648513 0.29479411932138294 0.016948920029860277 0.01716481722318209
0 0.572542117192195 0.7598907030545748 0.018385667067307692 0.018349134005033053
0 0.5011927898113544 0.8633158757136419 0.014968798710749699 0.014794276310847355
0 0.11517598078801082 0.06308122323109554 0.01616635689368615 0.01632039363567646
0 0.5919594397911658 0.8193231729360727 0.023435152493990384 0.0244595454289363
0 0.4597486349252554 0.9941732700054462 0.0217898442195012 0.010634348942683293
0 0.5903550661527194 0.630227309006911 0.020723929772010215 0.020692091721754808
0 0.13470235237708458 0.1564634029681866 0.018214299128605768 0.018024701338547926
0 0.34549060234656703 0.20269034459040716 0.01737499237060547 0.017426784221942607
0 0.7694237048809345 0.3351434560922476 0.10136120135967548 0.10182730968181904
0 0.38927180950458234 0.22081387959993803 0.04639698908879207 0.045314605419452376
0 0.27138691682081956 0.6987376579871545 0.014943269582895132 0.0149078369140625
0 0.6583028940054086 0.5509936259343073 0.018190530630258415 0.018341798048753005
0 0.5520624014047476 0.4102761928851788 0.022087243887094352 0.02288480905386118
0 0.10929058148310734 0.9232177000779372 0.015256991753211388 0.01486983666053185
0 0.3881841072669396 0.5811185469994178 0.04111950214092548 0.04246653043306791
0 0.8919274256779597 0.576016352726863 0.030444512000450723 0.04129791259765625
0 0.6576098662156326 0.1733091977926401 0.017522518451397236 0.018541629497821514
0 0.17310568002554086 0.9817515153151292 0.01807256845327524 0.018076970027043268
0 0.845881095299354 0.8442610227144681 0.018811739408052884 0.018755986140324518
