0 0.4983661358173077 0.804142951965332 0.02556786170372596 0.026028853196364183
0 0.2060255637535682 0.5624973590557392 0.023676652174729567 0.023694551908052884
0 0.29301260067866397 0.5435185065636268 0.018300606654240534 0.018390068641075723
0 0.8013850725614108 0.6068702844473032 0.017473807701697715 0.01747439457820012
0 0.6901789445143479 0.7386090938861554 0.017568148099459134 0.017503885122445915
0 0.5996149136469915 0.8385295134324294 0.016210335951585036 0.016285529503455527
0 0.21558068348811224 0.48854365715613735 0.016017620380108174 0.016077188345102165
0 0.7179261721097506 0.9558777442345252 0.018453451303335335 0.018321110652043268
0 0.13664820561042199 0.3571935066810021 0.01537321164057805 0.01521594707782452
0 0.35939920865572417 0.9665220700777494 0.017394872812124398 0.017466325026292067
0 0.31485773966862607 0.9807105431189904 0.015453558701735277 0.015409322885366587
0 0.6942996978759766 0.9039149651160607 0.015041351318359375 0.015250279353215145
0 0.7053244664118841 0.5739209835345929 0.014989706186147837 0.01493542010967548
0 0.46718325981727016 0.1315487531515268 0.013983066265399639 0.01422728024996244
0 0.659389642568735 0.6410967019888071 0.014303354116586538 0.014527540940504808
0 0.38335488392756534 0.09104625995342548 0.014249361478365384 0.014157625345083384
0 0.3292539303119366 0.07606960259951077 0.013947340158315806 0.013773973171527568
0 0.37704071631798375 0.893370114839994 0.014594151423527645 0.014539278470552884
0 0.6153465784513034 0.3214731950026292 0.013925625727726864 0.013863196739783654
0 0.8743325746976413 0.46752313467172474 0.014259044940655049 0.014073005089393029
0 0.43933839064378005 0.20295227490938628 0.01442887232853816 0.014172517336331882
0 0.3381831095768855 0.8791980743408203 0.014833303598257212 0.015074216402493991
0 0.9486799240112305 0.12211926166827862 0.014033097487229567 0.014354815849891076
0 0.48830509185791016 0.9560991433950571 0.015068787794846755 0.015059251051682692
0 0.5229678520789514 0.27712343289301944 0.013889019305889424 0.014002543229323167
0 0.5303212679349459 0.03372092888905452 0.014138295100285457 0.013972199880159818
0 0.7746470524714544 0.08307338677919827 0.013942718505859375 0.01390218734741211
0 0.9030334766094501 0.022887124465062067 0.01374053955078125 0.013633470122630779
