0 0.42944952157827526 0.09815618625053993 0.03092303642859826 0.03061057971074031
0 0.29560213822584885 0.8147993821364182 0.02454244173490084 0.024716303898737982
0 0.7861295846792368 0.24512180915245643 0.05640059251051683 0.057329764732947715
0 0.45064412630521333 0.37007625286395734 0.026738827045147236 0.02687703646146334
0 0.25907113001896787 0.7591357597937951 0.0372004142174354 0.03826434795673077
0 0.42418784361619216 0.7633408766526443 0.04054883810190054 0.04022495563213642
0 0.3059066992539626 0.5556009732759916 0.0176389400775616 0.017517676720252402
0 0.5044267727778509 0.8458378865168645 0.05566054124098558 0.05561256408691406
0 0.6432569943941556 0.9560262239896334 0.05193328857421875 0.051335848294771634
0 0.3591081179105319 0.16760338269747221 0.031826166006234974 0.031804955922640286
0 0.3414009534395658 0.8281291814950796 0.03717319781963642 0.03754439720740685
0 0.33344540229210484 0.9200107867901142 0.02163872352013221 0.021358489990234375
0 0.4837375053992638 0.29588985443115234 0.04864824735201322 0.048367867102989785
0 0.18083931849553034 0.8081223414494441 0.01805254129263071 0.018786210280198317
0 0.44099286886361927 0.0661998070203341 0.01803442148061899 0.017937861956082858
0 0.27068413220919096 0.9429616928100586 0.023192479060246393 0.023091536301832933
0 0.3951772909898024 0.9197466190044696 0.02840885749230018 0.028592036320612982
0 0.4460741923405574 0.34932928818922776 0.018860010000375602 0.01910994603083684
0 0.451021121098445 0.23060131072998047 0.041982210599459134 0.041808128356933594
0 0.45300087561974156 0.1221771240234375 0.043394969059870794 0.043266663184532754
0 0.6208108021662786 0.27532067665686977 0.03167915344238281 0.03144572331355168
0 0.5206433076124924 0.8001911456768329 0.024772277245154746 0.024503121009239785
0 0.2784276558802678 0.8865419534536508 0.0253140009366549 0.025256523719200723
0 0.296952302639301 0.845734376173753 0.016260220454289362 0.016224494347205527
0 0.44820510424100435 0.4247289437514085 0.015108988835261418 0.015149556673490085
0 0.18742770415086013 0.9091711777907151 0.03633616520808293 0.04556714571439303
0 0.44018231905423677 0.8406633963951697 0.02937155503493089 0.029317562396709736
0 0.4282849385188176 0.25046088145329404 0.02842228229229267 0.028089523315429688
0 0.5213789206284744 0.5392303099999061 0.017067835881159857 0.017053970923790567
0 0.30045681733351487 0.8986964592566857 0.026846592242901143 0.027098729060246393
0 0.41889322721041167 0.5932729427631085 0.015995172353891227 0.01588865426870493
0 0.40416563474214995 0.8734135260948768 0.020802791302020732 0.020902193509615384
0 0.4924101462730995 0.2119283676147461 0.04757008185753456 0.047315230736365683
0 0.6057795377878042 0.1509414269373967 0.016518592834472656 0.016227061931903545
0 0.3818884262671837 0.9492502946120042 0.023545118478628304 0.02371391883263221
0 0.3810265614436223 0.1917425302358774 0.047281852135291465 0.04892297891470102
0 0.5779482034536508 0.30109585248506987 0.04977138225848858 0.05058207878699669
0 0.19438593204204851 0.823280041034405 0.025000535524808444 0.024614774263822116
0 0.30349188584547776 0.24416329310490534 0.032010371868426986 0.032061210045447715
0 0.2374897003173828 0.7899264555711013 0.021445017594557542 0.0215914799616887
0 0.28925380339989293 0.7814949475801908 0.03099214113675631 0.03087615966796875
0 0.47637117826021635 0.07583843744718112 0.03792616037222055 0.03819093337425819
0 0.27565820400531477 0.43430665823129505 0.018086910247802734 0.018272546621469352
0 0.6009167891282302 0.6173264430119441 0.015842731182391826 0.015833634596604567
0 0.7475999685434195 0.23677488473745492 0.024922590989332933 0.02482304206261268
0 0.6296846683208759 0.23838521884037897 0.01609171353853666 0.015875889704777643
0 0.6091720140897311 0.3325953116783729 0.06999558668870193 0.07057498051570012
0 0.43827203603891224 0.1960160365471473 0.03205732198861929 0.03196932719304012
0 0.1887964835533729 0.9426212310791016 0.025112335498516377 0.024546403151292067
0 0.48511479451106143 0.8306547311636118 0.03243813147911659 0.03233601496769832
0 0.3365926008958083 0.9688211587759165 0.019859167245718148 0.02005621103140024
0 0.4696798691382775 0.25846341940072864 0.05798002389761118 0.058585827167217545
0 0.2104497322669396 0.3641198231623723 0.020351996788611777 0.020778949444110576
0 0.2056586375603309 0.9477652036226712 0.021919067089374248 0.021251971905048076
0 0.18689249112055853 0.7162502728975736 0.016911433293269232 0.016951927771935098
0 0.25551515359144944 0.731941663301908 0.018883154942439154 0.01858095022348257
0 0.21581712135901818 0.2502428201528696 0.022141309884878304 0.021486722506009616
0 0.2525756909297063 0.934754151564378 0.025046642010028545 0.025096893310546875
0 0.23172873717087966 0.8290202801044171 0.04017796883216271 0.041097787710336536
0 0.20589135243342474 0.7356337033785306 0.018317516033466045 0.017735994779146634
0 0.2208562447474553 0.6691235762376052 0.01975840788621169 0.019816765418419473
0 0.6555695166954627 0.34054022568922776 0.03777225200946514 0.03737097520094652
0 0.5424068891085111 0.8302162610567533 0.030740004319411058 0.03058756314791166
0 0.48134506665743315 0.12656147663409895 0.022432914147010215 0.022542733412522536
0 0.4163059821495643 0.20446927730853742 0.01947623032789964 0.01919416280893179
0 0.3144216170677772 0.7743848653940054 0.028373131385216348 0.02869385939378005
0 0.4141116509070763 0.9110663487361028 0.023975445674015924 0.0237734867976262
0 0.5578820155217097 0.26590750767634463 0.027873992919921875 0.02772940122164213
0 0.5707704837505634 0.20944503637460563 0.06614457643949069 0.06583349521343525
0 0.330230896289532 0.9414493854229267 0.015187777005709134 0.015515547532301683
0 0.31312421651986927 0.636140016409067 0.02558744870699369 0.025966937725360576
0 0.3697189184335562 0.7911837651179388 0.01760438772348257 0.017428471491887018
0 0.34891748428344727 0.08628340867849496 0.021843543419471152 0.02162059912314782
0 0.550149184006911 0.29439878463745117 0.0352630615234375 0.03472078763521635
0 0.26049105937664324 0.284272707425631 0.020014836237980768 0.01986063443697416
0 0.177536285840548 0.8426398497361404 0.0157927366403433 0.018937330979567308
0 0.45136407705453724 0.4887131911057692 0.07640457153320312 0.07799016512357272
0 0.22494356448833758 0.9661173453697791 0.01611790290245643 0.016694142268254206
0 0.22202517436100885 0.8175855783315805 0.0200348633986253 0.019916681142953727
0 0.4197865266066331 0.8397225600022536 0.01839747795691857 0.01805701622596154
0 0.6643268145047702 0.26123133072486293 0.03628334632286659 0.03652620315551758
0 0.34818256818331206 0.9034878657414362 0.019481952373798076 0.018962860107421875
0 0.7199010115403396 0.38254268352801984 0.02629999014047476 0.026711684006911058
0 0.4622391920823317 0.3311874316288875 0.02182740431565505 0.022380902216984674
0 0.3520598044762245 0.7896482027493991 0.017075611994816706 0.01688531728891226
0 0.3504202182476337 0.8045818622295673 0.017335011408879206 0.016889425424429085
0 0.6208328100351187 0.9908081935002253 0.028318258432241585 0.01739076467660757
0 0.4523892035851112 0.2971282188708966 0.021384019118088942 0.021384642674372747
0 0.31275386076707107 0.26029449242811936 0.03169793349045973 0.03149564449603741
0 0.3512251927302434 0.9184992863581731 0.015616930448091947 0.0160067631648137
0 0.3828890140240009 0.7503147858839768 0.016463059645432692 0.01653920687161959
0 0.4647689232459435 0.022268027067184448 0.029554220346304085 0.030321015761448786
0 0.4523219328660231 0.09056557141817533 0.019136868990384616 0.019060575045072116
0 0.3241156064547025 0.9849692124586839 0.021463981041541465 0.0208587646484375
0 0.36516233590932995 0.8064919985257663 0.01804043696476863 0.018509498009314902
0 0.25983608686006987 0.8147232349102314 0.02375969519981971 0.023282271165114183
0 0.4398096524752103 0.6282365505511944 0.02788881155160757 0.027810170100285456
0 0.44939114497258115 0.866694083580604 0.017067689162034255 0.01688722463754507
0 0.20154263423039362 0.925719114450308 0.013840601994441105 0.013873760516826924
0 0.4146421872652494 0.7148191745464618 0.020889428945688102 0.019728880662184495
0 0.3026691950284518 0.45975685119628906 0.031410584082970254 0.031211706308218148
0 0.19223392926729643 0.7317892221304086 0.01703034914456881 0.017785292405348558
0 0.49382349161001354 0.17270071689899152 0.05084521953876202 0.05087544367863582
0 0.7570356222299429 0.18574997094961312 0.051818554217998795 0.051396883451021634
0 0.4089799660902757 0.5659504303565392 0.014609190133901743 0.014544120201697716
0 0.5414205697866586 0.9579855111929086 0.023871641892653245 0.024149968073918268
0 0.4087602175199069 0.6861319175133338 0.014351184551532451 0.014174534724308895
0 0.18840549542353704 0.7206125992995042 0.032213871295635514 0.03681799081655649
0 0.5945267310509315 0.23161055491520807 0.023505577674278848 0.02332614018366887
0 0.3103481439443735 0.6350341209998498 0.021541723838219277 0.022541926457331732
0 0.7712733928973858 0.6382013467641977 0.024523221529447116 0.02436652550330529
0 0.364779178912823 0.9039696913499099 0.01892691392164964 0.018727522629957933
0 0.7127516819880559 0.2890122670393724 0.028111677903395433 0.028418907752403848
0 0.7066574830275315 0.32040728055513823 0.019039007333608773 0.019076127272385817
0 0.7310694181002103 0.3200708536001352 0.04559194124661959 0.04527856753422664
0 0.2314790945786696 0.6748591202955979 0.01931109795203576 0.019122490516075723
0 0.40009865394005406 0.1504515501169058 0.046909185556265026 0.04658779731163612
0 0.5013812505281888 0.2259246019216684 0.031710184537447415 0.0313874758206881
0 0.36150536170372594 0.5404884631817157 0.028920687161959134 0.028754601111778848
0 0.532334144298847 0.4162303851200984 0.013905965364896335 0.01378184098463792
0 0.38268375396728516 0.8561710944542518 0.017845887404221755 0.018099271334134616
0 0.7046485314002404 0.2595211359170767 0.03769845228928786 0.03752814806424654
0 0.5131774315467248 0.08843502631554237 0.052091158353365384 0.052189148389376126
0 0.4402312498826247 0.03901002957270695 0.02064675551194411 0.02078694563645583
0 0.22806506890517014 0.7427178896390475 0.036046468294583835 0.03603010911207933
0 0.23789607561551607 0.8647603255051833 0.020226111778846152 0.020003098707932692
0 0.19609590677114633 0.8782927439762995 0.016169107877291165 0.01616492638221154
0 0.4114380983205942 0.891497905437763 0.014567155104417067 0.01497180645282452
0 0.23068728813758263 0.8338373624361478 0.03265857696533203 0.03234056326059195
0 0.5202797376192533 0.44169286581186146 0.036930084228515625 0.036897439223069414
0 0.4512603466327374 0.5806244336641752 0.013810671292818509 0.014283253596379207
0 0.20263040982759917 0.11756554016700158 0.036237936753493086 0.041492278759296126
0 0.3989902643057016 0.31666040420532227 0.024867131159855768 0.02463700221135066
0 0.5685749787550706 0.11006788107065055 0.0870218276977539 0.08628564614516038
0 0.4264224125788762 0.888123658987192 0.01632558382474459 0.015958639291616585
0 0.46833969996525693 0.5949496489304763 0.015044872577373799 0.015070695143479567
0 0.21013406606820914 0.1857150151179387 0.054350046011117786 0.07074708205003005
0 0.6344316922701322 0.13292149397043082 0.020946209247295674 0.020844129415658805
0 0.5931680385883038 0.26880930020258975 0.017076418950007513 0.017474871415358324
0 0.617338253901555 0.22691814716045672 0.016811370849609375 0.016687393188476562
0 0.2589572759775015 0.9293660383958083 0.03869489523080679 0.04133048424353966
0 0.2742728636814998 0.9929422965416541 0.01859426498413086 0.012601558978740986
0 0.2071044261638935 0.7710484724778396 0.014151573181152344 0.013914254995492788
0 0.36720569317157453 0.12966407262361968 0.017906922560471755 0.01800399560194749
0 0.2336088510660025 0.8620140369121845 0.0197604619539701 0.020461009098933294
0 0.26376595863929164 0.23537536767812875 0.01665665553166316 0.016757671649639424
0 0.4109667264498197 0.7189595149113581 0.029664112971379206 0.028516622690054085
0 0.4140883225661058 0.11913020794208233 0.02337778531588041 0.02344795373769907
0 0.33377691415640026 0.2353653724376972 0.03243123568021334 0.031995113079364486
0 0.2020599475273719 0.8364046536959134 0.014858429248516377 0.015066293569711538
0 0.26821837058434117 0.6790128854604868 0.019116328312800482 0.019297673152043268
0 0.5920240695659931 0.24558080159700835 0.047561938946063705 0.047709061549260065
0 0.37766706026517427 0.8901648888221154 0.016884290255033053 0.016692234919621393
0 0.5481141897348257 0.16951685685377854 0.055050042959359974 0.05752299382136418
0 0.18270318324749285 0.6647472381591797 0.016658929678109977 0.018980906559870794
0 0.334443972660945 0.8982615837684045 0.02318396935096154 0.02237525353064904
0 0.2878402379842905 0.4938973646897536 0.01774439444908729 0.01736303476186899
0 0.523191708784837 0.25424583141620344 0.049491515526404746 0.04881990872896635
0 0.2663474449744591 0.9170293807983398 0.023736880375788763 0.022452721228966348
0 0.40447198427640474 0.06015615738355196 0.01788440117469201 0.01800537109375
