0 0.10163322778848502 0.03059830115391658 0.0769509535569411 0.06009793281555176
0 0.09966941980215219 0.7660454236544095 0.045617181521195635 0.04513344397911659
0 0.111992203272306 0.9090279799241286 0.037006561572735124 0.0368505624624399
0 0.2333206580235408 0.8488106360802283 0.038477457486666165 0.038585662841796875
0 0.9251424349271334 0.8642757122333233 0.026612061720628005 0.02682832571176382
0 0.9423354222224309 0.46795199467585635 0.027605056762695312 0.027048844557542067
0 0.6152348885169396 0.48035606971153844 0.0357209719144381 0.035724493173452526
0 0.04472010869246263 0.9126691084641677 0.03540031497295086 0.035406259390024036
0 0.9322938185471755 0.14825147848862869 0.024830744816706732 0.02479252448448768
0 0.048845144418569714 0.9735395724956806 0.055792588454026446 0.05044849102313702
0 0.13467474167163557 0.2936714062323937 0.04145143582270695 0.04142075318556566
0 0.21809572439927322 0.5580062866210938 0.025627319629375752 0.025713993952824518
0 0.20042162675123948 0.5384828127347506 0.023296943077674277 0.022995435274564303
0 0.8561088121854342 0.3944147550142728 0.018863677978515625 0.018807191115159255
0 0.9487687624417819 0.9379777174729568 0.02619171142578125 0.026224869948167067
0 0.25765756460336536 0.5364838380080003 0.03465120608990009 0.03472489577073317
0 0.24693588110116813 0.6464578188382663 0.07851109137901893 0.07770153192373422
0 0.9528512221116286 0.3471302619347206 0.01795049814077524 0.017909930302546576
0 0.3806728216317984 0.5239417002751277 0.01757203615628756 0.017595731295072116
0 0.28693536611703724 0.3586125007042518 0.021909200228177585 0.022219291100135215
0 0.031301166002567 0.6817112702589768 0.032184055218329795 0.04791450500488281
0 0.17942324051490197 0.2872363237234262 0.04007632915790264 0.04020837637094351
0 0.5981585796062763 0.6776007138765775 0.02008958963247446 0.019826155442457933
0 0.22070939724261945 0.5194688210120568 0.02037609540499174 0.020306954017052285
0 0.3150929304269644 0.7991752624511719 0.04003194662240835 0.039567213792067304
0 0.310089294727032 0.06473849369929387 0.018358377309945915 0.018445656849787787
0 0.6466464996337891 0.6148862838745117 0.016088045560396634 0.016016299907977764
0 0.16525818751408503 0.3117851477402907 0.034923663506141074 0.03470068711500902
0 0.04332029360991258 0.5043951548062838 0.039279745175288275 0.03932930872990535
0 0.34113447482769305 0.7868375778198242 0.017936266385591947 0.01779937744140625
0 0.5194146082951472 0.7617684877835788 0.09144210815429688 0.08878150353064904
0 0.32545170417198765 0.7544484505286584 0.016878641568697415 0.01685025141789363
0 0.6686182022094727 0.7395819150484525 0.015395384568434495 0.015433824979341947
0 0.24207817591153657 0.21971387129563552 0.051032689901498646 0.05060276618370643
0 0.02602121692437392 0.09491405120262733 0.024598979032956637 0.04055441342867338
0 0.29201683631310094 0.710907716017503 0.03639074472280649 0.036316211407001205
0 0.4100395349355844 0.8305449852576623 0.024526449350210335 0.02483221200796274
0 0.10332017678480881 0.8135784589327298 0.018875745626596305 0.018977238581730768
0 0.22131263292752779 0.7885475158691406 0.021122822394737832 0.021359370304987982
0 0.10994482040405273 0.5397565915034368 0.021769083463228665 0.022074479323167067
0 0.20421860768244818 0.49755224814781773 0.021796226501464844 0.021930107703575723
0 0.11316348956181453 0.6190207554743841 0.02496616656963642 0.025103312272291917
0 0.2541175989004282 0.4725245695847731 0.03516674041748047 0.03547382354736328
0 0.4362616172203651 0.3905616906973032 0.033564054048978366 0.03339591393103966
0 0.1689578936650203 0.9338508019080529 0.03687102978046124 0.03742790222167969
0 0.03218521521641658 0.5463632436899039 0.02585423909700834 0.02576270470252404
0 0.16028286860539362 0.8747822688176081 0.020138043623704176 0.020299471341646634
0 0.36303197420560396 0.6959520486684946 0.01966241689828726 0.01972374549278846
0 0.325528805072491 0.6058541811429538 0.028241671048677884 0.02844839829664964
0 0.45369779146634615 0.5612653585580679 0.023088895357572116 0.023186170137845553
0 0.468324221097506 0.710427137521597 0.023171278146597054 0.02328329819899339
0 0.16574668884277344 0.7556403233454778 0.02063120328463041 0.020359039306640625
0 0.46492987412672776 0.8395550801203802 0.04724898705115685 0.04709405165452223
0 0.2539496605212872 0.1319499107507559 0.022139475895808294 0.02245805813716008
0 0.09706771373748779 0.8666812456571139 0.01617229901827299 0.016218185424804688
0 0.1261318830343393 0.4553378178523137 0.015491925753079928 0.015513200026292067
0 0.55127686720628 0.8900900620680589 0.020908355712890625 0.021031012901893027
0 0.09799385070800781 0.583640978886531 0.02083114477304312 0.021170396071213942
0 0.2945701525761531 0.887940186720628 0.01737800011268029 0.017201643723707933
0 0.8644412114070013 0.3554072013268104 0.017922621506911058 0.018086653489332933
0 0.16371391369746283 0.930865214421199 0.027811784010667067 0.027204073392427884
0 0.09710738292107216 0.12400399721585788 0.01689932896540715 0.01685485473045936
0 0.15784731278052697 0.4634070029625526 0.01455237315251277 0.014466359065129207
0 0.3812967813931979 0.7881003159743089 0.015978446373572715 0.016147613525390625
0 0.2004855596102201 0.9107255202073318 0.018633915827824518 0.018833160400390625
0 0.18866117183978742 0.7530721517709585 0.018702140221228965 0.018638170682466947
0 0.24908825067373422 0.7438718355618991 0.023254981407752402 0.022899627685546875
0 0.10410772837125339 0.1814131736755371 0.016183743110069863 0.015912606165959284
0 0.15632137885460487 0.9813198676476111 0.0349120360154372 0.032839408287635215
0 0.0984947131230281 0.5997207348163311 0.02261943083543044 0.021994810837965745
0 0.03943327298531166 0.15801092294546273 0.01836519057934101 0.018134052936847393
0 0.4476963923527644 0.767212280860314 0.03109007615309495 0.030963750985952523
0 0.4804222400371845 0.22496531559870794 0.022579779991736777 0.022848055912898138
0 0.501342406639686 0.7214786822979267 0.06622505187988281 0.06861818753756009
0 0.10338754837329571 0.9494247436523438 0.017342824202317458 0.01781771733210637
0 0.296197377718412 0.8302678328294021 0.015070878542386569 0.015106201171875
0 0.11864669506366436 0.6349626687856821 0.01840549248915452 0.018586232112004206
0 0.8777464353121244 0.47317079397348255 0.01418011005108173 0.014280392573429989
0 0.45155099722055286 0.6700322077824519 0.04944669283353365 0.04861244788536659
0 0.25821506060086763 0.5070049579326923 0.03377716357891376 0.03527010404146635
0 0.5359150813176081 0.4134826293358436 0.01667624253493089 0.01666846642127404
0 0.024833163389792808 0.12426248880533072 0.01989837334706233 0.02053214953495906
0 0.7540705754206731 0.5804157257080078 0.02463707557091346 0.024736551138070915
0 0.8855948081383338 0.10200980993417594 0.0401915036714994 0.039800057044396035
0 0.07097479013296273 0.6754056490384616 0.02316755514878493 0.023274788489708535
0 0.6348398648775541 0.1938016964839055 0.022948631873497598 0.02306516353900616
0 0.40593792841984677 0.9618041698749249 0.023122494037334736 0.023612095759465143
0 0.26175909775954026 0.7019007756159856 0.01818535878108098 0.017772821279672477
0 0.09454118288480319 0.9863577622633714 0.03210130104651818 0.024799053485576924
0 0.6736289537869967 0.4500616513765775 0.01776885986328125 0.018315608684833232
0 0.7027701597947341 0.4695604764498197 0.014711966881385216 0.014819952157827524
0 0.031451752552619346 0.468359507047213 0.03175094494452843 0.04123746431790865
0 0.1451320739892813 0.655670166015625 0.02137281344487117 0.021424513596754808
0 0.4557516391460712 0.9778316937960111 0.01845865983229417 0.017872737004206732
0 0.10511568876413199 0.2588016986846924 0.01463167483990009 0.014620267427884616
0 0.09521031379699707 0.9777086698091947 0.03496701900775616 0.0358587411733774
