0 0.43246694711538464 0.8727315755990835 0.09953557527982272 0.09923025277944711
0 0.2744386379535382 0.8759836783775916 0.05033544393686148 0.04993247985839844
0 0.7642617592444787 0.9488987555870643 0.04422686650202824 0.04409115131084736
0 0.5676484474769006 0.8847359143770658 0.12176733750563401 0.12098473768967849
0 0.7384028801551232 0.703377210176908 0.05401816734900841 0.05394436762883113
0 0.6910991668701172 0.09488314848679763 0.025681422306941107 0.025617691186758187
0 0.24753363315875715 0.5944275489220252 0.029423053448016826 0.030158849862905648
0 0.34439600431002104 0.636344469510592 0.02584251990685096 0.025765639085036058
0 0.40337470861581654 0.9622572385347806 0.09137197641225961 0.07142991286057693
0 0.39230504402747524 0.5299626863919772 0.022266387939453125 0.022269615760216348
0 0.6368113297682542 0.05831944942474365 0.020639859713040866 0.020654990122868463
0 0.5909288112933819 0.8022937041062576 0.033557745126577526 0.033403249887319714
0 0.3174742185152494 0.1318036409524771 0.05693252270038311 0.05745293543888973
0 0.4822986309344952 0.5496141727154071 0.021648993858924277 0.02178793687086839
0 0.3834825295668382 0.3387403121361366 0.027129099919245794 0.027267089256873496
0 0.7819734720083383 0.1832294464111328 0.024378116314227764 0.024465414193960335
0 0.2147815044109638 0.22384397800152117 0.026716158940241888 0.02670625539926382
0 0.773612902714656 0.07166195832766019 0.020782323983999398 0.020611671301034782
0 0.23917770385742188 0.12919304004082313 0.0487364255464994 0.048407444587120645
0 0.36276765970083386 0.2518886419442984 0.021165994497445915 0.0211184575007512
0 0.6826424965491662 0.24517822265625 0.018109688392052285 0.017849115224984977
0 0.7787081645085261 0.842010498046875 0.03582088763897236 0.03840431800255409
0 0.5243895237262433 0.5472782575167142 0.03310746413010817 0.033296951880821817
0 0.3423905005821815 0.39517828134390026 0.019253950852614183 0.019444832435021035
0 0.6405635246863732 0.9162306418785682 0.0351873544546274 0.034740447998046875
0 0.6863912435678335 0.7435618180495042 0.022053058330829326 0.022029876708984375
0 0.6201761685884916 0.8091914837176983 0.01708049040574294 0.017023526705228366
0 0.5765815881582407 0.5663995009202224 0.019506161029522236 0.019559713510366585
0 0.27896950795100284 0.6458605252779447 0.030039273775540866 0.030401963454026442
0 0.7551981852604792 0.1055607062119704 0.016953101524939902 0.017286374018742487
0 0.37847731663630557 0.026969121052668646 0.032304617074819714 0.031893143287071817
0 0.7136319967416617 0.2586722190563495 0.017720735990084134 0.017569285172682542
0 0.22823553818922776 0.6252610133244441 0.03028722909780649 0.03031162115243765
0 0.24855885138878456 0.6190838446983924 0.02147219731257512 0.021721032949594352
0 0.26366345699016863 0.47457240178034854 0.020059989048884466 0.020388383131760817
0 0.36252777393047625 0.08277036593510555 0.020874610314002402 0.02093752072407649
0 0.6532309605525091 0.7852744322556716 0.016566349909855768 0.016561068021334134
0 0.2916593918433556 0.9770380900456355 0.01816866948054387 0.017880659836989183
0 0.6464633941650391 0.8887725243201623 0.023319831261268027 0.022847982553335335
0 0.22684449415940505 0.16640564111562875 0.0337525147658128 0.03341484069824219
0 0.2561637438260592 0.3330527085524339 0.01512908935546875 0.015130996704101562
0 0.3362235656151405 0.9330293948833759 0.06243683741642879 0.06432606623722957
0 0.2690463066101074 0.010456673227823697 0.029549158536470853 0.02032967943411607
0 0.3012231680063101 0.5774390880878155 0.023120733407827523 0.023194386408879206
0 0.21525269288283128 0.595980167388916 0.030306009145883415 0.03537933643047626
0 0.46236544388991135 0.052494324170626126 0.02773593022273137 0.028140033666904155
0 0.7326987339900091 0.055837195653181806 0.015200394850510817 0.015416512122521034
0 0.27175343953646147 0.036900036610089816 0.02848537151630108 0.028505458281590387
0 0.21517025507413423 0.6421169867882361 0.022426751943734977 0.02266106238731971
0 0.3897103529710036 0.6587853798499475 0.01548312260554387 0.015505570631760817
0 0.722958491398738 0.8496756186852088 0.017149998591496393 0.017088963435246393
0 0.7387275695800781 0.9270387796255258 0.016552264873798076 0.01665643545297476
0 0.3583029600290152 0.7605011279766376 0.016171602102426384 0.016070145827073317
0 0.7949413152841421 0.27840623488793004 0.014244519747220553 0.01683359879713792
0 0.45134896498460036 0.8254304298987756 0.01664455120380108 0.016437677236703727
0 0.5915523308974046 0.38747358322143555 0.017934212317833535 0.0175631596491887
0 0.2736110503856952 0.3699695880596454 0.01745777863722581 0.01771692129281851
0 0.2941624568058894 0.6902534778301532 0.014684383685772236 0.014950385460486779
0 0.31124393756573016 0.3041712137369009 0.016025689932016227 0.016199662135197565
0 0.22837173021756685 0.18632793426513672 0.02124309539794922 0.021579669072077826
0 0.37054678109975964 0.47677087783813477 0.015926874600923978 0.016095601595365085
0 0.6598840860220102 0.024793922901153564 0.015021397517277645 0.014960803664647616
0 0.26896326358501726 0.1146097916823167 0.033165931701660156 0.03307645137493427
0 0.788569450378418 0.7641780559833233 0.016984939575195312 0.017388563889723558
0 0.733393302330604 0.8955710484431341 0.016813278198242188 0.0168301508976863
0 0.6695123819204477 0.05863525775762705 0.016407012939453125 0.01630260394169734
0 0.24383475230290338 0.528560051551232 0.021084345304048978 0.021283369797926683
0 0.7211532592773438 0.8941813248854417 0.03311978853665865 0.03247774564302885
0 0.7847555600679837 0.5970427439762995 0.015218294583834134 0.015035702632023739
0 0.5267881246713492 0.19956464033860427 0.03284028860238882 0.032799097207876354
0 0.4039175327007587 0.643950682419997 0.014864408052884616 0.014810708852914663
0 0.24863246771005484 0.16506888316227838 0.019632302797757663 0.01947021484375
0 0.5080816195561335 0.9568076500525842 0.06748492901141827 0.06592266376201923
0 0.4284089528597318 0.2386934573833759 0.1151427489060622 0.11710394345797025
0 0.7443306262676532 0.033398882700846746 0.015156965989332933 0.015107764647557186
0 0.5548036281879132 0.6407615955059345 0.015346820537860576 0.01526935283954327
0 0.29248740122868466 0.0821159161054171 0.04707820598895733 0.0476222955263578
0 0.5338621873121995 0.7938738602858323 0.014662669255183293 0.014551309438852163
0 0.5083508858313928 0.9662830646221454 0.029166001539963942 0.029857782217172477
0 0.3094936517568735 0.32511358994704026 0.0193631832416241 0.019351665790264424
0 0.7901163101196289 0.0791629827939547 0.014908130352313701 0.01490319692171537
0 0.578583497267503 0.964556620671199 0.014055105356069712 0.014305995060847355
0 0.4793974436246432 0.3127862490140475 0.08347445267897385 0.08334277226374699
0 0.6603134595430814 0.3036185961503249 0.015215800358698918 0.015192288618821364
0 0.2289745257450984 0.4488492745619554 0.016211509704589844 0.015825785123384915
0 0.3118744263282189 0.320489186507005 0.015193719130295973 0.015426855820875902
0 0.4644457010122446 0.4525767473074106 0.014983103825495793 0.014791928804837741
0 0.7014537224402795 0.21910929679870605 0.015171637901893029 0.015239532177264873
0 0.7809597162099985 0.8218834216778095 0.025044661301832933 0.024115929236778848
0 0.32858932935274565 0.9914996807391827 0.0161440189068134 0.014745565561147837
0 0.6725481473482572 0.8757796654334435 0.032254732572115384 0.032245782705453724
0 0.6202998528113732 0.9378824967604417 0.02050165029672476 0.020321772648737982
0 0.6431309626652644 0.23502716651329628 0.018149742713341348 0.018116877629206732
0 0.2709825589106633 0.6696803753192608 0.018521528977614183 0.01839593740609976
0 0.66486329298753 0.8063699282132663 0.014308489285982572 0.014272836538461538
0 0.326145758995643 0.3009820351233849 0.014448092533991886 0.01460574223445012
0 0.6728878021240234 0.29807098095233625 0.014233809251051683 0.014543790083665114
0 0.7770993159367487 0.024797622974102315 0.015084780179537259 0.01530419748563033
0 0.4781031975379357 0.735770372244028 0.014202704796424279 0.014007861797626201
0 0.25028283779437727 0.5362635392409104 0.018138555380014274 0.018156051635742188
0 0.37796497344970703 0.39159327286940354 0.014049823467548076 0.014004047100360576
0 0.555974190051739 0.9565359262319711 0.029018548818734977 0.0286257817195012
0 0.589217736170842 0.6961839382465069 0.014009842505821815 0.013915722186748799
0 0.6923795846792368 0.7899996684147761 0.014203585111177884 0.014170573307917668
0 0.22960061293381911 0.06025762282885038 0.06586089501014122 0.10117691296797532
0 0.2457284193772536 0.5309946720416729 0.02417901846078726 0.02484578352708083
0 0.3106592618502103 0.55974608201247 0.015833506217369668 0.016155756436861478
0 0.6840689732478216 0.9655317159799429 0.015052208533653846 0.015242943396935096
0 0.553965898660513 0.05453133583068848 0.08063220977783203 0.0796201045696552
0 0.21602913049551156 0.4278455880972055 0.03295421600341797 0.03359721257136418
0 0.7365804818960336 0.2802636439983661 0.015523030207707332 0.015488257774939904
0 0.32749157685499924 0.5905567315908579 0.015293194697453426 0.015580103947566105
