0 0.8759474387535682 0.019063523182502158 0.01839608412522536 0.018483666273263786
0 0.6075084392841046 0.02734264960655799 0.026059077336237982 0.0259323211816641
0 0.2403418467595027 0.33659780942476714 0.017839321723351113 0.017891296973595254
0 0.748813482431265 0.3125152587890625 0.017479089590219352 0.01738153971158541
0 0.6592526069054236 0.3362446198096642 0.015370002159705529 0.01563292283278245
0 0.9413324502798227 0.4250513223501352 0.015539316030649038 0.015578930194561299
0 0.9650520911583533 0.8518794866708609 0.01614247835599459 0.016113721407376803
0 0.37031819270207333 0.2833069838010348 0.014916786780724159 0.015084413381723257
0 0.38229278417734 0.5358153123121995 0.01443312718318059 0.014194855323204627
0 0.06741098257211539 0.05568517629916851 0.014690490869375376 0.014809746008652907
0 0.9664769539466271 0.2886307422931378 0.013986147367037259 0.014567888700045072
0 0.691256596491887 0.8364982604980469 0.015237954946664663 0.01505572979266827
0 0.953982793367826 0.03414669862160316 0.014767279991736779 0.014783941782437839
0 0.7206616034874549 0.7354878645676833 0.014482351449819712 0.014278852022611178
0 0.6844819875863882 0.7993023212139423 0.015065706693209134 0.015463168804462139
