0 0.2893550395965576 0.5479590342595027 0.03392292903019832 0.034007879403921276
0 0.4911094812246469 0.6762786278357873 0.028241817767803486 0.028288621168870192
0 0.817135737492488 0.31402793297400844 0.02120384803185096 0.021125279940091647
0 0.464848151573768 0.40199976701002854 0.022206673255333535 0.0222776119525616
0 0.6669814036442683 0.1520777573952308 0.02012913043682392 0.020240398553701546
0 0.1536551805642935 0.28267948444073016 0.017743000617394082 0.017682735736553486
0 0.9344598329984225 0.9533783839299128 0.01955237755408654 0.019756023700420674
0 0.40039509993333083 0.49439393557035005 0.01878782419057993 0.018831693209134616
0 0.2816234001746544 0.8990923808171198 0.014575738173264723 0.014971366295447716
0 0.21894403604360727 0.1080939402947059 0.014925003051757812 0.01488654430095966
0 0.5548353928786057 0.606291991013747 0.014970045823317308 0.014656507051908053
0 0.12821010442880484 0.11070500887357272 0.014343995314378005 0.0142975220313439
0 0.5684833526611328 0.010467857122421265 0.014483231764573317 0.014603023345653828
