0 0.535126832815317 0.6972606365497296 0.08278633997990535 0.08249150789701022
0 0.4654020896324745 0.32805354778583234 0.06782957223745492 0.06757156665508564
0 0.7871249272273138 0.6622467041015625 0.03690294119027945 0.03685701810396635
0 0.23314927174494818 0.9708515313955454 0.06601825127234826 0.0542303232046274
0 0.3443160057067871 0.9054738558255709 0.04469438699575571 0.04504893376277043
0 0.4532107940086952 0.5064293421231784 0.04958820343017578 0.04982552161583534
0 0.5918202767005334 0.7958036569448618 0.04876562265249399 0.04831607525165264
0 0.6185329143817608 0.0342826247215271 0.04934395276583158 0.049185486940237194
0 0.5086537141066331 0.44810845301701474 0.04394890711857723 0.04354029435377855
0 0.7677465585561899 0.5229853116548978 0.035162118765024036 0.03480118971604567
0 0.4832411545973558 0.9168378389798678 0.038402704092172474 0.038617647611177884
0 0.580267282632681 0.9787054795485276 0.07277466700627254 0.0412145761343149
0 0.4387533114506648 0.8755258413461539 0.03720444899338942 0.0369867178109976
0 0.18836114956782415 0.3389225739699144 0.06474355550912711 0.06498573376582219
0 0.7478375068077674 0.2741552499624399 0.029953443087064303 0.029793225801908053
0 0.4838831974909856 0.08076786077939548 0.02478614220252404 0.024786600699791543
0 0.45026250985952526 0.6827916365403396 0.028789226825420674 0.0286868168757512
0 0.8746421520526593 0.8814420700073242 0.029179206261268027 0.029677757850060098
0 0.7903084388146033 0.40442657470703125 0.01959081796499399 0.01945656996506911
0 0.6972833780141977 0.14758784954364484 0.021901057316706732 0.021641364464393027
0 0.270296757037823 0.5526309380164514 0.027611659123347357 0.0277407719538762
0 0.8559781588040866 0.04909423681405874 0.02373680701622596 0.023803140108401958
0 0.2183669897226187 0.6151377604557917 0.020343890556922324 0.0199282719538762
0 0.4095817712637094 0.27682220018827 0.05621469937838041 0.0551151862511268
0 0.6518597236046424 0.6246490478515625 0.030064216026893027 0.030034615443303034
0 0.13788204926710862 0.7816449678861178 0.04696361835186298 0.04736533531775841
0 0.8772720923790565 0.6512291248028095 0.024257366473858174 0.024610079251802884
0 0.8651657104492188 0.35467008443979114 0.035962618314302884 0.04171268756573017
0 0.1357291845174936 0.4429373007554274 0.03614055193387545 0.03574077899639423
0 0.40739176823542667 0.5769215363722581 0.018852894122783955 0.018933956439678486
0 0.5420808792114258 0.047546790196345404 0.019051185021033652 0.019477578309866097
0 0.5121444555429312 0.17380156883826622 0.030509361853966348 0.03025399721585787
0 0.4284488604618953 0.935096814082219 0.024369239807128906 0.024250177236703727
0 0.46785684732290417 0.47464649493877703 0.019582308255709134 0.019501392657940205
0 0.20762918545649603 0.3074023540203388 0.0388189829312838 0.03911509880652794
0 0.7219655697162335 0.6698370713454026 0.02097041790301983 0.021015167236328125
0 0.2570149348332332 0.14548015594482422 0.021825717045710638 0.0219119512117826
0 0.8365377279428335 0.3199140108548678 0.01857141348031851 0.018541336059570312
0 0.7419897226186899 0.5040949307955228 0.030065389779897835 0.030110872708834134
0 0.6102289786705604 0.36717700958251953 0.0207980229304387 0.02116738832913912
0 0.8452429404625525 0.8122020134559045 0.03694637005145733 0.03642067542442909
0 0.8522752615121695 0.7307962270883414 0.03733150775615986 0.03713695819561298
0 0.5735098031850961 0.7344333208524264 0.0285342289851262 0.02860861558180589
0 0.22787134463970476 0.04694606707646297 0.028327208298903245 0.028470037075189445
0 0.23486713262704703 0.5629389102642353 0.025552969712477464 0.025844867412860576
0 0.37018555861253005 0.6577417667095478 0.0247195317195012 0.02505331773024339
0 0.6730895409217248 0.4057157956636869 0.031366788423978366 0.03169045081505409
0 0.11369512631342961 0.9825994051419772 0.017411158635066107 0.020774254432091348
0 0.14596657569591814 0.8876639879666842 0.03350252371567946 0.03371854928823618
0 0.71319763477032 0.035298991661805376 0.02443973834698017 0.024395332886622503
0 0.1651952450092022 0.7954415541428786 0.02879831424126258 0.029004610501802884
0 0.8027621049147385 0.7352054302509015 0.02147395794208233 0.021623758169320915
0 0.35076581514798677 0.6730090654813327 0.019406832181490384 0.019887190598707933
0 0.6494795725895808 0.8894867530235877 0.01657236539400541 0.01660772470327524
0 0.7864202352670523 0.43089921657855695 0.0385435544527494 0.039685616126427285
0 0.5356676028325007 0.5951174956101638 0.024426900423490085 0.024541414701021634
0 0.37830448150634766 0.9536115206204928 0.01787845905010517 0.017600132868840143
0 0.7337662623478816 0.8480361058161809 0.03624417231633113 0.03567416851337139
0 0.8285620762751653 0.24808128063495344 0.017628889817457933 0.017905528728778545
0 0.3744737184964694 0.04642091347621037 0.029243909395658053 0.029281343405063335
0 0.23163481859060434 0.5806721907395583 0.017494678497314453 0.017143396230844352
0 0.7224065340482272 0.16571884888869065 0.015720660869891826 0.015521929814265324
0 0.8694550440861628 0.6753061734713041 0.02501502403846154 0.0253909184382512
0 0.7428321838378906 0.20284278576190656 0.018137124868539665 0.01820967747614934
0 0.5089276753939115 0.5409927001366248 0.02211453364445613 0.022020853482759915
0 0.13276899777925932 0.6002269157996545 0.02808059178865873 0.028226412259615384
0 0.8745329196636493 0.49237926189716047 0.02092141371506911 0.0216067387507512
0 0.6687304423405573 0.7306396777813251 0.027816038865309495 0.027392754187950723
0 0.3780224139873798 0.27181225556593674 0.03799255077655499 0.03784814247718224
0 0.16108279961806077 0.4230290192824144 0.026974824758676384 0.02649710728571965
0 0.3723259705763597 0.12380141478318435 0.05249500274658203 0.05270510453444261
0 0.23948350319495568 0.7538926051213191 0.023665428161621094 0.02371039757361779
0 0.1779360037583571 0.850115335904635 0.022636266855093148 0.02285458491398738
0 0.7738252052894006 0.4582077906681941 0.025571089524489183 0.02540280268742488
0 0.8661296551044171 0.2022878390092116 0.030715795663686898 0.04562781407282902
0 0.6253844774686373 0.6672673592200646 0.018205789419320915 0.01808650677020733
0 0.7519258352426382 0.12301811805138221 0.02445059556227464 0.024171792543851413
0 0.5820233271672175 0.6250187800480769 0.020136466393103965 0.020543648646428034
0 0.7850448901836689 0.023361258781873263 0.01702117919921875 0.016747827713306133
0 0.23012770139254057 0.6981674341055063 0.024054233844463643 0.024123265193058893
0 0.25964933175307053 0.6494613060584435 0.016586780548095703 0.016611099243164062
0 0.5716303311861478 0.48116559248704177 0.017651998079740085 0.017757415771484375
0 0.8400807747474084 0.6993607741135818 0.02984032264122596 0.029732337364783652
0 0.5541773576002854 0.33309489030104417 0.02017050523024339 0.02002290578988882
0 0.20175669743464544 0.021257194188924935 0.0397942616389348 0.03888052243452806
0 0.6722745161790115 0.2603643490717961 0.022746159480168268 0.0228424805861253
0 0.4106609637920673 0.617278319138747 0.017714427067683294 0.017550871922419622
0 0.2707954186659593 0.2976023233853854 0.03844407888559195 0.0385289558997521
0 0.16211535380436823 0.10863784643319938 0.024102027599628154 0.02328183100773738
0 0.4362336672269381 0.017472991576561563 0.01676148634690505 0.01730778584113488
0 0.39486004756047177 0.7050922100360577 0.026794800391564004 0.026726209200345553
0 0.6984850076528696 0.2518767576951247 0.031224177433894232 0.031281471252441406
0 0.6979884367722732 0.420224299797645 0.023780382596529447 0.02398813687838041
0 0.6783906496488131 0.6448547656719501 0.016037427462064303 0.015746483435997598
0 0.7486981611985427 0.8005098196176382 0.024497105525090143 0.024334540733924277
0 0.6933202009934646 0.9871345666738657 0.016965132493239183 0.01678598844088041
0 0.4403328528771034 0.15247247769282415 0.03299771822415865 0.03296617361215445
0 0.7703549311711237 0.2446435781625601 0.02577385535606971 0.025539471552922174
0 0.37275013556847203 0.6811208724975586 0.02346948476938101 0.023700420673076924
0 0.45403557557326096 0.28685630284822905 0.03579447819636418 0.035764144017146185
0 0.1418300591982328 0.64942690042349 0.016247639289269082 0.016387352576622598
0 0.8337069291334885 0.4816758082463191 0.016043442946213942 0.015941473153921273
0 0.5279636016258826 0.0738526307619535 0.022614552424504206 0.02277231216430664
0 0.17237644929152268 0.3976585681621845 0.027205834021935098 0.027144725506122295
0 0.3204200084392841 0.2171953641451322 0.02637349642240084 0.02682634500356821
0 0.7092993809626653 0.11182361382704514 0.015660212590144232 0.015775387103740986
0 0.57184021289532 0.08818360475393441 0.032958984375 0.03316791240985577
0 0.8617847149188702 0.6062865990858811 0.020568260779747598 0.020661060626690205
0 0.4051642051109901 0.13080942630767822 0.019901569073016826 0.019722370000985954
0 0.38764795890221226 0.7366796640249399 0.030452434833233174 0.030667231633112982
0 0.5259770980248084 0.03639092812171349 0.017204137948843148 0.017344979139474723
0 0.7346249360304612 0.7727369161752554 0.021854987511268027 0.02152222853440505
0 0.22801998945382926 0.9238276848426232 0.03149978931133564 0.031161381648137018
0 0.41874173971322864 0.5959242674020621 0.018232198861929085 0.01861909719613882
0 0.81322508591872 0.2876413418696477 0.02475136976975661 0.02474212646484375
0 0.7319338871882513 0.5464941171499399 0.022292650662935697 0.022626436673677884
0 0.8841921732975886 0.8283772835364709 0.017426564143254206 0.023094910841721755
0 0.24820549671466535 0.5019111266502967 0.015738377204308145 0.015655370858999398
0 0.7536414219782903 0.45415672889122594 0.017003866342397835 0.017240230853740986
0 0.695953369140625 0.7506155600914588 0.022333291860727165 0.022519038273737982
0 0.46360301971435547 0.9905919295090896 0.027369132408728965 0.016643524169921875
0 0.7100767722496619 0.7613829832810622 0.01709468548114483 0.016885757446289062
0 0.12849719707782453 0.8364756657527044 0.02395494167621319 0.024271451509915866
0 0.7268947454599234 0.4638221447284405 0.02434407747708834 0.024670234093299277
0 0.4700939105107234 0.5992873265193059 0.02346640366774339 0.02310921595646785
0 0.49370721670297474 0.14921258963071382 0.024142045241135817 0.024402086551372822
0 0.6566435740544245 0.5204922235929049 0.02345877427321214 0.02355355482835036
0 0.4479189652663011 0.8013786169198843 0.01714809124286358 0.016833085280198317
0 0.6146825276888334 0.439113213465764 0.02554739438570463 0.02588969010573167
0 0.6321137501643255 0.16771668654221755 0.01692786583533654 0.016945912287785456
0 0.7049165872427133 0.44257420759934646 0.020049168513371393 0.02016595693734976
0 0.3870068696828989 0.8236271784855769 0.016147686884953424 0.015933990478515625
0 0.2827612803532527 0.753165758573092 0.022453894981971152 0.02298135023850661
0 0.60899961911715 0.20556196799645057 0.025525900033804085 0.025403316204364482
0 0.5808712885929987 0.19960946303147536 0.02248998788686899 0.02244105705848107
0 0.36022501725416917 0.0885023887340839 0.03312771136944111 0.032646468052497275
0 0.4711941205538236 0.8954646037175105 0.017419741703913763 0.017275590163010817
0 0.729225598848783 0.030897906193366416 0.0214999272273137 0.020117732194753792
0 0.6720782059889573 0.9560320193950946 0.018108074481670674 0.018063471867487982
0 0.6127180686363807 0.18149647345909706 0.036095839280348554 0.036763778099646933
0 0.3018359037546011 0.2606963010934683 0.0200650875384991 0.020048801715557393
0 0.8271953142606295 0.4040013826810397 0.018893902118389424 0.01892515329214243
0 0.8231509282038763 0.824526860163762 0.015218147864708534 0.015107081486628605
0 0.5270048654996432 0.1292512141741239 0.024558874276968148 0.02463681881244366
0 0.7885636549729568 0.25250460551335263 0.01619573739858774 0.01588858090914213
0 0.27001813741830677 0.1303630883877094 0.023481075580303486 0.02292622052706205
0 0.5690502753624549 0.0210175124498514 0.023777228135329027 0.023540950738466702
0 0.6197443742018479 0.8328687227689303 0.023121430323674128 0.023319244384765625
0 0.29212229068462664 0.4584794044494629 0.015466763423039364 0.015470578120304989
0 0.7804166353665866 0.14495964233691877 0.01763739952674279 0.018007186742929313
0 0.7360935211181641 0.6590898953951322 0.015087127685546875 0.015112069936899038
0 0.544700182401217 0.09208495800311749 0.022575818575345553 0.02221811734713041
0 0.5208436525785006 0.3981162584744967 0.01604314950796274 0.016165513258713942
0 0.13167037413670465 0.0723416071671706 0.023066282272338867 0.025087833404541016
0 0.8633068524874173 0.15901998373178336 0.018615135779747598 0.018515770251934346
0 0.23990267973679763 0.021644175052642822 0.03448684398944561 0.035148097918583796
0 0.3488097924452562 0.6603484520545373 0.014777623690091647 0.015056903545673076
0 0.2746276121873122 0.14442742787874663 0.016451175396259014 0.017624855041503906
0 0.3167207424457257 0.19301674916194037 0.028454138682438776 0.028165597182053786
0 0.23438405990600586 0.16939926147460938 0.02696653512807993 0.026692977318396933
0 0.3180638826810397 0.3684400411752554 0.019712154681865986 0.019914773794320915
0 0.48471777255718523 0.5185342201819787 0.02796789316030649 0.028065608097956732
0 0.47350259927602917 0.841920412503756 0.024467908419095553 0.025097773625300482
0 0.7267794975867639 0.7936094724214994 0.024020855243389424 0.023683988131009616
0 0.33896761674147385 0.9875334226168119 0.04207684443547176 0.023493399986853965
0 0.27755698790917027 0.6043872833251953 0.028592403118426982 0.02897981496957632
0 0.5200567612281213 0.3374174558199369 0.020153265732985277 0.020315170288085938
0 0.6512031555175781 0.15326523780822754 0.03203524076021635 0.032460652864896335
0 0.17911874330960786 0.8795155745286208 0.024430164924034707 0.024426680344801683
0 0.7585531381460336 0.6053670736459585 0.020409217247596152 0.02052938021146334
0 0.5931154764615573 0.33321303587693435 0.01682105431189904 0.01712146172156701
0 0.8308994586651142 0.5956175143902118 0.02142333984375 0.02156551067645733
0 0.7529073861929086 0.10348071501805232 0.014655773456280049 0.014729004639845628
0 0.6402623103215144 0.10926406200115497 0.0231015132023738 0.023105034461388223
0 0.4047266153188852 0.6818877733670748 0.01878048823429988 0.01873647249661959
0 0.4328990349402794 0.07364265735332783 0.020011168259840745 0.019856819739708535
0 0.8811181141779973 0.7262460268460788 0.01936002878042368 0.027740918673001803
0 0.650952045734112 0.05193324730946468 0.02412693317119892 0.02439587849837083
0 0.7967877021202674 0.2750983971815843 0.018494239220252402 0.018298002389761116
0 0.5041418075561523 0.7554244995117188 0.01782387953538161 0.017723963810847357
0 0.8778395285973182 0.6985838963435247 0.022847689115084134 0.0241854741023137
0 0.5934849518996018 0.21835792981661284 0.023100632887620192 0.02249879103440505
0 0.6484818825354943 0.3181161146897536 0.0193939208984375 0.01935401329627404
0 0.577282978938176 0.9227805504432092 0.03586416978102464 0.03664544912484976
0 0.6970031444842999 0.8369348966158353 0.020267780010516826 0.020694732666015625
0 0.29755662037776065 0.7753474895770733 0.02635339590219351 0.025928350595327523
0 0.7015416071965144 0.37226229447584885 0.031328054574819714 0.030403870802659255
0 0.14175684635455793 0.4142574163583609 0.02472719779381385 0.024979518010066107
0 0.6679474757267878 0.6751469832200271 0.015087714562049279 0.01514141376201923
0 0.4102371289179875 0.8289731832650992 0.023928495553823616 0.02435434781588041
0 0.13541113413297212 0.5620245933532715 0.020566243391770583 0.02019962897667518
0 0.29613236280588 0.0974269280066857 0.018590230208176833 0.01895618438720703
0 0.7661567101111779 0.48527790949894833 0.03359281099759615 0.034159366901104264
0 0.4222889313331017 0.20158863067626953 0.015003571143517127 0.01490633304302509
0 0.16585962588970476 0.37705883612999547 0.025159469017615683 0.025649584256685697
0 0.8378146244929388 0.6250067490797776 0.01730508070725661 0.017493027907151442
0 0.41006770500769985 0.08807199734907883 0.02451045696551983 0.024492942369901217
0 0.38538052485539365 0.6373545573307917 0.014562460092397837 0.014580066387469951
0 0.7952901400052584 0.8441525972806491 0.018939678485576924 0.018972396850585938
0 0.6568145018357497 0.3600251858051007 0.01667052048903245 0.016823988694411058
0 0.4346197201655461 0.10997887758108285 0.022078440739558294 0.022069454193115234
0 0.3140701880821815 0.5900192994337815 0.018981493436373197 0.01942106393667368
0 0.6728624197152945 0.49561280470628005 0.024663338294396035 0.024655268742487982
0 0.45198667966402495 0.8370504379272461 0.014543533325195312 0.014764785766601562
0 0.3024907112121582 0.8076915007371169 0.01475664285513071 0.01492764399601863
0 0.4323550737821139 0.7290256940401517 0.017570862403282754 0.017444904033954326
0 0.31087868030254656 0.8305062514085036 0.01709441038278433 0.016758551964393027
0 0.3192984140836276 0.7203032420231745 0.01548018822303185 0.015546211829552284
0 0.1889313551095816 0.8057242173414964 0.021153963529146634 0.021643711970402643
0 0.13655247138096735 0.1261596863086407 0.03276588366581844 0.03467471782977764
0 0.5605305891770583 0.2131041746873122 0.021126527052659255 0.021425834068885215
0 0.28663334479698765 0.2320726101215069 0.01682934394249549 0.01658799098088191
0 0.8637814888587365 0.026842337388258714 0.015234433687650241 0.01502976967738225
0 0.6266579261192908 0.6184746668888972 0.019301781287560098 0.019114237565260667
0 0.4392521931574895 0.7511297372671274 0.019648038423978366 0.020321185772235576
0 0.41762909522423375 0.10300814188443698 0.01619742466853215 0.01656517615685096
0 0.5061591955331656 0.5267973312964807 0.015285785381610576 0.01515491192157452
0 0.7296813084528997 0.059695468499110296 0.019587296705979567 0.019885970995976374
0 0.2400189913236178 0.6683191152719351 0.017385042630709134 0.016901162954477165
0 0.18737195088313177 0.13882099665128267 0.03192219367394081 0.032413409306452826
0 0.3895870722257174 0.20614158190213716 0.02156683114858774 0.021597935603215143
0 0.3709520926842323 0.7948223994328425 0.014387277456430288 0.014685117281400241
0 0.7175677372859075 0.7092202993539664 0.016323089599609375 0.016460125262920674
0 0.7468768633328952 0.8221161182110126 0.020578971275916465 0.020769559420072116
0 0.17750221032362717 0.7139335045447717 0.017169915712796725 0.016787162193885215
0 0.6600340329683744 0.8482041725745568 0.02037957998422476 0.020197648268479567
0 0.418095221886268 0.11979049902695876 0.0163876460148738 0.016488258655254658
0 0.6246373103215144 0.10850435953873855 0.020797876211313102 0.021208744782667894
0 0.12321214492504413 0.5360036996694711 0.014824592150174655 0.014572877150315505
0 0.4055439875676082 0.22343547527606672 0.022603988647460938 0.022831073174109824
0 0.8302080447857196 0.7873874077430139 0.03724098205566406 0.037980153010441706
0 0.75140747657189 0.061413388985853926 0.017640040471003607 0.017615611736591045
0 0.20131520124582145 0.6200645153339093 0.014896099384014424 0.014853110680213341
0 0.20649403792161208 0.7565824068509616 0.01525563460129958 0.015311314509465145
0 0.5434678884652945 0.49751765911395734 0.021956370427058294 0.02191895705003005
0 0.16151171464186448 0.06732384058145377 0.04132622021895189 0.041297123982356146
0 0.5426001915564904 0.14528298377990723 0.017627862783578727 0.01775525166438176
0 0.7268440540020282 0.08524733323317307 0.014909304105318509 0.015583992004394531
0 0.13332826357621413 0.7189624492938702 0.018753803693331204 0.018851206852839544
0 0.6919116240281326 0.9574096386249249 0.014983250544621395 0.01427753155048077
0 0.18249834500826323 0.4247870078453651 0.014381922208345853 0.014455355130709134
0 0.4226171053372897 0.7449596845186673 0.020152165339543268 0.020591295682466947
0 0.7696295518141526 0.6861066084641677 0.021544236403245192 0.021429795485276442
0 0.28110713225144607 0.9329886803260217 0.021595147939828727 0.021818161010742188
0 0.5816670931302584 0.6068277359008789 0.02030497330885667 0.020467318021334134
0 0.6627960938673753 0.5992177449739896 0.014555270855243389 0.014646970308743991
0 0.7540788650512695 0.9760065812330979 0.017441236055814303 0.018636116614708535
0 0.8583170083852915 0.06711185895479642 0.014437455397385817 0.014258696482731746
0 0.8431591620812049 0.14900001195760873 0.013731736403245192 0.013640642166137695
0 0.30464678544264573 0.2999460697174072 0.034928395197941706 0.03401517868041992
0 0.6260221921480619 0.8727201315072867 0.016160231370192308 0.016409653883713942
0 0.7089210656973032 0.3717487408564641 0.03843615605280949 0.0365904294527494
0 0.2635643665607159 0.010998851977861844 0.022429392887995794 0.01991217411481417
0 0.6832064848679763 0.055474583919231706 0.016523361206054688 0.01694648082439716
0 0.3441139001112718 0.743670390202449 0.016326904296875 0.016308711125300482
0 0.5478409987229568 0.11302641721872184 0.026524910560021035 0.026751334850604717
0 0.4556784996619591 0.8486093374399039 0.01431589860182542 0.014350304236778846
0 0.7264050703782302 0.8154820662278396 0.027678856482872598 0.027733876154972956
0 0.7971156193659856 0.7654235546405499 0.018364832951472357 0.018393736619215745
0 0.7775865701528696 0.35404337369478667 0.029419532189002402 0.028724083533653848
0 0.5367012390723596 0.1797619232764611 0.02212179624117338 0.02187659190251277
0 0.7680411705603967 0.9763418344350961 0.018546177790715143 0.018990149864783652
0 0.7618769132173978 0.8257145514855018 0.01775492154634916 0.01774435776930589
0 0.7776276515080378 0.37927634899432844 0.017264146071213942 0.017346602219801683
0 0.15823936462402344 0.6876017497136042 0.024420820749722995 0.024634141188401442
0 0.7721088115985577 0.186581354874831 0.014547201303335337 0.014353532057542067
0 0.71338624220628 0.931548338669997 0.02483221200796274 0.024675515981820915
0 0.8311537229097806 0.44725575813880336 0.014344142033503605 0.014121349041278545
0 0.23559999465942383 0.8605520541851337 0.035150381234975964 0.03482833275428185
0 0.8865907375629132 0.9385104546180139 0.013540854820838341 0.020316930917593148
0 0.7297225365271935 0.22045201521653396 0.017423483041616585 0.017926876361553486
0 0.5933210666363056 0.1250093808540931 0.029677757850060098 0.02963719001183143
0 0.18422827353844276 0.9449624281663161 0.018049240112304688 0.01801476111778846
0 0.31540922018197864 0.6220403084388146 0.015812433682955228 0.015750738290640023
0 0.6180538764366736 0.13185524940490723 0.016657022329477165 0.016798111108633187
0 0.5211574114285983 0.19818977209237906 0.020590562086838942 0.020294592930720404
0 0.47625842461219203 0.10674830583425668 0.02763219980093149 0.0273135808797983
0 0.48937581135676456 0.7862127744234525 0.02460487072284405 0.024373568021334134
0 0.7187753090491662 0.8418458791879507 0.025109364436222956 0.024988908034104567
0 0.36086177825927734 0.18467180545513445 0.01887820317195012 0.01924925584059495
0 0.6651667081392728 0.3035899859208327 0.019157996544471152 0.01865845460158128
0 0.3922929030198317 0.3509818590604342 0.025320786696213942 0.025815670306865986
0 0.3219486383291391 0.13716589487515962 0.021582970252403848 0.021547867701603815
0 0.7821445465087891 0.8235156719501202 0.016476851243239183 0.016397622915414665
0 0.792601438669058 0.14736120517437273 0.018035301795372598 0.01802822259756235
0 0.3013454217177171 0.3352019236637996 0.0323327137873723 0.03225502601036659
0 0.5466011487520658 0.5498776069054236 0.016509569608248197 0.016497685359074518
0 0.7037105560302734 0.04987652485187237 0.014440389779897837 0.014444057758037861
0 0.2132711043724647 0.39369627145620495 0.020653541271503154 0.02090938274676983
0 0.34789437514085036 0.15252330669989952 0.024068685678335335 0.024259658960195687
0 0.30742714955256534 0.7372197371262771 0.01807403564453125 0.018479567307692308
0 0.5799654080317571 0.12501907348632812 0.024938143216646634 0.024984139662522536
0 0.8191692645733173 0.7746179287250226 0.03045038076547476 0.029139151939978965
0 0.7978248596191406 0.4522277758671687 0.019907144399789665 0.02021305377666767
0 0.6448346651517428 0.46493027760432315 0.015194526085486779 0.015204356266902043
0 0.29918912740854114 0.29954829582801235 0.02867999443641076 0.03009319305419922
0 0.8228892546433669 0.1278988764836238 0.015093143169696514 0.015260769770695614
0 0.5660646878756009 0.2960086785829984 0.02005283649151142 0.019698326404278096
0 0.7441349029541016 0.6796946892371545 0.020035376915564902 0.02057192875788762
0 0.3142250867990347 0.7370036932138296 0.029159399179311898 0.028245192307692308
0 0.1748069983262282 0.8187734163724459 0.017223431513859674 0.017239497258112982
0 0.7852402466994065 0.3525284987229567 0.01703951908991887 0.017985710730919473
0 0.38753604888916016 0.2042552874638484 0.020475094134990986 0.019797398493840143
0 0.30012989044189453 0.21127792505117562 0.01570870326115535 0.015822190504807692
0 0.7658079587496244 0.9774556526770959 0.0236514164851262 0.022867202758789062
0 0.3258063609783466 0.8337898254394531 0.015143981346717248 0.015329507681039663
0 0.2821244459885817 0.3275753901554988 0.022934766916128304 0.022858106173001803
0 0.42454062975369966 0.2358118754166823 0.017766512357271634 0.017682699056772087
0 0.24484839806189904 0.7357832835270808 0.01648249992957482 0.017093951885516826
0 0.8221186124361478 0.35970775897686297 0.014938061053936299 0.01482376685509315
0 0.4889133893526517 0.8444610008826623 0.032761647151066706 0.03304554865910457
0 0.4921581561748798 0.887759282038762 0.02488884559044471 0.025167318490835335
0 0.4796327811021071 0.6424493056077224 0.022708892822265625 0.022609710693359375
0 0.287876532627986 0.8455429810744065 0.018148275522085335 0.01808782724233774
0 0.8634848961463342 0.5817843217116135 0.015410203200120192 0.015374257014347957
0 0.6606470254751352 0.8536940354567307 0.026143587552584134 0.029526930588942308
0 0.1916812933408297 0.06029152870178223 0.019716446216289815 0.020001044640174277
0 0.5519881615271935 0.19154049799992487 0.022455362173227165 0.023241299849290114
0 0.3365492820739746 0.6630372267503005 0.016816065861628607 0.016681377704326924
0 0.8636565575232873 0.7530040740966797 0.014855164747971755 0.01510913555438702
0 0.12138926065885104 0.7559988315288837 0.02349743476280799 0.024649693415715143
0 0.31002110701340896 0.7367643209604117 0.022870742357694186 0.02271270751953125
0 0.36264867048997146 0.21520016743586615 0.01476595951960637 0.014949651864858774
0 0.3910578214205228 0.2091518915616549 0.019327603853665866 0.019553551307091348
0 0.8357543211716872 0.7438890016995944 0.01414034916804387 0.014465918907752404
0 0.27456265229445237 0.14215784806471604 0.01921873826246995 0.019806825197660007
0 0.5631110484783466 0.37718501457801235 0.01821583967942458 0.01807271517240084
0 0.23848816064687875 0.5226088303786057 0.013653828547551082 0.013589785649226261
0 0.6619814359224759 0.8640279036301833 0.01970672607421875 0.01979681161733774
0 0.3505236919109638 0.1696498944209172 0.01629939446082482 0.016539573669433594
0 0.19406905541053185 0.3913288850050706 0.019637327927809495 0.01943661616398738
0 0.7642198709341196 0.3991242188673753 0.015031667856069712 0.015596756568321815
0 0.5861906638512244 0.12470957866081825 0.03332182077261118 0.030211136891291693
0 0.7307175856370193 0.6414673145000751 0.019344036395733174 0.01982879638671875
0 0.873784432044396 0.46219029793372524 0.019436762883112982 0.019455542931189902
0 0.42308550614577073 0.8637996086707482 0.01688986558180589 0.017181983360877402
0 0.5708966621985803 0.9579927737896259 0.01873603233924279 0.01844303424541767
0 0.5967904237600473 0.124406466117272 0.025783245380108174 0.026456869565523587
0 0.7886751615084134 0.2505387526292067 0.018787384033203125 0.01840099921593299
0 0.4081728641803448 0.4815583595862755 0.019212062542255107 0.01927669231708233
0 0.6617948825542743 0.8601417541503906 0.025649877694936898 0.02754519535945012
0 0.6943415128267728 0.2288072659419133 0.01606897207406851 0.015514300419734074
0 0.28426931454585147 0.9320840101975661 0.02651559389554537 0.025828434870793268
0 0.6112198462853065 0.3355528758122371 0.018140352689302884 0.01834840040940505
0 0.3448559320889987 0.7067674490121695 0.01571200444148137 0.015212132380558895
0 0.7669196495643029 0.48195574833796573 0.027354313777043268 0.028084388146033652
0 0.3771459139310397 0.18735021811265212 0.025376393244816706 0.027047487405630257
0 0.8023322912362906 0.9292828486515925 0.016633987426757812 0.016969974224384014
0 0.3816527586716872 0.4077182916494516 0.016434962932880107 0.016625257638784554
0 0.5902776351341834 0.02099446379221403 0.017743037297175482 0.017993991191570576
0 0.2803614322955792 0.6929991795466497 0.019960586841289815 0.01978272658128005
0 0.5959110260009766 0.22162254040057844 0.027963931743915264 0.0277100342970628
0 0.49448464466975284 0.20247099949763372 0.019753382756159857 0.0199277584369366
0 0.7688965430626502 0.35062342423659104 0.020414205697866585 0.02121257781982422
0 0.17020500623262846 0.022470001990978535 0.013956803541917067 0.014269398955198435
0 0.406404972076416 0.47865078999445987 0.021442193251389723 0.022404597355769232
0 0.472106566795936 0.11156216034522423 0.020069269033578727 0.0199735348041241
0 0.2973089034740741 0.9384970298180213 0.018308126009427585 0.01853458697979267
0 0.5437487088716947 0.22115531334510216 0.019948519193209134 0.020329108605018027
0 0.8057999977698693 0.8649987440842849 0.013402792123647837 0.013343224158653846
0 0.8438914372370794 0.16471182383023775 0.013607025146484375 0.013148087721604567
0 0.22409835228553185 0.6628646850585938 0.015593015230618991 0.015566752507136418
0 0.27640236341036284 0.3889586375309871 0.025392899146446817 0.025427598219651442
0 0.4099273681640625 0.4777866510244516 0.02802129892202524 0.027419310349684495
0 0.7621600077702448 0.9774541121262771 0.026613235473632812 0.024842482346754808
0 0.29619481013371396 0.09428050884833702 0.020149597754845254 0.02054005402785081
0 0.15126618055196908 0.35294063274676984 0.015898649509136494 0.016252664419320915
0 0.3509003199063815 0.15681186089148888 0.029854701115534857 0.029415607452392578
0 0.6431720440204327 0.2667667315556453 0.0213473393366887 0.02117443084716797
0 0.32491089747502255 0.7070561922513522 0.015953650841346152 0.015683100773737982
0 0.6676128827608548 0.4862702809847318 0.016983765822190505 0.01697848393366887
0 0.12088517959301288 0.6158704024094802 0.013190141090979943 0.012784847846397987
0 0.29490771660437953 0.15851378440856934 0.014759393838735728 0.014647777263934795
0 0.7160359162550706 0.7819793407733624 0.015765997079702523 0.01608129648061899
0 0.15828866225022536 0.8159789305466872 0.021307688492995042 0.021001375638521634
0 0.5433618838970478 0.48104920754065883 0.01713862785926232 0.018166835491473857
0 0.789817003103403 0.14621762128976676 0.02094885019155649 0.019861478071946364
0 0.7030744552612305 0.34833277188814604 0.01786657480093149 0.01787112309382512
0 0.2955344640291654 0.4424203359163724 0.017653208512526292 0.017847721393291768
0 0.7192922738882211 0.0512014077259944 0.01516254131610577 0.015051951775184045
0 0.6765657571645883 0.5401990597064679 0.013782207782451924 0.013964653015136719
0 0.282469786130465 0.6448606344369742 0.016069705669696514 0.016697223369891826
0 0.37645699427678037 0.1578385463127723 0.01801138657789964 0.018137711745042067
0 0.2737125616807204 0.059882319890535794 0.020239536578838643 0.020241746535668008
0 0.8224393404447116 0.7780322294968826 0.0360261476956881 0.034730177659254804
0 0.14023725803081805 0.2410280887897198 0.020720885350153997 0.020932967846210185
0 0.7700033187866211 0.4058710978581355 0.021569031935471755 0.021082951472355768
0 0.32112701122577375 0.5685352178720328 0.013927166278545674 0.014237037071814904
0 0.6938155247614934 0.633631339439979 0.019198197584885817 0.019324522752028245
0 0.3850687100337102 0.6136591617877667 0.014059140132023739 0.014348616966834435
0 0.8112544279832107 0.3253628657414363 0.014093839205228366 0.014224419227013221
0 0.36313372391920823 0.5803993665255033 0.015159166776216947 0.01512615497295673
0 0.6918560174795297 0.49505072373610276 0.017014430119441107 0.01683778029221755
0 0.1630368966322679 0.566865664262038 0.019986299368051384 0.020316930917593148
0 0.23027786841759315 0.34805466578556943 0.018815113947941706 0.0194851801945613
0 0.7432369085458609 0.4826549016512357 0.015069081233097957 0.015003791222205529
0 0.2184292353116549 0.19109637920673078 0.02536773681640625 0.026308279771071214
0 0.6145740655752329 0.3359257991497333 0.018611761239858773 0.018689742455115683
0 0.553892575777494 0.1860530926631047 0.03946876525878906 0.03877383012038011
0 0.4764682696415828 0.8424919568575345 0.025466405428372897 0.028881366436298076
0 0.8393509204571064 0.38251128563514125 0.020648369422325723 0.020721288827749398
0 0.30090293517479527 0.6047391891479492 0.015703824850229118 0.015050594623272236
0 0.2629192058856671 0.9261987392718976 0.017685450040377103 0.017868922306941107
0 0.7075309753417969 0.1679862095759465 0.013963846059945913 0.013667840224045973
0 0.20383944878211388 0.15900663229135367 0.021392455467810996 0.021283333118145283
0 0.7421943957989032 0.7426686653724084 0.025544093205378607 0.025650758009690505
0 0.4868639432466947 0.8514454181377704 0.02267140608567458 0.02184882530799279
0 0.18544090711153471 0.5688271522521973 0.026854881873497598 0.028267053457406852
0 0.6444934698251578 0.6036758789649377 0.022482651930588942 0.02279178912823017
