0 0.6224021911621094 0.9605511885422927 0.12131973413320687 0.07201414841871995
0 0.8232825352595403 0.6405972700852615 0.07133542574368991 0.07076483506422776
0 0.5407856427706205 0.10616414363567646 0.07909950843224159 0.07940479425283578
0 0.20978868924654448 0.047734709886404186 0.04628130105825571 0.04697553928081806
0 0.10182965718782865 0.0424966261937068 0.049938275263859674 0.05211109381455641
0 0.3408688398507925 0.21668879802410418 0.04199761610764723 0.04206998531634991
0 0.7980082585261419 0.4102004124568059 0.0311428950383113 0.031158887423001803
0 0.5128800318791316 0.39298699452326846 0.037545204162597656 0.037622305063100964
0 0.4102821350097656 0.5023970237145057 0.024456170889047477 0.024357428917518027
0 0.6996881044827975 0.2123709458571214 0.05758446913499098 0.05813730680025541
0 0.7893263743473933 0.5834525915292593 0.06290802588829628 0.06299341641939603
0 0.5991176458505484 0.15697785524221566 0.07437911400428185 0.07503443497877854
0 0.7845743619478666 0.3208471444936899 0.03545232919546274 0.03471645942101112
0 0.7515767904428335 0.7689211918757513 0.02597192617563101 0.025726905235877402
0 0.09936203406407283 0.6744489669799805 0.019804972868699294 0.019922256469726562
0 0.6221860738900992 0.4038833471444937 0.021576661330003005 0.02147256411038912
0 0.763036141028771 0.8858670454758865 0.02403391324556791 0.024287884051983174
0 0.6288042802077073 0.5261258345383865 0.019713181715745192 0.019940963158240683
0 0.6438349943894607 0.8903245192307693 0.021179345937875602 0.021082364595853366
0 0.2846264105576735 0.03029299699343168 0.02005907205434946 0.019945291372445915
0 0.19901365500230056 0.42417071415827823 0.019163791949932393 0.018967408400315505
0 0.5385838288527268 0.5310986592219427 0.021246836735652044 0.021200913649338942
0 0.2651577362647423 0.31605467429527867 0.01894554725060096 0.018763028658353366
0 0.8708840150099534 0.6702604293823242 0.02039674612192007 0.020347155057466947
0 0.17747356341435358 0.08394516431368314 0.023662016941950872 0.023948160501626823
0 0.6759508573091947 0.6580926454984225 0.023512620192307692 0.023618257962740384
0 0.45995110731858474 0.04028599078838642 0.023276695838341348 0.023470715834544256
0 0.31064547025240385 0.9423693143404447 0.061932857219989486 0.06212058434119591
0 0.9090640728290265 0.8691558104294997 0.019265394944411058 0.01961033160869892
0 0.16402306923499474 0.9218568801879883 0.03961405387291542 0.03900454594538762
0 0.09847204501812275 0.25768303871154785 0.018950425661527194 0.01916203132042518
0 0.3160721705510066 0.5111140471238357 0.01855896069453313 0.01841559776893029
0 0.5483216505784255 0.4482699174147386 0.019854618952824518 0.019825862004206732
0 0.37166804533738357 0.5191353284395658 0.016898962167593148 0.01708815648005559
0 0.6008191475501428 0.6554343883807843 0.02490857931283804 0.025093958928034857
0 0.7326423204862155 0.3250265855055589 0.020949877225435697 0.02128909184382512
0 0.682765740614671 0.9013249323918269 0.0213470458984375 0.02144446739783654
0 0.09220634973966159 0.6484465965857873 0.01607968257023738 0.01621862558218149
0 0.7531383954561673 0.7946679775531476 0.017680975107046273 0.01748833289513221
0 0.24183128430293158 0.4895078952495868 0.017458548912635215 0.017579152033879206
0 0.8086175184983474 0.38956058942354643 0.016728034386268027 0.016973128685584433
0 0.40475573906531703 0.32625194696279675 0.04440513023963341 0.04417888934795673
0 0.8224656031681941 0.6893048653235803 0.0295257568359375 0.029810098501352165
0 0.6060901788564829 0.8992121769831731 0.016924197857196514 0.016883263221153848
0 0.6577440408559946 0.3683823805588942 0.04394091092623197 0.04366603264441857
0 0.9037594428429236 0.6592578154343826 0.03209744966947115 0.04257466242863582
0 0.29967535459078276 0.5141368645888108 0.01569029001089243 0.015769004821777344
0 0.7443609971266526 0.9501099219689002 0.01737242478590745 0.01731138962965745
0 0.7775783538818359 0.39557677048903245 0.018050120427058294 0.017782211303710938
0 0.22631076666025016 0.8156284919151893 0.016865950364332933 0.016681084266075723
0 0.24428745416494516 0.7133915240948017 0.015061635237473708 0.015206116896409255
0 0.4807745126577524 0.1741481744326078 0.016374588012695312 0.01649636488694411
0 0.8374930161696214 0.8865160575279822 0.014688345102163462 0.014692599956805889
0 0.2370453431056096 0.12977062738858736 0.047630640176626354 0.04722914328941932
0 0.3261360755333534 0.34264472814706654 0.014987652118389424 0.014883701617901143
0 0.5951576232910156 0.8032253705538236 0.01854676466721755 0.018114383404071514
0 0.8191264225886419 0.03387694404675411 0.020170945387620192 0.02035801685773409
0 0.19580408243032602 0.2594338563772348 0.04631357926588792 0.04603283221905048
0 0.5851681049053485 0.011970352668028612 0.03534214313213642 0.022966930499443643
0 0.6697581364558294 0.052579907270578236 0.01581749549278846 0.015787839889526367
0 0.7911759890042819 0.18654467509343073 0.038255544809194714 0.03831566297090971
0 0.8900453127347506 0.5571996248685397 0.014841519869290866 0.014844454251802884
0 0.5619860795828012 0.22889184951782227 0.015389369084284855 0.015357090876652645
0 0.4858341950636644 0.13886363689716047 0.044873604407677285 0.04513978958129883
0 0.23687091240516076 0.5692027165339544 0.015555601853590745 0.015412403987004207
0 0.2120836331294133 0.520604317004864 0.014942242549015926 0.014835577744704027
0 0.13280802506666917 0.07889237770667443 0.01834216484656701 0.018435372756077692
0 0.45758753556471604 0.5318957108717698 0.015286518977238582 0.015295909001277043
0 0.34723589970515323 0.40679696890024036 0.015942940345177285 0.016049605149489183
0 0.64226928124061 0.5168635294987605 0.015361199012169471 0.015133490929236779
0 0.6144184332627517 0.8607311982374924 0.0174410159771259 0.017486425546499398
0 0.752413823054387 0.3023223143357497 0.03870949378380409 0.038927665123572715
0 0.451540286724384 0.715053705068735 0.016421978290264424 0.016707346989558294
0 0.37763129747830904 0.4643231905423678 0.014412439786470853 0.014501865093524639
0 0.8675917845505935 0.7607247279240534 0.01511676494891827 0.015126741849459134
0 0.6327687777005709 0.08339173060197097 0.029222635122445915 0.029041418662438027
0 0.7308683395385742 0.5927414160508376 0.061701261080228366 0.06379222869873047
0 0.2548355872814472 0.2492806361271785 0.026077637305626504 0.026298009432279147
0 0.30425570561335635 0.9851050743689904 0.05109200110802284 0.02635985154371995
0 0.867632792546199 0.31227654677170974 0.015370735755333534 0.015708189744215745
0 0.6696992287269006 0.4485642359806941 0.015489578247070312 0.015371469350961538
0 0.27466566746051496 0.3044074865487906 0.015738707322340745 0.01582937974196214
0 0.8002381691565881 0.3597068786621094 0.04192704420823317 0.04168979938213642
0 0.7153724523691031 0.874173091008113 0.014471054077148438 0.014165731576772837
0 0.17688043300922102 0.36969247231116664 0.014916676741379958 0.015024772057166466
0 0.3248120821439303 0.12111960924588717 0.1051333684187669 0.10557163678682767
0 0.8429961571326623 0.1439945147587703 0.0900564927321214 0.08917023585392879
0 0.32082388951228213 0.7930388817420373 0.021649727454552285 0.021862616905799277
0 0.7490890209491436 0.15198909319364107 0.015249692476712741 0.015088154719426082
0 0.6104178795447717 0.498264532822829 0.016036106989933893 0.015970230102539062
0 0.1356203372661884 0.5402434789217435 0.018285494584303636 0.01853033212515024
0 0.5742657001201923 0.4362166478083684 0.01669164804311899 0.016613226670485277
0 0.3937967373774602 0.2313072681427002 0.03475269904503456 0.035241860609788164
0 0.13796160771296576 0.5422404729402982 0.01670666841360239 0.01678122006929838
0 0.4820250731248122 0.3241450236393855 0.06601788447453426 0.06428555341867301
0 0.3710423983060397 0.8537698892446665 0.020676539494441107 0.020604060246394232
0 0.4193696975708008 0.9175258049598107 0.022610004131610576 0.022915179912860576
0 0.6667779042170598 0.5121072622445914 0.014039112971379207 0.014254276569073018
0 0.89941773047814 0.6992952640240009 0.028975560114933893 0.028878285334660456
0 0.6875961743868314 0.16717853912940392 0.015446882981520433 0.015877356896033652
0 0.7299878780658429 0.35528857891376203 0.014379794781024639 0.014184218186598558
0 0.630984746492826 0.34240179795485276 0.03682268582857572 0.03692128108097957
0 0.4724322465749887 0.9290557274451623 0.03560315645658053 0.03560975881723257
0 0.3337844701913687 0.5985020123995267 0.014753488393930288 0.014688785259540264
0 0.5541921028724084 0.9915045224703275 0.017033797044020433 0.014305408184344951
0 0.3516963078425481 0.46550493973952073 0.015561910775991587 0.015401986929086538
0 0.6290705754206731 0.04011663565268883 0.01773980947641226 0.017914836223308857
0 0.6535105338463416 0.10425501603346604 0.036368149977463946 0.03581322156465971
0 0.2646796519939716 0.9756643588726337 0.04737223111666166 0.04366258474496695
0 0.8949769827035757 0.7347737825833834 0.024288177490234375 0.023866800161508415
0 0.333215199984037 0.3232003358694223 0.014313771174504207 0.014093252328725962
0 0.36180881353525013 0.976967664865347 0.05910616654616136 0.040834867037259616
0 0.47056154104379505 0.4667373803945688 0.017734454228327826 0.017684056208683893
0 0.8630353487454928 0.785438244159405 0.015278155987079326 0.015246758094200721
0 0.26553021944486177 0.6536272489107572 0.013991062457744893 0.014051877535306491
0 0.2372286136333759 0.264255560361422 0.03892084268423227 0.03875123537503756
0 0.08418770936819223 0.07563153597024772 0.016440753753368672 0.025209445219773512
0 0.6534740741436298 0.6968552516056941 0.016734490027794473 0.016925811767578125
0 0.5787433844346267 0.31264444497915417 0.02097738706148588 0.021413216224083535
0 0.7916814363919772 0.8615908989539514 0.013724107008713942 0.013688747699444111
0 0.6462050217848557 0.4259964869572566 0.016860375037560098 0.016961317795973558
0 0.9136064969576322 0.4168869898869441 0.014194488525390625 0.014337979830228366
0 0.7745873377873347 0.0931319915331327 0.019029764028695915 0.0191342280461238
0 0.8712621101966271 0.657675523024339 0.03595601595365084 0.03592183039738582
0 0.6548225696270282 0.6562651120699369 0.015307793250450721 0.015601084782527043
0 0.8964236332820013 0.7181171270517203 0.02378698495718149 0.023796228262094352
0 0.11229359186612643 0.1410528879899245 0.07025843400221604 0.08215497090266301
0 0.8385114669799805 0.6128133260286771 0.01839872506948618 0.01847494565523588
0 0.667492573077862 0.6898736953735352 0.04622518099271334 0.04535968487079327
0 0.8536309462327224 0.9554526255680964 0.02249570993276743 0.022555131178635817
0 0.5430241731496958 0.28322760875408465 0.03293888385479267 0.03335354878352238
0 0.7713553355290339 0.5135061190678523 0.01366879389836238 0.013708994938777043
0 0.5523601311903733 0.8768495412973257 0.07579766787015475 0.07470908531775841
0 0.5353031158447266 0.3657789963942308 0.030799278846153848 0.03164379413311298
0 0.6898477994478666 0.6251313136174128 0.033147371732271634 0.03355275667630709
0 0.7342970921443059 0.3863279636089618 0.02543816199669471 0.02517876258263221
0 0.8956543849064753 0.7281063519991361 0.028119013859675482 0.03174752455491286
0 0.13283245380108172 0.5383142324594351 0.015163788428673377 0.01603390620304988
0 0.6270606701190655 0.6211589666513296 0.013902077308067909 0.014124063345102163
0 0.6515056903545673 0.3050066507779635 0.02669070317195012 0.02690718724177434
0 0.768170063312237 0.3818692427415114 0.01565713148850661 0.016474430377666768
0 0.5410823088425857 0.7122736710768479 0.02446130605844351 0.024041102482722357
0 0.33135150029109073 0.4324198135962853 0.01566035930926983 0.015578343318058895
0 0.5708100612346942 0.034068593612084024 0.03164034623366136 0.0321351381448599
0 0.5952662688035232 0.0844109241779034 0.03548519427959736 0.03514175690137423
0 0.3124794593224159 0.2593534542964055 0.016387132497934196 0.016693995549128607
0 0.4025785739605243 0.21152320274939904 0.017951085017277643 0.018235023205096904
0 0.7443989973801833 0.715825447669396 0.016163459190955527 0.016299321101262018
0 0.7098665971022385 0.07547560563454261 0.0459295419546274 0.04513886341681847
