0 0.2992633306063138 0.6666233356182392 0.07751274108886719 0.09524682851938102
0 0.6173772811889648 0.19338167630709135 0.10401094876802884 0.10457137914804313
0 0.48463674692007214 0.0981745903308575 0.09413198324350211 0.09319595190194938
0 0.43374388034527117 0.16048651475172776 0.08861020895150992 0.08922114739051232
0 0.3925681480994591 0.44662989102877104 0.05386572617750902 0.05434094942533053
0 0.41723155975341797 0.07224012796695416 0.05597628079927885 0.056184044251075156
0 0.7024524395282452 0.912877082824707 0.048311673677884616 0.04833030700683594
0 0.4871633236224835 0.8725808216975286 0.032390447763296276 0.03253878079927885
0 0.34496454092172474 0.7240503017718976 0.0372013678917518 0.036956787109375
0 0.4179361049945538 0.9227765890268179 0.036446644709660456 0.03691849341759315
0 0.28441429138183594 0.48504000443678635 0.02864804634681115 0.028669357299804688
0 0.29623090303861177 0.06383352096264179 0.028497035686786357 0.02820451443011944
0 0.35711607566246617 0.6380018087533804 0.0431672609769381 0.04335872943584736
0 0.3298507837148813 0.3754433485177847 0.03694299551156851 0.037171510549692005
0 0.3229809907766489 0.4206209916334886 0.03370857238769531 0.033738136291503906
0 0.4176284349881686 0.3778832508967473 0.017392818744365986 0.017452386709359977
0 0.3462141477144681 0.4325099358191857 0.03409796494704027 0.033697861891526446
0 0.47560919248140776 0.5992649518526517 0.019566756028395433 0.019811336810772236
0 0.3209063089810885 0.2596539900853084 0.02946604215181791 0.02947796308077299
0 0.5417798849252554 0.07785092867337741 0.027083470271183893 0.027237965510441706
0 0.33313769560593826 0.10863758050478421 0.023918005136343148 0.024195249264056865
0 0.5816335678100586 0.41584168947660005 0.02803200941819411 0.02792989290677584
0 0.6014114526601938 0.5032326624943659 0.020742049584021933 0.020871822650615986
0 0.29546594619750977 0.1255256671171922 0.030434535099909857 0.0303038633786715
0 0.3345644657428448 0.059070935616126426 0.018376863919771634 0.01847186455359826
0 0.4672961968642015 0.04931392119481014 0.045644173255333535 0.045340932332552396
0 0.6645485804631159 0.38804439397958607 0.016285529503455527 0.01605958205003005
0 0.6815165006197416 0.6673041123610276 0.02095633286696214 0.020974379319411058
0 0.5057423664973333 0.3824693239652194 0.016442225529597357 0.016352139986478366
0 0.6732152792123648 0.08002967100877029 0.018044104942908652 0.01792155779325045
0 0.5333910721998948 0.22743544211754432 0.016353460458608773 0.016343190119816706
0 0.6130104798537034 0.3102541703444261 0.031177814190204326 0.03168751643254207
0 0.714327885554387 0.3416935847355769 0.021184627826397236 0.020940780639648438
0 0.2699316648336557 0.39475129200862 0.014899400564340444 0.01647186279296875
0 0.6113245303814228 0.2929844489464393 0.016337027916541465 0.016242614159217246
0 0.27896257547231823 0.09520461009098934 0.027259313143216647 0.0369602395937993
0 0.3550123068002554 0.4096910036527194 0.024466734666090745 0.02395497835599459
0 0.43217405906090367 0.27567421472989595 0.033998269301194414 0.03363161820631761
0 0.578724531026987 0.838041745699369 0.019771355849045973 0.019899515005258415
0 0.41939324599045974 0.8650800998394306 0.029857635498046875 0.030198317307692308
0 0.42693013411301833 0.48056235680213344 0.02731169187105619 0.027207301213191107
0 0.7048774865957407 0.03568144028003399 0.015531539916992188 0.015571108231177697
0 0.4257086240328275 0.6546931633582482 0.015757927527794473 0.015643193171574518
0 0.5088396805983323 0.8531833061805139 0.01825435344989483 0.018195225642277643
0 0.35045693470881534 0.2882441740769606 0.03500997103177584 0.03567688281719501
0 0.5247799799992487 0.49742764693040115 0.020362267127403848 0.020519109872671273
0 0.31772870283860427 0.883085691011869 0.014620267427884616 0.014764639047475962
0 0.3984710619999812 0.4064196806687575 0.023197174072265625 0.0230557368351863
0 0.3936369235698993 0.2899622366978572 0.02256173353928786 0.022970309624305137
0 0.3492509401761569 0.680026861337515 0.01490321526160607 0.015018756573016826
0 0.6054463753333459 0.03588098746079665 0.015598443838266226 0.015753544293917142
0 0.3788889738229605 0.40573490582979643 0.024498646075908955 0.024982232313889723
0 0.5382537841796875 0.509925365447998 0.026372469388521634 0.026643679692195013
0 0.7238613275381235 0.03332561254501343 0.025208693284254808 0.030052432647118203
0 0.3825640311607948 0.6164596997774564 0.023045686575082634 0.023208764883188102
0 0.469086060157189 0.52343016404372 0.025218816903921273 0.025338392991286058
0 0.51855101952186 0.6612876011775091 0.01574252201960637 0.01573034433218149
0 0.3884220856886644 0.5717929693368765 0.016785254845252402 0.01674681443434495
0 0.5777558913597693 0.2590352021730863 0.016847757192758415 0.01702319658719576
0 0.6840770427997296 0.4078867985652043 0.015303831834059495 0.01534425295316256
0 0.40517099087054914 0.49112950838529146 0.017415193411020134 0.017404849712665264
0 0.5202502837547889 0.04375973573097816 0.047403849088228665 0.046506790014413685
0 0.5278555063100961 0.7037283090444711 0.015247051532451924 0.015231499305138221
0 0.3168633167560284 0.9849802897526667 0.03204969259408804 0.026791499211237982
0 0.29930516389700085 0.10323027464059684 0.01926733897282527 0.01917684995211088
0 0.4268444868234488 0.29395052102895886 0.02448272705078125 0.024609712453988884
0 0.3753188206599309 0.4307237771841196 0.024732296283428486 0.025789407583383415
0 0.655322368328388 0.08000439863938552 0.01634817857008714 0.0164797856257512
0 0.4466384007380559 0.08407833026005672 0.021866871760441706 0.022554287543663613
0 0.6114726800184983 0.6598026569073017 0.014959261967585636 0.015094757080078125
0 0.3137151277982272 0.48641241513765776 0.014190086951622596 0.01422119140625
0 0.6486112154447116 0.31206031946035534 0.022313338059645433 0.02283015617957482
0 0.6361863062931941 0.3950809698838454 0.014839465801532451 0.01463471926175631
0 0.6387701768141526 0.041971527613126315 0.01534726069523738 0.015361270079245934
0 0.3878901554987981 0.01221883067717919 0.027532284076397236 0.023093003493088942
0 0.45472196432260364 0.6352798755352314 0.04762121347280649 0.04698503934420072
0 0.46439027786254883 0.817465562086839 0.018843357379619893 0.019057347224308893
0 0.48580132997952974 0.848662596482497 0.01531982421875 0.015351075392503005
0 0.4356296979464017 0.8393500401423528 0.023798282329852764 0.023640265831580527
0 0.7173093649057242 0.3158432887150691 0.026162074162409857 0.026064671002901517
0 0.3244672188392052 0.025123582436488226 0.013806709876427284 0.014167042878957896
0 0.5379213920006385 0.6845917334923377 0.0142365969144381 0.014273863572340745
0 0.5673285997830905 0.46399189875676083 0.0141754150390625 0.014272249661959134
0 0.31667162821843076 0.6170464295607346 0.019856746380145732 0.020091423621544473
0 0.6459484833937424 0.13844416691706732 0.014011383056640625 0.014124081684992863
0 0.32863653623140776 0.709443239065317 0.023118239182692308 0.022907110360952523
0 0.2961561129643367 0.432712408212515 0.01849475273719201 0.01866296621469351
0 0.6571606122530423 0.2816060689779428 0.015014941875751201 0.01510770504291241
0 0.3925115145169772 0.9104375105637771 0.030939395611102764 0.030554551344651442
0 0.2822416745699369 0.5335662548358624 0.04126387376051683 0.06225292499248798
0 0.530093633211576 0.3127135496873122 0.01410983158991887 0.014203511751615085
0 0.44707643068753755 0.9806784116304837 0.051459092360276446 0.038384510920597956
0 0.3653778296250563 0.011601570707101088 0.027619361877441406 0.022286036839851968
0 0.5509722416217511 0.8669259731586163 0.01481004861684946 0.014774762667142428
0 0.7301045931302584 0.9243307113647461 0.024036994347205527 0.02727376497708834
0 0.6646724114051232 0.8899950614342322 0.014972980205829326 0.015348874605618991
0 0.5270464236919696 0.5315130307124212 0.023421214177058294 0.023149490356445312
0 0.700927000779372 0.37375743572528547 0.014437161959134616 0.014694287226750301
0 0.3625713861905612 0.5444904107313889 0.015776340778057393 0.015326866736778846
0 0.68236020895151 0.32567805510300857 0.016622396615835335 0.01691737541785607
0 0.41674588276789737 0.5616331100463867 0.023249992957481973 0.023186610295222357
0 0.465551889859713 0.7433405656080979 0.02074608435997596 0.02089837881234976
0 0.5439358491163987 0.9233088860144982 0.0151824951171875 0.014986771803635817
0 0.7019145672137921 0.05028552275437575 0.016825749323918268 0.016733261255117562
0 0.31613757060124326 0.8150746272160456 0.01438434307391827 0.014388451209435096
0 0.5685505133408767 0.05174153126203097 0.01579152620755709 0.015871781569260817
0 0.5046610832214355 0.9794312990628756 0.01864939469557542 0.018483088566706732
0 0.38939593388484073 0.6668699704683744 0.018997045663686898 0.019384384155273438
0 0.4847869139451247 0.9786396026611328 0.01754019810603215 0.01796693068284255
0 0.7104854583740234 0.5079160103431115 0.015434852013221154 0.015513860262357272
0 0.5085616478553185 0.24846550134512094 0.014781731825608473 0.014568255497859074
0 0.41426291832557094 0.9699680621807392 0.04499105306772085 0.04542336097130409
0 0.6766366225022536 0.051305101468012884 0.019286229060246393 0.019771484228280876
0 0.5193917201115534 0.5278172859778771 0.015894523033728965 0.016688713660606973
0 0.425199215228741 0.7426471710205078 0.018727669349083535 0.01904472937950721
0 0.3091206183800331 0.44144520392784703 0.017516723045935996 0.01745260678804838
0 0.4706062903771034 0.5211611894460825 0.030787321237417366 0.029273546659029447
0 0.44144623096172625 0.00719274809727302 0.03496903639573317 0.013784587383270264
