0 0.8261819986196665 0.2974678553067721 0.06668149507962741 0.06699510721059945
0 0.1504367314852201 0.0400963884133559 0.03312602409949669 0.03343774722172664
0 0.33314220721905047 0.014582998477495633 0.027120590209960938 0.026615596734560452
0 0.7250559880183294 0.09004985369168796 0.02678959186260517 0.0267833975645212
0 0.8425593009361854 0.554679063650278 0.020204837505634014 0.02018913855919471
0 0.8761309110201322 0.6819547506479117 0.018483088566706732 0.01857478802020733
0 0.2983105916243333 0.1357869184934176 0.017271115229679987 0.01718559631934533
0 0.21146510197566107 0.7656157566950872 0.01724096444936899 0.016956329345703125
0 0.9822741288405198 0.2954548689035269 0.02184442373422476 0.021992903489332933
0 0.9117161677433894 0.32564632709209734 0.018972250131460335 0.01876038771409255
0 0.8054385552039514 0.43528857597937953 0.016985966609074518 0.016683431772085335
0 0.6665595861581656 0.095785902096675 0.017102901752178486 0.017225944078885592
0 0.7376519716702975 0.5942306518554688 0.017054337721604567 0.0170138432429387
0 0.6386947631835938 0.5909733405480018 0.016837486853966348 0.016716883732722357
0 0.47158512702355015 0.44544131939227766 0.01586605952336238 0.015907434316781852
0 0.6933021545410156 0.9599720881535456 0.017710172213040866 0.017635345458984375
0 0.9568776350754958 0.525450559762808 0.017075758713942308 0.01700724088228666
0 0.42374302790715146 0.3574639100294847 0.016425499549278848 0.01620945563683143
0 0.5057144165039062 0.8770658052884616 0.016784521249624398 0.016286703256460335
0 0.7488242662869967 0.20916172174307016 0.015859017005333535 0.015805904681865986
0 0.8296953348013071 0.5932252590472882 0.016758845402644232 0.016981124877929688
0 0.6135869026184082 0.6335436014028696 0.015994512117826022 0.015696012056790866
0 0.46077948350172776 0.036448769844495334 0.016611245962289665 0.0164226431113023
0 0.5976073558513935 0.18341647661649263 0.015712664677546576 0.01572729991032527
0 0.7955659719613882 0.012202230783609243 0.015409322885366587 0.015579801339369554
0 0.7234413440410907 0.548174417935885 0.014999976524939904 0.015121826758751502
0 0.2359619140625 0.28653924281780535 0.01479933812068059 0.014849699460543118
0 0.3200547144963191 0.2839175004225511 0.015349901639498197 0.015509532048152043
0 0.7272745279165415 0.14610238258655256 0.014893165001502404 0.014656873849722056
0 0.8206376295823318 0.19139986771803635 0.014494088979867788 0.014390651996319111
0 0.19129254267765924 0.31866172643808216 0.015695938697228067 0.015839136563814603
0 0.35861759919386643 0.2320089707007775 0.01643224862905649 0.016509312849778395
0 0.2894800076117882 0.7590340834397536 0.01514266087458684 0.014904022216796875
0 0.019137398554728582 0.7502265343299279 0.020135288055126484 0.019876920259915866
0 0.2097337796137883 0.424527461712177 0.014541405897874098 0.014400042020357572
0 0.8052849402794471 0.13976244743053728 0.0156707763671875 0.015561378919161283
0 0.6496573228102464 0.07121978356288029 0.018708449143629808 0.018673786750206582
0 0.6923134143535907 0.05966170934530405 0.013994070199819712 0.014215487700242262
0 0.8137647188626803 0.06229308018317589 0.01483154296875 0.014772506860586314
0 0.25995632318349987 0.04083128158862774 0.014013583843524639 0.014318172748272236
0 0.563407090994028 0.623038438650278 0.014170279869666466 0.014173360971304087
0 0.6693522379948542 0.4752689508291391 0.014616746168870192 0.014733094435471755
0 0.8986520033616286 0.14579679415776178 0.014761998103215145 0.015190454629751353
0 0.8882955404428335 0.5422627742473896 0.013762840857872596 0.013834072993351864
0 0.3614771916316106 0.2942642248593844 0.0139921628511869 0.01424099848820613
0 0.7485044919527494 0.15213836156404936 0.014151059664212741 0.014301336728609525
0 0.3563801692082332 0.7026056142953726 0.014259044940655049 0.014369377723106971
0 0.9743843812208909 0.2874970802894005 0.015465516310471755 0.015985929048978366
0 0.6838976053091196 0.11422862456395076 0.013291872464693509 0.013298419805673452
