0 0.4779046865609976 0.6422763237586389 0.05255464407113882 0.052286001352163464
0 0.12236331059382512 0.8600861476017878 0.020963228665865384 0.020647195669320915
0 0.4871700360224797 0.7638012079092172 0.021200180053710938 0.02114281287560096
0 0.5922328142019418 0.598420656644381 0.023264591510479268 0.0232541010929988
0 0.7557054666372446 0.11298524416410007 0.019521419818584736 0.019724405728853665
0 0.07090545617617093 0.3728843835683969 0.020003447165855996 0.02027291517991286
0 0.6576034839336689 0.4438777336707482 0.01776709923377404 0.01805877685546875
0 0.39760442880483776 0.6473680642934946 0.01673404987041767 0.01647523733285757
0 0.05355773522303654 0.8541941275963416 0.01697677832383376 0.016908792349008415
0 0.18618354430565467 0.2405407978938176 0.016510193164532002 0.01659738100492037
0 0.09029228870685284 0.3520639492915227 0.015882198627178486 0.016025543212890625
0 0.27970579954294056 0.357293569124662 0.016564479241004355 0.016517052283653848
0 0.5450409742502066 0.8166201664851263 0.017629183255709134 0.017819331242487982
0 0.9545440673828125 0.7093343001145583 0.015946021446814902 0.015993851881760817
0 0.11688973353459285 0.6466732025146484 0.015379758981557993 0.01548004150390625
0 0.07060694236021775 0.5488994304950421 0.0150375824708205 0.015050594623272236
0 0.8378275357759916 0.03657577588008 0.014635819655198317 0.014677084409273587
0 0.1715861467214731 0.02863320937523475 0.014585494995117188 0.014584843928997334
0 0.23712856952960676 0.7213761989886944 0.014345865983229417 0.014481030977689303
0 0.19420359684870794 0.16434310032771185 0.01459818619948167 0.014519984905536357
0 0.6804789029634916 0.4966689623319186 0.014573904184194712 0.014733094435471755
0 0.620356192955604 0.8188783205472506 0.014372752262995793 0.014522552490234375
0 0.08781686195960411 0.6086982580331656 0.014324114872859074 0.014488660372220553
