0 0.45404544243445766 0.2425090716435359 0.10570350060096154 0.10604502604557918
0 0.382695014660175 0.21267956953782302 0.09751019111046424 0.09821004133958083
0 0.6162841503436749 0.3640776780935434 0.0641177250788762 0.063201537499061
0 0.31160391294039214 0.6366054094754733 0.07764141376201923 0.07843252328725961
0 0.6270177547748272 0.04773192222301777 0.08203198359562801 0.08150384976313664
0 0.7265933110163763 0.8537731904249924 0.06343386723445012 0.06423730116624099
0 0.32288782413189226 0.42058218442476714 0.06279475872333233 0.06236472496619591
0 0.39765350635235125 0.42187052506666917 0.0410302969125601 0.040872940650353067
0 0.5254125595092773 0.0218963623046875 0.042333162747896634 0.038889949138347917
0 0.43181235973651594 0.07214458630635188 0.04382654336782602 0.0436179179411668
0 0.3678557322575496 0.3173065552344689 0.08113934443547176 0.08010137998140775
0 0.49231998737041766 0.434600463280311 0.05064172011155348 0.050121160653921276
0 0.35741233825683594 0.6803549253023587 0.049909151517427884 0.050436753493088946
0 0.41792722848745495 0.7768780634953425 0.0514532235952524 0.05184026864858774
0 0.5520242544320914 0.330234747666579 0.045365406916691706 0.04534090482271635
0 0.47190431448129505 0.5488801369300256 0.04133415222167969 0.04126783517690805
0 0.24072999220628005 0.6153133832491361 0.03233249370868389 0.04081814105694111
0 0.421602175785945 0.6424512129563552 0.042534901545597956 0.04227917010967548
0 0.28220686545738805 0.20040422219496506 0.0358728262094351 0.03633268062884991
0 0.4596591362586388 0.8064337510329026 0.0539861825796274 0.05299582848182091
0 0.5226361568157489 0.2947295629061185 0.0381471927349384 0.038138389587402344
0 0.45215320587158203 0.40983068026029146 0.04229538257305439 0.04281777601975661
0 0.3138926579402043 0.49548794673039365 0.04043769836425781 0.040722040029672474
0 0.30600976943969727 0.7969097724327674 0.034745949965256914 0.03447224543644832
0 0.39244189629187953 0.6754966148963342 0.04214323483980619 0.0419770754300631
0 0.3095350999098558 0.5730408155001127 0.045424461364746094 0.04552767826960637
0 0.5788850784301758 0.471833008986253 0.032418324397160456 0.03248904301570012
0 0.27489862075218785 0.8510527243980994 0.046519536238450274 0.04679665198692909
0 0.3685308603140024 0.6239040814913236 0.05544442396897536 0.056013987614558294
0 0.2673792839050293 0.9605743701641376 0.04154014587402344 0.04204207200270433
0 0.6908711653489333 0.7042899498572717 0.01931029099684495 0.019657428448016826
0 0.4374583317683293 0.545113416818472 0.029528984656700723 0.02964364565335787
0 0.29683663294865537 0.9350632887620193 0.032227589533879206 0.03262182382436899
0 0.5879912743201623 0.5568583195026104 0.02925417973445012 0.029074595524714544
0 0.30761174055246204 0.22534893109248236 0.022095863635723408 0.021746305318979118
0 0.41037750244140625 0.5883472149188702 0.039748778709998496 0.03961783189039964
0 0.3737286420968863 0.7182736029991736 0.028534815861628607 0.028831628652719352
0 0.2509910510136531 0.7439088087815505 0.028412525470440205 0.028922007634089544
0 0.27097105979919434 0.2915219527024489 0.0229949951171875 0.022963817302997295
0 0.4136305588942308 0.8832093018751878 0.029685093806340143 0.030005528376652643
0 0.6279502281775842 0.661738028893104 0.019772749680739183 0.01954797598031851
0 0.30478723232562727 0.34696270869328427 0.027997163625863884 0.027726100041316107
0 0.26283095433161807 0.2286374568939209 0.025197909428523138 0.02544293036827674
0 0.5135057889498197 0.5948441578791692 0.025507560143103965 0.025217423072228067
0 0.3208461908193735 0.4672318972074069 0.047595702684842624 0.048815360436072715
0 0.48692941665649414 0.6790097309992864 0.02878394493689904 0.02931389441856971
0 0.2688093368823712 0.4460727618290828 0.022574314704308145 0.023163575392503005
0 0.6190059368426983 0.6005093501164362 0.03668297254122221 0.03611153822678786
0 0.23343251301692083 0.9348854651817908 0.03819627028245192 0.048338669996995196
0 0.4567080277663011 0.44133941943828875 0.0246124267578125 0.02435786907489483
0 0.4785352853628305 0.3464476512028621 0.026648594782902643 0.026667081392728366
0 0.22928078357989973 0.978978157043457 0.03326500379122221 0.04009158794696514
0 0.262735678599431 0.48165332354032075 0.02471010501568134 0.024921710674579326
0 0.3434150769160344 0.13128894108992356 0.023752946120042067 0.023891393954937275
0 0.6210536956787109 0.09619694489699143 0.07429885864257812 0.0762325066786546
0 0.48885492178109974 0.3828270985529973 0.02149809323824369 0.021420992337740384
0 0.3376761583181528 0.8081532991849459 0.02696822239802434 0.02714685293344351
0 0.5109580113337591 0.7991941892183744 0.03336627666766827 0.032960158128004804
0 0.44673497860248274 0.09495423390315129 0.020248559805063102 0.019884512974665716
0 0.6625730074368991 0.3477695905245267 0.04906404935396635 0.04765231792743389
0 0.7285012465256911 0.5533925203176645 0.02541630084698017 0.025861666752741888
0 0.4099329434908353 0.8528506205632136 0.034717413095327526 0.03518970196063702
0 0.28366002669701207 0.5099909122173603 0.026099094977745645 0.025810975294846755
0 0.6196301533625677 0.894074219923753 0.030325816227839544 0.029965914212740384
0 0.29285823381864107 0.990024786729079 0.018551166240985576 0.01599751985990084
0 0.23967522841233474 0.4830886400662936 0.02167195540208083 0.025345288790189303
0 0.593621510725755 0.2172830838423509 0.021701299227201022 0.02134994360116812
0 0.24404602784376878 0.3588550274188702 0.022583521329439603 0.02375514690692608
0 0.24710811101473296 0.39266336881197417 0.03072052735548753 0.04547874744121845
0 0.4235694591815655 0.7302504319411057 0.026628420903132513 0.02605716998760517
0 0.5233199046208308 0.4061106901902419 0.026107347928560697 0.026299329904409554
0 0.31243500342735875 0.2761647701263428 0.017869949340820312 0.017884364494910605
0 0.6344497387225811 0.8496133364163913 0.04748975313626803 0.047205558189978965
0 0.4900408157935509 0.7514679248516376 0.02276765383206881 0.023314549372746393
0 0.2873242268195519 0.2563786873450646 0.019626360673170824 0.01947652376615084
0 0.37271418938269985 0.4410899235652043 0.022958755493164062 0.022996022151066706
0 0.2812725580655612 0.5555636332585261 0.01956807650052584 0.01945070120004507
0 0.5147413107065054 0.7026180854210486 0.029352774986853965 0.029405740591195915
0 0.564129902766301 0.38228819920466495 0.01935914846567007 0.019072312575120192
0 0.5375050764817458 0.6040705167330228 0.01813815190241887 0.018012560330904447
0 0.5374428675724909 0.9816557077261118 0.017833709716796875 0.017380347618689902
0 0.4165358543395996 0.5076612325815054 0.026220395014836237 0.025726318359375
0 0.583862671485314 0.1999361515045166 0.03004118112417368 0.029668147747333232
0 0.5279346612783579 0.5703780100895808 0.027655894939716045 0.027935101435734674
0 0.5162485196040227 0.122680847461407 0.018630541287935697 0.01830445803128756
0 0.3788072145902194 0.38281734173114484 0.05229935279259315 0.05326520479642428
0 0.3571767073411208 0.8812261728140024 0.016522040733924277 0.016506195068359375
0 0.4959398416372446 0.5053706169128418 0.017506526066706732 0.017783238337590143
0 0.27073322809659517 0.3404411169198843 0.016170244950514574 0.01614996103140024
0 0.4485904620243953 0.48842151348407453 0.01808511293851412 0.01799803513746995
0 0.2411364041841947 0.8837308150071365 0.018757086533766527 0.018993964562049277
0 0.56609740624061 0.5282440919142503 0.024295660165640023 0.02440621302678035
0 0.5164066461416391 0.4983217899615948 0.01782512664794922 0.017658527080829326
0 0.6186071542593149 0.5415322597210224 0.03420859116774339 0.034195239727313705
0 0.25946864714989293 0.5111266649686373 0.02491650214562049 0.024915108313927285
0 0.7621508378248948 0.7077534015362079 0.035331432635967545 0.03633323082557091
0 0.32938318986159104 0.9098659662099985 0.021880516639122598 0.021498900193434495
0 0.7447427602914664 0.36345885350153995 0.024840428278996393 0.024985019977276143
0 0.5427791888897235 0.5458197960486779 0.029387253981370192 0.029436551607572116
0 0.25328896595881534 0.42699182950533354 0.018368280850923978 0.017847794752854567
0 0.2713734553410457 0.6749770824725811 0.018202561598557692 0.018424107478215143
0 0.35457409345186675 0.7930688124436599 0.017482170691856973 0.017250207754281852
0 0.405274904691256 0.7522695981539212 0.025802172147310697 0.0260317875788762
0 0.30216774573692906 0.26171057040874773 0.017952405489408053 0.018123736748328574
0 0.306788994715764 0.9123367896446815 0.01652666238638071 0.01595335740309495
0 0.43802613478440505 0.45891237258911133 0.021024410541240986 0.02067081744854267
0 0.28717677409832293 0.3078428048353929 0.019027159764216497 0.018575741694523737
0 0.3452877631554237 0.7460679274338943 0.021560008709247295 0.021569325373722956
0 0.39276559536273664 0.9729715494009165 0.020729505098783053 0.0203250004695012
0 0.5027641883263221 0.4843333317683293 0.01984236790583684 0.019921229435847357
0 0.608424003307636 0.15282561228825495 0.028963162348820612 0.029169742877666768
0 0.37429053966815656 0.8949733147254357 0.021368026733398438 0.021778987004206732
0 0.42134853509756237 0.7043594947228065 0.023708636944110576 0.024050785945012018
0 0.45177026895376354 0.4692988762488732 0.019760792072002705 0.0198819087101863
0 0.4677740243765024 0.48765072455772984 0.02110906747671274 0.02056459280160757
0 0.3603957249568059 0.5563206305870643 0.015571154080904447 0.01594675504244291
0 0.30998857204730695 0.7592325944166917 0.01857442122239333 0.018395350529597357
0 0.6226003353412335 0.18670392036437988 0.02250040494478666 0.02211783482478215
0 0.6975777699397161 0.5271849999060998 0.028911884014423076 0.02875863588773287
0 0.5387182235717773 0.3826142457815317 0.018683800330528848 0.01862951425405649
0 0.25422030228834885 0.7039687083317683 0.016833415398230918 0.017482464130108174
0 0.3055710242344783 0.8979552342341497 0.018972360170804538 0.019007462721604567
0 0.27683536822979266 0.31586309579702526 0.01628244840181791 0.015975218552809495
0 0.6042958773099459 0.1900605971996601 0.016455430250901442 0.01611181405874399
0 0.23763069739708534 0.583861754490779 0.025199156541090745 0.02672092731182392
0 0.22907238740187424 0.8748912077683669 0.017743550814115085 0.01768655043381911
0 0.4940168307377742 0.6005678176879883 0.021013920123760518 0.02110627981332632
0 0.24092281781710112 0.6957921248215896 0.018421099736140326 0.018324925349308893
0 0.5434578382051908 0.8598135434664212 0.02340214069073017 0.02368310781625601
0 0.6140973017765925 0.3102420293367826 0.04588611309344952 0.04597597855788011
0 0.24036598205566406 0.5143024738018329 0.01605811485877404 0.015790792611929085
0 0.6399049758911133 0.8010055835430439 0.019508801973783053 0.019677088810847357
0 0.5257236774151142 0.657400864821214 0.0154725588285006 0.015244410588191105
0 0.34678789285513073 0.9138751396766076 0.019011570857121393 0.018455652090219352
0 0.2737719462468074 0.7166024721585788 0.015218734741210938 0.015244704026442308
0 0.33806478060208833 0.8623143709622897 0.025784712571364183 0.02524566650390625
0 0.36753522432767427 0.8203391295212966 0.016492183391864482 0.016373707697941706
0 0.4933453706594614 0.7040098630464994 0.015989010150615986 0.015571300800030049
0 0.754905994121845 0.9621468323927659 0.03994839008037861 0.04080801743727464
0 0.26900251095111555 0.8776565698476938 0.02598681816687951 0.026527258066030648
0 0.5346608895521897 0.18349926288311297 0.021894308236929085 0.021873107323279746
0 0.4825016902043269 0.9185421283428485 0.023382186889648438 0.023626034076397236
0 0.6143297782311072 0.25899784381573016 0.02480462881234976 0.024789956899789665
0 0.7057798092181866 0.4247996990497296 0.0896290999192458 0.08793155963604267
0 0.25677552590003383 0.6620126137366662 0.016726200397198018 0.01699198209322416
0 0.32778109036959135 0.9862951131967398 0.027594639704777643 0.024058415339543268
0 0.2697793153616098 0.7585155780498798 0.017966783963716947 0.018012120173527643
0 0.33317991403432995 0.2401748803945688 0.017152932974008415 0.017100114088792067
0 0.4991572453425481 0.15705902759845441 0.01914361807016226 0.01919265893789438
0 0.5179800987243652 0.3758725019601675 0.016222366919884317 0.01597250424898588
0 0.45957598319420445 0.10408243766197792 0.018918917729304388 0.01819601425757775
0 0.5845886010390061 0.170577911230234 0.019300534174992487 0.018433350783128005
0 0.28453801228449893 0.3939622732309195 0.019854252155010518 0.019525674673227165
0 0.44662981766920823 0.035367259612450234 0.016694288987379808 0.016953174884502705
0 0.6448252017681415 0.7110389562753531 0.015012154212364784 0.014974447397085337
0 0.40000284635103667 0.0551989720417903 0.015641432542067308 0.016033117587749775
0 0.5171172802264874 0.531153312096229 0.020910336421086237 0.02093931344839243
0 0.7138553032508264 0.9003030336820163 0.014204171987680288 0.01430218036358173
0 0.3879668896014874 0.5443291297325721 0.014840492835411659 0.014395933884840745
0 0.5169359353872446 0.9729879819429837 0.028818277212289665 0.029605278602013223
0 0.7106722318209134 0.1633328657883864 0.05900500370905949 0.057475741092975326
0 0.40639547201303333 0.706154676584097 0.015843904935396634 0.016380456777719352
0 0.3224026973430927 0.7726852710430439 0.021609379695012018 0.021300829373873197
0 0.38878881014310396 0.5277725733243502 0.023709663977989785 0.02336289332463191
0 0.6365313896766076 0.7632201268122747 0.01812920203575721 0.01860985389122596
0 0.7032097302950345 0.35038962730994594 0.028360366821289062 0.02790216299203726
0 0.37792165462787336 0.8760860149676983 0.022510235126201924 0.02236204880934495
0 0.39506688484778774 0.9184769850510818 0.030534817622258112 0.030827155480018027
0 0.5382144634540265 0.46059513092041016 0.025276330801156852 0.025703283456655648
0 0.41874078603891224 0.466271840609037 0.021054487961989183 0.02059481694148137
0 0.3364101556631235 0.7781782883864182 0.015605486356295072 0.015569833608774038
0 0.3491220474243164 0.3785796899061937 0.023970310504619893 0.02459379342886118
0 0.5745084102337177 0.680324701162485 0.02525777083176833 0.025263859675480768
0 0.6456959797785833 0.5029337956355169 0.03274697523850661 0.03301429748535156
0 0.6458213512714093 0.18269584729121283 0.020283919114332933 0.020441275376539964
0 0.24245174114520734 0.5531772100008451 0.03044729966383714 0.03045353522667518
0 0.3906712898841271 0.27402569697453427 0.025887562678410456 0.025791094853327826
0 0.34457822946401745 0.3546956502474271 0.0200045658991887 0.019728880662184495
0 0.5274253991933969 0.48274751809927136 0.019434415377103366 0.01990332970252404
0 0.5656233567457932 0.5465164184570312 0.017016190748948317 0.016627971942608174
0 0.4502979792081393 0.30228400230407715 0.017244559067946214 0.017302549802339993
0 0.5657157897949219 0.8908361288217398 0.02723239018366887 0.026957291823167067
0 0.47650667337270886 0.36936217087965745 0.016929186307466947 0.01631443317119892
0 0.44208372556246245 0.5183426050039438 0.01859305455134465 0.019054266122671273
0 0.6656580704909104 0.1586606502532959 0.028667449951171875 0.02931635196392353
0 0.3260921331552359 0.34030404457679164 0.0252227783203125 0.025541965778057393
0 0.4791029416597806 0.5098092739398663 0.016696783212515023 0.016134115365835335
0 0.4131061847393329 0.011622495376146756 0.020106975848858174 0.019420293661264274
0 0.30554577020498425 0.2960224885206956 0.020496661846454326 0.020145929776705228
0 0.5069766411414514 0.514178202702449 0.016128686758188102 0.015728143545297477
0 0.38416704764732945 0.10811381156627949 0.027952267573429987 0.02821944310114934
0 0.4798851746779222 0.08516508799332839 0.024327791654146634 0.023713111877441406
0 0.23363434351407564 0.851784192598783 0.014035958510178786 0.014260658851036659
0 0.46402270977313703 0.5803102346567007 0.01704883575439453 0.017074438241811898
0 0.6194736774151142 0.21419209700364333 0.026445792271540716 0.025760137117826022
0 0.45906408016498274 0.5088503544147198 0.018433497502253607 0.018317002516526442
0 0.6796808976393479 0.49213328728309047 0.015012007493239183 0.014786940354567308
0 0.7054871779221755 0.7755565643310547 0.02461668161245493 0.024608612060546875
0 0.5414441182063177 0.9942767803485577 0.05981724078838642 0.011278005746694712
0 0.2397301013653095 0.9023869587824895 0.021666746873121995 0.021804075974684495
0 0.3957524666419396 0.7368902059701773 0.0169064448429988 0.01653436514047476
0 0.24773526191711426 0.5632112943209134 0.016480262462909404 0.01647787827711839
0 0.6790557274451623 0.13312558027414176 0.022830376258263223 0.022583558009221003
0 0.5256746732271634 0.7495177342341497 0.016002948467548076 0.01629051795372596
0 0.35657251798189604 0.44942914522611177 0.016314286452073317 0.01654639610877404
0 0.32250683124248797 0.7169689765343299 0.01645491673396184 0.016043442946213942
0 0.25227964841402495 0.5311146149268517 0.016390507037823018 0.0168459965632512
0 0.25072853381817156 0.6814055809607873 0.015181761521559495 0.015180294330303486
0 0.5886001586914062 0.7884327815129206 0.06363927401029147 0.06422013502854568
0 0.6801747542161208 0.2911134683168851 0.04386403010441707 0.04396867752075195
0 0.392541371859037 0.987327135526217 0.01819463876577524 0.01771369347205529
0 0.2243199715247521 0.8641998584453876 0.017410938556377705 0.020632817195012018
0 0.28409444368802583 0.46095815071692836 0.02541952866774339 0.02548826657808744
0 0.572495277111347 0.6371044745812049 0.01749427501971905 0.017438154954176683
0 0.4406915811391977 0.31634073991041917 0.018103526188777044 0.017864520733173076
0 0.3098470981304462 0.3175214620736929 0.02136714641864483 0.02128426845257099
0 0.559496806218074 0.963543598468487 0.031987703763521634 0.03221599872295673
0 0.7464401538555439 0.9871846712552584 0.07336352421687199 0.02540412315955529
0 0.3985452285179725 0.32277653767512393 0.014366076542780949 0.01441500737116887
0 0.6602139106163611 0.20613914269667405 0.03387950016902043 0.034055269681490384
0 0.37010838435246396 0.9187776125394381 0.02495398888221154 0.024554912860576924
0 0.29007359651418835 0.3923393396230844 0.016153812408447266 0.016509863046499398
0 0.2749598576472356 0.2705060335306021 0.018819808959960938 0.017988901871901292
0 0.3468327889075646 0.9280191568227915 0.016581021822415866 0.01479046161358173
0 0.6618260603684646 0.7300572028526893 0.015496474045973558 0.015363546518179087
0 0.23480829825768104 0.5321721663841834 0.018780634953425482 0.024413035466120794
0 0.4669844920818622 0.3114617421076848 0.019620528587928183 0.019797086715698242
0 0.6767747585590069 0.7329505040095403 0.014442150409405049 0.014600313626802884
0 0.24467112467839167 0.8635692596435547 0.020627241868239183 0.020260444054236777
0 0.4170983387873723 0.11962525661175068 0.01741306598369892 0.0183104368356558
0 0.45071022327129656 0.122588927929218 0.014775642981896034 0.014757523169884315
0 0.2432592098529522 0.5485179607684796 0.023032115055964544 0.02180657019981971
0 0.2275428038377028 0.8721022239098182 0.020570021409254808 0.022578019362229567
0 0.37063037432157075 0.5900221237769494 0.017034017122708835 0.01649761199951172
0 0.5343179702758789 0.1192932862501878 0.016291251549353965 0.01647340334378756
0 0.39698208295381987 0.5778253995455228 0.028164129990797777 0.028221790607158955
0 0.2795584568610558 0.9033289689284104 0.018582820892333984 0.018894782433143027
0 0.7038453909067007 0.24327844839829665 0.020026573768028848 0.020325844104473408
0 0.5573025850149301 0.11602401733398438 0.026941226078913763 0.02671663577740009
0 0.7704968819251428 0.7536076032198392 0.022323461679311898 0.02597955557016226
0 0.37569024012638974 0.8042876170231745 0.021800701434795674 0.021735704862154447
0 0.29208542750431943 0.8805719522329477 0.0165707148038424 0.016166100135216348
0 0.2634636072012094 0.905556898850661 0.03222326131967398 0.03149751516488882
0 0.548620003920335 0.5433517602773813 0.01976350637582632 0.020473993741548978
0 0.5597904645479642 0.6317038902869592 0.017249474158653848 0.017130044790414665
0 0.7154516073373648 0.8886701143704928 0.014862060546875 0.014534876896784855
0 0.47469282150268555 0.29104214448195237 0.019784267132098857 0.018975037794846755
0 0.4656383441044734 0.47538265815147984 0.01647809835580679 0.01637898958646334
0 0.3131092878488394 0.36858371587900013 0.019255858201246995 0.019489068251389723
0 0.35480506603534406 0.8983468275803786 0.01810624049260066 0.01792306166428786
0 0.26401569293095517 0.9110855689415565 0.021311393150916465 0.02183385995718149
0 0.38961080404428333 0.6455153685349685 0.021952702448918268 0.021238327026367188
0 0.4225302842947153 0.5608640817495493 0.014805280245267428 0.014797063974233774
0 0.7565755110520583 0.6526755553025466 0.014802786020132212 0.014741163987379808
0 0.32894662710336536 0.7292335216815655 0.019808108990009014 0.019578200120192308
0 0.5537181634169358 0.29283829835745007 0.02806436098538912 0.0283202024606558
0 0.5317951349111704 0.6224584579467773 0.020901900071364183 0.02061799856332632
0 0.7043344057523288 0.811374517587515 0.021378443791316107 0.021653248713566706
0 0.48328608732957107 0.17824422396146333 0.023302298325758714 0.022570243248572715
0 0.5650886388925406 0.2449652598454402 0.02438530555138221 0.02469319563645583
0 0.4534167509812575 0.35768343852116513 0.02189782949594351 0.021213751572829027
0 0.5335105015681341 0.9935923356276292 0.08018919137807992 0.012874309833233174
0 0.7453382932222806 0.4992008942824144 0.017847501314603366 0.017762257502629206
0 0.49425756014310396 0.3653050202589769 0.01799664130577674 0.016922143789438102
0 0.6383635447575495 0.20010733604431152 0.018515660212590143 0.01865533682016226
0 0.26461065732515776 0.6901196699876052 0.015767464270958535 0.015508798452524038
