0 0.37000832190880406 0.9556391789362981 0.02776622772216797 0.027498391958383415
0 0.5228193723238431 0.4356816365168645 0.02240467071533203 0.022491601797250602
0 0.5238714951735276 0.9212994208702674 0.017034603999211237 0.017102168156550482
0 0.7093435434194711 0.16338225511404184 0.014861767108623799 0.014941252194918118
0 0.4863888667179988 0.021242160063523512 0.019711861243614785 0.019670889927790716
0 0.2780149166400616 0.20748567581176758 0.02616438498863807 0.026472788590651292
0 0.7050161361694336 0.2472869066091684 0.018310400155874398 0.017443216764009915
0 0.6534492786114032 0.8116821142343374 0.05997965886042668 0.059468782865084134
0 0.571320863870474 0.9751883286696214 0.01631443317119892 0.01618047860952524
0 0.4332431279695951 0.28942577655498797 0.025522892291729268 0.02550822037916917
0 0.7276315689086914 0.8932768014761118 0.01894202599158654 0.019886897160456732
