0 0.3151115270761343 0.2478775978088379 0.04240580705495981 0.04229530921349159
0 0.12894573578467736 0.29135472957904524 0.037451597360464245 0.03770666856032152
0 0.8159063779390775 0.21208543043870193 0.02949069096491887 0.029437945439265326
0 0.04589970295245831 0.8251907642071064 0.03262689480414757 0.03245339026817909
0 0.10200088757735032 0.3869419831496019 0.07616477746229905 0.07643384199876052
0 0.3635736612173227 0.7501065914447491 0.03666496276855469 0.036771921011117786
0 0.9106317666860727 0.8046973301814153 0.033052297738882214 0.032904404860276446
0 0.2599124541649452 0.9203967314500076 0.031646361717810996 0.03151834928072416
0 0.7230880443866436 0.9866472390981821 0.02510349567119892 0.02326055673452524
0 0.19935996715839094 0.503247334406926 0.023518195519080527 0.023506898146409255
0 0.2631850976210374 0.6240007693950946 0.03170101459209736 0.03143105140099159
0 0.07142428709910466 0.9156070122352014 0.02772378004514254 0.028088496281550482
0 0.023599801155237052 0.8526646540715144 0.02474867380582369 0.02483646686260517
0 0.7665623884934646 0.9751265599177434 0.031170478233924277 0.031148176926832933
0 0.19671155856205866 0.693935174208421 0.029343568361722507 0.029253739577073317
0 0.33713711225069487 0.883668459378756 0.020728478064903848 0.0207516596867488
0 0.24057375467740572 0.748534422654372 0.020436727083646335 0.020425062913161058
0 0.23175507325392503 0.701512703528771 0.026962647071251504 0.027035639836237982
0 0.13036075005164513 0.20058962015005258 0.02834639182457557 0.027827116159292366
0 0.21664909216073844 0.8456008617694561 0.02145040952242338 0.021503448486328125
0 0.17396706801194411 0.61264679982112 0.022320013779860277 0.022204839266263522
0 0.9194852388822116 0.7057600754957932 0.0232693598820613 0.02323297353891226
0 0.41968690432035005 0.9541115394005408 0.023917124821589544 0.024078369140625
0 0.49018148275522083 0.46603004749004656 0.03049131540151743 0.030715355506310098
0 0.3514272616459773 0.0293006759423476 0.0191191893357497 0.019115649736844577
0 0.9629938419048603 0.7169458682720478 0.020181949322040264 0.019976689265324518
0 0.0522570930994474 0.3524134709284856 0.01995351681342492 0.02018561730018029
0 0.14768598629878119 0.22432648218595064 0.02791441403902494 0.027875716869647685
0 0.07359464351947491 0.8608931027925931 0.024752011665931113 0.0248565673828125
0 0.17459845542907715 0.7430055324847882 0.030669359060434196 0.030997056227463942
0 0.6993648088895358 0.9617205399733323 0.02109688978928786 0.020877251258263223
0 0.22623803065373346 0.49723302401029146 0.01919695047231821 0.019557806161733773
0 0.09626568280733548 0.5437668653634878 0.02428781069242037 0.02414079812856821
0 0.11671090126037598 0.18051749009352464 0.023888661311222956 0.02407250037560096
0 0.18338933357825646 0.3943509321946364 0.02088612776536208 0.020834996150090143
0 0.6008783853971041 0.6527074667123648 0.01830005645751953 0.018308199368990384
0 0.32950412310086763 0.3226482317997859 0.028685716482309196 0.02878225766695463
0 0.14507853067838228 0.8581704359788161 0.036772544567401595 0.03680918766902043
0 0.7223545954777644 0.05214536190032959 0.017056685227614183 0.017133905337407038
0 0.7401554401104267 0.927485832801232 0.019628231342022236 0.019512176513671875
0 0.19390190564669096 0.13033261665931115 0.018689962533804085 0.01866604731633113
0 0.5710612076979417 0.8561903146597055 0.02864661583533654 0.028537603525015023
0 0.1237488709963285 0.34436944814828724 0.023863462301400993 0.024232130784254808
0 0.53660825582651 0.287872864649846 0.03224996420053335 0.0328211417564979
0 0.2840981116661659 0.7508880175076998 0.02285033005934495 0.022628637460561898
0 0.6893157225388747 0.09414384915278508 0.01817952669583834 0.01813954573411208
0 0.4692175571735089 0.1011218657860389 0.01734579526461088 0.017336295201228216
0 0.6603747881375827 0.5321747706486628 0.021510491004356973 0.02131506112905649
0 0.9206101344181941 0.2085603934067946 0.022069490872896634 0.022159576416015625
0 0.1428980827331543 0.7947481595552884 0.01803416472214919 0.01798527057354267
0 0.17747790996844953 0.9757854755108173 0.030051121344933145 0.030095613919771634
0 0.728524428147536 0.7285169454721304 0.05631608229417067 0.0561676025390625
0 0.5006691859318659 0.24854001632103553 0.019562207735501803 0.019568846775935247
0 0.3953991669874925 0.8395250760591947 0.01737389197716346 0.017412332388070915
0 0.2544681108914889 0.3078196598933293 0.017952625568096455 0.018117537865271933
0 0.9165931114783654 0.6399262501643255 0.019179710975060098 0.019239425659179688
0 0.9625093019925631 0.6774174616887019 0.018391242394080527 0.018169696514423076
0 0.09787374276381272 0.5639279805696927 0.017247456770676833 0.017275663522573616
0 0.859770628122183 0.4799248988811786 0.016785548283503607 0.01680931678185096
0 0.27977391389700085 0.7742454822246845 0.02026814680833083 0.02036564166729267
0 0.8413623663095328 0.7897357940673828 0.027549010056715745 0.02774194570688101
0 0.8819429691021259 0.7506264173067533 0.018227650569035456 0.018230291513296273
0 0.9357681274414062 0.11047625541687012 0.01670661339393029 0.01668996077317458
0 0.20635788257305437 0.7397522559532752 0.02251412318303035 0.022604722243088942
0 0.004709892834608371 0.9503842133742112 0.009564961951512557 0.02197896517240084
0 0.3320731749901405 0.21612987151512733 0.017556263850285456 0.017714317028339092
0 0.16475589458759016 0.462491879096398 0.01566318365243765 0.01571376507098858
0 0.11589261201711801 0.9370786226712741 0.01610869627732497 0.016142625075120192
0 0.49490880966186523 0.14675307273864746 0.01685934800368089 0.01660299301147461
0 0.5137864259573129 0.5499904705927923 0.017188659081092246 0.01710928403414213
0 0.19014600607065055 0.8969658338106595 0.01670969449556791 0.01671321575458233
0 0.11350131034851074 0.4458750944871169 0.014574417701134315 0.014616452730618991
0 0.12988000649672288 0.9933876624474158 0.018655776977539062 0.011776997492863582
0 0.1383892664542565 0.4457893371582031 0.014874861790583683 0.015038563654972957
0 0.9860735673170823 0.9743385314941406 0.017019125131460335 0.017090724064753607
0 0.5169620513916016 0.5201422617985652 0.016373194181002103 0.016431368314302884
0 0.83252136523907 0.4621304732102614 0.016487268301156852 0.016394835252028245
0 0.9448314079871545 0.6936903733473557 0.015143467829777645 0.015463608961838942
0 0.13961967138143686 0.3212109345656175 0.014555655992948092 0.014531355637770433
0 0.08623379927415115 0.46381319486177885 0.026963013869065505 0.027515998253455527
0 0.39569942767803484 0.2586573820847731 0.016059435330904447 0.015908167912409857
0 0.2293851192180927 0.79175354884221 0.025712013244628906 0.02553719740647536
0 0.25153974386361927 0.9614690633920523 0.01641427553617037 0.01630372267503005
0 0.9329743018517127 0.04370768253619854 0.019489581768329326 0.019625679804728582
0 0.29273484303401065 0.6286568274864783 0.01865408970759465 0.01872106698843149
0 0.5262434299175556 0.26712762392484224 0.028418907752403848 0.028629486377422627
0 0.34728941550621617 0.6251717347365159 0.01501934344951923 0.014997629018930288
0 0.1817168822655311 0.8414459228515625 0.026328050173245944 0.026833754319411058
0 0.45310673346886265 0.9892944189218374 0.018425134512094352 0.016995650071364183
0 0.523281244131235 0.4809890526991624 0.0202792241023137 0.020213567293607272
0 0.626614864055927 0.28226192180926984 0.01917413564828726 0.019306769737830527
0 0.12377179585970365 0.5026058417100173 0.031203490037184495 0.03119960198035607
0 0.8152779799241286 0.6788886143611028 0.016347444974459134 0.016301375169020433
0 0.006824330641673162 0.5235385894775391 0.013611843952765832 0.01791689946101262
0 0.9629001617431641 0.5329762972318209 0.02134983356182392 0.021876995380108174
0 0.47339861209575945 0.4516143432030311 0.0288543701171875 0.029115016643817607
0 0.5421453989469088 0.5324079440190241 0.015133417569673978 0.01520846440241887
0 0.3938302993774414 0.013776264511621915 0.014766693115234375 0.015038176224781917
0 0.4079630925105168 0.9153386629544772 0.014741310706505409 0.014853844275841346
0 0.16017440649179313 0.699986457824707 0.019008498925429124 0.019291804387019232
0 0.789532734797551 0.8126138540414664 0.01885370107797476 0.018883778498722956
0 0.7442543323223407 0.8640014941875751 0.014823326697716346 0.014807187593900241
0 0.30316765491779035 0.768611321082482 0.014130482306847205 0.014185098501352163
0 0.11002648793734036 0.22275902674748346 0.015214901704054613 0.01514728252704327
0 0.07626340480951163 0.41974515181321365 0.01968815693488488 0.02028934772198017
0 0.2009294583247258 0.45574503678541917 0.015228638282189002 0.01541761251596304
0 0.17621130209702712 0.7057087238018329 0.027489662170410156 0.027365464430588942
0 0.26881834176870495 0.2557995135967548 0.014594298142653245 0.014617186326246995
0 0.5898212652940017 0.9095990107609675 0.01975866464468149 0.020001631516676683
0 0.22337256945096529 0.93561157813439 0.0236206788283128 0.023816035344050482
0 0.1933884987464318 0.34705532514131987 0.060898120586688705 0.061355884258563705
0 0.28343714200533354 0.36020113871647763 0.015406461862417368 0.015398172231820913
0 0.46652592145479643 0.26147138155423677 0.014082541832557091 0.014090684744027944
0 0.1686581281515268 0.4983598268949069 0.01866601063654973 0.01871211712176983
0 0.7306694617638221 0.2223188326908992 0.015169877272385817 0.015154251685509315
0 0.811309447655311 0.5379853615394006 0.015065706693209134 0.014991320096529447
0 0.04176091689329881 0.7990374931922326 0.01555644548856295 0.01535327617938702
0 0.1828597508943998 0.4441950871394231 0.015088741595928486 0.015198047344501201
0 0.3985740955059345 0.3475324557377742 0.01450516627385066 0.014467532818134014
0 0.19720103190495417 0.20163921209482047 0.014003313504732572 0.014075059157151442
0 0.4255733856788048 0.08095035186180702 0.014014317439152645 0.014037260642418494
0 0.442775139441857 0.7052822113037109 0.01563600393442007 0.015825418325570915
0 0.1662292847266564 0.8107217641977164 0.021004383380596455 0.021167168250450723
0 0.32628363829392654 0.7956920036902795 0.03171355907733624 0.0311276362492488
0 0.6636513930100661 0.0954346565099863 0.019782139704777643 0.020485749611487754
0 0.6712336173424354 0.10586990759922908 0.015185869657076322 0.014778999181894155
0 0.5828849352323092 0.961823976956881 0.014568328857421875 0.014719449556790866
0 0.19371494880089393 0.09020689817575309 0.014657534085787259 0.014814450190617489
0 0.9204708979679987 0.7257134364201472 0.015398465670072116 0.015021397517277645
0 0.6605273026686448 0.8862981796264648 0.014649171095628005 0.014390945434570312
0 0.2605014397547795 0.7544055351844201 0.01998725304236779 0.019872518686147835
0 0.44268109248234677 0.7631853543795072 0.014281933124248799 0.014261099008413462
0 0.8419016324556791 0.8761196136474609 0.0150909423828125 0.014697735126201924
0 0.34503753368671125 0.7766152895413913 0.01903709998497596 0.019254684448242188
0 0.38273297823392427 0.9907475985013522 0.015561323899489183 0.014698028564453125
0 0.12397270936232346 0.6954445472130408 0.02532203380878155 0.0254058837890625
0 0.6759808613703802 0.010959033782665547 0.014856045062725361 0.01504048017355112
0 0.0049093698079769425 0.7436564518855169 0.009875620786960308 0.017054044283353366
0 0.1662320357102614 0.24322594129122221 0.015327526972844051 0.015191481663630558
0 0.16434645652770996 0.41341609221238357 0.049754949716421276 0.048911681542029746
0 0.20961926533625677 0.2264989706186148 0.013765775240384616 0.013738778921274038
0 0.45435274564302885 0.03699328349186824 0.013993263244628906 0.01384740609389085
0 0.05641944591815655 0.3119259247413048 0.013790038915780874 0.013553105867826022
0 0.9381075638991135 0.4369520407456618 0.013537186842698317 0.013709361736591045
0 0.38486473376934344 0.6126881379347581 0.01598504873422476 0.015815147986778848
0 0.6352689449603741 0.9396768716665415 0.026967415442833535 0.027110760028545674
0 0.2300266119150015 0.6655391546396109 0.024160458491398737 0.024663631732647236
0 0.13351723780998817 0.1693097628079928 0.014265940739558293 0.013939710763784556
0 0.17087342188908503 0.784273074223445 0.01705730878389799 0.01694004352276142
0 0.7235067807711087 0.16753611197838417 0.013846910916841947 0.013859895559457632
0 0.9334041155301608 0.7353675548846905 0.014245693500225361 0.014332991379957933
0 0.9860429030198318 0.4310121169457069 0.013895474947415866 0.014111885657677284
0 0.521640630868765 0.9849806565504807 0.016352066626915567 0.016918182373046875
0 0.22711928074176496 0.2812532828404353 0.016679066878098708 0.016669676854060247
0 0.5030443851764386 0.6230279482327975 0.01455233647273137 0.014386690579927884
0 0.1383891380750216 0.3621707329383263 0.04009068929232084 0.040033927330603965
0 0.010885806037829472 0.9615365541898288 0.01522288414148184 0.014942756065955529
0 0.38131193014291614 0.9873242011437049 0.01722849332369291 0.017635345458984375
0 0.8694012715266302 0.43769293565016526 0.013093801645132212 0.013193277212289663
0 0.18033313751220703 0.8385312007023737 0.022474912496713493 0.022382149329552285
0 0.18438992133507362 0.7681363912729117 0.01638654562143179 0.01603111853966346
0 0.7242690599881686 0.9534818942730243 0.02141600388746995 0.02153748732346755
0 0.14948360736553484 0.3831759232741136 0.014212755056527944 0.01418597881610577
0 0.3386178750258226 0.7380042442908654 0.015450697678786058 0.015633509709284857
0 0.8395409217247596 0.812779793372521 0.013994657076322116 0.014103229229266826
0 0.14368174626277044 0.1782831778893104 0.014365673065185547 0.014093729165884165
0 0.4611636675321139 0.23501825332641602 0.013082504272460938 0.012997187100923978
0 0.2947235107421875 0.8974535281841571 0.01670558636005108 0.01683660653921274
0 0.005525574088096619 0.49763224675105167 0.011156854721216055 0.0227660399216872
0 0.6356738897470328 0.9424974001370944 0.022941149198091947 0.022570976844200723
0 0.4916793383084811 0.3031898645254282 0.016924491295447715 0.01722115736741286
0 0.6558188658494216 0.9781354757455679 0.016074253962590143 0.0158389164851262
