0 0.7551053854135367 0.7216243743896484 0.040029085599459134 0.040291125957782455
0 0.28418561128469616 0.06251167334043063 0.03511131726778471 0.03519894526554988
0 0.31520880185640776 0.18682069044846755 0.020491820115309495 0.02049739544208233
0 0.6631460923414964 0.6913346510667068 0.02039337158203125 0.02034128629244291
0 0.4712220705472506 0.5779511378361628 0.01995717562161959 0.019858140211838942
0 0.8056936997633714 0.4826821547288161 0.01732664841871995 0.017285713782677285
0 0.4358598268949069 0.5842697070195124 0.015902299147385817 0.015682733975923978
0 0.06580792023585393 0.6037203715397761 0.020398690150334284 0.02040554926945613
0 0.27536593950711763 0.11338578737699069 0.015634683462289665 0.015975145193246696
0 0.22198170882004958 0.9902392900907077 0.023842481466440055 0.016893826998197116
0 0.9081503061147836 0.949067629300631 0.014753194955679087 0.015068641075721154
0 0.21859040627112755 0.9890682513897235 0.01800372050358699 0.016528202937199518
0 0.3859435961796687 0.3290234712453989 0.018717839167668268 0.018592687753530648
0 0.888710095332219 0.23574480643639198 0.014786646916316105 0.015005845289963942
0 0.7502973996675931 0.739401230445275 0.01747292738694411 0.017421428973858174
0 0.6619333120492789 0.3419761657714844 0.014624082125150241 0.014339300302358774
0 0.22557471348689154 0.9910316467285156 0.028305457188532904 0.016559600830078125
0 0.7136271550105169 0.3023815888624925 0.014764932485727163 0.014885682326096755
0 0.8891798166128305 0.24830077244685247 0.014567155104417067 0.014484222118671123
0 0.9294813596285306 0.44592395195594203 0.014404003436748799 0.014431586632361779
0 0.22814380205594575 0.9926737271822416 0.023940893319936898 0.013257833627554087
