0 0.14031737584334153 0.44626533068143404 0.044829790408794694 0.0450751231266902
0 0.3023082659794734 0.5993250333345853 0.03319813654972957 0.033224986149714544
0 0.8054413428673377 0.7601487086369441 0.024882683387169473 0.024846883920522835
0 0.8555726271409255 0.20126889302180365 0.046529916616586536 0.04643121132483849
0 0.3267634098346417 0.8565452282245343 0.026663853571965143 0.02668938269981971
0 0.7572404421292819 0.011371348912899312 0.029760213998647835 0.021560834004328802
0 0.29236122278066784 0.4156052516056941 0.026709923377403848 0.026551026564378005
0 0.6603596027080829 0.44783592224121094 0.1397730020376352 0.14132396991436297
0 0.18314178173358625 0.14539282138531023 0.023994079002967246 0.024270057678222656
0 0.16835803252000076 0.6144366631141076 0.018363072321965143 0.018548085139347956
0 0.2705865273108849 0.2539074604327862 0.021870979895958535 0.02182637728177584
0 0.7808012595543494 0.5099896651047927 0.020876370943509616 0.02078980665940505
0 0.8654554807222806 0.887602659372183 0.017761377187875602 0.01755685072678786
0 0.5830176426814153 0.5139524753277118 0.03657223628117488 0.0364073239839994
0 0.494166741004357 0.5937467354994553 0.022373786339393027 0.022659741915189303
0 0.13373989325303298 0.48956959064190203 0.019661683302659255 0.019599767831655648
0 0.11867823967566857 0.8680868882399339 0.018528498136080228 0.019283881554236777
0 0.3143296241760254 0.6639373485858624 0.01744710482083834 0.017460162823016826
0 0.5612765092116135 0.01143494019141564 0.02139120835524339 0.02052528583086454
0 0.4035186767578125 0.14264939381526068 0.03353588397686298 0.0336766609778771
0 0.6562863863431491 0.4815854292649489 0.0172726557804988 0.01717031919039213
0 0.713200935950646 0.7907110360952524 0.01987486619215745 0.020088342519906852
0 0.8396940231323242 0.3186805431659405 0.020827366755558893 0.020903660700871393
0 0.8360460721529447 0.274926809164194 0.017838404728816107 0.017536456768329326
0 0.4561583445622371 0.9005197378305289 0.022469007051908053 0.022480891301081732
0 0.47308613703801083 0.014739011342708882 0.03714840228740986 0.02783507567185622
0 0.6165560208834134 0.7377881270188552 0.01702880859375 0.016935201791616585
0 0.7512299464299128 0.6221199769240159 0.1017294663649339 0.10249167222243089
0 0.8751153945922852 0.9489872272198017 0.024115342360276442 0.024785555326021634
0 0.4238901871901292 0.7036795982947717 0.019243680513822116 0.01939216026893029
0 0.40782906458928037 0.9873768733097956 0.019816178541917067 0.019513643704927884
0 0.4157266616821289 0.16694105588472807 0.017882860623873197 0.01779658977801983
0 0.26476315351632923 0.8298097023597131 0.019178317143366888 0.01882479741023137
0 0.13558595914107102 0.1375500513957097 0.015731206307044394 0.015888195771437425
0 0.5245616619403546 0.0189161655994562 0.031078191903921273 0.03091068221972539
0 0.869689207810622 0.8275064321664664 0.015296642596905049 0.015280210054837741
0 0.8393629514254056 0.0734793497965886 0.016869471623347357 0.01663690346937913
0 0.4398483129648062 0.5882327740009015 0.019734309269831732 0.01975705073429988
0 0.8728644297673152 0.3178551380450909 0.02109219477726863 0.021210083594689004
0 0.45081476064828724 0.7181525597205529 0.01679361783541166 0.016545662513146035
0 0.8814890934870794 0.2911042800316444 0.02298707228440505 0.024588951697716348
0 0.8742627363938552 0.9355238400972806 0.016246208777794473 0.01659569373497596
0 0.7734196736262395 0.30167898764977086 0.06408192561222957 0.061907328092134915
0 0.4443343235896184 0.5422968497643104 0.041016652033879206 0.04074800931490385
0 0.7810303614689753 0.49228763580322266 0.026276515080378607 0.026719313401442308
0 0.48938699869009167 0.8605094322791467 0.018304091233473558 0.01809516319861779
0 0.48475881723257214 0.7002320656409631 0.015074803278996395 0.015080965482271634
0 0.67298096876878 0.1074209396655743 0.017153519850510817 0.017062553992638223
0 0.31522156642033505 0.15906739234924316 0.015800916231595553 0.015787894909198467
0 0.3735385307898888 0.8148235907921424 0.014708298903245192 0.01436614990234375
0 0.6490243765024039 0.9283391512357272 0.015447176419771634 0.015329801119290866
0 0.716418559734638 0.23143630761366624 0.03867545494666466 0.03881377440232497
0 0.7285606677715595 0.8036196782038763 0.015735626220703125 0.015693077674278848
0 0.8537497887244592 0.45354325954730695 0.015586266150841346 0.015609814570500301
0 0.7350428654597356 0.7449270395132211 0.016102130596454326 0.01627936730018029
0 0.7252768003023587 0.7602448830237756 0.015887627234825723 0.01595731881948618
0 0.6119325344379132 0.8314487750713642 0.016349645761343148 0.016263521634615384
0 0.149115278170659 0.3069347601670485 0.019765835541945238 0.019613265991210938
0 0.4307805574857272 0.013997396597495446 0.04488064692570613 0.02648193561113798
0 0.44490506098820615 0.7642875818105844 0.015672683715820312 0.01586151123046875
0 0.18567356696495643 0.2813722170316256 0.01499799581674429 0.015208611121544471
0 0.49042760408841646 0.5421001727764423 0.014312303983248197 0.014683136573204627
0 0.3456511130699745 0.021029144525527954 0.0157775145310622 0.015693022654606745
0 0.22523821317232573 0.8239996983454778 0.015918658329890326 0.015841850867638223
0 0.5656724342933068 0.18678709176870492 0.05801171522874098 0.0579077647282527
0 0.8637601412259616 0.5336143053494967 0.015562497652493991 0.015623826246995192
0 0.49438894712007964 0.3735808592576247 0.01569821284367488 0.015855935903695915
0 0.3594406568087064 0.032769620418548584 0.014509054330679087 0.014420665227449857
0 0.49360363300030047 0.47911886068490833 0.014540598942683293 0.014505899869478665
0 0.19144025215735802 0.7832260131835938 0.015410716717059795 0.015416658841646634
0 0.8632485316349909 0.15725111961364746 0.03833550673264723 0.03888364938589243
0 0.8439204876239483 0.05597426799627451 0.014009915865384616 0.013872577593876766
0 0.11254204236544095 0.4709776364839994 0.0163422731252817 0.025049356313852165
0 0.4812168708214393 0.8443129612849309 0.014988459073580228 0.015258495624248799
0 0.6955608221200796 0.8991829798771784 0.03512089069073017 0.03450217613807091
0 0.6899702365581806 0.04737598162430983 0.014430853036733774 0.014213250233576847
0 0.6213527826162485 0.6808285346397986 0.05211023183969351 0.051975250244140625
0 0.20206682498638445 0.821680289048415 0.014038489415095402 0.013962819026066707
0 0.7647744692288913 0.9706479586087741 0.015572767991286058 0.015726823073167067
0 0.863892701955942 0.15124666690826416 0.0437312492957482 0.0456241644345797
0 0.2871258075420673 0.3914773647601788 0.014105430016150841 0.01401534447303185
0 0.43804146693303037 0.07477128047209519 0.014242318960336538 0.014656369502727803
0 0.5338296890258789 0.15443805547860953 0.03236477191631611 0.03248020318838266
0 0.3396899516765888 0.4282828110914964 0.013799447279710036 0.013822555541992188
0 0.8143775646503155 0.19466843971839318 0.021312713623046875 0.021704673767089844
0 0.39168354181142956 0.8328664486224835 0.02025442857008714 0.020540384145883415
