0 0.26268067726722133 0.09108991806323712 0.07753427212054913 0.07729983329772949
0 0.6855850219726562 0.37126662180973935 0.15284409889808068 0.14967133448674128
0 0.6146548711336576 0.25611987480750453 0.05504967616154598 0.05514027522160457
0 0.7427278665395883 0.48470438443697417 0.060938321627103366 0.06032422872690054
0 0.3909258475670448 0.8183208612295297 0.054351806640625 0.05365151625413161
0 0.6196008828970102 0.513450182401217 0.09839780514056866 0.0991059816800631
0 0.4778059445894681 0.10537964564103347 0.04684917743389423 0.046911074565007135
0 0.34062884404109073 0.7576038654033954 0.04149715717022236 0.041620107797475964
0 0.3450956344604492 0.544130435356727 0.0344854501577524 0.03501561971811148
0 0.766023195706881 0.24735810206486628 0.03295546311598558 0.04409049107478215
0 0.3558935018686148 0.46452881739689755 0.03350976797250601 0.03363477266751803
0 0.594192908360408 0.8611647532536433 0.046944764944223255 0.04693823594313402
0 0.401391469515287 0.4253810002253606 0.03363235180194561 0.033720163198617786
0 0.43136919461763823 0.6537923079270583 0.022079614492563102 0.022074185884915866
0 0.2387708333822397 0.23006261312044585 0.025191673865685098 0.02559243715726412
0 0.4206705826979417 0.13415251328394964 0.024946212768554688 0.02506577051602877
0 0.32308340072631836 0.17998079153207633 0.019777224614070013 0.019806054922250602
0 0.5151806611281174 0.2713642487159142 0.03132776113656851 0.031161014850323018
0 0.4334271504328801 0.6138644952040452 0.02605893061711238 0.026085560138408955
0 0.6562637915978065 0.6022880994356595 0.031694265512319714 0.03162809518667368
0 0.5346000377948468 0.5585549061114972 0.02088444049541767 0.020687396709735576
0 0.7523899078369141 0.8399311945988581 0.027596400334284857 0.02784552940955529
0 0.5424490708571214 0.4401850333580604 0.023625740638146035 0.023960260244516227
0 0.6328022296612079 0.6766131474421575 0.022198310265174277 0.022135807917668268
0 0.4806385773878831 0.21704778304466835 0.025363041804387018 0.02523326873779297
0 0.5691358126126803 0.9292924587543194 0.026032374455378607 0.026179973895733174
0 0.31653448251577526 0.8413589184100811 0.024482066814716045 0.024808736947866585
0 0.42309115483210635 0.3994632867666391 0.029416744525615986 0.029336195725661058
0 0.36203919924222505 0.6322724268986628 0.02303475600022536 0.023129096397986777
0 0.6395439734825721 0.20015951303335336 0.031218895545372598 0.03099646935096154
0 0.3563898526705228 0.8422433412992038 0.02499991196852464 0.02465086716871995
0 0.450562990628756 0.8412723541259766 0.02106175055870643 0.02106475830078125
0 0.2642186971811148 0.5325274100670447 0.020383394681490384 0.02048917917104868
0 0.695223881648137 0.072093665599823 0.033944936899038464 0.033826782153202936
0 0.6029900770920974 0.6554137009840745 0.026356330284705527 0.02587098341721755
0 0.6124531672551081 0.9681912935697116 0.02628297072190505 0.02648779062124399
0 0.39734532282902646 0.7327529467069186 0.027346390944260817 0.027245594904972956
0 0.4191639239971454 0.34503958775446963 0.017437127920297477 0.017161149245042067
0 0.5274924865135779 0.968651111309345 0.022193028376652643 0.02199701162484976
0 0.41362542372483474 0.4606208801269531 0.028439154991736777 0.028474954458383415
0 0.6955473239605243 0.6512680053710938 0.019264954787034255 0.01943382850060096
0 0.6038100902850811 0.2949159328754132 0.0374597402719351 0.03757051321176382
0 0.49266543755164516 0.7994083991417518 0.021448575533353366 0.021562723013070915
0 0.29673121525691104 0.6644530663123498 0.026416925283578727 0.02662071814903846
0 0.33906034322885364 0.8563753274770883 0.029332381028395433 0.02881798377403846
0 0.6555471420288086 0.7695225935715896 0.0335088876577524 0.03372808603140024
0 0.6753557645357572 0.6875894253070538 0.022204765906700723 0.022271376389723558
0 0.6436196840726413 0.6194512293888972 0.024295220008263223 0.024195781120887168
0 0.2892799377441406 0.9565089299128606 0.028203817514272835 0.02820763221153846
0 0.4710531968336839 0.2986481739924504 0.0207522465632512 0.02046797825739934
0 0.6365626408503606 0.015012413263320923 0.02332922128530649 0.02314138412475586
0 0.7203284043532151 0.6210396840022161 0.017100114088792067 0.01705756554236779
0 0.6999214612520658 0.104287706888639 0.025381968571589544 0.025126897371732272
0 0.4322865926302396 0.7906997387225811 0.03781450711763822 0.037978832538311295
0 0.6080691264225886 0.02067116590646597 0.02445367666391226 0.024202291782085713
0 0.6523568080021784 0.14939056910001314 0.02398681640625 0.024353577540471003
0 0.5290663792536809 0.3664936652550331 0.0349424802339994 0.034535921536959134
0 0.5883035659790039 0.3231692314147949 0.028174547048715446 0.02825626960167518
0 0.6762595543494592 0.0973344032581036 0.033153533935546875 0.033130719111515924
0 0.34125449107243466 0.414160288297213 0.017688457782451924 0.017722056462214544
0 0.6879564431997446 0.1735072869520921 0.016673454871544473 0.01660295633169321
0 0.293145619905912 0.4807383097135104 0.01819478548490084 0.018467022822453424
0 0.4851825787470891 0.43410668006310094 0.020664068368765023 0.02052622575026292
0 0.3087585155780499 0.5508741232065054 0.02585007594181941 0.026206236619215745
0 0.41902945591853213 0.7565441131591797 0.03712257972130409 0.03739254291240986
0 0.6860025846041166 0.7827566587007962 0.018610147329477165 0.01870111318734976
0 0.5123383448674128 0.3064968769366925 0.01678305405836839 0.016868151151216947
0 0.589681441967304 0.9741293100210336 0.023584365844726562 0.02378669151893029
0 0.5781996066753681 0.06697656099612896 0.02411622267503005 0.024120156581585225
0 0.5420326819786658 0.087668226315425 0.02203985360952524 0.022455233793992262
0 0.5679541734548715 0.7403778663048377 0.019748907822829027 0.0198824955866887
0 0.5285320281982422 0.9329056373009315 0.02918221400334285 0.02915044931265024
0 0.38291252576387846 0.2169199173267071 0.020631716801570013 0.020717327411358174
0 0.6394422971285306 0.4694697673504169 0.10744050832895133 0.1094653056218074
0 0.23757619124192458 0.7290668487548828 0.02584552764892578 0.025767986591045674
0 0.4538770822378305 0.3986338835496169 0.027120443490835335 0.02752986321082482
0 0.5863332381615272 0.6408824187058669 0.017009515028733473 0.01689602778508113
0 0.45849172885601336 0.9898888514592097 0.02564855722280649 0.018200507530799277
0 0.5498128670912522 0.32511245287381685 0.017850655775803786 0.017826667198768027
0 0.38065191415640026 0.6140628594618577 0.03397824214054988 0.033347129821777344
0 0.4514278998741737 0.1322195713336651 0.023136138916015625 0.02285564862764799
0 0.3958705755380484 0.5912413963904748 0.022289862999549277 0.02240782517653245
0 0.4566077452439528 0.1468327412238488 0.018245697021484375 0.01871464802668645
0 0.4688474948589618 0.9531822204589844 0.022679548997145433 0.022646977351262018
0 0.6059159498948318 0.7376647362342248 0.020163315993088942 0.020363734318659857
0 0.43972360170804536 0.24071223919208234 0.020691945002629206 0.020604940561147835
0 0.5028801697951096 0.9704581774198092 0.023558836716871995 0.023539176354041465
0 0.47500030811016375 0.1354200839996338 0.022498057438777044 0.02251439828139085
0 0.6456984740037185 0.7980856528648963 0.025818898127629206 0.02565178504356971
0 0.3973427919241098 0.7802945650540866 0.033272156348595254 0.03379557682917668
0 0.44965362548828125 0.3812753970806415 0.022967118483323317 0.022967705359825723
0 0.4669223198523888 0.7779900477482722 0.024986927325908955 0.02522131112905649
0 0.23964346372164214 0.7879735506497897 0.020840864915114183 0.021145747258112982
0 0.7179167820857122 0.7927463971651517 0.016906004685621995 0.01703335688664363
0 0.4309090100801908 0.7340306502122146 0.024163319514347956 0.024184300349308893
0 0.23514336806077224 0.6789113558255709 0.027516695169302132 0.03625899094801683
0 0.5423699525686411 0.35180869469275844 0.02765369415283203 0.028005306537334736
0 0.55079041994535 0.2970997737004207 0.028081453763521634 0.02848207033597506
0 0.666563474214994 0.0166190151984875 0.025234809288611777 0.025164975569798395
0 0.47702558224017805 0.7685452241163987 0.018695317781888522 0.01882347693810096
0 0.4474649062523475 0.750191908616286 0.02462489788348858 0.024638982919546273
0 0.2525824766892653 0.448429877941425 0.017537997319148138 0.017443510202261116
0 0.2790073981651893 0.435943236717811 0.02230218740609976 0.022148719200721152
0 0.5105779354388897 0.7755253865168645 0.028977320744441107 0.02935952406663161
0 0.541598760164701 0.9863639978262094 0.02195255572979267 0.02135159419133113
0 0.5159967862642728 0.08546233177185059 0.02121844658484826 0.021012159494253304
0 0.6006562893207257 0.5913452368516189 0.015800329355093148 0.016192216139573317
0 0.38540913508488583 0.7550912270179162 0.03204433734600361 0.03238971416766827
0 0.29157145206744856 0.9097510117750901 0.017488552973820612 0.017528533935546875
0 0.5092020401587853 0.43703845831064075 0.02567628713754507 0.025433907142052285
0 0.7081094888540415 0.9019302955040565 0.020318984985351562 0.020705296443058893
0 0.3107308241037222 0.6268153557410607 0.01885392115666316 0.019086104172926683
0 0.6043957196749173 0.6399671114408053 0.01927038339468149 0.018990149864783652
0 0.3071736005636362 0.06562936764497024 0.019403494321382962 0.020026775506826546
0 0.7036013970008264 0.7529556567852314 0.021561842698317308 0.02220887404221755
0 0.23868681834294245 0.7041478523841271 0.02207176501934345 0.02244391808143029
0 0.4879145989051232 0.7812758225661057 0.018981053278996393 0.019122783954326924
0 0.5844499881450946 0.28194401814387393 0.02172514108511118 0.0216370362501878
0 0.38614595853365385 0.9858301602877103 0.07719171964205228 0.027712895320012018
0 0.28440341582665074 0.4574621273921086 0.020788816305307243 0.02079618894136869
0 0.5227053715632513 0.8367228141197791 0.025295771085298978 0.02542877197265625
0 0.7216163048377404 0.013592989398882939 0.022541926457331732 0.022851785788169272
0 0.4923083231999324 0.4024233084458571 0.02183224604679988 0.021758299607496995
0 0.46730797107403094 0.3775506386390099 0.015265097984900841 0.015671950120192308
0 0.3483728995689979 0.07851971112764798 0.014742631178635817 0.014893256700955905
0 0.5593724984389085 0.09353215877826397 0.01804491189809946 0.018326282501220703
0 0.6979805872990534 0.7705326080322266 0.017245659461388223 0.01750359168419471
0 0.5094191844646747 0.10401521279261662 0.016927719116210938 0.017155793996957634
0 0.3130182119516226 0.4865582539485051 0.014690380830031175 0.014644035926231971
0 0.29622488755446214 0.8248800130990835 0.016624597402719352 0.016890892615685098
0 0.5707941055297852 0.2590911938593938 0.03768216646634615 0.03748475588285006
0 0.5664956386272724 0.08308734343602107 0.01790274106539213 0.017898706289438102
0 0.23540394122783953 0.9087123870849609 0.01663692180926983 0.016986846923828125
0 0.6493623440082257 0.8717569204477164 0.018827438354492188 0.018950242262620192
0 0.7706116896409255 0.6069191419161283 0.018076676588792067 0.018945987407977764
0 0.7403763257540189 0.7082886329064002 0.015502489530123197 0.015522296612079326
0 0.6143348033611591 0.07890635270338792 0.01696623288668119 0.016888953172243558
0 0.6549177903395432 0.8238525390625 0.014492621788611779 0.014434814453125
0 0.33047624734731823 0.9281446016751803 0.021258060748760518 0.021328852726862982
0 0.6785604036771334 0.45618955905620867 0.09222148014948918 0.1003269782433143
0 0.28576029264009917 0.6948474737314078 0.018632888793945312 0.01884915278508113
0 0.48778937413142276 0.45767101874718297 0.016165513258713942 0.016006909883939303
0 0.3064285425039438 0.7114909245417669 0.015439913823054386 0.015423994797926683
0 0.4940090546241173 0.32661144550030047 0.01708646921011118 0.016999171330378607
0 0.27536601286668044 0.7162645780123197 0.02081760993370643 0.020363440880408652
0 0.6071117841280423 0.03657210790193998 0.015628814697265625 0.015023048107440654
0 0.25814632269052357 0.8470108325664814 0.014943269582895132 0.014891697810246395
0 0.5043152662423941 0.9049185239351712 0.01772462404691256 0.017810821533203125
0 0.37053709763746995 0.7373158381535456 0.021938910851111777 0.02234165485088642
0 0.7147298959585336 0.9183649649986854 0.02104979294996995 0.02114560053898738
0 0.7526176159198468 0.8806632115290716 0.019003648024338942 0.019292684701772835
0 0.26276164788466233 0.6036593363835261 0.015973641322209284 0.016059435330904447
0 0.3043394088745117 0.6908230414757361 0.01659246591421274 0.016897054818960335
0 0.5388954602755033 0.4035687813392052 0.01981074993426983 0.019379395705003005
0 0.40134173173170823 0.8805971145629883 0.016587477463942308 0.016723045935997598
0 0.36835366029005784 0.04599034327727098 0.016819146963266227 0.016886060054485615
0 0.5840982290414664 0.7004792140080378 0.02017065194936899 0.020261617807241585
0 0.30707230934729945 0.5989799499511719 0.014490274282602163 0.014344582190880409
0 0.38225217965932995 0.5628872284522424 0.01612267127403846 0.01650105989896334
0 0.3540190916794997 0.06041288375854492 0.015767317551832933 0.015920639038085938
0 0.5811814895043006 0.7639592977670523 0.019156749431903545 0.019669165978064902
0 0.3775775615985577 0.11419879473172702 0.014554830697866587 0.014417244837834286
0 0.31609153747558594 0.725436283991887 0.013904424814077524 0.013872146606445312
0 0.403444583599384 0.253112242772029 0.015897017258864183 0.015881171593299277
0 0.764883774977464 0.09212128932659443 0.019452901986929085 0.019052670552180365
0 0.7591080298790565 0.009483828567541562 0.015857403094951924 0.01596626753990467
0 0.7113769237811749 0.9352022317739633 0.020543611966646634 0.020817389855018027
0 0.7740237896259015 0.45061360872708833 0.01402576153094952 0.015859163724459134
0 0.4575661512521597 0.45342408693753755 0.015296422518216647 0.015432064349834736
0 0.6712824014516977 0.14396076935988206 0.020653944749098558 0.020922734187199518
0 0.41825393530038685 0.36842962411733776 0.01812568077674279 0.01801923605111929
0 0.5811760975764348 0.5903153052696815 0.014810855572040264 0.015207437368539663
0 0.5049759057851938 0.9482380060049204 0.019062188955453727 0.019790209256685697
0 0.41959054653461164 0.5022354125976562 0.015168190002441406 0.015177653386042668
0 0.5153088936438928 0.4201083550086388 0.019767614511343148 0.020108589759239785
0 0.6274158037625827 0.6321162443894607 0.01677850576547476 0.016527469341571514
0 0.2475288831270658 0.6098811076237605 0.017808987544133112 0.018337543194110576
0 0.3368506064781776 0.9257051761333759 0.02175749265230619 0.022112919734074518
0 0.23870240725003755 0.46958688589242786 0.03955635657677284 0.06304564842810997
0 0.3615528620206393 0.09606577799870418 0.014983764061560998 0.015024221860445462
0 0.5237291042621319 0.7604851355919471 0.021045097937950723 0.021909273587740384
0 0.6498352197500376 0.5627899903517503 0.018520355224609375 0.018833160400390625
0 0.3005944031935472 0.7287173637977014 0.022090765146108773 0.022190387432391826
0 0.6796789902907151 0.5748492754422702 0.016778065608097956 0.01640598590557392
0 0.5847917703481821 0.13776879127209002 0.016232417179987982 0.016297065294705905
0 0.7399381490854117 0.648094470684345 0.014650491567758413 0.014909597543569712
0 0.36774070446307844 0.024850116326258734 0.01614541273850661 0.016165723021213826
0 0.2942014290736272 0.6200287158672626 0.015000673440786509 0.01508786128117488
0 0.3702396979698768 0.7683833195612981 0.024789810180664062 0.025164677546574518
0 0.2501828487102802 0.5159807205200195 0.02036916292630709 0.020408483651968148
0 0.5504258962777945 0.8843938387357272 0.01788916954627404 0.018047332763671875
0 0.23887828680185172 0.6251420241135818 0.01810462658221905 0.017899293165940505
0 0.522672176361084 0.5445041656494141 0.015750958369328424 0.01590596712552584
0 0.3337087631225586 0.9267741716825045 0.023025072537935697 0.022934546837439902
0 0.3212073032672589 0.8759168478158804 0.013368166410006009 0.013767535869891826
0 0.6725606184739333 0.04879959271504329 0.015169290395883413 0.015117691113398625
0 0.5525917640099158 0.29332643288832444 0.03274976290189303 0.03285785821767954
0 0.23142792628361628 0.9251496241642878 0.01690505101130559 0.018641251784104567
0 0.764525633591872 0.42224700634296125 0.03374539888822115 0.03640262897198017
0 0.3877679751469539 0.5666153247539814 0.026217240553635817 0.026481775137094352
0 0.30195733217092663 0.8081857241117038 0.015241879683274489 0.015262016883263221
0 0.6556186676025391 0.9368245051457331 0.020031268780048076 0.01975558354304387
0 0.22945205981914812 0.5025226152860202 0.021605711716871995 0.035399363591120794
0 0.4619109813983624 0.36242088904747594 0.014928230872521034 0.014953026404747596
0 0.2287146128140963 0.8862047929030198 0.013701658982496995 0.017259744497445915
0 0.3264622321495643 0.48190879821777344 0.014060460604154147 0.014023707463191105
0 0.5754199394812951 0.7149250323955829 0.017317698552058294 0.017159388615534857
0 0.4401055115919847 0.35626015296349156 0.015367948091947116 0.015389809241661659
0 0.5399026870727539 0.4065837860107422 0.025398694551908053 0.025484085083007812
0 0.4460005026597243 0.7753273890568659 0.019516358008751504 0.02068915733924279
0 0.3454705018263597 0.9224959153395432 0.023625007042518027 0.023047373845027044
0 0.3396208102886493 0.924334452702449 0.022992794330303486 0.023173405573918268
0 0.2635952325967642 0.8712677588829627 0.013941434713510366 0.014247307410606971
0 0.7013083237868089 0.5454092759352464 0.01504971430851863 0.014907543475811299
0 0.2598572877737192 0.41576172755314755 0.015536234929011418 0.015520389263446514
0 0.4282945486215445 0.7136184985821064 0.016458804790790264 0.0165103032038762
0 0.23546453622671273 0.9057473402756911 0.01839028871976412 0.019003941462590143
0 0.7299656501183143 0.85644714648907 0.015008926391601562 0.014870863694411058
0 0.4049521959744967 0.8647144024188702 0.01731447073129507 0.017244485708383415
0 0.24011514737055853 0.17576179137596717 0.015598443838266226 0.015906370603121243
0 0.7175920193011944 0.7677389291616586 0.016937989455003005 0.017225999098557692
0 0.76031310741718 0.6665868025559646 0.014744391808143029 0.014676314133864183
0 0.3771412189190204 0.7625433114858774 0.03292553241436298 0.032764434814453125
0 0.38837729967557466 0.380273488851694 0.019045022817758415 0.018883191622220553
0 0.2558460235595703 0.71440916794997 0.01751122107872596 0.01781287560096154
0 0.566380500793457 0.2628889267261212 0.029392535869891826 0.03162996585552509
0 0.4486446747413048 0.11651952450092022 0.017839505122258112 0.017232491419865534
0 0.5760899690481333 0.23601069817176232 0.01833196786733774 0.018439219548152044
0 0.6160734616793119 0.06807250701464139 0.015976832463191107 0.015006551375755897
0 0.7137278776902419 0.9233573033259466 0.02472378657414363 0.02523216834435096
0 0.5736136803260217 0.25938015717726487 0.03148100926325871 0.029892334571251504
0 0.5354528060326209 0.10257956614861122 0.015079204852764424 0.015573776685274564
0 0.32866217539860654 0.3166482631976788 0.013589932368351864 0.013540267944335938
0 0.4029838121854342 0.7775407937856821 0.025821979229266826 0.026663853571965143
0 0.6078365766085111 0.7580934671255258 0.022793989915114183 0.023139366736778848
0 0.6152092126699594 0.07474410075407761 0.01880499032827524 0.020255299714895394
