0 0.1233222117790809 0.09510601483858548 0.029500961303710938 0.029288291931152344
0 0.493408203125 0.5492173708402194 0.024178798382098857 0.02436241736778846
0 0.3248282212477464 0.4321559025691106 0.018366006704477165 0.018479273869441107
0 0.3449356005742 0.6499798848078802 0.018536127530611478 0.018422787006084736
0 0.8391406719501202 0.23424907831045297 0.016532311072716348 0.01667925027700571
0 0.1125032534966102 0.1693732004899245 0.01554265389075646 0.015206336975097656
0 0.43541380075307995 0.2880634894737831 0.018298515906700723 0.018416404724121094
0 0.327970578120305 0.386717466207651 0.01699975820688101 0.017374185415414665
0 0.5090632438659668 0.6648514087383564 0.015424508314866286 0.015547092144305889
0 0.3061230732844426 0.3815501286433293 0.016901823190542366 0.016773077157827523
0 0.8861387692964994 0.15158836658184344 0.015005845289963942 0.01510920891394982
0 0.44500365624061 0.7706670027512771 0.02578104459322416 0.025599553034855768
0 0.7709446686964768 0.21190382884098932 0.015485616830679087 0.015496400686410757
0 0.5199927916893592 0.6506298505342923 0.016036840585561898 0.016081883357121393
0 0.5241939838115985 0.6094622611999512 0.017243311955378607 0.0175781983595628
0 0.470582521878756 0.42722782721886265 0.015115591195913462 0.015414017897385817
0 0.475250794337346 0.5154721920306866 0.03233660184420072 0.03223741971529447
0 0.43170855595515323 0.6583146315354568 0.014268948481633114 0.014058333176832933
0 0.23340456302349383 0.4098110565772423 0.01468504392183744 0.01494891826923077
0 0.36725513751690203 0.6459184059729943 0.014515069814828726 0.01458740234375
0 0.6938993013822116 0.28433623680701625 0.01706974322979267 0.01690519773043119
0 0.6993807279146634 0.26212666584895206 0.015654930701622598 0.01593472407414363
0 0.46409342839167667 0.7777536098773663 0.01815003615159255 0.017336185161884014
0 0.8667744856614333 0.8783040413489709 0.013927753155048076 0.014075499314528245
0 0.4797185751108023 0.3005549357487605 0.013953282282902645 0.014025101294884315
0 0.5864181518554688 0.10439820473010723 0.016720698429987982 0.016529211631188027
0 0.5384417313795823 0.33539511607243466 0.021776786217322715 0.02175727257361779
0 0.5739727387061486 0.12738633155822754 0.014694507305438701 0.014708518981933594
0 0.7901353102463943 0.11530116888192984 0.014005514291616587 0.01352845705472506
