0 0.49907713669996995 0.8614148360032302 0.0637510006244366 0.06316698514498197
0 0.6068008863008939 0.4264264473548302 0.05602308420034555 0.05579112126277043
0 0.7688566354604868 0.12539318891671988 0.03301092294546274 0.03290477165809044
0 0.583686351776123 0.20320657583383414 0.03393818781926082 0.033799171447753906
0 0.6516023782583383 0.23106175202589768 0.054664905254657455 0.05460409017709585
0 0.7480637476994441 0.1423764045421894 0.021961799034705527 0.02212234643789438
0 0.7969085253201998 0.08464592236738938 0.02201256385216346 0.02221512794494629
0 0.8816251021165115 0.1531244974869948 0.02623602060171274 0.02640074949998122
0 0.8642427004300631 0.07636978993049034 0.029384759756234977 0.029194996907160833
0 0.2037807978116549 0.5321109845088079 0.02199998268714318 0.022222372201772835
0 0.7316743410550631 0.2919467412508451 0.024238439706655648 0.0243682861328125
0 0.3778630770169772 0.22529037182147688 0.022786067082331732 0.02282568124624399
0 0.47786569595336914 0.421602542583759 0.024898308974045973 0.025002699631911058
0 0.4396704893845778 0.4730998919560359 0.02063927283653846 0.02069825392503005
0 0.3259629469651442 0.9737033843994141 0.021055955153245192 0.021199739896334134
0 0.7929380857027494 0.7681030860314002 0.018282670241135817 0.01842352060171274
0 0.7096724876990685 0.17131653198829064 0.02047142615685096 0.02042836409348708
0 0.25911661294790417 0.5879457913912259 0.022308496328500602 0.022373346182016227
0 0.6201017819918119 0.26204395294189453 0.020175677079420824 0.02029576668372521
0 0.7104159135084885 0.1297305730672983 0.02140954824594351 0.021390988276554987
0 0.7888557727520282 0.8788248208852915 0.01708089388333834 0.01693549522986779
0 0.6877638009878305 0.8212284675011268 0.023705115685096152 0.02381412799541767
0 0.28869911340566784 0.8047963655911959 0.020302259005033053 0.02023902306189904
0 0.6365566253662109 0.1549376157613901 0.019156676072340745 0.01923656463623047
0 0.3790011772742638 0.1080937202160175 0.018217160151554987 0.018086360051081732
0 0.21202652270977312 0.8069319358238807 0.017111851618840143 0.017101581280048076
0 0.47571725111741286 0.18631326235257661 0.022162364079402044 0.02201982644888071
0 0.34714240294236404 0.4261667545025165 0.018593568068284255 0.018685267521784857
0 0.2095938462477464 0.9130026743962214 0.018431736872746393 0.01848631638746995
0 0.6233803675724909 0.30494402005122256 0.020584693321814902 0.020798573127159707
0 0.397495123056265 0.45954172427837664 0.017326208261343148 0.01713385948768029
0 0.6184423153217022 0.5261619274432843 0.01743903526893029 0.017645909236027643
0 0.1737681535574106 0.9279868786151593 0.01995387444129357 0.01994925278883714
0 0.11254987349876991 0.7135535020094651 0.05436413104717548 0.057503920335036054
0 0.7155133760892428 0.3486349032475398 0.015919318565955527 0.01585564246544471
0 0.9074566180889423 0.5312653688284067 0.01373760516826923 0.017994440518892728
0 0.5271225709181565 0.8170573894794171 0.02123421889085036 0.020915398230919473
0 0.6683307060828576 0.4107210085942195 0.01938629150390625 0.0195315434382512
0 0.7281058384821966 0.2018864521613488 0.018619243915264424 0.01852890161367563
0 0.41732945808997524 0.1860056290259728 0.01635463421161358 0.016636481651893027
0 0.34997015732985276 0.9228240526639498 0.01664902613713191 0.01665804936335637
0 0.4404445061316857 0.09601448132441594 0.015598370478703426 0.015790572533240683
0 0.3093557357788086 0.15848310177142805 0.029474973678588867 0.029411820264963005
0 0.7846626868614783 0.28622047717754656 0.0253143310546875 0.02581508343036358
0 0.9054321875939002 0.5594252072847806 0.01789269080528846 0.025506973266601562
0 0.5028519263634315 0.5747664524958684 0.021702693058894232 0.02195563683143029
0 0.16830235261183518 0.7489408346322867 0.05787823750422551 0.058343153733473554
0 0.23000108278714693 0.8182540306678185 0.016109759990985576 0.016176957350510817
0 0.6868739494910607 0.6418804755577674 0.016562535212590143 0.016323383037860576
0 0.39478771503155047 0.537884785578801 0.015393770658052884 0.01515667255108173
0 0.829013677743765 0.09633851051330566 0.0185702397273137 0.01852284944974459
0 0.6437785808856671 0.052797363354609564 0.015187777005709134 0.015174205486591045
0 0.8468280205359826 0.41155022841233474 0.03501804058368389 0.034551767202524036
0 0.5668657743013822 0.09224173655876747 0.016517052283653848 0.016504342739398662
0 0.7715279505803034 0.22614546922536996 0.01821312537560096 0.018126597771277793
0 0.11242022881141076 0.028008064398398765 0.018828465388371393 0.01892355313667884
0 0.8985079251802884 0.4727820616502028 0.018700232872596152 0.018547204824594352
0 0.7671466240516076 0.7327728271484375 0.01472179706280048 0.014578599196213942
0 0.3836022156935472 0.041969285561488226 0.01814416738656851 0.01807115628169133
0 0.5897916280306302 0.30699931658231294 0.0286562992976262 0.028391544635479268
0 0.12591369335468 0.3323927659254808 0.06375653927142803 0.06324525979849008
0 0.38479082400982195 0.28041894619281477 0.01607968257023738 0.016163972707895134
0 0.9061891115628756 0.8216385474571815 0.011564108041616587 0.0161590576171875
0 0.3233652848463792 0.42834289257343 0.01489712641789363 0.014912238487830529
0 0.7871449543879583 0.7995168245755709 0.014603981604942909 0.014780191274789663
0 0.6776544130765475 0.5483846664428711 0.10053752018855168 0.0992268782395583
0 0.8834674541766827 0.100486159324646 0.026604285606971152 0.027044149545522835
0 0.5438462770902194 0.14628204932579628 0.020195154043344352 0.020209202399620645
0 0.8709845909705529 0.19011172881493202 0.01975103525015024 0.01981152020967924
0 0.6614435636080228 0.3096169691819411 0.018143580510066107 0.017917926494891826
0 0.43395856710580677 0.26384360973651594 0.015489431527944712 0.015464232518122746
0 0.6389884948730469 0.29237857231727016 0.016703385573167067 0.01751092764047476
0 0.8918000001173753 0.26332559952369106 0.04229164123535156 0.042533544393686146
0 0.7724556556114783 0.24778995147118202 0.014548961932842549 0.01440117909358098
0 0.6753244400024414 0.028896226332737848 0.015622359055739183 0.015604862800011268
0 0.27560916313758266 0.9410810470581055 0.01485908948458158 0.015031227698692909
0 0.590244880089393 0.04226856048290546 0.014820245596078726 0.014962233029879056
0 0.39825703547551083 0.35761407705453724 0.053043512197641224 0.05346943781926082
0 0.798705321091872 0.5171694021958572 0.0187374995304988 0.01900966350848858
0 0.518710576570951 0.9470522220318134 0.019620161790114183 0.019847869873046875
0 0.613956121297983 0.1328436227945181 0.014751801123985877 0.014580616584190955
0 0.17011200464688814 0.33686058337871844 0.01440290304330679 0.014422783484825721
0 0.2070756692152757 0.6126221143282377 0.017406757061298076 0.017310069157527044
0 0.8061414865347055 0.14262599211472732 0.016475824209359977 0.016292535341702975
0 0.7835712432861328 0.9275195782001202 0.01440899188701923 0.014575958251953125
0 0.8838734259972205 0.5154608946580154 0.0147857666015625 0.014885535606971154
0 0.7964556767390325 0.5167968456561749 0.02249761728140024 0.022052471454326924
0 0.5977037136371319 0.8045222942645733 0.01472304417536809 0.015002617469200721
0 0.5573939543503982 0.29953136810889613 0.018913415762094352 0.019313995654766377
0 0.09461720173175518 0.648194092970628 0.015239843955406776 0.015301337608924279
0 0.6871393643892728 0.2862093632037823 0.020161848801832933 0.020468785212590143
0 0.3060954717489389 0.5176615348229041 0.013396226442777194 0.013117716862605168
0 0.4720620375413161 0.5068533237163837 0.014845334566556491 0.01488949702336238
0 0.4519883669339694 0.4909406075110802 0.014529154850886418 0.014650785006009616
0 0.7630700331467849 0.6715024801400992 0.016564295842097357 0.016703972449669473
0 0.5783552023080679 0.723872918349046 0.015471091637244591 0.015549146212064303
0 0.6428590187659631 0.0727395094358004 0.014157368586613582 0.013912531045766978
0 0.7077643321110652 0.04086284912549532 0.014332404503455529 0.014353266129126916
0 0.6183983729435847 0.3511962890625 0.019828649667593148 0.020032882690429688
0 0.4603729614844689 0.7490669397207407 0.015033355126014123 0.014787087073692909
0 0.2744860282311073 0.5929784041184646 0.013750956608698918 0.013857181255634014
0 0.6521153816810021 0.31701828883244443 0.016029944786658652 0.01565089592566857
0 0.8397258611825796 0.7761472555307242 0.013067979079026442 0.013318575345552884
0 0.3567800155052772 0.5467498485858624 0.017132025498610277 0.01707179729755108
0 0.9059082911564753 0.8626110370342548 0.011915353628305288 0.013878748967097355
0 0.5376454500051645 0.30860600104698765 0.01891502967247596 0.019501594396737907
0 0.34939340444711536 0.6230940451988807 0.015770985529972956 0.015703788170447715
0 0.6349230546217698 0.2563318839439979 0.019038567176231973 0.01884321066049429
0 0.6693423344538763 0.9330976192767804 0.016898375291090745 0.016696783212515023
0 0.37879430330716646 0.3004950743455153 0.01574281545785757 0.01589092841515174
0 0.6166541759784405 0.3546913587130033 0.01802693880521334 0.017611576960637018
0 0.6109456649193397 0.06229729377306425 0.013449962322528545 0.013690334099989671
0 0.6799825521615835 0.3976761744572566 0.015960693359375 0.016499152550330527
0 0.6368522644042969 0.29502177238464355 0.018765669602614183 0.02020879892202524
0 0.8998177601740911 0.11934427114633414 0.016921850351186898 0.017087496243990384
0 0.46193951826829177 0.11150871790372409 0.01376797602726863 0.013780483832726112
0 0.4482169518103966 0.5478759912344126 0.0149842775785006 0.01480850806603065
0 0.5411389424250677 0.2969667544731727 0.01584625244140625 0.015563341287466196
