0 0.5915547150831956 0.22876539597144493 0.08119744520920974 0.08220393841083233
0 0.3424540299635667 0.11395089442913349 0.08474452678973858 0.08254032868605393
0 0.3437199959388146 0.46027520986703724 0.05167447603665865 0.05198405339167668
0 0.39593080373910755 0.06904909243950477 0.05439318143404447 0.05488845018240122
0 0.30933765264657825 0.8019179564255935 0.03511788294865535 0.0349119626558744
0 0.31908126977773815 0.9061512580284705 0.04938844534067007 0.049612778883713946
0 0.6764469880324143 0.06892996567946214 0.05582354618952824 0.05500947512113131
0 0.47211265563964844 0.1233377456665039 0.05105312053973858 0.05146635495699369
0 0.6434955596923828 0.10420076663677509 0.04182140643780048 0.04217998798076923
0 0.583683967590332 0.7785939436692458 0.03095274705153245 0.0308077885554387
0 0.6006507139939529 0.5634091450617864 0.03455484830416166 0.03468821598933293
0 0.45168385138878453 0.49481597313514125 0.023526118351862982 0.02353220719557542
0 0.6428364973801833 0.7609883088331956 0.026629521296574518 0.026678818922776442
0 0.37166676154503453 0.307623606461745 0.1947457240178035 0.21921355907733625
0 0.46848132060124326 0.5918684739332932 0.032680511474609375 0.03229199923001803
0 0.3492711874154898 0.9000310164231521 0.03527193803053636 0.033838858971228965
0 0.5680868809039776 0.7368438427264874 0.029173924372746393 0.028992872971754808
0 0.6919030409592849 0.3921505487882174 0.026702293982872598 0.026703027578500602
0 0.6392472340510442 0.48033897693340594 0.05867855365459736 0.05594796400803786
0 0.5793625024648813 0.9525747299194336 0.025037398705115683 0.02474344693697416
0 0.5457889850323017 0.5564260482788086 0.031297463637131914 0.03149758852445162
0 0.5137436940119817 0.06849111960484432 0.03648728590745192 0.03606466146615835
0 0.5435081628652719 0.30084670506990874 0.03342599135178786 0.03318482178908128
0 0.5914561198307917 0.1616197549379789 0.02965384263258714 0.029573623950664815
0 0.6907665546123798 0.2905413554264949 0.024562835693359375 0.024775284987229567
0 0.6906082446758564 0.24204235810499924 0.027494283822866585 0.027503380408653848
0 0.2939289166377141 0.6751876244178185 0.02213632143460787 0.029032780573918268
0 0.30211342298067534 0.10353611065791203 0.03302075312687801 0.032754989770742565
0 0.6163481198824369 0.8271670708289514 0.01775198716383714 0.01796869131234976
0 0.4684870793269231 0.7299770942101111 0.02670449476975661 0.026583451491135817
0 0.3353859461270846 0.6193294525146484 0.03151717552771935 0.03163073613093449
0 0.6009712952833909 0.7442208803617038 0.0180209233210637 0.017973973200871393
0 0.37729637439434344 0.03280480549885677 0.031087508568396933 0.030837810956514798
0 0.6383363283597506 0.4226553990290715 0.026843731219951924 0.02678680419921875
0 0.37759854243351865 0.9715989919809195 0.020199702336237982 0.01992034912109375
0 0.4382746769831731 0.9012946348923904 0.03675710237943209 0.03737625708946815
0 0.6169593517596905 0.8574579679048978 0.022908577552208535 0.023084200345552884
0 0.6249065399169922 0.7275869662945087 0.017717801607572116 0.017498603233924277
0 0.4148700787470891 0.5324696394113394 0.016186640812800482 0.016304602989783652
0 0.30795801602877104 0.4640549879807692 0.021179364277766302 0.021341910729041465
0 0.31396077229426456 0.03464747621462895 0.024439591627854567 0.024212502516233005
0 0.4242949118980995 0.8822999367347131 0.01840972900390625 0.018556888286884014
0 0.6121636904202975 0.15813922882080078 0.015581717857947716 0.01580040271465595
0 0.458827385535607 0.98723998436561 0.020358819227952223 0.020293602576622598
0 0.6591696372398963 0.029724540618749764 0.03180401141826923 0.031312635311713584
0 0.6678240849421575 0.42504171224740833 0.028082920954777643 0.027281834528996393
0 0.6747244321382962 0.3724065193763146 0.028101994441105768 0.028327501737154447
0 0.45744683192326474 0.6296925177940955 0.02272958021897536 0.022490574763371393
0 0.4847313073965219 0.03685784339904785 0.04188698988694411 0.04113553120539738
0 0.51843078319843 0.1492175689110389 0.02341945354755108 0.023543871366060697
0 0.5023419673626239 0.7420506110558143 0.02058872809776893 0.02039337158203125
0 0.4104892657353328 0.8613874728863056 0.015683540931114785 0.015872075007512018
0 0.44732834742619443 0.6128474015455979 0.01572902386005108 0.01607645474947416
0 0.45457854637732875 0.077247298680819 0.04698525942288912 0.04689970383277306
0 0.5890927681556115 0.3218984603881836 0.01625545208270733 0.01615568307729868
0 0.5981778364915115 0.7715369004469651 0.015619864830603966 0.0164645268366887
0 0.5212838833148663 0.19092211356529823 0.07762982295109676 0.0780566197175246
0 0.714255846463717 0.3510859562800481 0.014538398155799279 0.01591344980093149
0 0.6950142200176532 0.14372857717367318 0.01696190467247596 0.017011697475726787
0 0.7100075941819411 0.6600833305945764 0.014728546142578125 0.021994957557091348
0 0.42045013721172625 0.41059292279756987 0.0184478759765625 0.018458219674917366
0 0.6958885926466721 0.5102576475877029 0.016974962674654447 0.017255342923677884
0 0.3287506103515625 0.9722703786996695 0.01727925814115084 0.017472487229567308
0 0.41789010854867786 0.9100200946514423 0.02471755101130559 0.023592435396634616
0 0.48649024963378906 0.09036397933959961 0.023471685556265023 0.023409586686354417
0 0.5050518329326923 0.9095112727238581 0.015158873337965745 0.015229738675631009
0 0.36577877631554234 0.16146549811730018 0.021655963017390326 0.022081925318791315
0 0.6679028731126052 0.8010804836566632 0.017269427959735576 0.01698479285606971
0 0.62042786524846 0.544075819162222 0.01989291264460637 0.020252374502328727
0 0.5985147036038913 0.13512220749488243 0.019357974712665264 0.019403787759634163
0 0.44315961691049427 0.6580550854022686 0.019227247971754808 0.01911163330078125
0 0.6268146221454327 0.7768170283390925 0.015308526846078726 0.014950238741361178
0 0.6329613465529221 0.04628534041918241 0.021718832162710335 0.02173775892991286
0 0.6534246297983023 0.8094326899601862 0.015526844904972957 0.015802823580228366
0 0.6909721081073468 0.978599108182467 0.0319366455078125 0.031896004310021035
0 0.5423673116243802 0.605715458209698 0.015285491943359375 0.015875889704777643
0 0.6518516540527344 0.34359216690063477 0.0175479008601262 0.01723370185265174
0 0.34467249650221604 0.6097148748544546 0.021100557767427884 0.021477919358473558
0 0.45894520099346453 0.04913151264190674 0.026676031259390023 0.0276275070813986
0 0.5541811356177697 0.7305768086360052 0.016065450815054085 0.01698464613694411
0 0.48608336081871617 0.6551113128662109 0.04387356684758113 0.04388075608473558
0 0.7083139419555664 0.804103264441857 0.015661092904897835 0.0176239013671875
0 0.6567214085505559 0.4763745894798866 0.02415642371544471 0.024675442622258112
0 0.6208714705247146 0.9307765227097732 0.014352798461914062 0.014291469867412861
0 0.30966670696551984 0.18098858686593863 0.03194581545316256 0.031887237842266374
0 0.6601473734929011 0.40921669739943284 0.016457631037785456 0.01711449256310096
0 0.5242847295907828 0.3202943801879883 0.015457446758563701 0.015429863562950721
0 0.5748118620652419 0.5921589778019831 0.021820215078500602 0.021961065439077523
0 0.5666708579430213 0.5955189924973708 0.017340733454777643 0.017801871666541465
0 0.7070784201988807 0.962864508995643 0.018149449275090143 0.019640702467698317
0 0.5638928046593299 0.6046244914715106 0.018740433913010817 0.018859129685621995
0 0.6926899689894456 0.42142515916090745 0.014661055344801683 0.014761117788461538
0 0.4213455640352689 0.9260826110839844 0.015959959763746995 0.015797248253455527
0 0.3929473803593562 0.09854314877436711 0.023893209604116585 0.024208912482628457
0 0.42160929166353667 0.4409019763653095 0.014443177443284255 0.014342528123121995
0 0.2939123006967398 0.2588094381185678 0.026258101830115683 0.025488633375901442
0 0.3474261944110577 0.7281836729783279 0.016978924091045674 0.016716883732722357
0 0.3997184313260592 0.8496668155376728 0.015518628633939303 0.01610227731557993
0 0.6980957618126502 0.8204008982731745 0.014303354116586538 0.014604421762319712
0 0.7092977670522836 0.420838135939378 0.014426891620342549 0.0145875490628756
0 0.48943020747258115 0.03314165885631855 0.03737728412334736 0.036894724919245794
0 0.4709886404184195 0.30267763137817383 0.017849482022798978 0.018149449275090143
0 0.5771972216092623 0.1720252954042875 0.018339817340557393 0.019156602712777946
0 0.6545846645648663 0.4543382204495944 0.013765041644756611 0.013962232149564303
0 0.6817431816687951 0.02984963930570162 0.015683100773737982 0.015859484672546387
0 0.6830475146953876 0.6183856817392203 0.016005589411808893 0.016388379610501803
0 0.5670091555668757 0.5983422352717473 0.019306109501765326 0.019873399000901442
0 0.6961355942946214 0.8077089603130634 0.015519215510441707 0.014872184166541466
0 0.5786087329571064 0.5900608209463266 0.02216947995699369 0.021715897780198317
0 0.7066081120417669 0.9421826876126803 0.016827950110802285 0.01776123046875
0 0.5445993863619291 0.04836542789752667 0.024063990666316107 0.02446481127005357
0 0.43770577357365537 0.08104078586284931 0.026759221003605768 0.02492185739370493
