0 0.3184231978196364 0.1753988632789025 0.169004146869366 0.1707603748028095
0 0.36437184994037336 0.4498462677001953 0.05025276770958534 0.050832895132211536
0 0.2743869928213266 0.3226479016817533 0.04710652278019832 0.04725566277137169
0 0.08604614551250751 0.5221730012160081 0.04184732070335975 0.04191163870004507
0 0.19774585503798264 0.5776163981511042 0.05766710868248573 0.058438814603365384
0 0.04993782135156485 0.8239432114821214 0.03639604495121883 0.036832369290865384
0 0.718894885136531 0.8873103215144231 0.0291897700383113 0.02920810992901142
0 0.1427380396769597 0.6572426282442533 0.03209944871755747 0.031754567072941706
0 0.1872863035935622 0.3929290771484375 0.019402797405536357 0.019704672006460335
0 0.07448945595667912 0.6855520835289588 0.022443551283616286 0.022350311279296875
0 0.18597624852107122 0.7189894456129807 0.039017090430626504 0.038946885329026446
0 0.7748477642352765 0.779234372652494 0.026961693396935098 0.026953477125901442
0 0.08495370241311881 0.4160619148841271 0.026538867216843825 0.026265070988581732
0 0.26482871862558216 0.40670886406531703 0.02303651662973257 0.022998956533578727
0 0.9250778051523062 0.43898802537184495 0.017618766197791465 0.017635052020733174
0 0.046072657291705794 0.2850434963519757 0.019644801433269795 0.019481658935546875
0 0.9316902160644531 0.24164064113910383 0.020364027756911058 0.02030027829683744
0 0.379825812119704 0.8869507129375751 0.017371397752028245 0.01738739013671875
0 0.7854002439058744 0.4755738698519193 0.01894965538611779 0.01900372138390174
0 0.0959842113348154 0.8294472327599158 0.02992096314063439 0.030113807091346152
0 0.1366576965038593 0.8292412391075721 0.03594332474928636 0.03637137779822716
0 0.31926595247708833 0.6980036222017728 0.018452570988581732 0.01833343505859375
0 0.2160513584430401 0.8118754166823167 0.02304840087890625 0.023154332087590143
0 0.9561022978562576 0.5800508719224197 0.018455945528470553 0.018434451176570013
0 0.4756904748769907 0.7883130587064303 0.03253085796649639 0.03275973980243389
0 0.3646015754112831 0.30088483370267427 0.027862548828125 0.027869664705716647
0 0.3948507308959961 0.824406990638146 0.02374091515174279 0.023899958683894232
0 0.26293290578402007 0.9298192537747897 0.028342467087965745 0.028347015380859375
0 0.2992863471691425 0.537812379690317 0.022145161261925332 0.022036112271822415
0 0.20059860669649565 0.612089047065148 0.032765938685490534 0.032950254587026745
0 0.0201630019224607 0.9723550356351413 0.01930851202744704 0.019357827993539665
0 0.22237405410179725 0.24043904818021333 0.01777850664578951 0.017730236053466797
0 0.11817070154043344 0.8461766609778771 0.030889107630803034 0.030909611628605768
0 0.23914344494159406 0.6754589080810547 0.028519630432128906 0.02822083693284255
0 0.01929628849029541 0.6835016103891226 0.02099034419426551 0.025112445537860576
0 0.05349484773782583 0.4931329580453726 0.017536401748657227 0.01752618642953726
0 0.25254884132972133 0.5916134760929987 0.018905456249530498 0.019184259267953727
0 0.1423948177924523 0.6074017378000113 0.01719078650841346 0.01717677483191857
0 0.3268755766061636 0.38664795802189755 0.01635147975041316 0.016303869394155648
0 0.021038064589867227 0.5557397695688101 0.02683369929973896 0.038627331073467545
0 0.6924340908343976 0.05649043046511137 0.015141707200270433 0.01504034262437087
0 0.80097719339224 0.2573067224942721 0.014789581298828125 0.014699899233304538
0 0.4514232048621544 0.7997439457820013 0.018280762892503005 0.018513899583082933
0 0.9588033235990084 0.03346960819684542 0.030033405010516826 0.029591606213496283
0 0.3163934120765099 0.5164436927208533 0.01685670705942007 0.016619022075946514
0 0.5395187231210562 0.8411423609806941 0.014766693115234375 0.01463024432842548
0 0.25133666625389683 0.5215982290414664 0.017367106217604417 0.01730486062856821
0 0.8285410954402044 0.22360955751859224 0.01621246337890625 0.016290994790884163
0 0.9353570938110352 0.041370235956632175 0.020480816180889424 0.020068973302841187
0 0.32590638674222505 0.8243675965529221 0.016591292161207933 0.016507662259615384
0 0.2115949117220365 0.8536476722130408 0.017775462223933294 0.017688164344200723
0 0.10573467841515174 0.6452378493088943 0.018849813021146335 0.018893608680138223
0 0.06023554160044743 0.7151776827298678 0.018148596470172588 0.01801476111778846
0 0.48508493716900164 0.913388178898738 0.015519508948692909 0.015313368577223558
0 0.20139006467965934 0.5466499695411096 0.020727781149057243 0.021326285142164964
0 0.12431131876431979 0.16564156458928034 0.0196533203125 0.019485326913686898
0 0.45037225576547474 0.4626602759728065 0.014331670907827524 0.014269315279447116
0 0.05298982216761662 0.9059704267061673 0.015727703387920674 0.015778321486253005
0 0.9216446509728065 0.04099921079782339 0.015211545504056491 0.014612016769555898
0 0.17652298853947565 0.10059523582458496 0.016900062561035156 0.0167845579294058
0 0.06236109366783729 0.015443496979199924 0.01613444548386794 0.016482458664820746
0 0.7655849456787109 0.8635333134577825 0.04566691471980168 0.04563404963566707
0 0.04993728490976187 0.5608329772949219 0.032819731877400324 0.03361203120304988
0 0.16658647243793195 0.5169610243577224 0.04711103439331055 0.04694718580979567
0 0.914946042574369 0.05041187543135423 0.018179673414963942 0.01792756410745474
0 0.26494466341458833 0.6340431066659781 0.017306107741135817 0.01721367469200721
0 0.6804902003361628 0.48363234446598935 0.01514141376201923 0.015204356266902043
0 0.313201537499061 0.7499552506666917 0.031240389897273138 0.031037550706129808
0 0.25379698093120867 0.9578613868126502 0.02286536876971905 0.022997049184945915
0 0.260520733319796 0.5131495182330792 0.01882314682006836 0.01869370387150691
0 0.2820832912738507 0.8253630858201247 0.030556311974158652 0.03216684781588041
0 0.26447622592632586 0.49437596247746396 0.015828279348520134 0.015959666325495794
0 0.10155182618361253 0.9533513142512395 0.01848598626943735 0.018276361318734977
0 0.5826605283297025 0.7894118382380559 0.016361236572265625 0.016276726355919473
0 0.2976715931525597 0.672859632051908 0.020152715536264274 0.020513387826772835
0 0.8084470308743991 0.4975896982046274 0.014176882230318509 0.014360868013822116
0 0.23993778228759766 0.1030350556740394 0.03553456526536208 0.03513259154099684
0 0.02436295380959144 0.49687884404109073 0.03034523817209097 0.031157273512620192
0 0.1571362201984112 0.4436846146216759 0.041096036250774674 0.04042177933913011
