0 0.5855096670297476 0.3691266866830679 0.0776362785926232 0.07719083932729867
0 0.7276398585392878 0.8989524841308594 0.06810965904822716 0.06777191162109375
0 0.3478007683387169 0.09467901633335994 0.06413092980018029 0.06370463738074669
0 0.7088096325214093 0.7466583251953125 0.05534979013296274 0.05481866689828726
0 0.4856078808124249 0.31590872544508714 0.1069333003117488 0.10641554685739371
0 0.7503747206467849 0.8278053723848783 0.04084278987004207 0.04127150315504808
0 0.3179048024691068 0.7081731649545523 0.048508717463566706 0.048326932466947116
0 0.47042593589195836 0.9282761353712815 0.10498296297513522 0.10721925588754508
0 0.6896655009343073 0.10415864907778226 0.0443878173828125 0.04463373697721041
0 0.23073170735285833 0.8843139501718374 0.04821982750525841 0.05148990337665264
0 0.6915430655846229 0.7982290708101712 0.03949400094839243 0.04023904066819411
0 0.537820449242225 0.7708954444298377 0.03730495159442608 0.03707445584810697
0 0.2473437235905574 0.6338216341458834 0.0334937022282527 0.03366000835712139
0 0.6647465045635517 0.9663856212909405 0.028937413142277643 0.028806246243990384
0 0.38947890355036807 0.77741212111253 0.025814349834735576 0.025719569279597357
0 0.6989041841947116 0.8388572105994592 0.034576416015625 0.03457230788010817
0 0.46380351139948917 0.16582245093125564 0.02962523240309495 0.029687918149507962
0 0.4309108073894794 0.7281656998854417 0.028070816626915567 0.0277255131648137
0 0.4386905890244704 0.025675709430988018 0.0665269264808068 0.04722018425281231
0 0.2557369745694674 0.5094774686373197 0.04533936427189754 0.044488173264723554
0 0.5057241733257587 0.08139951412494366 0.0739134274996244 0.07480674523573655
0 0.3020555056058444 0.9041467813345102 0.0294189453125 0.028798910287710335
0 0.733990742610051 0.6233882904052734 0.04273664034329928 0.04279741874107948
0 0.35593234575711763 0.3575324278611403 0.03831812051626352 0.03847709068885216
0 0.6893627460186298 0.1655744772690993 0.06226612971379207 0.062407493591308594
0 0.2467678693624643 0.9443313158475436 0.025498170119065505 0.025573877187875602
0 0.6594661565927359 0.6660633087158203 0.028503858126126803 0.028352003831129808
0 0.37829076326810396 0.8929917262150691 0.032212477463942304 0.03241260235126202
0 0.6144208174485427 0.7494759926429162 0.028578978318434495 0.028669357299804688
0 0.5019319607661321 0.8346312596247747 0.031684582050030045 0.03184157151442308
0 0.4710977260883038 0.7459339728722205 0.023765930762657754 0.023304572472205527
0 0.28453280375554013 0.6516376642080454 0.021587371826171875 0.021368907048152044
0 0.6049044682429388 0.6740379333496094 0.025123156034029447 0.025374339177058294
0 0.35843438368577224 0.47000767634465146 0.023389376126802884 0.023447036743164062
0 0.6541737776536208 0.6422079526461087 0.018471937913161058 0.018177325908954326
0 0.5804895254281851 0.8551461880023663 0.03959186260516827 0.03985258249136118
0 0.6601526553814228 0.7589424573458158 0.0222927973820613 0.022315245408278245
0 0.5775310442997859 0.7729091644287109 0.02025149418757512 0.01989599374624399
0 0.3433663294865535 0.9141766474797175 0.018709549537071817 0.018642718975360576
0 0.4186899478618915 0.07644043977443989 0.02267734821026142 0.02232831258040208
0 0.5635202114398663 0.7132746623112605 0.023372943584735576 0.023539029634915866
0 0.34348113720233625 0.6762197201068585 0.03352223909818209 0.03310203552246094
0 0.2942836101238544 0.29219319270207333 0.027088312002328727 0.02720803480881911
0 0.26221880545982945 0.7596750992995042 0.01750806661752554 0.018111155583308294
0 0.6011810302734375 0.7288279900184045 0.021148241483248197 0.02117303701547476
0 0.5705462969266452 0.83466309767503 0.01872429480919471 0.01872077355018029
0 0.5174212822547326 0.21022631571843073 0.025939061091496393 0.025630877568171576
0 0.6764197716346154 0.07427241252018855 0.02931844271146334 0.028956193190354567
0 0.6318886096660907 0.7882319230299729 0.018410902756911058 0.018570826603816107
0 0.5802754989037147 0.7359522306002103 0.02226998255803035 0.02286558884840745
0 0.28464970221886265 0.944033696101262 0.028261331411508415 0.027762339665339544
0 0.7707054431621845 0.7770104041466346 0.01878943810096154 0.019603142371544473
0 0.3152543581449069 0.8198715356680063 0.024472530071551982 0.02454801706167368
0 0.6331358689528245 0.69147278712346 0.020198528583233174 0.020448684692382812
0 0.40846956693209135 0.5768841596750113 0.023512620192307692 0.023521056542029746
0 0.5587710967430701 0.7338553208571214 0.016316340519831732 0.016204247107872598
0 0.5998630523681641 0.8861216031588041 0.020134559044471152 0.02046071566068209
0 0.4046357228205754 0.8148492666391226 0.020563272329477165 0.020318251389723558
0 0.5532591159527118 0.8146712963397686 0.024265142587515023 0.023669022780198317
0 0.6385850172776443 0.2672277780679556 0.021518707275390625 0.02154254913330078
0 0.3092820460979755 0.02153568542920626 0.025087429926945612 0.024789237059079684
0 0.4892088449918307 0.17798089981079102 0.03882466829740084 0.03828518207256611
0 0.5842149807856634 0.8109909937931941 0.033059927133413464 0.032579862154447116
0 0.6472363105187049 0.34770140281090367 0.027472569392277643 0.027501839857835036
0 0.29321589836707485 0.7943815084604117 0.017781477708082933 0.017748319185697116
0 0.4234611071073092 0.8269361349252554 0.01657999478853666 0.016433569101186898
0 0.2725986150594858 0.6354579191941482 0.019831327291635368 0.019239425659179688
0 0.6992052518404447 0.3524770736694336 0.033565521240234375 0.033482918372521035
0 0.6997071779691256 0.4294564173771785 0.042420607346754804 0.042255401611328125
0 0.4369598902188815 0.5186601051917443 0.029500741225022536 0.029158812302809495
0 0.565804701585036 0.9192457932692307 0.025805840125450723 0.026300577016977165
0 0.45163514063908505 0.42785890285785383 0.024017187265249398 0.023858363811786357
0 0.43260684380164516 0.5904490397526667 0.0252987788273738 0.026013887845552884
0 0.4469878123356746 0.8613826311551608 0.020190312312199518 0.020319131704477165
0 0.27585264352651745 0.9146090287428635 0.034441581139197715 0.03519028883713942
0 0.63892885354849 0.021110527790509738 0.04817038315993089 0.03762317162293654
0 0.38761791816124547 0.6089023443368765 0.021921304556039665 0.021847944993239183
0 0.6643955524151142 0.7270342753483698 0.0164337158203125 0.016162872314453125
0 0.31198611626258266 0.37296324509840745 0.025684943565955527 0.025225492624136116
0 0.45713098232562727 0.8078431349534255 0.021109580993652344 0.020800957312950723
0 0.4617470227755033 0.07205237792088436 0.020442962646484375 0.020955745990459736
0 0.59137696486253 0.7544727325439453 0.01838515355036809 0.018035301795372598
0 0.3789753547081581 0.542641126192533 0.020218775822566107 0.02052732614370493
0 0.3555317658644456 0.9765852414644681 0.07786171252910908 0.045646960918719955
0 0.3988788678095891 0.5290625645564153 0.024272331824669473 0.024188115046574518
0 0.41178149443406326 0.7028978787935697 0.026866986201359674 0.026595482459435098
0 0.282832879286546 0.3627175551194411 0.017304383791410007 0.01735819303072416
0 0.4743924140930176 0.8103468968318059 0.017780083876389723 0.01812920203575721
0 0.39795611454890323 0.023252090582480796 0.016518812913161058 0.01673969397178063
0 0.346435363476093 0.24769370372478777 0.02884211907019982 0.028777709374060996
0 0.39427698575533354 0.751982908982497 0.01711449256310096 0.01715263953575721
0 0.3014342234684871 0.26396557000967175 0.027767181396484375 0.028169925396259014
0 0.3064711644099309 0.09596745784466083 0.015979986924391527 0.015827288994422324
0 0.6776013741126428 0.34395716740534854 0.03246322044959435 0.031835042513333835
0 0.6607915438138522 0.06457401238954984 0.02411064734825721 0.023011280940129206
0 0.5164932837853065 0.6669138394869291 0.025316678560697116 0.025913091806265023
0 0.5107581065251277 0.7646946540245643 0.019176336435171273 0.019709073580228366
0 0.4537754792433519 0.7289488865778997 0.019751695486215446 0.019324669471153848
0 0.6820835700401893 0.4921093720656175 0.030613238994891826 0.0299835205078125
0 0.6441733286930964 0.3175200682419997 0.016555199256310098 0.01663075960599459
0 0.34448814392089844 0.8255139864408053 0.029073275052584134 0.0287014887883113
0 0.38395261764526367 0.8013292459341196 0.017540858342097357 0.017487012423001803
0 0.5166713274442233 0.5445816333477314 0.01668827350323017 0.016251197228064902
0 0.7084661630483774 0.868861565223107 0.018877469576322116 0.018657537607046273
0 0.3477618877704327 0.4153350316561185 0.030609571016751803 0.030278939467210036
0 0.658359014070951 0.044688697044666 0.017037465022160456 0.01725582893078144
0 0.35554709801307094 0.15421230976398176 0.019231209388146035 0.019225047184870794
0 0.3276965801532452 0.7726772748506986 0.01860207777756911 0.01824217576246995
0 0.23031264085036057 0.9227843651404748 0.022071691659780648 0.022127738365760215
0 0.3517115299518292 0.5486957109891452 0.028899486248309795 0.02861675849327674
0 0.4251457361074594 0.6696238884559045 0.021230257474459134 0.021524576040414665
0 0.26551098089951736 0.04889669785132775 0.022032884451059196 0.022137382855782144
0 0.6328622377835788 0.21138921150794396 0.030325962946965143 0.030527041508601263
0 0.5791632212125338 0.7872988627507136 0.019133347731370192 0.019105911254882812
0 0.38408532509436977 0.8205363933856671 0.022155394920935996 0.022342388446514424
0 0.290099914257343 0.46756795736459583 0.030339461106520433 0.030057613666240986
0 0.6023193139296311 0.8631415733924279 0.031126976013183594 0.030037513146033652
0 0.6405488527738131 0.8982329735389123 0.016521453857421875 0.016219505896935098
0 0.22699293723473182 0.9435823880709134 0.02162731610811674 0.021806863638070915
0 0.41608091501089245 0.5535551951481745 0.018793179438664362 0.01920010493351863
0 0.403500850384052 0.7947899745060847 0.018036475548377402 0.017487452580378607
0 0.263336731837346 0.11431250205406776 0.03468674879807692 0.03748050102820763
0 0.40422263512244594 0.49326746280376726 0.020409804124098558 0.02059195591853215
0 0.4319626001211313 0.7762252367459811 0.022914593036358174 0.022725618802584134
0 0.6563802865835336 0.7438902488121619 0.016917302058293268 0.016911433293269232
0 0.43656272154587966 0.4112692612868089 0.021199959975022536 0.02107370816744291
0 0.2828679084777832 0.5751757621765137 0.022873951838566706 0.02231319134051983
0 0.7567347013033353 0.6998486885657678 0.015787858229417067 0.015724328848031852
0 0.26416892271775466 0.6617316466111404 0.015201788682204027 0.015153444730318509
0 0.5809873801011306 0.47761300893930286 0.02514780484713041 0.025626989511343148
0 0.6223030090332031 0.9251075157752404 0.01868717487041767 0.018612201397235576
0 0.6685514450073242 0.8528255315927359 0.014947744516225962 0.014957427978515625
0 0.3868289360633263 0.5044552729679987 0.01754614023061899 0.01732019277719351
0 0.24816151765676644 0.5761443651639498 0.023876226865328275 0.02350748502291166
0 0.6212552143977239 0.8277477117685171 0.01641684312086839 0.01724580618051382
0 0.33911903087909406 0.22105602117685172 0.02683096665602464 0.027263494638296273
0 0.6296080809373122 0.9418109013484075 0.017696380615234375 0.018040290245643027
0 0.7428478094247671 0.7526228978083684 0.0443273691030649 0.045058030348557696
0 0.298308592576247 0.38999014634352464 0.020704342768742487 0.020712632399338942
0 0.2367842564216027 0.9625057807335486 0.017174940842848558 0.018437605637770433
0 0.6719385293813852 0.6147330357478216 0.016264988825871393 0.016138663658728965
0 0.42517724403968227 0.6259748752300556 0.015744869525615986 0.01574120154747596
0 0.40964640103853667 0.8358141825749323 0.020108736478365384 0.02051720252403846
0 0.6771598962637094 0.8204491688654973 0.017617005568284255 0.017597345205453727
0 0.5867785673875076 0.4328007331261268 0.04963904160719652 0.04892246539776142
0 0.6135497826796311 0.9718552369337815 0.017420035142164964 0.017395606407752402
0 0.33711763528677136 0.7359048403226413 0.015732985276442308 0.015805171086237982
0 0.42305939014141375 0.755892826960637 0.021788377028245192 0.021867018479567308
0 0.7269675181462214 0.8049396368173453 0.018410315880408652 0.018774766188401442
0 0.33968312923724836 0.5207943549522986 0.021080383887657754 0.02073948199932392
0 0.27853455910315883 0.6181730123666617 0.01840488727276142 0.018465042114257812
0 0.5879017756535456 0.8075326772836539 0.025566981388972357 0.02573702885554387
0 0.44421870891864484 0.6692079397348257 0.01666743938739483 0.016235938439002402
0 0.24254624660198504 0.6005680377666767 0.021582566774808444 0.02180613004244291
0 0.2893230364872859 0.12116690782400277 0.022229488079364482 0.022144794464111328
0 0.36821372692401594 0.844748643728403 0.021666306715745192 0.021863350501427285
0 0.3828344711890587 0.36729178061852086 0.03110819596510667 0.030792823204627402
0 0.5276954357440655 0.8764805426964393 0.020480009225698616 0.02028817396897536
0 0.38518780928391677 0.7025905022254357 0.020917158860426683 0.021081190842848558
0 0.2824565080495981 0.9679917555588943 0.016941950871394232 0.01716745816744291
0 0.6768327859731821 0.7810132686908429 0.02244729262131911 0.022686004638671875
0 0.28749614495497483 0.6671754396878756 0.016454696655273438 0.016010871300330527
0 0.3884000778198242 0.5747434175931491 0.01732664841871995 0.017501317537747897
0 0.7221144896287185 0.3352383833665114 0.02139883774977464 0.021607472346379206
0 0.5703842456524189 0.7584511683537409 0.01750073066124549 0.017083094670222357
0 0.34584911052997297 0.7713460922241211 0.015231059147761418 0.014787380511944111
0 0.6456024463360126 0.08508365887861985 0.030109698955829326 0.030352372389573317
0 0.30568148539616513 0.9235864052405725 0.01663486774151142 0.016861548790564902
0 0.5493952677800105 0.6975313333364633 0.019867530235877402 0.019612238957331732
0 0.3265063946063702 0.7512958233173077 0.019531103280874398 0.019015678992638223
0 0.504518985748291 0.5117640128502479 0.02338871589073768 0.02360079838679387
0 0.24193745393019456 0.7085470052865835 0.018086726848895732 0.01775389451246995
0 0.6110951350285456 0.8023779942439153 0.024541267981896035 0.0239260746882512
0 0.39727339377770055 0.44179556919978213 0.015366627619816707 0.015605339637169471
0 0.35853099822998047 0.7790555220383865 0.018718205965482272 0.018708155705378607
0 0.5373039245605469 0.2507333021897536 0.03106528062086839 0.03100453890286959
0 0.3645010728102464 0.7482938032883865 0.015445929307204027 0.015315716083233174
0 0.21740308174720177 0.9793368119459885 0.02174678215613732 0.029840469360351562
0 0.41927458689763 0.1329605487676767 0.028235435485839844 0.027279432003314678
0 0.5282549491295447 0.850262715266301 0.02364033919114333 0.02434084965632512
0 0.5935201644897461 0.7852703241201547 0.01530764653132512 0.015603725726787861
0 0.4105997085571289 0.7409408275897686 0.017093658447265625 0.015825711763822116
0 0.28941038938669056 0.4193121103140024 0.01760112322293795 0.017393112182617188
0 0.3808319385235126 0.03190815448760986 0.015854468712439902 0.016022773889394906
0 0.256863887493427 0.7088730885432317 0.018598299760084886 0.018390655517578125
0 0.32726009075458234 0.17983891413762018 0.020266239459698018 0.01990655752328726
0 0.5820822348961463 0.26375924623929536 0.026102652916541465 0.026244713709904596
0 0.48484406104454625 0.20934495559105507 0.015220201932466947 0.015450550959660457
0 0.3746205476614145 0.8653043600229117 0.023953584524301384 0.025258577786959134
0 0.6827001571655273 0.6406633670513446 0.017379027146559495 0.016881355872521035
0 0.40676432389479417 0.7248849135178786 0.01850157517653245 0.018898890568659857
0 0.6787618490365835 0.6394133934607873 0.015925774207481973 0.016420804537259616
0 0.2687718318058894 0.8785409193772536 0.019144425025353067 0.01901069054236779
0 0.5354210046621469 0.27716930095966047 0.026558949397160456 0.025846481323242188
0 0.40809866098257214 0.7030302194448618 0.02342810997596154 0.024239466740534857
0 0.596132938678448 0.2802258638235239 0.02177854684682993 0.022297015556922324
0 0.3206914021418645 0.41663213876577526 0.01712344242976262 0.017295470604529746
0 0.38537927774282604 0.0972902408012977 0.022934840275691107 0.022733174837552585
0 0.5049852224496695 0.9932474723229041 0.027097702026367188 0.013357749352088341
0 0.23599859384390023 0.7714365445650541 0.01751257823063777 0.01753410926231971
0 0.49802802159236026 0.19874847852266753 0.017645762516902044 0.01756587395301232
0 0.2736081526829646 0.5303395344660833 0.01734018325805664 0.0176390867966872
0 0.35944502170269305 0.7320619729849008 0.01603867457463191 0.015827765831580527
0 0.7012644547682542 0.9731869330772986 0.016597160926231973 0.016233297494741585
0 0.48446134420541614 0.4989456763634315 0.023903773381159857 0.02357145456167368
0 0.3991291339580829 0.5115808340219351 0.017359146705040567 0.016902850224421576
0 0.41161999335655797 0.7777365170992337 0.016562828650841348 0.01612252455491286
0 0.39004358878502476 0.04083665517660288 0.017523765563964844 0.01774755808023306
0 0.7431637690617487 0.6745470487154447 0.018087240365835335 0.01875892052283654
0 0.7262555635892428 0.8528782037588266 0.030373206505408652 0.030262580284705527
0 0.49547818990854114 0.5624280342688928 0.016022315392127402 0.015883225661057692
0 0.4604060099675105 0.4780728266789363 0.02501370356633113 0.025223511915940505
0 0.44848012924194336 0.2120347573206975 0.015077517582820011 0.014744795285738431
0 0.5275456721966083 0.9089114849384015 0.017078693096454326 0.017092484694260817
0 0.31594452491173375 0.28128741337702823 0.02165508270263672 0.02199873557457557
0 0.6749687194824219 0.29816726537851185 0.016502820528470553 0.01633871518648588
0 0.5895002805269681 0.6703786116379958 0.015134958120492788 0.016021141639122598
0 0.6766540820782001 0.9051277454082782 0.016002948467548076 0.016367398775540866
0 0.35804014939528245 0.6016409947321966 0.017635638897235576 0.017832389244666465
0 0.4621712611271785 0.7818035712608924 0.017318872305063102 0.017199589655949518
0 0.5185004014235276 0.8038585369403546 0.02024254432091346 0.019667992225060098
0 0.5816287627586951 0.9670570813692533 0.017653758709247295 0.017339119544396035
0 0.3801698317894569 0.5567382665780874 0.015839063204251803 0.01565375694861779
0 0.3243536582359901 0.39731792303232044 0.01688553736760066 0.01661836183988131
0 0.5324775255643405 0.5401895963228666 0.01507098858173077 0.014684677124023438
0 0.271508657015287 0.5464734297532302 0.019142774435190055 0.018959632286658652
0 0.2738783909724309 0.7199522165151743 0.02978368905874399 0.028591449444110576
0 0.4176911207345816 0.8034556462214544 0.014935493469238281 0.014593564547025241
0 0.33420610427856445 0.3768328519967886 0.018285091106708232 0.01811086214505709
0 0.3851742377647987 0.9693562434269831 0.026918411254882812 0.027023902306189902
0 0.40377015333909255 0.6450033921461839 0.020252814659705527 0.019577613243689902
0 0.3262662153977614 0.7900760357196515 0.015264951265775241 0.015222402719350962
0 0.5323650653545673 0.184783752147968 0.014643595768855168 0.014535207014817458
0 0.3473200431236854 0.7510513892540565 0.01638647226186899 0.015925774207481973
0 0.232758301955003 0.7957295637864333 0.030566582312950723 0.03147536057692308
0 0.39314761528602016 0.5079874992370605 0.019199371337890625 0.018740360553448018
0 0.6521141345684345 0.6067094069260818 0.0152128659761869 0.015305592463566707
0 0.32030619107759917 0.7479811448317307 0.01651631868802584 0.017368316650390625
0 0.3029791758610652 0.6501954885629507 0.016394835252028245 0.01634949904221755
0 0.6555566054124099 0.9214304410494291 0.015059837928185096 0.015174572284405049
0 0.39220157036414516 0.8331948060255784 0.019073046170748197 0.018993377685546875
0 0.6367398775540866 0.64527100783128 0.015880291278545674 0.015713618351862982
0 0.326112857231727 0.5396135403559759 0.024580882145808294 0.024556966928335335
0 0.5224351149338943 0.3581029451810397 0.01640635270338792 0.015580250666691707
0 0.660853019127479 0.9091448417076697 0.015642606295072116 0.01505749042217548
0 0.31947110249445987 0.6006395633404071 0.0158234376173753 0.01605650094839243
0 0.515837889451247 0.8042495434100811 0.017748906062199518 0.017831068772536058
0 0.40505225841815656 0.5449314484229455 0.015919318565955527 0.015444388756385216
0 0.25798683900099534 0.6012566639826848 0.015490458561823918 0.01568001967210036
0 0.7131174527681791 0.9861770776601938 0.0213623046875 0.017955486591045674
0 0.7077362353985126 0.6892941548274114 0.015913009643554688 0.015146108774038462
0 0.40557259779710036 0.6820727128248948 0.02137888394869291 0.021166874812199518
0 0.2722941361940824 0.7811255088219275 0.049599097325251654 0.04935602041391226
0 0.3792565052325909 0.7484927544227014 0.016343116760253906 0.016254278329702523
0 0.3128695487976074 0.8419795403113732 0.019275078406700723 0.019362816443810098
