0 0.9237723717322717 0.013962550805165218 0.038543701171875 0.026201376548180215
0 0.43498655465932995 0.7182047917292669 0.0253903315617488 0.025390625
0 0.1811059805063101 0.06257424446252677 0.02754827646108774 0.027869142018831693
0 0.47680774101844203 0.4335330082820012 0.022038386418269232 0.022133753849909857
0 0.25798981006328875 0.5239762526292068 0.020742049584021933 0.020534368661733773
0 0.5373274729802058 0.34124146975003755 0.018886786240797777 0.018779461200420674
0 0.6709436269906851 0.5329481271597055 0.02041963430551382 0.020111817580003005
0 0.13359148685748762 0.3027020601125864 0.019969463348388672 0.01950381352351262
0 0.09590720213376559 0.174226870903602 0.021964146540715143 0.022011756896972656
0 0.2187644885136531 0.11972698798546424 0.023869074307955228 0.023957215822660007
0 0.9356469374436599 0.4926119584303636 0.017066075251652643 0.017054044283353366
0 0.8911178295428936 0.179014829488901 0.01697393564077524 0.016866317162146933
0 0.6609668731689453 0.4059710135826698 0.018140646127554085 0.01826961223895733
0 0.12150131739102878 0.21523761749267578 0.019652660076434795 0.019459651066706732
0 0.2361924281487098 0.622223633986253 0.018596172332763672 0.018529305091271035
0 0.0658597075022184 0.13227206010084885 0.01765593198629526 0.017581939697265625
0 0.018468306614802435 0.09437634394719051 0.014989467767568735 0.018693905610304613
0 0.5294339840228741 0.013880555446331318 0.01719826918381911 0.01711047154206496
0 0.4204516044029823 0.3889886415921725 0.016562535212590143 0.01648565439077524
0 0.2713960867661696 0.891414055457482 0.01800383054293119 0.018024151141826924
0 0.291093294437115 0.6211599936852088 0.0180203731243427 0.017804072453425482
0 0.48708380185640776 0.1466500208928035 0.017001518836388223 0.016996126908522386
0 0.22438881947444037 0.31718026674710786 0.020301085252028245 0.02057046156663161
0 0.30240952051602876 0.3352978046123798 0.018830482776348408 0.018615135779747598
0 0.5600527249849759 0.5648930622981145 0.016237625708946817 0.016370039719801683
0 0.9793057074913611 0.022109086696918193 0.014811002291165866 0.024278136400076058
0 0.4628734588623047 0.2669104245992807 0.01578375009390024 0.015739294198843148
0 0.9755879182081956 0.7771684206449069 0.016193976769080527 0.016264695387620192
0 0.42441261731661284 0.23111743193406326 0.015547238863431491 0.015501902653620793
0 0.9159469604492188 0.16701135268578163 0.015161074124849759 0.01533812742966872
0 0.9415154090294471 0.2679918729341947 0.015912716205303486 0.015625440157376803
0 0.44198131561279297 0.4581414736234225 0.014909744262695312 0.014885829045222355
0 0.37762022018432617 0.047536070530231185 0.014835577744704027 0.014739054899949294
0 0.5463671317467322 0.7409509512094351 0.014639340914212741 0.014657827524038462
0 0.118032849751986 0.4889681155865009 0.014928505970881535 0.014848562387319712
0 0.42581653594970703 0.3064888440645658 0.014730013333834134 0.014563927283653846
0 0.7197603078988882 0.4363127121558556 0.014731480525090145 0.014847608713003306
0 0.5745399915255033 0.24922772554250863 0.0149842775785006 0.014784446129432091
0 0.1349265300310575 0.23475250831017128 0.015916916040273812 0.0162506103515625
0 0.7044500204233023 0.4403805365929237 0.018361311692457933 0.018406207744891826
0 0.08364009857177734 0.2159568713261531 0.014561799856332632 0.014708849099966196
0 0.5534177560072678 0.2849409213432899 0.016794498150165264 0.01685344255887545
0 0.05632783816410945 0.9606777337881235 0.015375311558063213 0.015287546011117788
0 0.19472577021672174 0.3704238671522874 0.01483623798076923 0.014911138094388522
0 0.93316283592811 0.1851212611565223 0.014848855825570913 0.014995831709641676
0 0.12984229968144342 0.6033689792339618 0.014109061314509464 0.014149005596454326
0 0.049875653707064115 0.7712505047137921 0.014992328790517954 0.014939234806941105
0 0.9701840327336237 0.22328875615046576 0.014481177696814904 0.014625182518592248
0 0.12598732801584098 0.28612411939180815 0.014388854687030498 0.014500984778771034
0 0.8183554869431716 0.4753417601952186 0.013933328481820913 0.01389606182391827
0 0.9269826595599835 0.6123794408944937 0.01377575214092548 0.013906919039212741
0 0.6460213294396033 0.09016900796156663 0.013881389911358174 0.01394348878126878
0 0.883816278897799 0.722287104679988 0.013897088857797476 0.013875227708082933
0 0.5552238317636343 0.28888529997605544 0.02048668494591346 0.020865697127122145
0 0.1816089153289795 0.9827337998610276 0.014615829174335185 0.014492328350360576
0 0.09325397931612454 0.051104577688070446 0.013930760897122897 0.013986615034250112
0 0.5109079434321477 0.3065346937913161 0.013970668499286357 0.01403654538668119
0 0.05612038190548237 0.642118894136869 0.014400858145493727 0.014031923734224759
0 0.10664963722229004 0.0908052371098445 0.013790167295015775 0.013715707338773288
0 0.9746083479661208 0.7308203623845027 0.0141754150390625 0.014095746553861178
0 0.5556054482093225 0.29151955017676723 0.01768339597261869 0.018335232367882363
0 0.8368247105525091 0.18731219951923078 0.014229407677283654 0.014406644381009616
0 0.8127820675189679 0.5654842670147235 0.013366259061373197 0.013563743004432091
0 0.6286791287935697 0.6591265018169696 0.0155181884765625 0.015413431020883413
0 0.04117058332149799 0.11304444533128005 0.014695140031667856 0.014635489537165714
