0 0.33727198380690354 0.8368580157940204 0.03006905775803786 0.030197730431189902
0 0.7856175349308894 0.14734249848585862 0.02287600590632512 0.022846258603609525
0 0.36533289689284104 0.3049391783200778 0.02219566932091346 0.022291880387526292
0 0.5598022020780123 0.45054149627685547 0.08335406963641827 0.08427663949819711
0 0.8241263169508714 0.3177651625413161 0.022576258732722357 0.02252087226280799
0 0.5448718437781701 0.8072970463679388 0.02041758023775541 0.020342900202824518
0 0.8120366610013522 0.14571022987365723 0.018773885873647835 0.01888891366811899
0 0.7928361892700195 0.5331368813147912 0.024135296161358174 0.024306664100060098
0 0.5982098212608924 0.10110712051391602 0.04183108990009014 0.04156057651226337
0 0.7667435132540189 0.2995807941143329 0.034888194157527044 0.03482598524827223
0 0.8015901858990009 0.08764954713674691 0.018381852370042067 0.0183564332815317
0 0.6403686816875751 0.056442742164318375 0.035737111018254206 0.036121029120225176
0 0.7724781769972581 0.11198030985318698 0.01688869182880108 0.016631456521841195
0 0.8512750772329477 0.2433319825392503 0.06135969895582933 0.06136314685528095
0 0.7031542704655573 0.9130764741163987 0.12559201167179987 0.13007310720590445
0 0.4046821594238281 0.9222278594970703 0.018271519587590143 0.018306732177734375
0 0.6742132627047025 0.6239043749295748 0.0751812274639423 0.07616439232459435
0 0.4856816805326022 0.6059358670161321 0.07066638653094952 0.0711221694946289
0 0.8857941260704627 0.10294746435605563 0.01583246084359976 0.017323695696317233
0 0.8026067293607272 0.04228965594218327 0.018099271334134616 0.018023142447838418
0 0.6383694868821365 0.8788123497596154 0.016495631291316107 0.016829564021183893
0 0.6731894566462591 0.9923232151911809 0.02213140634390024 0.013705620398888221
0 0.7254242530235877 0.6153169045081506 0.015755580021784857 0.015849186823918268
0 0.7793169021606445 0.4987801405099722 0.01749757620004507 0.017625075120192308
0 0.8088745704064002 0.6172617398775541 0.020740802471454326 0.02096084448007437
0 0.4839047652024489 0.9192587045522836 0.01659261263333834 0.016531724196213942
0 0.401576775770921 0.32924439356877255 0.015522003173828125 0.01564510052020733
0 0.22288062022282526 0.2426177721757155 0.014589052933913011 0.014580910022442158
0 0.5741363305311936 0.33144694108229417 0.05305297558124249 0.05317029586205116
0 0.8153222891000601 0.29047685403090256 0.02640401400052584 0.02656731238731971
0 0.22294174707852876 0.98089599609375 0.015608127300555889 0.015869140625
0 0.265205585039579 0.7319994706373948 0.015056206629826473 0.015014354999248799
0 0.6926239453829252 0.1745744485121507 0.014569796048677884 0.014428945688100962
0 0.12259429234724778 0.9694414138793945 0.0272981937115009 0.03783695514385517
0 0.16915123279278094 0.2747583572681134 0.015265391423152043 0.015226914332463192
0 0.8865249340350811 0.06784551877241868 0.01626762977013221 0.029255225108220026
0 0.5296646998478816 0.5749299709613507 0.057465626643254206 0.05673540555513822
0 0.4460007594181941 0.8578897622915415 0.02305177541879507 0.022937774658203125
0 0.7362910050612229 0.42982123448298526 0.014136681189903846 0.014319639939528245
0 0.5456870152400091 0.8678014461810772 0.015058224017803486 0.01492001460148738
0 0.7674454909104568 0.4671363830566406 0.014973273644080529 0.014959922203650841
0 0.8433377192570612 0.23413140957172102 0.014207693246694712 0.01480696751521184
0 0.7518510818481445 0.12418127059936523 0.017397220318134014 0.017255691381601188
0 0.533265260549692 0.5281841204716609 0.043187654935396634 0.04261581714336689
0 0.8338783704317533 0.17518054522000825 0.025346755981445312 0.02522872044489934
0 0.6300533001239483 0.6398421067457932 0.015116178072415866 0.01552288348858173
0 0.4632048240074745 0.7161143376277044 0.014898300170898438 0.0149383544921875
0 0.7804751762977014 0.3667164582472581 0.023141860961914062 0.023476527287409857
0 0.532151038830097 0.023055500709093533 0.016659956711989183 0.01673234426058256
0 0.7040587938748873 0.4552612671485314 0.013808910663311299 0.013965680049015926
0 0.7920611454890325 0.028091609477996826 0.015194232647235576 0.014948056294367863
0 0.2722056462214543 0.9254733599149264 0.013994583716759315 0.014011383056640625
0 0.7627967687753531 0.2303635157071627 0.015203622671274038 0.014985377971942607
