0 0.7305492987999549 0.560181764455942 0.0741263169508714 0.07418295053335336
0 0.8943199744591346 0.6801874454204853 0.050397432767427884 0.050707303560697116
0 0.5494845463679388 0.9466253427358774 0.10630431542029747 0.10225882897010216
0 0.8490428924560547 0.8277769088745117 0.08506540151742789 0.08527829096867488
0 0.9157397930438702 0.8472871780395508 0.06084794264573317 0.060523693378155045
0 0.4008091413057767 0.8726480190570538 0.03976117647611178 0.039789639986478366
0 0.6911625495323768 0.7468357086181641 0.032142345721905045 0.03211417564978966
0 0.793482046860915 0.8417075964120718 0.05307916494516226 0.052781911996694714
0 0.7567775432880108 0.6153096052316519 0.02665563730093149 0.026562250577486478
0 0.410620249234713 0.6243574435894306 0.03508905264047476 0.03538968012883113
0 0.198453609759991 0.13859857045687163 0.022590197049654447 0.022631351764385518
0 0.30002509630643404 0.7675768045278696 0.05057606330284706 0.049576099102313705
0 0.6964262448824369 0.1628580093383789 0.025236863356370192 0.025307545295128457
0 0.4233837861281175 0.4215142543499286 0.02945261735182542 0.02930626502403846
0 0.2161235809326172 0.984884995680589 0.01773533454308143 0.017889756422776442
0 0.49147803966815656 0.31916603675255406 0.022352071908804085 0.022216209998497598
0 0.47961036975567156 0.4303508171668419 0.02007748530461238 0.019924457256610576
0 0.019266087275284987 0.49158620834350586 0.017531513021542475 0.022190974308894232
0 0.8659400939941406 0.6274860088641827 0.019642463097205527 0.019582308255709134
0 0.7785864609938401 0.22463439061091497 0.025325481708233174 0.025220284095177285
0 0.85839660351093 0.3997959723839393 0.018282523522010215 0.01842660170335036
0 0.8861254912156326 0.29709328137911284 0.016365931584284857 0.016436136685884915
0 0.5662791178776667 0.42519107231727016 0.02873816856971154 0.029177518991323616
0 0.40723613592294544 0.6764646676870493 0.016414568974421576 0.01659217247596154
0 0.42160441325261044 0.8432090465839093 0.036871836735652044 0.03711230938251202
0 0.5479804552518405 0.04434692859649658 0.021343157841609076 0.021703649025696974
0 0.9523309560922476 0.826227774986854 0.026827445397010215 0.027024195744441107
0 0.5093814409696139 0.5882783302894006 0.01801725534292368 0.01800082280085637
0 0.8696011763352615 0.549398238842304 0.016281568087064303 0.01623190366304838
0 0.850377449622521 0.27633247008690465 0.0168765141413762 0.01671149180485652
0 0.04907471400040846 0.36753155634953427 0.03228091964354882 0.03243306966928335
0 0.19425173906179574 0.43741589326124924 0.022326909578763522 0.02223858466515174
0 0.6105560889610877 0.42600749089167667 0.02146603510929988 0.021634468665489785
0 0.8863773345947266 0.6201218825120193 0.019926804762620192 0.020031305459829476
0 0.49358654022216797 0.8258341275728666 0.03171245868389423 0.031751779409555286
0 0.57971741602971 0.7419718228853666 0.019834371713491585 0.02015862098106971
0 0.5584955949049729 0.5321160829984225 0.02255102304311899 0.02236799093393179
0 0.03894365750826322 0.7744466341458834 0.01745296441591703 0.017185064462515023
0 0.13437149157890907 0.3928983394916241 0.021865184490497295 0.021465815030611478
0 0.9521390474759616 0.3142399787902832 0.016684605525090143 0.01649056948148287
0 0.6871967315673828 0.3524639423076923 0.020061199481670674 0.020233887892503005
0 0.4088168511023888 0.31108856201171875 0.026612061720628005 0.026758193969726562
0 0.34326619368333083 0.47133915240948016 0.01785879868727464 0.017937953655536357
0 0.5081644058227539 0.10987853086911716 0.021382258488581732 0.021445366052480843
0 0.6188941368689904 0.7113186029287485 0.019339964939997747 0.019722425020658053
0 0.7821234189547025 0.018751124923045818 0.01602789071890024 0.016254693269729614
0 0.9127808350783128 0.14307928085327148 0.01849702688363882 0.018666560833270732
0 0.3949336272019606 0.34859976401695836 0.022455582251915567 0.02255667172945463
0 0.5454303301297702 0.2183687870319073 0.01798380338228666 0.017791601327749398
0 0.1289121279349694 0.977632082425631 0.021042383634127103 0.0211642338679387
0 0.9484254396878756 0.9357403975266677 0.0153045654296875 0.015507918137770433
0 0.540678831247183 0.10824346542358398 0.018271226149338942 0.01822627507723295
0 0.9312895261324369 0.5825136624849759 0.02233270498422476 0.022345616267277643
0 0.6959193303034856 0.5227011167086087 0.021355849045973558 0.021321663489708535
0 0.5844239455003005 0.17349808032696062 0.019403897798978366 0.019223763392521784
0 0.854579338660607 0.5151125467740573 0.014373779296875 0.014081441439115085
0 0.973017325768104 0.8869562882643479 0.02618584266075721 0.029180086576021634
0 0.9197077384361854 0.47405580373910755 0.01592107919546274 0.0158541752741887
0 0.3375997910132775 0.9885538541353666 0.0407106692974384 0.021178612342247598
0 0.156630827830388 0.7672328948974609 0.021975223834698018 0.022036038912259616
0 0.28846014462984526 0.44971898885873646 0.016953101524939902 0.01701531043419471
0 0.7174081802368164 0.011802538083149837 0.01869656489445613 0.018600729795602653
0 0.7836734331571139 0.06931244410001315 0.015323638916015625 0.015586376190185547
0 0.8143925300011268 0.10612307145045353 0.01638617882361779 0.016568642396193285
0 0.8918470235971304 0.7829347757192758 0.021523402287409857 0.02173467782827524
0 0.8534310414240911 0.9750847449669471 0.016932854285606973 0.017595291137695312
0 0.8203620910644531 0.7066550621619592 0.02868828406700721 0.028486985426682692
0 0.7455997467041016 0.009509267142185798 0.02803655771108774 0.017859597618763264
0 0.5960495288555439 0.6461454538198618 0.018804036653958835 0.018860743596003607
0 0.5174828676077036 0.43552648104154146 0.024787315955528848 0.024904837975135215
0 0.646679584796612 0.3624705534714919 0.015965681809645433 0.015842731182391826
0 0.27924732061532825 0.5986696390005258 0.01788183358999399 0.017748465904822715
0 0.616792238675631 0.8033517690805289 0.06806036142202523 0.06717945979191707
0 0.7837014565101037 0.14287961446321928 0.014317732590895433 0.014748756702129658
0 0.921717276939979 0.9917815281794622 0.019270823552058294 0.014010209303635817
0 0.6889360134418194 0.7207610790546124 0.022339454064002402 0.021975590632512018
0 0.5153833169203538 0.4136161437401405 0.017412919264573317 0.017121388362004206
0 0.24984113986675555 0.6734609603881836 0.02307734122643104 0.023018910334660456
0 0.6937844203068659 0.027256103662344124 0.015837742732121393 0.016051695897028997
0 0.24001128856952375 0.23243075150709885 0.032921130840594955 0.03294827387883113
0 0.4720917114844689 0.7969853327824519 0.03383438403789814 0.034656524658203125
0 0.6960788139930139 0.8535893513606145 0.030159876896784857 0.03045654296875
0 0.7876517222477839 0.10046546275799091 0.014967991755558895 0.015073005969707783
0 0.6788481198824369 0.1329344602731558 0.013393695537860576 0.013693699469933143
0 0.8732418647179236 0.505392808180589 0.017775902381310098 0.017738782442533053
0 0.9650821685791016 0.8513028071476862 0.04144023014948918 0.04330605726975661
0 0.7566148317777194 0.8763524568997897 0.0202484130859375 0.02054742666391226
0 0.6694745283860427 0.7364185039813702 0.014755835899939904 0.014838585486778846
0 0.4082592817453238 0.2727235280550443 0.02735739487868089 0.027277653033916768
0 0.12412489377535306 0.7642767979548528 0.028935322394737832 0.028989351712740384
0 0.8218841552734375 0.3859247060922476 0.015282410841721755 0.015087127685546875
0 0.22251483110281137 0.672100727374737 0.02999247037447416 0.03029207082895132
0 0.08822904183314396 0.34456528150118315 0.0697944164276123 0.07029650761530949
0 0.9362071110652044 0.8757705688476562 0.017393992497370794 0.017510340763972357
0 0.4898671737084022 0.12140343739436223 0.016950387221116286 0.017195408160869893
0 0.5450705014742337 0.12112070963932918 0.018840936514047477 0.018355589646559495
0 0.07557950570033146 0.5397406357985276 0.041766936962421126 0.041706085205078125
0 0.6552503292377179 0.7634264139028696 0.016240780170147236 0.016495631291316107
0 0.9515529045691857 0.5333213806152344 0.015240155733548678 0.015424875112680288
