0 0.40958048747136044 0.3509138547457181 0.08665114182692307 0.08616476792555589
0 0.6616393602811373 0.12162963243631217 0.09736926739032452 0.0971827323620136
0 0.5990999295161321 0.5400521938617413 0.07391878274770883 0.07468927823580228
0 0.7700532766488882 0.8285918602576623 0.055398794320913464 0.0556028806246244
0 0.6306498600886419 0.23824706444373497 0.03966027039747972 0.0396878902728741
0 0.7166877159705529 0.9525906489445612 0.09409581697904147 0.08614261333759014
0 0.6010356682997483 0.1633471158834604 0.019025435814490683 0.019015092116135817
0 0.5299416321974534 0.29341543637789214 0.02855829092172476 0.028727237994854268
0 0.7646630360529973 0.5280741911668044 0.03991845937875601 0.03990774888258714
0 0.6925694392277644 0.42882805604201096 0.025264739990234375 0.025391138516939603
0 0.582480210524339 0.7351584801307092 0.020505464993990384 0.020535982572115384
0 0.7004985809326172 0.5564274421105018 0.023607987623948317 0.023703941932091348
0 0.32774873880239636 0.18920929615314191 0.05424682910625751 0.05445025517390324
0 0.2329542086674617 0.3870278505178598 0.04291218977708083 0.04310109065129207
0 0.7585408137394831 0.16677429125859186 0.03848119882436899 0.038689760061410755
0 0.6176278040959284 0.38818872891939604 0.018346896538367637 0.018341064453125
0 0.7186161921574519 0.12029437835399921 0.018321110652043268 0.018439054489135742
0 0.5094411189739521 0.6861854699941782 0.028235362126277044 0.028355231651893027
0 0.724020737868089 0.8988115604107196 0.06267987764798678 0.06289394085223858
0 0.41215808574969953 0.2444599224970891 0.03110474806565505 0.03103498312143179
0 0.22453715251042292 0.9344050334050105 0.05608052473801833 0.0561671623816857
0 0.27223755763127255 0.04834924294398381 0.03911935366117037 0.03894640849186824
0 0.3167918645418607 0.30632081398597133 0.03164247366098257 0.03129995786226713
0 0.4743956419137808 0.06580003408285287 0.01862635979285607 0.018867676074688252
0 0.7666932619535006 0.4908318886390099 0.017239203819861777 0.01733985314002404
0 0.4689832834097055 0.6125712027916541 0.022397848275991585 0.022443477924053486
0 0.47763604384202224 0.38373815096341646 0.03384832235483023 0.03453533466045673
0 0.3860188264113206 0.25976404776939976 0.030904476459209736 0.031079585735614482
0 0.39464022563054013 0.9668636322021484 0.04332425044133113 0.042925321138822116
0 0.7311609708345853 0.7995152106651893 0.05944413405198317 0.06063343928410457
0 0.40388694176307094 0.7971505385178786 0.026475906372070312 0.026501288780799277
0 0.3230471977820763 0.25946868382967436 0.03958423321063702 0.03920551446767954
0 0.27910412274874175 0.8675193786621094 0.05681962233323317 0.05718906109149639
0 0.4364150854257437 0.4871942446782039 0.05126549647404598 0.051901817321777344
0 0.2661898136138916 0.09175715079674354 0.016717177170973558 0.01661823346064641
0 0.7793656862699069 0.978240599999061 0.0339502187875601 0.03315646831805889
0 0.46760045565091646 0.5983720926138071 0.017869215745192308 0.01755068852351262
0 0.23654277508075422 0.290653815636268 0.020927979395939753 0.021098943857046273
0 0.44587491108820987 0.5567907920250525 0.029004610501802884 0.029116410475510817
0 0.6061964401831994 0.13180106419783372 0.028374525216909554 0.02820699031536396
0 0.7687307504507211 0.7366714477539062 0.04386138916015625 0.04369148841271034
0 0.6594049747173603 0.4129195580115685 0.03943325923039363 0.0395970711341271
0 0.5123945016127366 0.5477071175208459 0.019163131713867188 0.01895317664513221
0 0.34457507500281703 0.29291534423828125 0.028318111713115986 0.029030799865722656
0 0.29464277854332555 0.01385326568896954 0.0202334477351262 0.020344711267031156
0 0.5628569676325872 0.3359487240131085 0.026457713200495794 0.026318770188551683
0 0.6078099104074332 0.3576841354370117 0.04430411412165715 0.04429200979379507
0 0.5201102036696214 0.9178502009465144 0.025993493887094352 0.026320530818058893
0 0.6717316554142878 0.7160657735971304 0.026053795447716348 0.025990706223707933
0 0.3307942243722769 0.9136905670166016 0.017394872812124398 0.017364501953125
0 0.5065348331744854 0.5719754879291241 0.031482549814077526 0.03128315852238582
0 0.6415480100191556 0.44794148665208083 0.021034827599158652 0.02099609375
0 0.7390440427339994 0.19201975602370042 0.015384527353140024 0.015160854046161357
0 0.3321837645310622 0.7603415709275466 0.016058628375713643 0.016270857590895433
0 0.46932286482590896 0.3650207886329064 0.024385452270507812 0.02451353806715745
0 0.7355255713829627 0.4593238096970778 0.028842926025390625 0.028838157653808594
0 0.6761671213003305 0.03138488760361305 0.026065239539513223 0.02600329197370089
0 0.4839480473445012 0.7461214065551758 0.03366382305438702 0.033570362971379206
0 0.611367078927847 0.7935212942270132 0.08269706139197716 0.07919018085186298
0 0.7278564159686749 0.3230873254629282 0.03339532705453726 0.03265197460467999
0 0.5371907674349271 0.3467468481797438 0.037992697495680586 0.0372013678917518
0 0.5617570510277381 0.15772016231830305 0.01500562521127554 0.015073400277357835
0 0.4606468494121845 0.32972156084500825 0.01591653090256911 0.015577609722430889
0 0.4198177411006047 0.2794181016775278 0.040386273310734674 0.039755674508901745
0 0.697203122652494 0.7177554644071139 0.024771470289963942 0.024912173931415264
0 0.7514305114746094 0.04453801191770113 0.08514932485727164 0.08630957970252404
0 0.35432734856238735 0.35173540848952073 0.03138256072998047 0.031622813298152044
0 0.48766345244187576 0.19482726317185622 0.022744398850661058 0.02310041280893179
0 0.7813048729529748 0.8053012261023889 0.015470211322490986 0.015658451960637018
0 0.23247307997483474 0.5411244172316331 0.027123414553128757 0.027074813842773438
0 0.21334369365985578 0.9765272874098557 0.038660489595853366 0.04072306706355168
0 0.39371020977313703 0.6675815582275391 0.024123118473933294 0.0240328862116887
0 0.33820449388944185 0.8553404441246619 0.015767610990084134 0.015877797053410456
0 0.3541477643526517 0.09170761475196251 0.13938652552091157 0.13867990787212664
0 0.4673627339876615 0.8077067595261794 0.019274051372821514 0.019306476299579326
0 0.29097230617816633 0.3071769567636343 0.016648072462815505 0.016762806819035456
0 0.3844760014460637 0.7703188382662259 0.023519149193396933 0.023463029127854567
0 0.4752947733952449 0.40954747566810024 0.024796412541316107 0.024811304532564603
0 0.7070558254535382 0.6791849869948167 0.03261639521672176 0.032300508939302884
0 0.722898923433744 0.6245651245117188 0.014965350811298076 0.015058077298677884
0 0.3498714887178861 0.5100952295156626 0.026068907517653245 0.02599055950458233
0 0.781926155090332 0.4969934316781851 0.020094798161433294 0.020066187931941107
0 0.6697510205782377 0.30152258506188023 0.015117205106295072 0.014828021709735576
0 0.7851499410775992 0.9112462263840896 0.017660874586838942 0.017600866464468148
0 0.3841802156888522 0.2297202073610746 0.02078071007361779 0.02073214604304387
0 0.5583743315476638 0.9813131185678335 0.021366999699519232 0.021764021653395433
0 0.364347898043119 0.6628180283766526 0.031776721660907455 0.03160359309269832
0 0.7160151554987981 0.7062241480900691 0.022059513972355768 0.022103529710036058
0 0.3850396963266226 0.32805486825796276 0.03450276301457332 0.034404901357797474
0 0.43676035220806414 0.08863188670231746 0.03611623323880709 0.036158859729766846
0 0.7221654745248648 0.7514359400822566 0.041736602783203125 0.041866302490234375
0 0.329741698044997 0.5091797755314753 0.01882311014028696 0.018912682166466348
0 0.7841488764836237 0.41676836747389573 0.014562753530649038 0.014770727891188402
0 0.6123526646540716 0.7777460538423978 0.0966805678147536 0.09684019822340745
0 0.7905726799598107 0.8893695978017954 0.023192479060246393 0.02337954594538762
0 0.6102314728956956 0.4817632528451773 0.01568442124586839 0.01610081012432392
0 0.5763407487135667 0.3149894200838529 0.06114754310021034 0.06128553243783804
0 0.7660837907057542 0.7725153702955979 0.03822590754582332 0.0379480215219351
0 0.7620898026686448 0.43970852631788987 0.02308170612041767 0.02269583482008714
0 0.4455569340632512 0.290582143343412 0.04601331857534555 0.046540333674504206
0 0.23442591153658354 0.06048863209210909 0.04547603313739483 0.06999192788050725
0 0.5771066592289851 0.10259982255788949 0.08520823258620042 0.08661719468923715
0 0.5546755057114822 0.9628593004666842 0.026624166048490085 0.0265499995304988
0 0.2878105090214656 0.5457242818979117 0.03256973853478065 0.03201778118426983
0 0.5042495727539062 0.5207035358135517 0.03200479654165415 0.03213831094595102
0 0.5939196806687576 0.5896770770733173 0.024397923396183893 0.02439256814809946
0 0.690813944889949 0.7659784463735727 0.01719518808218149 0.01691290048452524
0 0.48993756220890927 0.5479314877436712 0.02479729285606971 0.024082110478327826
0 0.42474005772517276 0.06386736723092887 0.08599706796499398 0.0869600406059852
0 0.71953978905311 0.3070352077484131 0.021106426532451924 0.021462037013127253
0 0.7796978583702674 0.13286066055297852 0.023094764122596152 0.025417107802170973
0 0.7356733909020057 0.27677114193256086 0.022407385019155648 0.02229022979736328
0 0.37230498974139875 0.16744140478280875 0.029224982628455527 0.029073825249305137
0 0.6785118396465595 0.3153093778170072 0.014016078068659855 0.014527247502253605
0 0.6680894998403696 0.5382656684288611 0.042835235595703125 0.043184720552884616
0 0.5205045846792368 0.8843771127554086 0.021697851327749398 0.022114973801832933
0 0.6094390428983248 0.8451249049260066 0.026859870323768027 0.02545928955078125
0 0.7039629129263071 0.11018399091867301 0.014833890474759616 0.014804931787344126
0 0.36490315657395583 0.59365202830388 0.014561212979830228 0.014420069181002103
0 0.2690886900975154 0.6662371708796575 0.03568711647620568 0.03568942730243389
0 0.7752032646766076 0.23144677969125602 0.022806607759915866 0.022974674518291768
0 0.5940969173724835 0.6879089062030499 0.033617459810697116 0.03381200937124399
0 0.38159656524658203 0.4783338400033804 0.016057821420522835 0.016051365778996393
0 0.7982329588669997 0.8714078022883489 0.016117389385516826 0.020933884840745192
0 0.34157455884493315 0.5518948481633112 0.014476482684795674 0.014483378483698918
0 0.24979242911705604 0.33913238231952375 0.0235750491802509 0.02435918954702524
0 0.7106871971717248 0.18741592994103065 0.022282820481520433 0.022291110112116888
0 0.7279189183161809 0.38095760345458984 0.025074298565204326 0.02493939032921424
0 0.3261818519005409 0.7910571465125451 0.01539156987116887 0.0153961181640625
0 0.6689602778508112 0.7377810111412635 0.015774066631610576 0.015703494732196514
0 0.4419247553898738 0.6395071469820462 0.02272488520695613 0.022813943716195915
0 0.6441907149094802 0.022542925981374886 0.029644599327674277 0.02972576251396766
0 0.5075667821443998 0.9403409224290115 0.01815003615159255 0.018040877122145433
0 0.7129066173846905 0.3602017622727614 0.032922598031850964 0.03303190378042368
0 0.4503488540649414 0.1737980108994704 0.015286665696364183 0.015195333040677585
0 0.4274746087881235 0.1613609607403095 0.01771677457369291 0.01786642808180589
0 0.7197990417480469 0.7310660435603216 0.052367870624248795 0.0511468740609976
0 0.4305522625262921 0.18663863035348746 0.027334066537710335 0.0277255131648137
0 0.4399589391855093 0.7196179903470553 0.014983470623309795 0.015019636887770433
0 0.44954219231238735 0.8997473349938025 0.02073493370643029 0.021011499258188102
0 0.45212283501258266 0.22571004354036772 0.016390580397385817 0.016768638904278096
0 0.3193193582388071 0.3260357930110051 0.015182201678936299 0.015499261709359976
0 0.7441657139704778 0.21071485372690055 0.022807488074669473 0.02273390843318059
0 0.5608747188861554 0.5217670660752517 0.018915836627666768 0.019246908334585335
0 0.24150580626267654 0.1457601052064162 0.0651385233952449 0.08438611030578613
0 0.7388140605046198 0.9126177567702073 0.01505294212928185 0.014994988074669471
0 0.7724201495830829 0.44455469571627104 0.014035444993239183 0.014928084153395433
0 0.7352581024169922 0.3994315220759465 0.019007756159855768 0.018882164588341348
0 0.5533293944138747 0.7800515981820914 0.01783018845778245 0.01796135535606971
0 0.23866525063147911 0.16780580007112944 0.014950752258300781 0.014862977541410007
0 0.6690024595994216 0.8103044950045072 0.03870890690730168 0.04034863985501803
0 0.4333747717050406 0.6600011678842398 0.02771340883695162 0.028231107271634616
0 0.35291048196645886 0.2623578585111178 0.030799278846153848 0.03199922121488131
0 0.6686577430138221 0.7783371118398813 0.015074803278996395 0.015116031353290264
0 0.4159375704251803 0.28250362322880673 0.03286948570838341 0.03334349852341872
0 0.2360396568591778 0.45446197803203875 0.01672840118408203 0.01654683626615084
0 0.25743576196523815 0.8762730818528396 0.015004854935866136 0.014884655292217549
0 0.5420810259305514 0.584501339839055 0.021223948552058294 0.02107370816744291
0 0.7238702774047852 0.4904426427987906 0.027269363403320312 0.026671189528245192
0 0.41533690232496995 0.43445876928476185 0.05466651916503906 0.054369486295259915
0 0.7643026205209585 0.4363795793973483 0.02884703416090745 0.030289870042067308
0 0.3450202941894531 0.3166948831998385 0.02159544137807993 0.02173438439002404
0 0.35188847321730393 0.3537408755375789 0.02655176016000601 0.02599195333627554
0 0.7371300917405349 0.2465677261352539 0.013531318077674279 0.013724400446965145
0 0.7007827758789062 0.3995146384605995 0.041268422053410456 0.04059336735652043
0 0.45737985464242786 0.7378259071936975 0.015557655921349159 0.015614876380333534
0 0.6099463609548715 0.9825627253605769 0.09896094982440655 0.03391588651216947
0 0.2435759397653433 0.6096134185791016 0.023558910076434795 0.02315521240234375
0 0.48361991002009463 0.10471548483921932 0.013688160822941707 0.014078231958242564
0 0.649380610539363 0.6351501758282001 0.018663553091195915 0.01888421865609976
0 0.2749049480144794 0.7983097663292518 0.023248965923602764 0.02301172109750601
0 0.44647928384634167 0.39792889815110427 0.026045579176682692 0.025951238778921273
0 0.6455851334791917 0.6217751136192908 0.01898325406588041 0.019199958214393027
0 0.527336597442627 0.4997004729050856 0.021312860342172477 0.021505282475398138
0 0.5371195719792292 0.6565271524282602 0.018644186166616585 0.01850157517653245
0 0.6305662301870493 0.9362680728618915 0.024112848135141227 0.02491892301119291
0 0.5841031808119553 0.2595225114088792 0.014391458951509915 0.014479270348182091
0 0.5767933772160456 0.6672904674823468 0.020535835852989785 0.020348182091346152
0 0.6715147311870868 0.5421255551851712 0.03668814439039964 0.03723922142615685
0 0.7449891017033503 0.4243783217210036 0.025013263408954326 0.026590640728290264
0 0.6278263972355769 0.42176584097055286 0.024609785813551683 0.02431311974158654
0 0.5973470027630146 0.5096497902503381 0.028172639700082634 0.027414615337665264
0 0.6569571128258338 0.5088828527010404 0.01348099341759315 0.013661531301645132
0 0.2287446902348445 0.7812325404240534 0.06315942911001352 0.06366935143103966
0 0.6408425111037034 0.4632732684795673 0.013582376333383413 0.013732396639310397
0 0.4706621536841759 0.4345326056847206 0.019585682795597956 0.019584068885216348
0 0.5816702475914588 0.20008182525634766 0.012826992915226864 0.013636368971604567
0 0.7186788412240835 0.49297189712524414 0.01717200646033654 0.017357899592472956
0 0.7663154602050781 0.6083786304180439 0.03322337223933293 0.033273550180288464
0 0.6407668773944561 0.8487024307250977 0.027469341571514424 0.027748841505784255
0 0.7566594343919021 0.09730364726139949 0.02337030264047476 0.023694258469801683
