0 0.7025913825401893 0.0629514272396381 0.05487970205453726 0.05506214728722206
0 0.6150986598088191 0.2014325765463022 0.06445752657376803 0.06456694236168495
0 0.269959413088285 0.9060046122624323 0.03348115774301382 0.03338711078350361
0 0.6821819452139047 0.11491089600783128 0.0499421633206881 0.05005352313701923
0 0.4984634839571439 0.8373867915226862 0.030380982619065505 0.030381276057316706
0 0.5953903565040002 0.2399151875422551 0.04306653829721304 0.04305707491361178
0 0.8631090017465445 0.9049698022695688 0.022054085364708535 0.02186863238994892
0 0.14210612040299636 0.3721599212059608 0.023039982869074896 0.02322703141432542
0 0.6282726434560922 0.7330325200007513 0.027081416203425482 0.02683228712815505
0 0.19315400490394005 0.8779770777775691 0.0318300540630634 0.03169103769155649
0 0.4046275799091046 0.6955137986403245 0.020945035494290866 0.02086463341346154
0 0.4708071488600511 0.961087153508113 0.02273412851186899 0.022658568162184495
0 0.6805307681743915 0.8741691295917218 0.020929923424353965 0.020764864408052884
0 0.7015175452599158 0.9060667478121244 0.023081265963040866 0.0232696533203125
0 0.4661090924189641 0.3915726588322566 0.02355824984036959 0.023528172419621393
0 0.5216042445256159 0.7586106520432693 0.029177298912635215 0.028990818903996393
0 0.6780771108774039 0.15996991671048677 0.020336737999549277 0.020423164734473594
0 0.2646190569950984 0.31930068823007435 0.018691209646371696 0.01847105759840745
0 0.9271868192232572 0.9356803894042969 0.0282440185546875 0.028342173649714544
0 0.6939491858849158 0.011218155805881206 0.026517868041992188 0.021101204248575065
0 0.5076625530536358 0.6396004603459284 0.07714403592623197 0.07812026830819938
0 0.2527137903066782 0.6883610945481521 0.02046621762789213 0.02060728806715745
0 0.20018551899836615 0.48872514871450573 0.01834260500394381 0.018271959744966947
0 0.3889030676621657 0.8309248410738431 0.017518043518066406 0.017464124239408053
0 0.17742611811711237 0.9692855981680063 0.01902037400465745 0.01914493854229267
0 0.649850111741286 0.9207432086651142 0.017116546630859375 0.016879448523888223
0 0.10383525261512169 0.7332982283372146 0.11585503358107346 0.16778417733999398
0 0.18247620876018816 0.8959641823401818 0.02177887696486253 0.021878462571364183
0 0.42090819432185245 0.6549114814171424 0.01607689490685096 0.016300788292518027
0 0.9096196981576773 0.9474922326894907 0.02211614755483774 0.022193321814903848
0 0.9228807596059946 0.28362277837900013 0.017238470224233773 0.01732481442964994
0 0.5067951862628644 0.9176501494187576 0.016605377197265625 0.016820760873647835
0 0.6635585198035607 0.7155526968149039 0.016543755164513223 0.01658292917104868
0 0.7055260584904597 0.7061431591327374 0.01660919189453125 0.016718057485727165
0 0.6670293074387771 0.6745760991023138 0.03079957228440505 0.030942183274489183
0 0.4497209695669321 0.8964938383836013 0.019692420959472656 0.01974032475398137
0 0.4637912603525015 0.6594175192025992 0.01653128403883714 0.016338054950420674
0 0.5964804429274339 0.3864433215214656 0.02035214350773738 0.020376205444335938
0 0.6430512941800631 0.0807506671318641 0.022806607759915866 0.022982922884134147
0 0.6250572938185471 0.293578551365779 0.025165851299579326 0.025342794565054085
0 0.33284983268150914 0.25308953798734224 0.0158994381244366 0.01589056161733774
0 0.4874853721031776 0.29390199367816633 0.01609376760629507 0.015954090998722956
0 0.5707948391254132 0.6375898214486929 0.04832238417405348 0.04910777165339543
0 0.607558800623967 0.42831666652972883 0.025077159588153545 0.024890752939077523
0 0.4985398512620192 0.7897286048302283 0.015339998098520132 0.015351075392503005
0 0.40457762204683745 0.4747436229999249 0.01896535433255709 0.01891752389761118
0 0.2603049645057091 0.35553902846116286 0.01537792499248798 0.015482829167292668
0 0.14844234173114484 0.09345001440781814 0.036594574268047624 0.03646951455336351
0 0.6643233666053185 0.02933946939615103 0.020276876596304085 0.02023625373840332
0 0.39377557314359224 0.24992788754976714 0.015110456026517428 0.014987945556640625
0 0.08724651886866643 0.6477939899151142 0.020612423236553486 0.020672724797175482
0 0.1986358899336595 0.29413230602557844 0.016181248884934645 0.016228895920973558
0 0.41959678209744966 0.354980101952186 0.017625148479755107 0.017400007981520433
0 0.897282233605018 0.38179900096013 0.016355074368990384 0.016120103689340446
0 0.6021776566138635 0.8582647763765775 0.016672647916353665 0.01627936730018029
0 0.08423442106980544 0.309021362891564 0.017186421614426833 0.017034402260413535
0 0.5169150279118464 0.46639163677509016 0.015126595130333534 0.015275808481069712
0 0.290677914252648 0.3867510648874136 0.015620598426231971 0.016011458176832933
0 0.6677818298339844 0.6433579371525691 0.014971513014573317 0.015079791729266826
0 0.688236823448768 0.5176738225496732 0.015371762789212741 0.015393477219801683
0 0.8930690471942608 0.5496084873492901 0.015005551851712741 0.015207510728102464
0 0.7761691166804388 0.2663362759810228 0.015003204345703125 0.015127145327054538
0 0.6593911831195538 0.8542007299569937 0.014246280376727764 0.014149885911207933
0 0.24010482201209435 0.6633261167086087 0.01903233161339393 0.018946721003605768
0 0.18853506675133339 0.3416737776536208 0.014646236713115986 0.014693333552433895
0 0.5387792220482459 0.5558917339031513 0.014783199016864482 0.014828681945800781
0 0.631915385906513 0.6069949223445013 0.023263197678786058 0.02304385258601262
0 0.6532831925612229 0.1697695438678448 0.016760899470402643 0.01675693805401142
0 0.5065566576444186 0.6473884582519531 0.016074547400841348 0.01584654587965745
0 0.6687985933743991 0.5556285564716046 0.014554537259615384 0.014540745661808895
0 0.6292645381047175 0.06544135167048527 0.013805095966045674 0.014279952416053185
