0 0.26134443283081055 0.8992830423208383 0.12232222923865685 0.12398705115685096
0 0.7869328718919021 0.47999004217294544 0.17317815927358773 0.18130786602313703
0 0.43035888671875 0.20079370645376352 0.07462780292217548 0.07445790217472957
0 0.812401111309345 0.47287383446326625 0.05172993586613582 0.05185538071852464
0 0.4488069094144381 0.5245211674616888 0.06702701862041767 0.06790483914888822
0 0.16839916889484113 0.1397392382988563 0.06182226767906776 0.06148048547598032
0 0.3567358163686899 0.1420010236593393 0.04543773944561298 0.045505340282733626
0 0.43814640778761643 0.7575584558340219 0.046138690068171576 0.04600451542780949
0 0.2524589758652907 0.14037691629849947 0.0919344608600323 0.09233331680297852
0 0.7643234546367939 0.13361670420720026 0.02539678720327524 0.025220320774958685
0 0.23044599019564116 0.5789197775033804 0.02254009246826172 0.022290890033428486
0 0.5247997504014236 0.2956995597252479 0.08392781477708083 0.08531929896428035
0 0.2968138364645151 0.6336248837984525 0.029642141782320462 0.029418064997746393
0 0.7765745749840369 0.16970234650831956 0.02161583533653846 0.02136391859788161
0 0.8266118856576773 0.10277284108675443 0.02231011023888221 0.02212392366849459
0 0.6703411982609675 0.7308852855975811 0.06004832341120793 0.0600896982046274
0 0.9410238999586839 0.34370943216177136 0.028736701378455527 0.028653071476862982
0 0.5854439368614783 0.3137776301457332 0.05596241584190956 0.05638707601107084
0 0.02225656692798321 0.5568608504075271 0.03365585437187782 0.03958848806527945
0 0.3305754294762245 0.4571740443889911 0.040621170630821817 0.04074368110069862
0 0.49048585158128005 0.1033557653427124 0.019838699927696817 0.01965918907752404
0 0.24748174960796648 0.6163011697622446 0.020755474384014424 0.02074300325833834
0 0.6353503007155198 0.7815118936391977 0.06093318645770733 0.06075961773212139
0 0.8894846989558294 0.646884771493765 0.03763932448167067 0.03760939378004808
0 0.8766888104952298 0.24738392463097206 0.03607383141150841 0.03612819084754357
0 0.03682885949428265 0.29511378361628604 0.06254646869806144 0.06429510850172776
0 0.9312305450439453 0.6515464782714844 0.08231823260967548 0.08253710086529072
0 0.8384507986215445 0.21436203443087065 0.02878717275766226 0.028228209568903997
0 0.8412501995380108 0.2946897103236272 0.02611512404221755 0.025857081780066855
0 0.5042891869178185 0.6255267950204703 0.04685211181640625 0.045966075016902044
0 0.2767475201533391 0.5818719130295974 0.02080843998835637 0.02111926445594201
0 0.3450640531686636 0.6335504972017728 0.038143084599421576 0.03842999384953426
0 0.7380287463848407 0.8479284139779898 0.0376135019155649 0.037302457369290866
0 0.3829818872305063 0.876734733581543 0.03635553213266226 0.03688650864821214
0 0.562912390782283 0.8945303696852464 0.029605278602013223 0.029366419865534857
0 0.30395030975341797 0.11602067947387695 0.016677342928372897 0.016658819638765775
0 0.5997706926785983 0.5469721280611478 0.09411122248722957 0.09322914710411659
0 0.856262940626878 0.27252622751089245 0.03126056377704327 0.03188650424663837
0 0.5951590904822717 0.9709864396315354 0.028086442213792067 0.02812356215256911
0 0.656547106229342 0.6879423581636869 0.04113681499774639 0.04181964580829327
0 0.8475575080284705 0.1845711928147536 0.03848941509540264 0.03827850635235126
0 0.19324658467219427 0.06053073589618389 0.04359362675593449 0.043288927811842695
0 0.06689554911393386 0.530335022852971 0.026028541418222282 0.026132950415978067
0 0.7740355271559495 0.6150877659137433 0.034297943115234375 0.034326333266038164
0 0.47239230229304385 0.7010989555945764 0.030513176551231973 0.030572891235351562
0 0.6970745233389047 0.04110993330295269 0.01881584754356971 0.01844460230607253
0 0.5144430307241586 0.008930419500057515 0.023242950439453125 0.017124545115690965
0 0.6635178786057693 0.4784193772536058 0.08432549696702224 0.0844870347243089
0 0.7776564818162185 0.38075806544377255 0.02501825185922476 0.025118461022010215
0 0.3979655045729417 0.8564010033240685 0.03138894301194411 0.0309146000788762
0 0.22058835396399865 0.5479981715862567 0.023989750788762018 0.024095681997445915
0 0.19629403261037973 0.9032365358792819 0.01775074005126953 0.017853370079627402
0 0.9499878516564002 0.883883916414701 0.01580971937913161 0.015908461350661058
0 0.5111683698800894 0.5277263567997859 0.05563486539400541 0.055779457092285156
0 0.29305219650268555 0.146799793610206 0.018433277423565205 0.018181268985454854
0 0.5529820368840144 0.6685097034160907 0.04280574505145733 0.04297139094426082
0 0.6215150539691632 0.41576469861544096 0.11481974675105168 0.11568604982816257
0 0.3837135755098783 0.7959891099196214 0.022448906531700723 0.022743811974158652
0 0.34190508035513073 0.6687833345853366 0.015094757080078125 0.015328774085411659
0 0.3515630135169396 0.3052524786729079 0.01565236311692458 0.015842144305889424
0 0.39819035163292515 0.6285818540132962 0.0585020505464994 0.05935214116023137
0 0.26605780308063215 0.8304356795090896 0.021547647622915413 0.021268697885366585
0 0.4763697844285231 0.7577362060546875 0.034028860238882214 0.033588409423828125
0 0.7717979137714093 0.779173704294058 0.02329430213341346 0.023544751680814303
0 0.7974144862248347 0.2542395041539119 0.024591886080228366 0.024615911337045524
0 0.7125247075007513 0.9250406118539664 0.0585485605093149 0.05644974341759315
0 0.33168873420128453 0.09972028548900898 0.019500145545372598 0.019527270243718073
0 0.31797489753136265 0.933402574979342 0.01472165034367488 0.014734268188476562
0 0.7374900671151968 0.44794031289907604 0.040860689603365384 0.04140178973858173
0 0.14388370513916016 0.5820480493398813 0.020585977114163913 0.020650790287898138
0 0.7023343306321365 0.5555248260498047 0.05455149137056791 0.05484764392559345
0 0.9101487673245944 0.16869605504549468 0.0205233647273137 0.020444246438833382
0 0.5545298502995417 0.013301397745425884 0.023806938758263223 0.023338615894317627
0 0.5422815542954665 0.6318296285775992 0.03487462263840895 0.03512852008526142
0 0.19837337273817796 0.600795525770921 0.014342014606182393 0.014379648061899038
0 0.5274291038513184 0.15998191099900466 0.019873325641338643 0.020110130310058594
0 0.45617375007042515 0.054456353187561035 0.031912730290339544 0.03209152359228868
0 0.7283455041738657 0.3159020130450909 0.0279690669133113 0.027002334594726562
0 0.94079223045936 0.8493500489455003 0.024497105525090143 0.02434994624211238
0 0.6728819333589994 0.6070442933302659 0.02219420212965745 0.022185839139498197
0 0.026809245347976685 0.9779107020451472 0.03894794445771437 0.03831335214468149
0 0.487886722271259 0.19406690964331993 0.015115004319411058 0.014949175027700571
0 0.8616146674522986 0.3238642765925481 0.018790318415715143 0.018507884098933294
0 0.9002029712383564 0.8545114077054538 0.05053505530724159 0.051339222834660456
0 0.09257340431213379 0.5229624968308669 0.01851661388690655 0.018825457646296576
0 0.24279429362370417 0.6413323329045222 0.02433886894812951 0.02433600792518029
0 0.7902986086331881 0.21923615382267878 0.015281090369591346 0.015108475318321815
0 0.43215355506310094 0.6037407654982346 0.048598216130183294 0.04927913959209736
0 0.28521159979013294 0.6984756176288311 0.04301900130051833 0.04346378032977764
0 0.2257379568540133 0.4685235023498535 0.037715875185452975 0.037816561185396634
0 0.04825096405469454 0.9774344517634466 0.047910516078655534 0.041839306171123795
0 0.8860412010779748 0.7247616694523737 0.059512945321890026 0.05941214928260216
0 0.8979866321270282 0.9683211399958684 0.030151954064002402 0.03009033203125
0 0.5945715537438025 0.42592716217041016 0.0788728273831881 0.07716310941256009
0 0.3955429517305814 0.7571238004244291 0.021362964923565205 0.021431996272160456
0 0.9496053548959585 0.6890280063335712 0.01872678903432993 0.018756866455078125
0 0.8235388535719651 0.5808499409602239 0.048353341909555286 0.048002463120680586
0 0.9776222522442157 0.4138349019564115 0.018480447622445915 0.018344805790827826
0 0.19808741716238168 0.6192759000338041 0.014582083775446964 0.014677744645338792
0 0.5315652260413537 0.4471428944514348 0.014947451077974759 0.014929111187274639
0 0.4658201657808744 0.09056964287391076 0.03693888737605168 0.036967612229860745
0 0.4361818020160382 0.8454947838416467 0.04595873906062199 0.046102083646334134
0 0.14709812861222488 0.5823725186861478 0.025982214854313776 0.024901463435246393
0 0.820687147287222 0.17681288719177246 0.01613030066856971 0.016142991872934196
0 0.03467226257691017 0.446753061734713 0.015380368782923771 0.015319237342247596
0 0.26764737642728365 0.4787468176621657 0.030974864959716797 0.030698042649489183
0 0.10202274872706486 0.25290923852186936 0.10549580133878268 0.10338911643395057
0 0.5207076806288499 0.9176369446974534 0.05400826380803035 0.05429429274338942
0 0.8756804833045373 0.30504098305335414 0.020339232224684495 0.02039168431208684
0 0.8411096426156851 0.38779610853928786 0.02249424274151142 0.022087537325345553
0 0.1655416121849647 0.3435682150033804 0.013916455782376803 0.014017838698167067
0 0.03707017806860117 0.06043473115334144 0.02646478322836069 0.02629104944375845
0 0.5320728375361516 0.917414298424354 0.02939913823054387 0.029205322265625
0 0.2600269684424767 0.9739918342003455 0.016477438119741585 0.016499445988581732
0 0.6942470257098858 0.3995549128605769 0.023225050706129808 0.023220649132361777
0 0.5273881325354943 0.9174803953904372 0.04044943589430589 0.039606534517728366
0 0.9197628314678485 0.1311952700981727 0.017199589655949518 0.01732008273784931
0 0.9357095865102915 0.7534319070669321 0.049033825214092545 0.04997810950646034
0 0.8390622505774865 0.9078913468580979 0.019235610961914062 0.019177070030799277
0 0.06242444423528818 0.4986176857581505 0.057852479127737194 0.057240852942833535
0 0.5171649272625263 0.0668086180320153 0.016498345595139723 0.016120360447810247
0 0.8363688542292669 0.74542969923753 0.045639331524188705 0.04569038977989784
0 0.28760011379535383 0.6924149439885066 0.0397792229285607 0.0389103522667518
0 0.1719680015857403 0.3818767254169171 0.014308892763577975 0.014353238619290866
0 0.5790557861328125 0.22458777060875526 0.021930107703575723 0.02201670866746169
0 0.37880593079787034 0.6686012561504657 0.06561125241793118 0.06539066021259014
0 0.7596171452448919 0.31716244037334734 0.034368074857271634 0.03455660893366887
0 0.5186400046715369 0.983521975003756 0.03047767052283654 0.027979337252103366
0 0.616341444162222 0.9326367745032678 0.035063523512620196 0.034531813401442304
0 0.15656363047086275 0.4237998815683218 0.015560737022986779 0.015356063842773438
0 0.2410110877110408 0.9706806036142203 0.014629987569955679 0.014649317814753605
0 0.9688854217529297 0.5975313186645508 0.04530246441180889 0.060570936936598554
0 0.5665349960327148 0.3557594739473783 0.02657655569223257 0.026844611534705527
0 0.7706897442157452 0.8883433708777795 0.06586221548227164 0.06768006544846755
0 0.46320372361403245 0.2890940446120042 0.01968985337477464 0.01936619098369892
0 0.40168362397413987 0.4532995590796837 0.11095670553354117 0.10918896014873798
0 0.9640568953294021 0.3383614466740535 0.016424032358022835 0.015998106736403245
