0 0.6685616419865534 0.3474148970383864 0.045280163104717545 0.04519858727088341
0 0.6115250954261193 0.2683075758127066 0.02973307096041166 0.02986588844886193
0 0.43952017564039964 0.6931778834416316 0.02900857191819411 0.029675997220552884
0 0.5351484005267804 0.5938065602229192 0.022804700411283053 0.023093003493088942
0 0.7473091712364783 0.9236017373891977 0.01866766122671274 0.018656510573167067
0 0.2700317456172063 0.9288845062255859 0.01758571771474985 0.01768068166879507
0 0.7267501537616436 0.804635267991286 0.016475970928485576 0.01654639610877404
0 0.6426497239332932 0.04195145460275503 0.01692786583533654 0.01699682382436899
0 0.8999512012188251 0.1390658158522386 0.015497060922475962 0.015678882598876953
0 0.3609552016625038 0.7785053253173828 0.016011678255521335 0.01604799123910757
0 0.7931324885441706 0.5445933708777795 0.015171491182767428 0.015305005587064303
0 0.39061740728525013 0.3624142866868239 0.015303098238431491 0.015335376446063701
0 0.2976085589482234 0.7348197790292593 0.014683723449707031 0.014942462627704326
0 0.3372623003446139 0.60286833689763 0.014604568481445312 0.014880620516263522
0 0.5656876930823693 0.19671685879047102 0.014689225416917067 0.014760384192833534
0 0.11235787318303035 0.9314590600820688 0.014427001659686748 0.014541919414813701
0 0.33962425818810094 0.2759059209090013 0.014288095327524038 0.014322464282696065
0 0.4194516402024489 0.6975041902982272 0.014175928556002103 0.01449276850773738
0 0.36199246920072115 0.5585310275738056 0.014531795795147236 0.014177175668569712
0 0.34490269881028396 0.12498872096721943 0.014862353985126201 0.014807004194993239
