0 0.5146608352661133 0.7911005753737229 0.05223692380464994 0.05280802800105168
0 0.8974673931415265 0.6261621621938852 0.027173262376051683 0.027176343477689303
0 0.4466827099139874 0.2731165519127479 0.022901241595928486 0.023110316349909857
0 0.2665709715623122 0.06009721755981445 0.027109366196852464 0.026808582819425143
0 0.15273519662710336 0.4232460168691782 0.02065255091740535 0.02061799856332632
0 0.09841667688809909 0.30852479201096755 0.022834227635310247 0.023104300865760215
0 0.6478975002582257 0.765013914841872 0.021935536311222956 0.022021953876201924
0 0.371156435746413 0.3021536423609807 0.023996646587665264 0.02416548362145057
0 0.8125786414513221 0.09953692326178917 0.01904883751502404 0.01908403176527757
0 0.15517409031207746 0.5528286053584173 0.02209788102370042 0.022043668306790866
0 0.6362367043128381 0.07089258157289945 0.01784486037034255 0.017923886959369365
0 0.7969986842228816 0.20667279683626616 0.021459139310396634 0.021253219017615683
0 0.21861927325908953 0.8798223642202524 0.0203553346487192 0.020206304696890023
0 0.9661734654353216 0.10825912769024189 0.017013109647310697 0.016947269439697266
0 0.3354340333205003 0.3763883297259991 0.017177581787109375 0.017165110661433294
0 0.4832914792574369 0.904604985163762 0.01920186556302584 0.0194552494929387
0 0.2963237395653358 0.44056360538189226 0.01795533987192007 0.01797639406644381
0 0.8463114224947416 0.06284782519707313 0.029456211970402643 0.029840854498056266
0 0.2950710149911734 0.6599043332613431 0.017160709087665264 0.017211327185997598
0 0.7843481210561899 0.560359001159668 0.018543096689077523 0.018314655010516826
0 0.06255099865106437 0.03283853255785429 0.017413744559654824 0.017452790186955378
0 0.27723125311044544 0.7400601460383489 0.01706380110520583 0.01717655475323017
0 0.8980975517859826 0.8328002049372747 0.017040546123798076 0.01698156503530649
0 0.14191458775446966 0.9490010188176081 0.016783714294433594 0.016606844388521634
0 0.8154358497032752 0.177062621483436 0.015095050518329326 0.015185943016639123
0 0.09282952088576096 0.7431675103994516 0.015909341665414665 0.015792259803185098
0 0.380891726567195 0.49510963146503156 0.015662266657902643 0.015575849092923678
0 0.44870765392596906 0.25481288249676043 0.015203475952148438 0.015151574061467098
0 0.17194091356717622 0.7800345787635217 0.014884875370905949 0.014960949237530049
0 0.8328026991624099 0.21786366976224458 0.014147538405198317 0.014380821814903846
0 0.30370154747596156 0.3667926788330078 0.015171344463641826 0.015024625338040866
0 0.01883064554287837 0.05334549683790941 0.01396107215147752 0.014153113731971154
0 0.6073698630699744 0.1422368838236882 0.014243125915527344 0.014631289702195387
0 0.8286088063166692 0.006909358959931593 0.018197279710036058 0.013058437750889705
0 0.09611047231234036 0.4842820901137132 0.014368900885948768 0.014519984905536357
0 0.6763021028958834 0.23493656745323768 0.01501758282001202 0.015022864708533654
0 0.183530697455773 0.42672964242788464 0.01464095482459435 0.014822006225585938
0 0.05616219685627864 0.48806190490722656 0.014474181028512808 0.014183851388784556
0 0.7661903087909405 0.39412802916306716 0.014077406663161058 0.01427914546086238
0 0.15096264619093674 0.3769961870633639 0.016530660482553337 0.01630269564115084
0 0.3667904780461238 0.011410839282549344 0.014189500075120192 0.014165956240433913
