0 0.12102422347435585 0.18741695697490984 0.07883611092200646 0.07984095353346604
0 0.8979490720308744 0.5105138925405649 0.023264077993539665 0.023288580087515023
0 0.0723302776996906 0.12809395790100098 0.036294286067669206 0.036246189704308145
0 0.5948652854332557 0.4204723651592548 0.029824183537409857 0.03014960655799279
0 0.3823727827805739 0.7009113018329327 0.02378052931565505 0.023523770845853366
0 0.1526182064643273 0.2597535573519193 0.09851936193612906 0.09959492316612831
0 0.30190247755784255 0.9072093963623047 0.022379948542668268 0.022470620962289665
0 0.048489891565763034 0.3212173902071439 0.020541830704762384 0.02041149139404297
0 0.4188390878530649 0.4059594961313101 0.01859884995680589 0.01863376910869892
0 0.4445896882277269 0.2514413320101224 0.06306076049804688 0.06277891305776742
0 0.33077309681819034 0.651271966787485 0.019249402559720553 0.019321294931265023
0 0.07665667167076698 0.38037931002103365 0.01723960729745718 0.017299652099609375
0 0.05380911551989042 0.7912066533015325 0.02180469036102295 0.021624931922325723
0 0.5549204532916729 0.8877353668212891 0.022481184739332933 0.0227203369140625
0 0.6827746171217698 0.09396666746873122 0.020342313326322116 0.020206708174485426
0 0.16326566842886117 0.03518672860585726 0.019432911506065957 0.019377107803638164
0 0.2597747032458966 0.1930264693040114 0.018720406752366286 0.01854225305410532
0 0.47413429847130406 0.26721574709965634 0.01697540283203125 0.01702110583965595
0 0.4695991369394156 0.19042183802678034 0.06590659801776592 0.06627640357384315
0 0.0498958184168889 0.18720153661874625 0.08317631941575271 0.1318576611005343
0 0.5111329738910382 0.09551687423999493 0.1500693101149339 0.1595604052910438
0 0.3599713398860051 0.8943013411301833 0.016503407404972956 0.01647186279296875
0 0.6794524559607873 0.4044002386239859 0.015368241530198317 0.015581571138822116
0 0.38773191892183745 0.32188811668982875 0.016942537747896634 0.016806969275841348
0 0.9237127304077148 0.8329425958486704 0.018737939687875602 0.018631568321814902
0 0.3520190899188702 0.5631582186772273 0.014939968402569111 0.01504061772273137
0 0.39395963228665865 0.5772088857797476 0.01476287841796875 0.014710499690129207
0 0.11768196179316594 0.2810234473301814 0.03413275571969839 0.03317836614755484
0 0.6176688120915339 0.21616011399489182 0.016381483811598558 0.01662892561692458
0 0.4926093908456656 0.04541132083305946 0.17542134798490083 0.09049531129690316
0 0.40341758728027344 0.6573646251971905 0.015450257521409255 0.015743549053485576
0 0.03314101237517137 0.7486779139592097 0.018380385178786058 0.01848426231971154
0 0.06666346696706918 0.9427823286790115 0.015535593032836914 0.015415338369516226
0 0.251257272867056 0.7960130251370944 0.01549541033231295 0.015364573552058293
0 0.6070822202242337 0.5819135445814866 0.02303490271935096 0.023310074439415567
0 0.5462493896484375 0.3640333322378305 0.014532822829026442 0.014454474815955529
0 0.27266759138840896 0.19238690229562613 0.06890641725980319 0.06779967821561374
0 0.28427494489229643 0.42439724848820615 0.05698724893423227 0.05708870520958534
0 0.29105953069833607 0.2524216358478253 0.015692417438213643 0.015743769132173978
0 0.13137906331282395 0.1417637329835158 0.014497775297898512 0.014498637272761418
0 0.3807250903202937 0.14040572826678938 0.052562786982609674 0.052425567920391374
0 0.07338745318926297 0.4817925966702975 0.05720918912153978 0.057460784912109375
0 0.07732306076930119 0.47758825008685774 0.04750521366412823 0.047686283405010514
0 0.8557123037484976 0.9753044568575345 0.023303398719200723 0.023302078247070312
0 0.4299584168654222 0.5842982805692233 0.022680062514085036 0.022682776817908652
0 0.41366026951716495 0.4622419797457181 0.014556077810434194 0.01467147240271935
0 0.020398745170006387 0.2845297226539025 0.025308902447040264 0.0364843148451585
0 0.24697032341590294 0.4120327142568735 0.014768453744741587 0.014615425696739784
0 0.049132044498737044 0.44456199499276966 0.03723138112288255 0.03755965599646935
