0 0.309569395505465 0.6710108243502103 0.04972201127272386 0.04993027907151442
0 0.7227429610032302 0.08546788875873272 0.03822238628680889 0.03817205704175509
0 0.4209417196420523 0.6871931369488056 0.04643564957838792 0.046653454120342545
0 0.10543018120985764 0.9753203758826623 0.050296086531419024 0.04599497868464543
0 0.7337904710036057 0.2665261488694411 0.023307213416466348 0.023222042964054987
0 0.5299430993887094 0.7219531719501202 0.027001600999098558 0.027309417724609375
0 0.6634063720703125 0.519987363081712 0.023952337411733773 0.024026944087101862
0 0.12581423612741324 0.8073081970214844 0.03853889612051157 0.038738104013296276
0 0.1418993381353525 0.41529064912062424 0.028664093751173753 0.028337772075946514
0 0.20480940892146185 0.6616007731511042 0.01993846893310547 0.019940302922175482
0 0.18164869455190805 0.15584142391498274 0.027579821073091947 0.02761577642880953
0 0.8159892008854792 0.6189746856689453 0.030266248262845553 0.03073604290301983
0 0.8771814199594351 0.13828215232262245 0.01669458242563101 0.016741092388446514
0 0.13417964715224046 0.9202605761014498 0.017450259282038763 0.01722115736741286
0 0.31360941666823167 0.08624058503371018 0.02374694897578313 0.0239068865776062
0 0.11713457107543945 0.37842530470628005 0.04802256364088792 0.04858999985914964
0 0.08575114837059608 0.04277255443426279 0.031586757073035605 0.031133083196786735
0 0.150199110691364 0.78526915036715 0.032542760555560775 0.03267831068772536
0 0.793268790611854 0.14032327211820161 0.01633306650015024 0.01633585416353666
0 0.3171050731952374 0.645956406226525 0.017998328575721152 0.017975733830378607
0 0.6704579133253831 0.3687604757455679 0.018066846407376803 0.018103966346153848
0 0.8544015150803786 0.9628686904907227 0.018231318547175482 0.01822633009690505
0 0.1405190871312068 0.06580109779651348 0.03801155090332031 0.03808922034043532
0 0.20525752581082857 0.5768532386192908 0.02898883819580078 0.029076209435096152
0 0.1795977078951322 0.977090101975661 0.021138631380521335 0.020858324491060697
0 0.860831407400278 0.028071082555330716 0.025886095487154447 0.025869717964759238
0 0.06444014952732967 0.09254769178537223 0.02499101712153508 0.024576627291165866
0 0.34760130368746245 0.11914812601529635 0.016766768235426683 0.016782705600445088
0 0.18777256745558518 0.13137435913085938 0.028142122121957634 0.028319322145902194
0 0.14595871705275315 0.36707911124596226 0.028393305264986478 0.028637225811298076
0 0.3584650479830228 0.3827851368830754 0.025027055006760817 0.02506710932804988
0 0.08442894312051627 0.39276519188514125 0.022912098811222956 0.023047887361966647
0 0.4454977328960712 0.5446232282198392 0.015039884127103366 0.014919281005859375
0 0.1642453853900616 0.6186986336341271 0.015668575580303486 0.015717726487379808
0 0.25035157570472133 0.02509621473459097 0.025292029747596152 0.025177180767059326
0 0.16068737323467547 0.35101619133582485 0.02543299014751728 0.026043525108924277
0 0.16312162692730242 0.7654217940110427 0.02769169440636268 0.027907298161433294
0 0.03877975390507625 0.9600369380070612 0.03189826011657715 0.032438424917367786
0 0.10278746714958778 0.255920776954064 0.017126945348886344 0.017491927513709433
0 0.4623865714439979 0.7171256725604718 0.04342783414400541 0.043451162484975964
0 0.5597346379206731 0.5073000834538386 0.015958199134239785 0.016116802509014424
0 0.22975448461679313 0.6742185445932242 0.01925042959359976 0.019332005427433893
0 0.9353705186110276 0.7577281365027795 0.014912972083458534 0.014871744009164663
0 0.1085356382223276 0.33129024505615234 0.021917343139648438 0.022395207331730768
0 0.26285884930537295 0.4633769255418044 0.023556232452392578 0.02336736825796274
0 0.2491750717163086 0.05347865361433763 0.020502163813664362 0.02046472292680007
0 0.2382519428546612 0.5037615849421575 0.03403054750882662 0.03450936537522536
0 0.3331613907447228 0.35598615499643177 0.02297826913686899 0.022969759427584134
0 0.2359158442570613 0.47900607035710263 0.03580948022695688 0.03614653073824369
0 0.15464430588942307 0.8513846764197717 0.01473067356989934 0.014843280498798076
0 0.33210072150597203 0.0755605697631836 0.02957021273099459 0.029566361353947565
0 0.3114437690147987 0.5952185850877029 0.018976523325993463 0.01931153810941256
0 0.039657996251032904 0.11415897882901706 0.03140540306384747 0.0315087758577787
0 0.12354285900409405 0.04014654801442073 0.04769145525418795 0.047467681077810436
0 0.08766955595750076 0.34246140259962815 0.029566723566788893 0.030580520629882812
0 0.3123579758864183 0.9621131603534405 0.017319587560800407 0.017492147592397835
0 0.25711633608891415 0.04451208848219652 0.03620312764094426 0.03605331824376033
0 0.8624153870802659 0.0209160355421213 0.017690071692833535 0.016775946204478923
0 0.35570650834303635 0.19413485893836388 0.022284874549278848 0.02183385995718149
0 0.01518674767934359 0.7330174079308143 0.014404787467076229 0.014399895301231971
0 0.34355658751267654 0.5654465235196627 0.015981454115647536 0.015984315138596755
0 0.40101264073298526 0.16691222557654747 0.01735665247990535 0.017188072204589844
0 0.39433350929847133 0.30705906794621396 0.022038973294771634 0.02197155585655799
0 0.19878798264723557 0.9764005220853366 0.042608994704026446 0.042947035569411054
0 0.10045253313504733 0.24202992365910456 0.014276816294743465 0.01409134498009315
0 0.3103370666503906 0.12153466848226693 0.018587680963369515 0.01837449807387132
0 0.3380121084359976 0.37568869957557094 0.023366928100585938 0.023850367619441107
0 0.3034235147329477 0.4896378517150879 0.014918767488919772 0.014876218942495493
0 0.4833069948049692 0.6650730279775766 0.013732103201059194 0.013837227454552284
0 0.3589203907893254 0.36390201862041766 0.022565548236553486 0.02333413637601412
0 0.2003344205709604 0.1494746391589825 0.014279585618239183 0.014263556553767277
0 0.3076176093174861 0.17457415507389948 0.022340150979849007 0.022534810579740085
0 0.6804868257962741 0.9269676942091721 0.01476757342998798 0.014672646155724159
0 0.2063776162954477 0.04904888684933002 0.0284879024212177 0.02841650522672213
0 0.25504380006056565 0.151441555756789 0.0133973635160006 0.013508870051457332
0 0.990052003126878 0.6664446317232572 0.015141707200270433 0.015877650334284857
0 0.09843796033125657 0.2726980722867526 0.014793634414672852 0.014855898343599759
0 0.08321371445289025 0.10038323585803692 0.03159101651265071 0.03116272046015813
0 0.06148258539346548 0.416200014261099 0.01544358180119441 0.015379758981557993
0 0.34584790009718674 0.635795153104342 0.01756139901968149 0.017407930814302884
0 0.33107698880709135 0.9742169013390174 0.024195010845477764 0.024356842041015625
0 0.06418002110261184 0.3519243827232948 0.024399289718041055 0.025103202232947715
0 0.19677297885601336 0.7932909451998197 0.019501979534442607 0.019676795372596152
0 0.2646817977611835 0.7178927201491135 0.017906995920034554 0.017781184269831732
0 0.06757119068732628 0.32638410421518177 0.016979529307438776 0.01737528580885667
