0 0.44858129207904524 0.15116073535038874 0.28594215099628156 0.2869532658503606
0 0.10533099908095139 0.5564641218919021 0.058835469759427585 0.05863673870380108
0 0.019803044887689445 0.5098911432119516 0.03957730531692505 0.046264354999248795
0 0.6356455729557917 0.9261851677527795 0.04628533583420973 0.047163743239182696
0 0.17473187813392052 0.9404610853928786 0.02307899181659405 0.023032408494215745
0 0.0755008000593919 0.6854080787071815 0.020422036831195537 0.020224351149338942
0 0.2494350763467642 0.9812707167405349 0.021745901841383714 0.022182464599609375
0 0.6258613146268405 0.9012285379263071 0.031889842106745794 0.0321508554311899
0 0.1203538729594304 0.7323675889235276 0.02277346757742075 0.022600320669320915
0 0.7408007108248197 0.9007577896118164 0.020625481238731973 0.02048213665301983
0 0.8326173929067758 0.4949209506695087 0.01827826866736779 0.018247384291428786
0 0.6486650613638071 0.671409900371845 0.01755699744591346 0.017475715050330527
0 0.12072280737069938 0.8926058549147385 0.01796561021071214 0.0177761958195613
0 0.633828383225661 0.6500599200908954 0.016785548283503607 0.016676682692307692
0 0.9628052344689002 0.9434132942786584 0.019640262310321514 0.019704525287334736
0 0.7817334395188552 0.32915834280160755 0.01569219735952524 0.015822850740872897
0 0.021808715967031624 0.6891745787400466 0.016984068430387057 0.016913634080153245
0 0.8946709266075721 0.8874949675339919 0.015578636756310096 0.015521416297325721
0 0.7979079026442307 0.8621880457951472 0.016773810753455527 0.016782320462740384
0 0.767979988685021 0.7538276085486779 0.018558795635516826 0.018596355731670674
0 0.10849242943983811 0.693398328927847 0.016391735810499925 0.016421978290264424
0 0.29987338873056263 0.6476104442889874 0.016118196340707634 0.016114161564753607
0 0.9405632019042969 0.6465473175048828 0.015482095571664663 0.015503223125751201
0 0.520106315612793 0.7929524641770583 0.015153444730318509 0.015253067016601562
0 0.14518200434171236 0.8432143284724309 0.025317852313701924 0.025807013878455527
0 0.974571521465595 0.8643908133873572 0.01638970008263221 0.016191629263070915
0 0.9102458220261794 0.44673912341778094 0.016240780170147236 0.016322209284855768
0 0.5480404633742112 0.657858261695275 0.016286849975585938 0.0166171147273137
0 0.6272335052490234 0.8771734971266526 0.017796883216271035 0.01757665780874399
0 0.8348276431743915 0.8817471724290115 0.01645352290226863 0.016518519474909857
0 0.09888590299166165 0.6541421596820538 0.014664760002723107 0.014627016507662259
0 0.7508112100454477 0.9877824049729568 0.01526935283954327 0.015290186955378605
0 0.1677835354438195 0.8157276740440955 0.02434990956233098 0.024608612060546875
0 0.7466856149526743 0.7894336993877704 0.014523726243239183 0.014504359318659855
0 0.7380550091083233 0.3575319510239821 0.015052208533653846 0.014864041255070614
0 0.01925829969919645 0.653643901531513 0.015242306085733267 0.015149336594801683
0 0.9486779433030349 0.014254352221122155 0.017384749192457933 0.017695899193103496
0 0.9644904503455529 0.8349210298978366 0.015344766470102163 0.015191591702974759
0 0.8188937260554388 0.84142332810622 0.018636556772085335 0.018733978271484375
0 0.23440372026883638 0.3409799062288724 0.01960013462946965 0.019578053401066706
0 0.2635769293858455 0.9120021233191857 0.014024000901442308 0.014215616079477163
0 0.8951822427602915 0.4819801770723783 0.015824391291691706 0.015761742225060098
0 0.1802838765657865 0.8567700019249549 0.014584834759051982 0.014507587139423076
0 0.13619164320138785 0.7990727057823768 0.014696983190683218 0.014512282151442308
0 0.7252512711745042 0.8147739997276893 0.015405214749849759 0.015178093543419471
0 0.23747634887695312 0.8152985206017127 0.018396744361290567 0.018147688645582933
0 0.9804851825420673 0.980532352740948 0.015005845289963942 0.014655333298903245
0 0.5948679263775165 0.7960810294518104 0.014117974501389723 0.013878895686222957
0 0.5078290059016302 0.7147520505464994 0.01419536884014423 0.014157808743990384
0 0.7127616588885968 0.667976452754094 0.013643998366135817 0.01371471698467548
0 0.15007629761329064 0.8120167072002704 0.0145110717186561 0.014699495755709134
0 0.4762297043433556 0.5196488086993878 0.013623824486365685 0.013353201059194712
0 0.988679812504695 0.5749645599952111 0.014292643620417668 0.014163750868577223
0 0.890246317936824 0.6897147252009466 0.016251197228064902 0.016294039212740384
0 0.9602667735173152 0.7900755222027118 0.013806416438176082 0.013899876521183895
0 0.7242560753455529 0.9095949759850135 0.014474428617037259 0.014379501342773438
