0 0.40628836705134463 0.9146806276761569 0.03939694624680739 0.03944822458120493
0 0.6501164803138146 0.6919949604914739 0.0201418950007512 0.020095238318810098
0 0.4696789521437425 0.9811837122990534 0.026620131272536058 0.026716085580679085
0 0.6507756159855769 0.7423527790949895 0.020315903883713942 0.020095238318810098
0 0.45691442489624023 0.6980159466083233 0.03240834749661959 0.03221687903771034
0 0.6882836268498347 0.664851922255296 0.018580510066105768 0.018355736365685098
0 0.5115486658536471 0.013571468683389517 0.02311082986684946 0.0230174339734591
0 0.5334941423856295 0.5036436227651743 0.02312014653132512 0.023098285381610576
0 0.7488199380727915 0.7939946101262019 0.029323284442608174 0.029549818772536058
0 0.41182899475097656 0.7317120478703425 0.026722541222205527 0.026873368483323317
0 0.4080400833716759 0.9850193903996394 0.025975374075082634 0.024242694561298076
0 0.49545896970308745 0.687898195706881 0.017692419198843148 0.017979548527644232
0 0.5537000069251428 0.790118510906513 0.021148534921499398 0.021021182720477764
0 0.3227974818303035 0.8720487447885367 0.02099301264836238 0.02121250446026142
0 0.8065951420710638 0.10838675498962402 0.017853370079627402 0.020770696493295524
0 0.20337985112116888 0.5540871253380408 0.023790359497070312 0.02418694129356971
0 0.22400800998394305 0.9395901606633112 0.017982629629281852 0.01828736525315505
0 0.7282077349149264 0.7430571776169997 0.01740426283616286 0.017142515916090745
0 0.801579842200646 0.7238810612605169 0.0177001953125 0.017566094031700723
0 0.4313531288733849 0.8534497481126052 0.025948157677283652 0.025830195500300482
0 0.6897693047156701 0.6050766431368314 0.01678613516000601 0.01680337465726412
0 0.18949279418358436 0.820555907029372 0.017284613389235277 0.01902037400465745
0 0.6271828871506911 0.3936085334190956 0.01994147667518029 0.020037357623760518
0 0.48646002549391526 0.9446827081533579 0.017690071692833535 0.0176699711726262
0 0.23370526387141302 0.9022568189180814 0.023848276871901292 0.02406736520620493
0 0.7352400559645432 0.6545344132643479 0.026442894568810098 0.026269179124098558
0 0.6735734205979568 0.3540332500751202 0.02184911874624399 0.022068610558143027
0 0.7424256251408503 0.3906391217158391 0.02043914794921875 0.02047392038198618
0 0.5635533699622521 0.7478310511662409 0.02301634274996244 0.023152278019831732
0 0.32067214525662935 0.7956693355853741 0.021064024705153245 0.02103585463303786
0 0.4715432753929725 0.9361650026761569 0.016494164100060098 0.01660948533278245
0 0.6277264081514798 0.5227917157686673 0.019410060002253607 0.019338020911583535
0 0.3980399645291842 0.9514165291419396 0.01818510202261118 0.018151503342848558
0 0.7040396470289964 0.8430111958430364 0.01676001915564904 0.016742706298828125
0 0.5898881692152756 0.870935660142165 0.01613022730900691 0.015990477341871995
0 0.30248133952801043 0.18873790594247672 0.015993301685039815 0.01596975326538086
0 0.777771729689378 0.4131028101994441 0.016667292668269232 0.016832498403695915
0 0.5982525165264423 0.4144891592172476 0.019472122192382812 0.019417689396784857
0 0.7310591477614182 0.6354557917668269 0.030437762920673076 0.03021372281588041
0 0.20110498941861665 0.8512369302602915 0.018408518571120042 0.018075062678410456
0 0.5872361476604755 0.3483142852783203 0.017411452073317308 0.01734190720778245
0 0.5185080308180589 0.4742900041433481 0.017330463115985576 0.017465811509352464
0 0.25650110611548793 0.2214054511143611 0.015491412236140324 0.015389002286470853
0 0.7497178591214694 0.5760356462918795 0.015812507042518027 0.01571992727426382
0 0.6657350980318509 0.3375658622154823 0.017021766075721152 0.016844969529371995
0 0.43102506490854114 0.9795178633469802 0.021701959463266227 0.02166894766000601
0 0.7170457106370193 0.3594699272742638 0.016983912541316107 0.016997850858248197
0 0.25942564010620117 0.6475929847130408 0.01813085262592022 0.018348547128530648
0 0.4594612121582031 0.8569535475510818 0.025687584510216348 0.025856604942908652
0 0.7694876744196966 0.9170441994300256 0.01886602548452524 0.018799708439753607
0 0.2532302416287936 0.7378807067871094 0.017631017244779147 0.017306694617638223
0 0.34432440537672776 0.8320881770207331 0.015952477088341348 0.01599737314077524
0 0.7245867802546575 0.3926539054283729 0.015449817364032451 0.01559308859018179
0 0.5668889559232272 0.4065503707298866 0.020793768075796273 0.021053240849421576
0 0.7086750177236704 0.602261286515456 0.018517274122971755 0.01779908400315505
0 0.4094201968266414 0.6928565685565655 0.015528092017540565 0.015391129713792067
0 0.7676165654109075 0.03238938863460834 0.01647332998422476 0.016382373296297513
0 0.4496440887451172 0.1978623500237098 0.01689910888671875 0.016753490154559795
0 0.6224082800058218 0.48459731615506685 0.016994182880108174 0.01711904085599459
0 0.5989022621741662 0.2899336081284743 0.016864776611328125 0.01685179196871244
0 0.724120360154372 0.3750161391038161 0.01779805696927584 0.017806346599872295
0 0.3393384493314303 0.8016062516432542 0.0171510989849384 0.016885023850661058
0 0.6389052317692683 0.5439710250267615 0.024915255033052884 0.024918556213378906
0 0.3579285695002629 0.4248535449688251 0.015131877018855168 0.015148456280048076
0 0.4652403317964994 0.8759797903207632 0.020453966580904447 0.020725250244140625
0 0.42563497103177583 0.9615422762357272 0.024168968200683594 0.023960113525390625
0 0.6860191638653095 0.81604370704064 0.016809903658353366 0.016841888427734375
0 0.7315451548649714 0.7204547295203576 0.021320343017578125 0.021338536189152643
0 0.21420544844407302 0.5729291255657489 0.0220334713275616 0.022272916940542366
0 0.7408040853647085 0.3531522017258864 0.017718681922325723 0.017891810490534857
0 0.5465768300569974 0.1703329819899339 0.022553077110877402 0.02281335683969351
0 0.6501597624558669 0.5576019287109375 0.016870498657226562 0.016780999990609977
0 0.44795645200289214 0.7951224400446966 0.016243861271784857 0.01676031259390024
0 0.6035183393038236 0.5035048998319186 0.016913707439716045 0.016891332773061898
0 0.770228019127479 0.557207621060885 0.014786353478064904 0.01472018315241887
0 0.557464783008282 0.3003791662362906 0.014436281644381009 0.014460013462946964
0 0.19530111092787522 0.5709790816673865 0.016612676473764274 0.017022206233097956
0 0.26895915544950044 0.7632857102614182 0.02554944845346304 0.027137903066781852
0 0.4866457719069261 0.871554448054387 0.016082910391000602 0.016007350041316107
0 0.2148009446951059 0.5973084889925443 0.02113936497614934 0.020662601177509014
0 0.5312701738797702 0.18834682611318734 0.015438226553109976 0.015268986041729268
0 0.1939237301166241 0.2651434861696683 0.018561950096717246 0.02179402571458083
0 0.6992894686185397 0.5789742836585412 0.014034858116736779 0.014112619253305288
0 0.4545600230877216 0.8340870783879206 0.016855533306415264 0.01716760488656851
0 0.40555994327251726 0.6260290879469651 0.014313844534067007 0.014397254356971154
0 0.25434160232543945 0.970420397244967 0.015007899357722355 0.014832716721754808
0 0.5976298772371732 0.3722050740168645 0.020822965181790866 0.020947969876802884
0 0.24074842379643366 0.6092678950383112 0.016683578491210938 0.016901309673602764
0 0.27090908930851865 0.755677003126878 0.01903871389535757 0.018219581017127402
0 0.26790956350473255 0.7674694794874924 0.023688756502591647 0.023891742412860576
0 0.5306042157686673 0.1635277087871845 0.018603178171011116 0.0186917965228741
0 0.73101439842811 0.6192403940054086 0.019412114070012018 0.018441126896784857
0 0.3435227320744441 0.7044312403752253 0.014317145714393029 0.014429826002854567
0 0.6221609115600586 0.5419004146869366 0.017174500685471755 0.01762874309833233
0 0.7595025576077975 0.3692041543813852 0.016238579383263223 0.01680784959059495
0 0.23770963228665865 0.7617296072152945 0.022247827970064603 0.02300394498384916
0 0.5172528486985427 0.31439964587871844 0.014017838698167067 0.013945212730994591
0 0.5717683205237756 0.2891789216261644 0.019207587608924277 0.019312931941105768
0 0.5385056275587815 0.23812378369844878 0.02095163785494291 0.021378003633939303
0 0.4568643203148475 0.23676296380849984 0.015559783348670373 0.015363693237304688
0 0.6668500166672927 0.22778850335341233 0.015218001145582933 0.015425865466778096
0 0.1893459466787485 0.643187376169058 0.014144017146183895 0.019654053908128005
0 0.23645566059992865 0.6416161610529973 0.017958934490497295 0.01826902536245493
0 0.4330874956571139 0.24877353814932016 0.01477358891413762 0.014912825364332933
0 0.19286359273470366 0.6511592131394607 0.021525052877572868 0.032030692467322715
0 0.7641147466806265 0.2652878577892597 0.014672646155724159 0.01470198998084435
0 0.19834687159611628 0.23774242401123047 0.014344472151536208 0.014316412118765024
0 0.6735291114220252 0.9471447284405048 0.013608492337740384 0.013599395751953125
0 0.2230500074533316 0.6081361770629883 0.01654705634483924 0.016417283278245192
0 0.60446075292734 0.8177330310528095 0.014797650850736178 0.014933366041917067
0 0.19118294349083534 0.6466162754939153 0.017375872685359076 0.025889470027043268
0 0.5772026135371282 0.780304321875939 0.0198363524216872 0.019444832435021035
0 0.21906326367304876 0.6009821524986854 0.022202455080472507 0.02268534440260667
0 0.27240588114811826 0.6867022881141076 0.02356276145348182 0.023631462684044473
0 0.7464846831101638 0.12047760303203876 0.014414273775540866 0.014496069688063402
0 0.18791792942927435 0.6953675930316632 0.013534032381497897 0.015355770404522236
0 0.20317769050598145 0.6385395343487079 0.014950422140268179 0.015487377460186299
0 0.3183028514568622 0.25915939991290754 0.014442884005033053 0.014487890096811147
0 0.36973021580622745 0.395627315227802 0.013905892005333534 0.01374354729285607
0 0.7592003162090595 0.3802146911621094 0.015417539156400241 0.014779457679161659
0 0.6556271039522611 0.22005407626812273 0.01615142822265625 0.01558993412898137
0 0.7434513385479267 0.09165725341209999 0.015242649958683895 0.015239403798029972
0 0.5612304394061749 0.2485345693734976 0.017841852628267728 0.017948150634765625
0 0.22135276060837966 0.6041326889624963 0.02022097660945012 0.02113056182861328
0 0.19395300058218148 0.6577557050264798 0.02170100578894982 0.02383730961726262
0 0.27725656215961164 0.6968333904559796 0.016047257643479567 0.016086284930889424
0 0.37424843127910906 0.7613688248854417 0.014115700354942909 0.014079754169170674
0 0.6175472552959735 0.4118489118722769 0.023465376633864183 0.02401880117563101
0 0.6502797787006085 0.3507188650277945 0.013512538029597355 0.013472336989182692
0 0.6715794343214768 0.37618310634906477 0.018968728872445915 0.01872671567476713
