0 0.3685009296123798 0.4206711695744441 0.13212247995229867 0.13420897263746995
0 0.8439485109769381 0.11349305739769569 0.02737910930926983 0.031001989658062275
0 0.6652121910682092 0.1153183808693519 0.029012239896334134 0.029074412125807542
0 0.6402435302734375 0.23573864423311675 0.030449793888972357 0.030618667602539062
0 0.8333373436560998 0.4372996183542105 0.019614293025090143 0.01954027322622446
0 0.6415447821983924 0.35581320982712966 0.025164090670072116 0.025201797485351562
0 0.3274371807391827 0.34448535625751203 0.020315023568960335 0.02049842247596154
0 0.3986647679255559 0.22104628269488996 0.027149493877704326 0.027241963606614333
0 0.5049907610966609 0.3388836934016301 0.02162339137150691 0.021789404062124398
0 0.5208790852473333 0.9077937786395733 0.026290306678185098 0.026145348182091348
0 0.337677368750939 0.7284528292142428 0.02046621762789213 0.020521897536057692
0 0.4169817337623009 0.7440157670241135 0.022498130798339844 0.02261968759390024
0 0.22118539076585036 0.389131105863131 0.024773304279033955 0.02502331366905799
0 0.21811512800363395 0.5170642045828012 0.02035364737877479 0.0205384034376878
0 0.3351263633141151 0.5281627361591046 0.02064998333270733 0.02061946575458233
0 0.19246644240159255 0.41797381180983323 0.02454552283653846 0.02457604041466346
0 0.7681840016291692 0.3541235556969276 0.018498934232271634 0.01868893549992488
0 0.1808947783250075 0.5041284561157227 0.019291437589205228 0.019164085388183594
0 0.16571562106792742 0.42658196962796724 0.017632411076472357 0.017604681161733773
0 0.5004418813265287 0.8177107297457181 0.020855463468111478 0.020901900071364183
0 0.6913061875563401 0.40535930486825794 0.016516465407151442 0.016386765700120192
0 0.7152899228609525 0.9899819447444036 0.03256783118614784 0.018247604370117188
0 0.33172123248760516 0.6327586540809045 0.017566534189077523 0.017672318678635817
0 0.5130489789522611 0.8834328284630408 0.017412772545447715 0.017559051513671875
0 0.23595516498272234 0.412176829117995 0.023191452026367188 0.023303838876577523
0 0.5298110521756686 0.03772460955839891 0.01753366910494291 0.01752285773937519
0 0.7208591607900766 0.2080711034628061 0.01652248089130108 0.01645667736346905
0 0.31930835430438703 0.3151232646061824 0.016082030076246995 0.016241788864135742
0 0.28307403050936186 0.7111326364370493 0.01610697232759916 0.01605048546424279
0 0.7470813164344201 0.9226980942946214 0.01668401864858774 0.016811370849609375
0 0.8255541141216571 0.47567217166607195 0.016757818368765023 0.01666677915132963
0 0.2055544119614821 0.9290971755981445 0.0168001468365009 0.01657838087815505
0 0.49482473960289586 0.6598636920635517 0.01526627173790565 0.015524644118088942
0 0.3011447466336764 0.6138320702772874 0.014989632826585036 0.01495676774245042
0 0.7898992391733023 0.3673101571890024 0.015102679912860576 0.01510312007023738
0 0.6496851994441106 0.7737855177659255 0.015967589158278245 0.015932229849008415
0 0.1803723848783053 0.4523795201228215 0.01503893045278696 0.015077297504131611
0 0.5006648577176608 0.5708159666794997 0.015610768244816707 0.015776560856745794
0 0.5513158944936899 0.20637000524080718 0.01580502436711238 0.015708043025090143
0 0.14859366416931152 0.20448088645935059 0.014275074005126953 0.015410790076622596
0 0.39713632143460786 0.31598876072810245 0.015361785888671875 0.015191004826472355
0 0.3745592190669133 0.6803877903864934 0.014952586247370793 0.015056316669170674
0 0.4440705959613507 0.7615608802208533 0.01849996126615084 0.018511552077073317
0 0.38284822610708386 0.9936769925631009 0.01568442124586839 0.011085216815655049
0 0.603026243356558 0.750099989084097 0.01581148000863882 0.015560590303861178
0 0.7336148482102615 0.9716906914344201 0.017833416278545674 0.018084892859825723
0 0.5893160746647761 0.19206828337449294 0.014765519362229567 0.014547934898963341
0 0.6538837139423077 0.18911224145155686 0.017636225773737982 0.017433936779315654
0 0.634360460134653 0.3785197918231671 0.023370742797851562 0.023411677433894232
0 0.7189821096567007 0.40829078967754656 0.014677047729492188 0.014694947462815505
0 0.8290053147536057 0.8899768682626578 0.015408736008864183 0.015453045184795674
0 0.7286606568556565 0.3085176027738131 0.015822630662184495 0.015652876633864183
0 0.25648876336904675 0.07994424379788913 0.017397733835073616 0.01698613166809082
0 0.5134811401367188 0.563619980445275 0.016581168541541465 0.01677835904634916
0 0.6030994195204514 0.031512673084552474 0.015402133648212139 0.015599911029522236
0 0.5368084540733924 0.28620175214914173 0.015357090876652645 0.015549219571627103
0 0.24216545545137846 0.14513874053955078 0.014564294081467848 0.014834220592792217
0 0.48534275935246396 0.6333690056434045 0.01427929217998798 0.01418011005108173
0 0.7689913236177884 0.9369110694298377 0.018929114708533652 0.018910774817833535
0 0.2598359768207257 0.714663578913762 0.014656470372126652 0.01469890887920673
0 0.7617624722994291 0.4585490593543419 0.013898996206430288 0.0142365969144381
0 0.7444080939659705 0.8438480817354642 0.014026935283954326 0.014056132389948918
0 0.5883262707636907 0.8134325467623197 0.015209197998046875 0.0152740478515625
0 0.6503360454852765 0.4315169407771184 0.0148622072660006 0.01502535893366887
0 0.6889765812800481 0.13508694905501145 0.018481621375450723 0.018604076825655423
0 0.646450556241549 0.15835099953871506 0.020535102257361777 0.02008511469914363
0 0.24437777812664324 0.9956066425030048 0.016179414895864632 0.007425748384915865
0 0.7391465994027945 0.31861286896925706 0.01404278094951923 0.01399062230036809
0 0.852394544161283 0.9663149026724008 0.01464374248798077 0.014657534085787259
0 0.5771638430081881 0.39782124299269456 0.037345592792217545 0.036797670217660755
0 0.6852697225717398 0.3588696993314303 0.013789837176983174 0.013719265277569111
