0 0.9434647193321815 0.30441566614004284 0.06854776235727164 0.06952769939716046
0 0.188830540730403 0.2659445359156682 0.042025015904353216 0.04173917036790114
0 0.9669578258807843 0.7208381065955529 0.04259931124173678 0.04306353055513822
0 0.4445072320791391 0.39292309834406924 0.030562987694373496 0.030623729412372295
0 0.8791481898381159 0.8443222779494065 0.03819979154146635 0.0380407480093149
0 0.7598821199857272 0.6437654495239258 0.023815448467548076 0.023855942946213942
0 0.6166967245248648 0.34354804112361026 0.02774502680851863 0.027845089252178486
0 0.8931993337777945 0.3627118697533241 0.021939497727614183 0.022136174715482272
0 0.19499835601219764 0.3417980120732234 0.021625298720139723 0.02173922612116887
0 0.5359080387995794 0.2760752897996169 0.029222635122445915 0.029154557448167067
0 0.8048819028414212 0.6570472717285156 0.0417932363656851 0.0419773688683143
0 0.3455767264732948 0.5295224556556115 0.04944478548490084 0.049888904278094955
0 0.80755982032189 0.5055870276231033 0.03098458510178786 0.030720050518329326
0 0.3319355891301082 0.5615020165076623 0.04741463294396034 0.04943539546086238
0 0.4619733370267428 0.5521536607008714 0.03650342501126803 0.03725242614746094
0 0.7585141108586237 0.8715321467472956 0.017197535588191107 0.016767355111929085
0 0.2892657426687387 0.5664547406710111 0.04672879439133864 0.04709984705998348
0 0.9734904949481671 0.7908680989192083 0.037267244779146634 0.03718919020432692
0 0.8769330978393555 0.08234286308288574 0.01630240220289964 0.01634109478730422
0 0.5960761583768405 0.8678906514094427 0.01833196786733774 0.01862481924203726
0 0.7508704845721905 0.30789687083317685 0.03934346712552584 0.039611449608435996
0 0.7459237025334284 0.9577054243821365 0.03531294602614183 0.03552876985990084
0 0.42532986861008865 0.7883704258845403 0.017157627986027643 0.0171658442570613
0 0.78510255080003 0.6860413184532752 0.03746472872220553 0.03712169940655048
0 0.8690952887901893 0.6198877187875601 0.02599481435922476 0.026254947368915264
0 0.5648359151986929 0.5305907909686749 0.01753513629619892 0.017262825599083535
0 0.6229972839355469 0.6131494962252103 0.01534597690288837 0.015227684607872596
0 0.06954393020043007 0.7263933328481821 0.027155344302837666 0.027622809776893027
0 0.77965941795936 0.9554063356839694 0.03038171621469351 0.031119126539963942
0 0.8093635852520282 0.8934716444749099 0.03228554358849159 0.03225209162785457
0 0.5175993259136493 0.2559090027442345 0.017794388991135817 0.01732936272254357
0 0.2720530583308293 0.7415687854473407 0.033422690171461836 0.03305757962740385
0 0.10887676018934983 0.5024907038762019 0.016642313737135667 0.016478611872746393
0 0.6586946340707632 0.1745787767263559 0.019393040583683893 0.019313335418701172
0 0.24030311291034406 0.5988571460430439 0.045831460219163164 0.04608345031738281
0 0.6015651409442608 0.7123295710637019 0.019036366389347956 0.019074219923753005
0 0.16606860894423264 0.4624579136188214 0.06486925711998573 0.06593550168550931
0 0.6167935591477615 0.38626890916090745 0.015467130220853366 0.015368388249323918
0 0.1275337842794565 0.0514489274758559 0.015852854802058294 0.01579865125509409
0 0.9815859427818885 0.39424606469961315 0.01614071772648738 0.016524388239933893
0 0.11578238010406494 0.6837825775146484 0.016165678317730244 0.016004122220552884
0 0.8478892399714544 0.7673311967116135 0.018153557410606973 0.01787728529710036
0 0.38166361588698167 0.8039247806255634 0.016596574049729567 0.01655857379619892
0 0.4266514044541579 0.057468524345984824 0.01583686241736779 0.015990073864276592
0 0.13315995839925912 0.3924367611224835 0.016055767352764424 0.01598504873422476
0 0.5719219354482797 0.32932230142446667 0.03418276860163762 0.033757576575646035
0 0.11061613376323993 0.7660214350773737 0.04477607286893404 0.04519154475285457
0 0.858746235187237 0.1683960694533128 0.014735001784104567 0.014656947209284855
0 0.3924143130962665 0.3446009342487042 0.02064998333270733 0.021379617544320915
0 0.6591850427480844 0.04632781102107121 0.03435061528132512 0.03397585795475887
0 0.7093059833233173 0.9592543381911057 0.015351955707256611 0.015104733980618991
0 0.027102172374725342 0.8300889822152945 0.015824309908426724 0.016115335317758415
0 0.8177852630615234 0.7183944995586689 0.015163421630859375 0.014736028817983774
0 0.7188819004939153 0.49083269559420073 0.014993814321664663 0.015094903799203726
0 0.7897783426138071 0.7078808270967923 0.021056101872370794 0.02108148428109976
0 0.6808687356802133 0.3056326646071214 0.019331711989182692 0.019298626826359674
0 0.26561759068415713 0.6550828493558444 0.03764079167292668 0.03809151282677284
0 0.4907488456139198 0.7522415748009315 0.01721528860238882 0.017140315129206732
0 0.8205064626840445 0.7724351149338943 0.022914886474609375 0.02278005159818209
0 0.9302232448871319 0.6219323965219351 0.02706175584059495 0.027251463669996995
0 0.29229917893042934 0.7885728249183068 0.015528018657977764 0.015578930194561299
0 0.1678291100722093 0.056699120081388034 0.015897200657771185 0.016619003736055814
0 0.17330422768226036 0.0486376193853525 0.051164406996506914 0.051098961096543535
0 0.5252512418306791 0.30054741639357346 0.014856045062725361 0.01483000241793119
0 0.7413607377272385 0.23676729202270508 0.016447800856370192 0.01632074209359976
0 0.5551944512587327 0.7697331355168269 0.026762742262620192 0.026530632605919473
0 0.37043079963097203 0.4049384410564716 0.017086615929236777 0.016799413240872897
0 0.21618105815007135 0.8529230998112605 0.027144945584810697 0.027220799372746393
0 0.8825592627892127 0.4379688042860765 0.01423175518329327 0.014455281771146335
0 0.8501472473144531 0.3950402553264911 0.014671619121844951 0.014700889587402344
0 0.3336932108952449 0.9081586691049429 0.025994520920973558 0.026430276724008415
0 0.7498116860022912 0.9785870772141677 0.03783504779522236 0.036891937255859375
0 0.11780834197998047 0.6010388594407302 0.0325316649216872 0.03248141362116887
0 0.20563549261826736 0.061339887288900524 0.014181760641244741 0.01431601781111497
0 0.547118040231558 0.4680263079129733 0.015030860900878906 0.014990586500901442
0 0.08695658353658822 0.35684438852163464 0.05061501723069411 0.05205888014573317
0 0.2024417106921856 0.9561411784245417 0.01472146694476788 0.014767866868239183
0 0.8429448054387019 0.4925138766948993 0.04175523611215445 0.04304695129394531
0 0.6093390171344464 0.2937036661001352 0.03433704376220703 0.03404448582575871
0 0.8081472837007962 0.24031785818246695 0.033302013690655045 0.03246248685396635
0 0.1842655768761268 0.8425141114455003 0.029742974501389723 0.029297315157376803
0 0.09329688549041748 0.6751777942364032 0.02636889310983511 0.0259857177734375
0 0.836853760939378 0.7507300743689904 0.021867018479567308 0.02127838134765625
0 0.7484064835768479 0.04521309412442721 0.014741750863882212 0.014516601195702186
0 0.2654871207017165 0.6235204109778771 0.029566251314603366 0.0306396484375
0 0.2431492805480957 0.3122355020963229 0.014854944669283353 0.014732947716346154
0 0.33545934236966646 0.4498277444105882 0.016581315260667067 0.016334900489220254
0 0.07877381031329815 0.7808567927433894 0.030889983360583965 0.031404348520132214
0 0.652013558607835 0.902071659381573 0.013780593872070312 0.013860115638146034
0 0.2203367673433744 0.06515926581162673 0.01486811271080604 0.014835550234867977
0 0.29987406730651855 0.1363915755198552 0.01653132071861854 0.016550265825711764
0 0.21683265612675592 0.850741826570951 0.022767397073599007 0.022158402663010817
0 0.8872310931865985 0.41377801161545974 0.02986731896033654 0.029688908503605768
0 0.5890119992769681 0.7216273087721604 0.017907215998722956 0.017908243032602165
0 0.08551793832045335 0.3621980960552509 0.04312357535729042 0.041060374333308294
0 0.40394196143517125 0.7942142486572266 0.03532893841083233 0.03556060791015625
0 0.03574162950882545 0.8783913392287034 0.028883315049684964 0.029513432429387018
0 0.4545852220975436 0.48199947063739484 0.018502308772160456 0.018475679250863884
0 0.716364860534668 0.016472819906014662 0.014118194580078125 0.014412905161197368
0 0.984684577355018 0.8113771585317758 0.018306585458608773 0.01921991201547476
0 0.21411521618182844 0.8567352294921875 0.03363880744347206 0.03283089857835036
0 0.7453630887545072 0.984012823838454 0.027959383451021634 0.027838780329777643
0 0.5154066819411057 0.8419293623704177 0.014118194580078125 0.014243786151592549
0 0.11184169695927547 0.7001581925612229 0.03345260253319374 0.03357139000525841
0 0.36436091936551607 0.8356207334078275 0.02683573502760667 0.02736942584698017
0 0.13232794174781212 0.3270703095656175 0.0360261476956881 0.036471000084510215
0 0.21692873881413385 0.7754683861365685 0.02358730022723858 0.02369103064903846
0 0.07897224793067345 0.8947607187124399 0.025751847487229567 0.025506239670973558
0 0.33545061258169323 0.11400527220505935 0.013920857356144832 0.013871523050161509
0 0.336487550001878 0.8737301459679236 0.02157754164475661 0.021220280573918268
0 0.71862242772029 0.3025106099935678 0.029096016517052285 0.029764432173508864
0 0.6203033740703876 0.7135113936204177 0.016528202937199518 0.015851827768179085
0 0.6421407552865835 0.4381245833176833 0.030339461106520433 0.030723718496469352
0 0.6967989114614633 0.3181635049673227 0.034149463360126205 0.03501187838040865
0 0.8039616804856521 0.2396554946899414 0.026926480806790866 0.026542223416841947
0 0.05626257566305307 0.33306297889122594 0.013668225361750675 0.013683172372671274
0 0.6930789947509766 0.5582833656897912 0.01534271240234375 0.015459207388070913
0 0.24238175612229568 0.6461879290067233 0.028388463533841647 0.029488783616286058
0 0.2522883048424354 0.6272767873910757 0.027141057527982272 0.02652285649226262
0 0.5282746828519381 0.42451924544114333 0.01473551530104417 0.014931605412409855
