0 0.5437635275033804 0.6936209018413837 0.16406132624699518 0.16829065176156852
0 0.6637665675236628 0.33727726569542515 0.06789662287785457 0.06864809989929199
0 0.6961370614858774 0.5395683508652908 0.061260370107797474 0.0618290534386268
0 0.07378561680133526 0.782702372624324 0.05646558908315805 0.05659807645357572
0 0.07917868174039401 0.908877446101262 0.05530540759746845 0.055604201096754804
0 0.06163535668299748 0.8707469059870794 0.06196262286259578 0.061964181753305286
0 0.3968307054959811 0.8419289955726037 0.0314787351168119 0.031795501708984375
0 0.9313502678504357 0.44890513786902797 0.027202019324669473 0.027426646305964544
0 0.895058851975661 0.4568914266733023 0.026570540208082933 0.026641698983999398
0 0.7987287961519681 0.6427062107966497 0.039254995492788464 0.0392913818359375
0 0.8315755403958834 0.7904419532189002 0.028341146615835335 0.02841362586388221
0 0.4204086523789626 0.38379159340491664 0.028266026423527643 0.028679334200345553
0 0.051298123139601484 0.682337394127479 0.03150747143305265 0.03143105140099159
0 0.169568997163039 0.4341018016521747 0.04228900029109074 0.042251953711876504
0 0.12072416452261117 0.6026593721829928 0.033597469329833984 0.033615405742938705
0 0.4892917046180138 0.958806404700646 0.026291627150315505 0.026421473576472357
0 0.20203915009131798 0.3652198498065655 0.030146452096792366 0.030510608966533955
0 0.507651842557467 0.09270152678856483 0.02091062985933744 0.021083538348858174
0 0.596706903897799 0.5277231656588041 0.043148187490609974 0.04312588618351863
0 0.8955486004169171 0.3990930410531851 0.02472657423753005 0.024739485520582933
0 0.6200098624596229 0.23997226128211388 0.01997859661395733 0.01987013450035682
0 0.7016796698937049 0.4020076531630296 0.02261968759390024 0.02262577643761268
0 0.788857680100661 0.3598345243013822 0.040115649883563705 0.03951681577242338
0 0.17502759053156927 0.37681132096510667 0.032414839817927435 0.03223103743333083
0 0.9680093618539664 0.9142171419583834 0.018094282883864183 0.018206669734074518
0 0.9060955047607422 0.5575717779306265 0.04972017728365385 0.049627450796274036
0 0.5183934798607459 0.25548436091496396 0.018375616807204027 0.01809098170353816
0 0.6934094062218299 0.965937247643104 0.01809868445763221 0.018008598914513223
0 0.7822957405677209 0.4267860559316782 0.01750036386343149 0.01747292738694411
0 0.7181192544790415 0.5009141701918381 0.020335564246544473 0.020356398362379808
0 0.3904301570012019 0.28853394435002255 0.019467720618614785 0.019322028526893027
0 0.7574307368351862 0.41828258220966047 0.023161814762995794 0.023065860454852764
0 0.05667126178741455 0.35990029114943284 0.01602963300851675 0.01600192143366887
0 0.6270771026611328 0.11401679882636437 0.016391754150390625 0.01633139757009653
0 0.42360819303072417 0.26702558077298677 0.016736544095552884 0.01654360844538762
0 0.5764330717233511 0.07128378519645104 0.016693702110877402 0.016695691989018366
0 0.16974647228534406 0.5756128017718976 0.01797353304349459 0.017878312330979567
0 0.3826269003061148 0.06943229070076576 0.016182532677283652 0.01608420335329496
0 0.15846556883591872 0.2957450976738563 0.022984101222111628 0.02336714817927434
0 0.8007988562950721 0.516639416034405 0.01824496342585637 0.018428802490234375
0 0.5674128899207482 0.44315301454984224 0.019835252028245192 0.019882642305814303
0 0.9272956848144531 0.7847224749051608 0.017231867863581732 0.01706724900465745
0 0.5237987224872296 0.9074906569260818 0.026390809279221755 0.026485736553485576
0 0.37712838099553037 0.9683993412898138 0.026360438420222357 0.02628297072190505
0 0.09712766684018649 0.30417625720684344 0.017953249124380257 0.017684349646935098
0 0.15951204299926758 0.23939783756549543 0.01739344230064979 0.017294003413273737
0 0.21228711421673113 0.4998783698448768 0.01944908728966346 0.01943045396071214
0 0.40987557631272536 0.0073404048497860246 0.019676355215219352 0.014026962793790378
0 0.09743991264930138 0.6505125485933744 0.026788968306321364 0.026914156400240384
0 0.3084268936744103 0.1629343949831449 0.015688015864445612 0.015442701486440806
0 0.22203628833477312 0.5174550276536208 0.018789291381835938 0.018854287954477165
0 0.20074793008657602 0.651522709773137 0.015516721285306491 0.015430450439453125
0 0.5052588536189153 0.13631897706251878 0.01447002704326923 0.014560992901141826
0 0.7562817793626052 0.6430287727942834 0.020606407752403848 0.02045616736778846
0 0.14405298233032227 0.33557884509746844 0.021468969491811898 0.021466475266676683
0 0.5621455265925481 0.41339698204627406 0.020673605111929085 0.02083719693697416
0 0.12987786989945632 0.5805217302762545 0.029320680178128757 0.029706514798677884
0 0.12396645545959473 0.9849049494816706 0.024974676278921273 0.024007650522085335
0 0.7147431006798377 0.4680206592266376 0.017104515662560098 0.01698589324951172
0 0.8273371916550857 0.3491590940035306 0.018927647517277643 0.019148973318246696
0 0.17554814998920149 0.40488345806415266 0.022063035231370192 0.02177913372333233
0 0.7762512793907752 0.5228176850538987 0.015559856708233174 0.015599764310396634
0 0.08253293771010178 0.6900619360116812 0.01817996226824247 0.01830907968374399
0 0.2970548226283147 0.45142797323373646 0.01657386926504282 0.016575446495643027
0 0.7146207369290866 0.33422106962937576 0.023753826434795674 0.024025476895845853
0 0.9139573023869441 0.37689722501314604 0.01932701697716346 0.019487380981445312
0 0.10463481682997483 0.9761242499718299 0.015293194697453426 0.01530749981219952
0 0.68396729689378 0.6263625805194561 0.018602517934945915 0.018448462853064902
0 0.028117835521697998 0.6197880231417142 0.03351964400364803 0.034070528470552884
0 0.22356944817763108 0.8804742372952975 0.014950128702016978 0.014928084153395433
0 0.3636176035954402 0.1625063969538762 0.015100919283353366 0.014962122990534855
0 0.9770718354445237 0.4278376652644231 0.01577450678898738 0.015851827768179085
0 0.4492896886972281 0.5185106717623197 0.0868678459754357 0.08746587313138522
0 0.9433156527005709 0.5828950588519757 0.025998922494741585 0.026107054490309495
0 0.6664974506084735 0.22301077842712402 0.022149012638972357 0.0219420653123122
0 0.6563273943387545 0.23354035157423753 0.015268325805664062 0.015247198251577524
0 0.6798061957726111 0.15934183047367975 0.01541900634765625 0.015477877396803636
0 0.1449119677910438 0.7372674208420974 0.02082380881676307 0.02117303701547476
0 0.7354310842660757 0.5436460788433368 0.03470142071063702 0.034510098970853366
0 0.23696444584773138 0.4533320940457858 0.015282190763033353 0.015114417442908654
0 0.13257652062636155 0.941002185528095 0.025061680720402643 0.02542260976938101
0 0.29378285774817836 0.5362286200890174 0.03593738262469952 0.03579301100510817
0 0.7563233008751502 0.321380065037654 0.015230472271259014 0.015390396118164062
0 0.3216801423292894 0.8854342240553635 0.014122596153846154 0.014225592980018029
0 0.39719339517446667 0.9053140053382287 0.020976726825420674 0.020985529972956732
0 0.14356853411747858 0.5540507023151104 0.019678024145273063 0.019947272080641527
0 0.05923986893433791 0.936125608590933 0.028392470799959622 0.028745211087740384
0 0.7360743009127103 0.5398209645197942 0.028440475463867188 0.028027461125300482
0 0.9269099602332482 0.01408056914806366 0.015097104586087741 0.015409678220748901
0 0.15885331080510065 0.9753002753624549 0.016471312596247747 0.016347591693584736
0 0.9646585171039288 0.6922385875995343 0.018589606651893027 0.01828941932091346
0 0.04337950394703792 0.6386354886568509 0.01794588565826416 0.019183819110576924
0 0.9103830777681791 0.6774500333345853 0.015763209416316107 0.015690436730018027
0 0.5139556297889123 0.40187641290517956 0.03685283660888672 0.03654663379375751
0 0.8295341638418344 0.7389777256892278 0.018029433030348558 0.01761964651254507
0 0.44658209727360654 0.8156835115872897 0.04208190624530499 0.04186571561373197
0 0.7708881818331205 0.3524630619929387 0.023078478299654447 0.02373783405010517
0 0.828829838679387 0.7429756017831656 0.023151104266826924 0.024529237013596755
0 0.8476166358360877 0.4877022229708158 0.014042927668644832 0.014004193819486178
0 0.05607048364786001 0.8233855320857122 0.03127204454862154 0.031131450946514424
0 0.7172706310565655 0.484530155475323 0.016161405123197116 0.016008377075195312
0 0.8939927908090445 0.8571797884427584 0.016272324782151442 0.016156416672926683
0 0.09337974511660062 0.6347122192382812 0.015288518025324894 0.015241182767427884
0 0.37562957176795375 0.9414693392240084 0.035713489239032455 0.037054208608774036
0 0.147585025200477 0.48573009784405047 0.020485951350285456 0.020456314086914062
0 0.7367270543025091 0.5372202946589544 0.023906120887169473 0.02345701364370493
0 0.753745959355281 0.5751200822683481 0.04026471651517428 0.03985676398644081
0 0.23082393866318923 0.10733622771043044 0.014610217167780949 0.014767279991736779
0 0.15267240084134615 0.5796041488647461 0.014849075904259315 0.014835504385141226
0 0.16876919452960676 0.27573336087740385 0.01727742415208083 0.017644295325646035
0 0.6431542176466721 0.14327139120835525 0.014440976656400241 0.01453260275033804
0 0.03296200587199284 0.6293913767887995 0.03958405898167537 0.03792865459735577
0 0.24417761655954215 0.9780489848210261 0.014229150918813853 0.014293817373422476
0 0.7933104588435247 0.5967049598693848 0.05443719717172476 0.053771018981933594
