0 0.39489349952110875 0.666446172274076 0.034208444448617786 0.03447708716759315
0 0.42214422959547776 0.9006554530217097 0.043516379136305586 0.04345380342923678
0 0.7374798701359675 0.048798827024606556 0.02970578120304988 0.030128680742703952
0 0.7076435089111328 0.7199577918419471 0.05850366445688101 0.05854093111478365
0 0.32355631314791167 0.8537274874173678 0.024135736318734977 0.024149674635667067
0 0.29941349763136643 0.8641421978290265 0.028272628784179688 0.028108743520883415
0 0.4011198924137996 0.5557705805851862 0.03695766742412861 0.03714664165790264
0 0.5248841505784255 0.05977723690179678 0.022478837233323317 0.02262241106766921
0 0.6334119943472055 0.9037146201500525 0.03079355680025541 0.030492635873647835
0 0.4366990602933444 0.8377001102154071 0.02059511037973257 0.0205075190617488
0 0.6271107747004583 0.84400697854849 0.025297898512620192 0.025231141310471755
0 0.42698192596435547 0.5027198057908279 0.01766373560978816 0.01747747567983774
0 0.464473320887639 0.715789061326247 0.04101210374098558 0.041384330162635215
0 0.3682246941786546 0.8422522178063025 0.02028355231651893 0.020245478703425482
0 0.4129643073448768 0.9788366464468149 0.022364689753605768 0.0225677490234375
0 0.5895186570974497 0.9021208836482122 0.01882281670203576 0.018823623657226562
0 0.44619112748366135 0.0168917362506573 0.1352700453538161 0.033983473594372086
0 0.5853932454035833 0.6200783069317157 0.02241824223445012 0.022458553314208984
0 0.3187698951134315 0.4350763467641977 0.01970217778132512 0.019385557908278245
0 0.7034590794489934 0.07825260895949143 0.033913832444411054 0.034034210901993975
0 0.35492757650522083 0.8689599403968225 0.01615773714505709 0.01635874234713041
0 0.594116944533128 0.7311319938072791 0.040051827063927285 0.04024314880371094
0 0.5608327572162335 0.6341730264516977 0.0363459953894982 0.036631217369666465
0 0.507227897644043 0.6995174701397235 0.054210662841796875 0.055853623610276446
0 0.4076260053194486 0.7757955697866586 0.04021813319279598 0.04022422203650841
0 0.39509127690241885 0.9525806720440204 0.015715525700495794 0.015510265643780049
0 0.3925936038677509 0.6968821012056791 0.0217135502741887 0.0219271733210637
0 0.4329697535588191 0.7150999215932993 0.029947647681603067 0.030028123121995192
0 0.560029359964224 0.9877189489511343 0.023655231182391826 0.021678777841421273
0 0.4713178047767052 0.9754119286170373 0.016023709223820612 0.016401290893554688
0 0.3885613221388597 0.8463431871854342 0.014467239379882812 0.014338860144981971
0 0.7237660334660456 0.2804409357217642 0.027278313269981973 0.027486507709209736
0 0.7151736479539138 0.6743362133319561 0.047552842360276446 0.0478057861328125
0 0.7366039569561298 0.022685376497415397 0.015749124380258415 0.015453954155628499
0 0.7016107852642353 0.7614555358886719 0.019033432006835938 0.01914801964393029
0 0.6471603100116436 0.8822998633751502 0.014623495248647837 0.014634059025691105
0 0.5257087120643029 0.4550012441781851 0.037335762610802285 0.037056996272160456
0 0.3024589465214656 0.5703634115365835 0.036860172565166764 0.03665461907019982
