0 0.7049955221322867 0.1242984991807204 0.08039327768179086 0.08095605556781475
0 0.8600627459012545 0.2839672382061298 0.04833573561448317 0.048085506145770736
0 0.10418927669525146 0.03645390272140503 0.02610360659085787 0.02565500369438758
0 0.7801396296574519 0.12997957376333383 0.07084215604341947 0.07061426456157978
0 0.9623128450833834 0.5273059698251578 0.03831320542555589 0.04402608137864333
0 0.5953539334810697 0.45824645115778995 0.025717808650090143 0.025993934044471152
0 0.7403447811420147 0.04417037046872652 0.03357080312875601 0.03336190260373629
0 0.14221044687124398 0.771725948040302 0.02042234860933744 0.02038706265963041
0 0.4412671969487117 0.1802034744849572 0.027050091670109674 0.027281981248121995
0 0.9122155996469351 0.2763369817000169 0.06489944458007812 0.06425611789409931
0 0.5394613192631648 0.9163853571965144 0.030895159794734076 0.030982090876652643
0 0.5539643947894757 0.5569540904118464 0.020841011634239785 0.02084834759051983
0 0.45125554158137393 0.36914363274207485 0.041689359224759616 0.041688185471754804
0 0.9458192678598257 0.13324574323800895 0.023005558894230768 0.023122714116023138
0 0.4348954420823317 0.5255922904381385 0.019222112802358773 0.0192111088679387
0 0.906638658963717 0.24936859424297625 0.019887484036959134 0.01970525888296274
0 0.9314965468186599 0.7122226128211389 0.02141747107872596 0.021612900954026442
0 0.8078544323260968 0.9705992478590745 0.020131918100210335 0.0203250004695012
0 0.8900922628549429 0.022686937680611245 0.022203592153695915 0.02236230098284208
0 0.8156980367807242 0.8103559200580304 0.02961907019981971 0.02974246098445012
0 0.7211560469407302 0.7722496619591346 0.027712015005258415 0.0276949955866887
0 0.852940926185021 0.8201215450580304 0.020191339346078727 0.020177841186523438
0 0.8033447999220628 0.4069490065941444 0.03206766568697416 0.03213412945087139
0 0.8098473182091346 0.052595739181225114 0.017750079815204326 0.017651567092308633
0 0.9140346233661358 0.17364289210392878 0.029355562650240384 0.02945841275728666
0 0.42246803870567906 0.7371330261230469 0.018280616173377402 0.018026205209585335
0 0.9216656318077674 0.6842536926269531 0.034501882699819714 0.03459607637845553
0 0.6204784099872296 0.9179326570951022 0.018749530498798076 0.018584324763371393
0 0.4118333963247446 0.8801558567927434 0.024556966928335335 0.024299034705528848
0 0.5754850460932806 0.2722646089700552 0.016150621267465446 0.016089916229248047
0 0.31357805545513445 0.394563968365009 0.027725586524376504 0.027573658869816706
0 0.6382854168231671 0.8313306661752554 0.03452594463641827 0.03425187330979567
0 0.3931056536160983 0.039420302097614 0.015128429119403545 0.015131530853418203
0 0.5536623001098633 0.49653038611778844 0.014584174522986779 0.01454301980825571
0 0.5729013222914475 0.10301004923306979 0.01535797119140625 0.015595802894005409
0 0.7088976639967698 0.0208416237280919 0.01535797119140625 0.015502870082855225
0 0.8379234900841346 0.820461419912485 0.01982747591458834 0.019909785344050482
0 0.9174485573401818 0.1578956017127404 0.02006046588604267 0.02000617063962496
0 0.7914262184729943 0.8621962620661809 0.03555796696589543 0.035489595853365384
0 0.06477069854736328 0.6560057126558744 0.024309690182025615 0.0245053217961238
0 0.11918861132401687 0.07782893914442796 0.02347575701200045 0.02382117509841919
0 0.7578490330622747 0.9132446142343374 0.01642461923452524 0.016734196589543268
0 0.09919120715214656 0.5774028851435735 0.017834186553955078 0.01759961935190054
0 0.6241522568922776 0.08358873770787166 0.016045203575721152 0.016148732258723333
0 0.07525229912537795 0.42398240016056943 0.015428460561312161 0.015419739943284255
0 0.5181111555833083 0.6190107785738431 0.09125489455003005 0.08952962435208835
0 0.611210823059082 0.6234477116511419 0.026799715482271634 0.026701707106370192
0 0.33283549088698167 0.05288948921056894 0.016682918255145732 0.016509532928466797
0 0.3303678952730619 0.1230003833770752 0.02533435821533203 0.02562860342172476
0 0.8681812286376953 0.6003017425537109 0.014929844782902645 0.014607062706580529
0 0.43399568704458386 0.18370488973764273 0.08042460221510667 0.07825022477370042
0 0.9778126936692458 0.1836075782775879 0.011297666109525241 0.01451418950007512
0 0.7595125345083383 0.6658832843487079 0.03312888512244591 0.0330499502328726
0 0.3067254103147067 0.2767086946047269 0.014406387622539815 0.014284977546105018
0 0.7931319016676682 0.6211704841026893 0.030359414907602165 0.030695254986102764
0 0.18086620477529672 0.8200866992657001 0.01662782522348257 0.0167694091796875
0 0.515785657442533 0.7440027090219351 0.014447725736177884 0.014483378483698918
0 0.4532959277813251 0.02939481460131132 0.015435732327974759 0.015270150624788724
0 0.4797334671020508 0.23897145344660833 0.01954064002403846 0.01969348467313326
0 0.15121256388150728 0.6608387873722956 0.020316637479341947 0.02040730989896334
0 0.6865262251633865 0.510409978719858 0.022847689115084134 0.022530262286846455
0 0.6489389859713041 0.06801187992095947 0.016107705923227165 0.016099012815035306
0 0.5839128494262695 0.025148004293441772 0.018339890700120192 0.018417124564831074
0 0.9264411926269531 0.34669931118304914 0.017313737135667067 0.017335011408879206
0 0.1333230183674739 0.6738433837890625 0.028237067736112155 0.02829566368689904
0 0.4616515086247371 0.9788492642916166 0.014835064227764424 0.014571556678185096
0 0.6166475736177884 0.41432780485886794 0.015499078310452975 0.01556103046123798
0 0.062002947697272666 0.6315416189340445 0.01862479173220121 0.018387427696814902
0 0.5192875862121582 0.8678700373722956 0.014986551724947415 0.014917813814603366
0 0.2875876793494591 0.3236395028921274 0.013773698073167067 0.0138090573824369
0 0.5031309861403245 0.8585055424616888 0.015497794518103966 0.015879117525540866
0 0.9062217565683218 0.7016886197603666 0.023732552161583535 0.024450155404897835
0 0.9243459701538086 0.018665432929992676 0.025649584256685697 0.0255889342381404
0 0.681723374586839 0.9594598916860727 0.014834183913010817 0.014581533578725962
0 0.847563963669997 0.7704588083120493 0.02640357384314904 0.026021517240084134
0 0.17788285475510818 0.46789440741905797 0.016058041499211237 0.01581683525672326
