0 0.6997105525090144 0.6422101534329928 0.06004744309645433 0.06103042455819937
0 0.40471179668719953 0.9278198388906626 0.04883883549616887 0.04903910710261418
0 0.08691532795245831 0.3922406710111178 0.023261015231792744 0.023561771099384014
0 0.13314175605773926 0.33333789385282075 0.03188202931330754 0.03193818605863131
0 0.6532595707820013 0.7691711279062124 0.022330357478215143 0.02244142385629507
0 0.11423603387979361 0.4359142230107234 0.02406938259418194 0.024023716266338643
0 0.5427972353421725 0.6609164017897385 0.02280117915226863 0.02293249276968149
0 0.3931297522324782 0.9895907181959885 0.017413579500638522 0.016544635479266826
0 0.5182027816772461 0.3254583798922025 0.019126745370718148 0.019273097698505107
0 0.6750045189490685 0.8074166224553034 0.018809098463792067 0.01887658926156851
0 0.8546430147611178 0.010348975658416748 0.025754781869741585 0.019512515801649827
0 0.16539650696974534 0.4946141609778771 0.02134550534761869 0.021623611450195312
0 0.34506856478177583 0.6602192658644456 0.01915711622971755 0.019244854266826924
0 0.1856516141157884 0.6904650468092698 0.016667292668269232 0.016593199509840745
0 0.5566178835355319 0.7470326056847205 0.018901238074669473 0.019042381873497598
0 0.05871538932506855 0.4008511029756986 0.01835949604327862 0.01821312537560096
0 0.06828876642080453 0.30936527252197266 0.01704867069537823 0.01702117919921875
0 0.7364455003004807 0.5868729077852689 0.016536125769981973 0.016609338613656852
0 0.0416447245157682 0.2450080284705529 0.014884334344130296 0.017496585845947266
0 0.802035405085637 0.8704364483173077 0.018170283390925482 0.018219581017127402
0 0.47342872619628906 0.7990364661583533 0.018541482778695915 0.0185244633601262
0 0.49887807552631086 0.729697740994967 0.016454256497896634 0.016382951002854567
0 0.07920607236715463 0.2616643722240741 0.01649764867929312 0.016471055837777946
0 0.6707144517164964 0.5919830248906062 0.016747548029972956 0.016708007225623496
0 0.8123192420372596 0.7445182800292969 0.01615274869478666 0.01628288855919471
0 0.45601551349346453 0.6827954512376052 0.01620028569148137 0.016321328970102165
0 0.7878632912269006 0.5417874042804425 0.016632520235501803 0.016863089341383714
0 0.03826699807093693 0.8923083085280198 0.017126624400799092 0.021374629094050482
0 0.5687556266784668 0.3557606477003831 0.015720954308143027 0.015800622793344352
0 0.19792864872859076 0.5696828548724835 0.015571520878718449 0.015585092397836538
0 0.33388922764704776 0.5912466782789964 0.01564363332895132 0.015662193298339844
0 0.5023268186129056 0.48539095658522385 0.015534180861253005 0.015834955068734977
0 0.08384213997767521 0.5433541077833909 0.015280595192542443 0.015333909254807692
0 0.9016348031850961 0.10727697152357835 0.0288238525390625 0.02885609406691331
0 0.344634642967811 0.007298953258074247 0.01703027578500601 0.01386775878759531
0 0.05214713628475483 0.7521975590632513 0.016675655658428486 0.016522627610426683
0 0.7169455014742337 0.9225356762225811 0.014626429631159855 0.014908423790564904
0 0.059528121581444375 0.4874290319589468 0.014998270915104793 0.014900500957782451
0 0.285141082910391 0.8572857930110052 0.015208611121544471 0.015032401451697716
0 0.15614599447983962 0.6033082008361816 0.01648268332848182 0.016824722290039062
0 0.9542451271644006 0.1815802500798152 0.01804322462815505 0.018736545856182393
0 0.7809938284067007 0.32338157066932094 0.014290736271784855 0.014505092914287861
0 0.5095091599684495 0.67444397852971 0.014440536499023438 0.014491594754732572
0 0.04655186029580923 0.9035139817457932 0.016376658127858087 0.016019674447866585
0 0.2752368450164795 0.7232027787428635 0.014364095834585337 0.014555564293494591
0 0.35176570598895734 0.841303825378418 0.013973309443547176 0.014126264131986178
0 0.2779424007122333 0.5055493574876052 0.014356246361365685 0.014287875248835636
0 0.10864660373100868 0.8092112907996545 0.014012850247896634 0.014088997474083534
0 0.08551780994121845 0.6106959489675668 0.014278925382173978 0.013936189504770132
0 0.8686678226177509 0.8124269338754507 0.015242209801307091 0.01524044917179988
0 0.8431428028987005 0.585765215066763 0.014832716721754808 0.0146026611328125
0 0.4460835090050331 0.6479581686166617 0.013939197246844951 0.014014464158278245
0 0.5663754389836237 0.6841601591843826 0.013681558462289663 0.013834146352914663
0 0.687441899226262 0.1761193458850567 0.016570164607121393 0.01678943634033203
0 0.31602984208327073 0.6322471912090595 0.013990842379056491 0.013981158916766826
0 0.690438490647536 0.17562319682194635 0.01985315176156851 0.02005305657019982
0 0.9557059361384466 0.22831531671377328 0.014430706317608174 0.015029723827655498
0 0.22366743821364182 0.5625491509070764 0.01436145489032452 0.014344728910006009
