0 0.5088153985830454 0.6520828100351187 0.02478511516864483 0.02490381094125601
0 0.43943203412569487 0.9412384766798753 0.02680653792161208 0.026979593130258415
0 0.4393147321847769 0.602614586169903 0.023033655606783353 0.022939315209021933
0 0.4186581831711989 0.4247607451218825 0.020812254685621995 0.020754447350135215
0 0.4437355628380409 0.2870149612426758 0.021603951087364785 0.02160776578463041
0 0.1509392628302941 0.39716331775371844 0.022144317626953125 0.026270426236666165
0 0.5231231175936185 0.3261546355027419 0.018449856684758112 0.018599436833308294
0 0.820474257835975 0.49074481083796573 0.019628524780273438 0.019767174353966348
0 0.3294970439030574 0.9244245382455679 0.017853663517878607 0.017883887657752402
0 0.6212902069091797 0.6449744884784405 0.01756624075082632 0.017535576453575723
0 0.5479204838092511 0.14860133024362418 0.019491048959585335 0.01960141842181866
0 0.5643342458284818 0.1535534400206346 0.022612571716308594 0.022406302965604342
0 0.32169437408447266 0.6829176682692307 0.016445453350360576 0.016583662766676683
0 0.6740938333364633 0.3505753737229567 0.01679816612830529 0.016972908606896035
0 0.5980366926926833 0.7593510701106145 0.01734762925368089 0.017329289362980768
0 0.44341740241417515 0.7700237861046424 0.020206157977764424 0.020289494441105768
0 0.33786120781531703 0.4503426185021034 0.017082654512845553 0.01708529545710637
0 0.29937058228712815 0.43923062544602615 0.015942500187800482 0.016055180476262018
0 0.3894052872290978 0.5938925376305213 0.015778101407564603 0.015926654522235576
0 0.1493359345656175 0.07262091911756076 0.01376955325786884 0.015639552703270547
0 0.6626534095177283 0.5430163603562576 0.015279329740084134 0.01519467280461238
0 0.7796681477473333 0.9503619854266827 0.015620891864483174 0.015584212083082933
0 0.735430644108699 0.5599556336036096 0.014872330885667067 0.014815037067119893
0 0.5922945829538199 0.5465635152963492 0.01562037834754357 0.01586312514085036
0 0.2999735245337853 0.721862059373122 0.014879153325007511 0.014912238487830529
0 0.609769160930927 0.7831589625431941 0.016237992506760817 0.01619544396033654
0 0.2783400829021747 0.24810002400324896 0.015330021197979268 0.015250499431903545
0 0.8302043034480169 0.6726474761962891 0.016457777756911058 0.016412001389723558
0 0.7767437421358548 0.6377001542311448 0.0167849614070012 0.01641053419846755
0 0.14943132950709417 0.46644100776085484 0.0181271296281081 0.023896290705754206
0 0.701994749215933 0.9932025029109075 0.017577391404371995 0.011780812190129207
0 0.7176278921274039 0.6253797090970553 0.016523214486929085 0.016195297241210938
0 0.30042140300457293 0.11362029955937313 0.015123697427602915 0.015363583197960487
0 0.6006259184617263 0.27049145331749547 0.014607796302208534 0.014721870422363281
0 0.5533849276029147 0.43803754219642055 0.014878786527193509 0.015072822570800781
0 0.7000830723689153 0.5317960885854868 0.020703242375300482 0.02085135533259465
0 0.8144884843092698 0.6692807857806866 0.016821934626652643 0.01657896775465745
0 0.7863625746506911 0.676478752723107 0.015054556039663462 0.014978262094350962
0 0.7251798189603366 0.6120918714083158 0.015856229341947116 0.015634683462289665
0 0.2325756733234112 0.6689390035775992 0.013824793008657603 0.013906038724459134
0 0.8164975092961237 0.8896119044377253 0.015002030592698317 0.014794276310847355
0 0.7598383976862981 0.13478834812457746 0.014092078575721154 0.014034601358266978
0 0.3604585941021259 0.9558718754695013 0.017928930429311898 0.0182187007023738
0 0.7011180290809045 0.544833990243765 0.017507112943209134 0.017653832068810098
0 0.7562040915855994 0.9382653603186975 0.014378621028019832 0.014218403742863582
0 0.8161261631892278 0.6672240037184495 0.017514155461237982 0.018376863919771634
0 0.3521705407362718 0.9940373347355769 0.014823546776404748 0.010644766000600962
0 0.6266761926504282 0.8307856779832107 0.014951999370868389 0.015027413001427284
0 0.7385479853703425 0.8997626671424279 0.014307755690354567 0.014178936298076924
0 0.7978890492365911 0.8215694427490234 0.015039150531475361 0.015080965482271634
0 0.7082639840932993 0.6084114221426157 0.015834808349609375 0.015923133263221152
0 0.7869435823880709 0.6420813340407151 0.015825418325570915 0.015856816218449518
0 0.45861035126906174 0.7805752387413611 0.015683320852426384 0.015720660869891826
0 0.38561424842247594 0.42786246079664964 0.014253616333007812 0.014443324162409855
0 0.7682692454411433 0.6179153002225436 0.013822408822866587 0.014093545766977163
0 0.7727328080397385 0.7822647094726562 0.015796661376953125 0.016010577862079326
0 0.7780697162334735 0.7886662116417518 0.0155792236328125 0.015892615685096152
0 0.776894055880033 0.6215194555429312 0.015216827392578125 0.014699495755709134
0 0.7053223389845628 0.5936578603891226 0.01474307133601262 0.01569388462946965
0 0.7243479215181791 0.6815073306743915 0.01404278094951923 0.013696523813100962
0 0.7102251786452073 0.6068033805260291 0.018764202411358174 0.01932863088754507
0 0.25877697651202863 0.4596732579744779 0.013907469235933743 0.0137939453125
0 0.7846931310800406 0.7329604809100811 0.014739109919621395 0.014400188739483174
0 0.7696239764873798 0.7675077731792743 0.01334087665264423 0.013161145723783053
