0 0.6122044049776517 0.4172513301555927 0.052014864408052884 0.05221961094782902
0 0.08220645097585824 0.35004934897789586 0.05526752196825468 0.05553494966947115
0 0.13621862118060774 0.9524509723369892 0.05683557803814228 0.0561975332406851
0 0.029244835560138408 0.41757407555213344 0.03422430845407339 0.03449850815993089
0 0.6762676239013672 0.5135960945716271 0.038986499492938705 0.0390771719125601
0 0.13951031978313738 0.8103327384361854 0.040636466099665716 0.04076238778921274
0 0.8820423713097205 0.29961574994600737 0.027483720045823317 0.02772184518667368
0 0.5636855272146372 0.1600476778470553 0.038951947138859674 0.03893097547384409
0 0.3703753764812763 0.8770603766808143 0.0371698966393104 0.037128595205453724
0 0.11029485555795523 0.5448762453519381 0.03176094935490535 0.0317082771888146
0 0.16158412053034857 0.5905404090881348 0.027564819042499248 0.027508882375863884
0 0.44188950611994815 0.14253909771259016 0.024388460012582634 0.024261988126314603
0 0.3620692766629733 0.1657230303837703 0.03091298616849459 0.03089896532205435
0 0.5890968029315655 0.2897356656881479 0.024905278132512018 0.025204255030705378
0 0.9718676346998948 0.4702615004319411 0.020350529597355768 0.020408116854154147
0 0.88592712695782 0.6313467759352464 0.02198615440955529 0.021898416372445915
0 0.84143800001878 0.3473380162165715 0.024335421048677884 0.0247036860539363
0 0.7136807074913611 0.020073409263904277 0.018363365760216348 0.01852331253198477
0 0.47176694869995117 0.03428720510922945 0.02351078620323768 0.02369532218346229
0 0.1226193904876709 0.09216959659869854 0.022064722501314603 0.021813997855553262
0 0.5528726944556603 0.08093831172356239 0.023525458115797777 0.023436876443716195
0 0.655003180870643 0.10091775197249192 0.02301817673903245 0.023284912109375
0 0.4086731030390813 0.11035407506502591 0.025156387915978067 0.025380501380333535
0 0.4831795325646034 0.2273585979755108 0.020497688880333535 0.02051830291748047
0 0.616537827711839 0.05858208582951473 0.01912128008328951 0.01903563279371995
0 0.9190261547382061 0.3712031291081355 0.02225626431978666 0.022172194260817308
0 0.9772224426269531 0.7063752687894381 0.018372755784254808 0.025684209970327523
0 0.08854781664334811 0.7918382057776818 0.027085492244133584 0.027098582341120794
0 0.2882863741654616 0.24997982612022987 0.027923730703500602 0.027898568373460036
0 0.5424208641052246 0.8993805371798002 0.017792408282940205 0.017790867732121393
0 0.04355105986961952 0.48054834512563854 0.01795805417574369 0.0180967037494366
0 0.09320268264183632 0.762478755070613 0.02430123549241286 0.02422303419846755
0 0.6207712613619291 0.34871416825514573 0.018824687370887168 0.01852901165301983
0 0.41221460929283726 0.2762104914738582 0.022200657771183893 0.022412556868333083
0 0.821188706618089 0.8020597604604868 0.017780450674203727 0.017766512357271634
0 0.032425529681719266 0.26374494112454927 0.02327976318506094 0.02325549492469201
0 0.5750980377197266 0.1785103174356314 0.028630990248460036 0.029006261091965895
0 0.21240909282977766 0.9438640887920673 0.028304906991811898 0.028736994816706732
0 0.8409259502704327 0.026965281138053306 0.019718757042518027 0.019901692867279053
0 0.24028847767756537 0.20442790251511794 0.020380056821382962 0.02024250764113206
0 0.4467253318199745 0.22447006519024187 0.021433316744290866 0.021389521085298978
0 0.6961771158071665 0.5990323286790115 0.01884284386268029 0.018620124230018027
0 0.5736594566932092 0.8664517035851111 0.018686294555664062 0.018651522122896634
0 0.692534666794997 0.4233887745783879 0.018148275522085335 0.01813536423903245
0 0.36829126798189604 0.7473724805391752 0.017283219557542067 0.017180662888746995
0 0.9605865478515625 0.9195903631357046 0.02547454833984375 0.025580479548527643
0 0.9372508709247296 0.8231548896202674 0.016802567702073317 0.016614913940429688
0 0.19161182183485764 0.9794424497164212 0.05489697823157677 0.03811176006610577
0 0.7650200770451472 0.8994236726027268 0.017108330359825723 0.017184624305138223
0 0.39488722727848935 0.2281182545882005 0.020065747774564303 0.020026133610652044
0 0.6401999546931341 0.054851146844717175 0.019204066349909857 0.019408647830669697
0 0.5063034204336313 0.9228625664344201 0.02132723881648137 0.021253439096304085
0 0.9253211388221154 0.806178459754357 0.01717376708984375 0.017214848445012018
0 0.6357248746431791 0.7201571831336389 0.017777663010817308 0.017695793738731973
0 0.4550889822152945 0.35251749478853667 0.01694767291729267 0.016705733079176683
0 0.3974272287808932 0.4013203840989333 0.01947160867544321 0.019399496225210335
0 0.10855583044198844 0.4121882365300105 0.01738588626568134 0.017316231360802285
0 0.20456293913034293 0.89441284766564 0.02249299562894381 0.022530775803786058
0 0.024766438282453097 0.6661327068622296 0.023828116747049186 0.023514380821814902
0 0.25930511034452 0.18299401723421538 0.01756143569946289 0.017624855041503906
0 0.5672965416541467 0.21631996448223406 0.01668827350323017 0.01679251744196965
0 0.5462404397817758 0.4202167804424579 0.016988167395958535 0.01697261516864483
0 0.16987287081204927 0.7795585485605093 0.02500578073354868 0.02482472933255709
0 0.37281168424166167 0.06191550768338717 0.018572440514197715 0.018418513811551608
0 0.03638578836734478 0.5749855775099534 0.016617472355182353 0.016553732065054085
0 0.3260594881497897 0.4621028166550856 0.023681200467623197 0.023884406456580527
0 0.6773977279663086 0.9518595475416917 0.016696343055138223 0.017057272104116585
0 0.20407849091749924 0.9127982212946966 0.021844130295973558 0.02194375258225661
0 0.025632351636886597 0.12264701036306527 0.01675928097504836 0.01656763370220478
0 0.38487749833327073 0.03885004612115713 0.018427261939415567 0.018372581555293158
0 0.48545096470759463 0.7146038642296424 0.020876370943509616 0.02068783686711238
0 0.17608996538015512 0.836967028104342 0.015175562638502855 0.015293268057016226
0 0.4628745592557467 0.7590707632211539 0.017425683828500602 0.01747864943284255
0 0.5434454771188589 0.010641471697733952 0.020266899695763223 0.018571702333597038
0 0.8023270093477689 0.8937234144944411 0.015791819645808294 0.015584212083082933
0 0.6957530975341797 0.5734790655282828 0.019428840050330527 0.01943368178147536
0 0.08890426158905029 0.1168972895695613 0.0157168645125169 0.015645632377037637
0 0.178955444922814 0.3811953617976262 0.01679677229661208 0.01659246591421274
0 0.7796778312096229 0.12907726948077863 0.017345721905048076 0.017308491926926833
0 0.7783316098726712 0.45340739763700044 0.019085223858173076 0.019109652592585638
0 0.07138957427098201 0.6351096813495343 0.016222091821523812 0.016320448655348558
0 0.585838244511531 0.7323043529803936 0.016301962045522835 0.016363877516526442
0 0.9543013205895057 0.5954716022198017 0.015124981219951924 0.0150907956636869
0 0.3791524813725398 0.3722503368671124 0.015855128948505107 0.015680606548602764
0 0.05892416605582604 0.5952347241915189 0.015843648176926833 0.015709950373722956
0 0.08663023435152493 0.008249835899242988 0.018034054682804987 0.015369735085047208
0 0.32906128810002255 0.9405486767108624 0.031161161569448616 0.031213026780348558
0 0.7020025986891526 0.9144372206467849 0.016627385066105768 0.016631199763371393
0 0.03062261067903959 0.19628066283005935 0.023467164773207445 0.023581651540902946
0 0.45981469521155727 0.14007267585167518 0.025492374713604268 0.024563422569861777
0 0.4843389070951022 0.5454334845909705 0.015557215763972355 0.015522149892953726
0 0.414363457606389 0.8806995245126578 0.015442334688626803 0.015488551213191105
0 0.3567950908954327 0.8384918799767127 0.015537848839393029 0.015515840970552884
0 0.7429037094116211 0.9388938316932092 0.01592254638671875 0.01597771277794471
0 0.4823601796076848 0.17490874803983247 0.015148456280048076 0.01533339573786809
0 0.27108311653137207 0.7425047067495493 0.022197943467360277 0.02228692861703726
0 0.6948526822603666 0.6588139900794396 0.015523176926832933 0.015335669884314904
0 0.8141348912165716 0.43158905322735125 0.017914405235877402 0.017689338097205527
0 0.16362806466909555 0.02518786833836482 0.02051669817704421 0.020821635539715107
0 0.018375091827832736 0.336514949798584 0.018412878880133994 0.019157556387094352
0 0.4991174844595102 0.08147708269265982 0.030641555786132812 0.030271108333881084
0 0.10869647906376766 0.834379636324369 0.026656370896559495 0.026825097891000602
0 0.5701759044940655 0.7460786379300631 0.016246722294734076 0.016087752122145433
0 0.3341985115638146 0.7862814389742337 0.015601084782527043 0.015683834369365986
0 0.5741964486929086 0.2512184289785532 0.014889350304236779 0.01488637924194336
0 0.830412351168119 0.9567710436307467 0.015973751361553486 0.01591183589054988
0 0.5356464385986328 0.8646957690899189 0.015774653508112982 0.015744135929987982
0 0.19651710070096529 0.35132386134221005 0.01522511702317458 0.015188950758713942
0 0.08694822971637432 0.4242805334237906 0.07701897621154785 0.07707903935359074
0 0.8736834892859826 0.5110611548790565 0.017801724947415866 0.01767708705021785
0 0.3025823189662053 0.37549062875600964 0.015064716339111328 0.015022791348970853
0 0.7678982661320612 0.8828926086425781 0.015009659987229567 0.014728839580829326
0 0.05611229401368361 0.27376923194298375 0.016032136403597318 0.016014465918907754
0 0.5930456014779898 0.7456562335674579 0.015740027794471152 0.015731224646935098
0 0.05949943799238939 0.261051398057204 0.016184219947228067 0.016416623042179987
0 0.31429041348970854 0.30034784170297474 0.015403289061326247 0.015291434067946214
0 0.3871153317964994 0.6806648694551908 0.016853772676908053 0.016725540161132812
0 0.5327075811532828 0.3478681124173678 0.014425424429086538 0.014615132258488582
0 0.6467578594501202 0.7843557504507211 0.014860299917367788 0.014920308039738582
0 0.5419547007634089 0.37758981264554536 0.01544967064490685 0.015377191396859976
0 0.8499824083768405 0.262914987710806 0.014027082003079928 0.014252295860877404
0 0.31987630403958833 0.3144867236797626 0.01493057837853065 0.01491091801570012
0 0.9537786337045523 0.3727684020996094 0.014845921443058895 0.014992053692157451
0 0.6452184823843149 0.7361259460449219 0.017960475041316107 0.017831068772536058
0 0.07271054157843956 0.6050889308636005 0.01898948962871845 0.018953470083383415
0 0.6269424145038311 0.1797954119168795 0.014808067908653846 0.014863234299879808
0 0.9610093190119817 0.44045804097102237 0.01708984375 0.017228346604567308
0 0.814639164851262 0.6084638008704553 0.01678334749661959 0.01644163865309495
0 0.5115494361290565 0.2183201129619892 0.015058077298677884 0.014945543729341947
0 0.48476850069486177 0.08708687929006723 0.027318514310396634 0.02738270851281973
0 0.20114652927105242 0.12520508582775408 0.025694627028245192 0.02554612893324632
0 0.8513353787935697 0.1217041932619535 0.015437492957481971 0.015558096078725962
0 0.5628604155320388 0.9624972710242639 0.015236927912785457 0.015102679912860576
0 0.7796454796424279 0.5816999215346116 0.015201568603515625 0.01524198972261869
0 0.8710867074819711 0.5377857501690204 0.014131105863131009 0.01427753155048077
0 0.8740806579589844 0.6457996368408203 0.014035444993239183 0.014229701115534855
0 0.9093560438889724 0.8685709146352915 0.014472667987530049 0.014671032245342549
0 0.2095483633188101 0.3946254069988544 0.014575628133920522 0.014588282658503605
0 0.1268225908279419 0.672633537879357 0.01490189478947566 0.01482860858623798
0 0.29685453268197864 0.8780552790715144 0.014769554138183594 0.014834770789513221
0 0.01813510633431948 0.3901046606210562 0.017868823730028592 0.019521419818584736
0 0.6742965258084811 0.8649446047269381 0.014614105224609375 0.014266087458683895
0 0.17642056024991548 0.32494376255915713 0.017850288977989785 0.017700782189002402
0 0.49487796196570766 0.08247751456040603 0.03477272620567909 0.03396261655367338
0 0.06570119124192458 0.8700557121863732 0.014806215579693135 0.014989706186147837
0 0.510318976182204 0.6334187434269831 0.013931787931002103 0.013943892258864183
0 0.17973248775188738 0.7615148104154147 0.01648084933941181 0.01682897714468149
0 0.9769866649921124 0.43587303161621094 0.018903292142427884 0.027463179368239183
0 0.2935991654029259 0.4689613489004282 0.031912583571213946 0.03161401015061598
0 0.4886506153987004 0.08495658177595872 0.03222113389235277 0.032058000564575195
0 0.15581024610079253 0.5453184934762808 0.014860923473651592 0.01495823493370643
0 0.5566277503967285 0.45294989072359526 0.013691462003267728 0.013698871319110576
0 0.027238281873556282 0.701672627375676 0.02275231251349816 0.02239080575796274
0 0.6708048306978666 0.10563264443324162 0.015583038330078125 0.015315110866840068
0 0.6446742277878982 0.8788509368896484 0.014606329110952524 0.014714314387394832
0 0.5026566432072566 0.323276923252986 0.014196249154897837 0.014490567720853366
0 0.4257176105792706 0.6313155247614934 0.014929624704214243 0.015077150785006009
0 0.3911286867581881 0.8515773186316857 0.014952146089993991 0.015008192795973558
0 0.12105667591094971 0.6024068685678335 0.01586440893319937 0.01589202880859375
0 0.5079066936786358 0.9077399327204778 0.014852083646334134 0.014721210186298076
0 0.15430263372567984 0.5473429973308856 0.01681936704195463 0.017224238469050482
0 0.10921091299790603 0.21888160705566406 0.014616030913132887 0.01460889669565054
0 0.740143555861253 0.6702850048358624 0.014967991755558895 0.015096811147836538
