0 0.3560930765592135 0.31169920701246995 0.14798428462101862 0.14707601987398589
0 0.6809667440561148 0.7562450262216421 0.051041823167067304 0.05154330913837139
0 0.5276762888981745 0.5013762620779184 0.0719743875356821 0.07224097618689904
0 0.4795812460092398 0.6930386469914362 0.04786418034480168 0.04795074462890625
0 0.6077176240774301 0.2450441580552321 0.04720519139216496 0.04769061161921574
0 0.24230419672452486 0.6044064668508676 0.035106622255765475 0.035359676067645736
0 0.5018581977257361 0.4520097512465257 0.0636149186354417 0.06345748901367188
0 0.7326159110436072 0.7916680849515475 0.04098774836613582 0.040949307955228366
0 0.6373095879187951 0.026212827517436102 0.05378121596116286 0.05080225375982431
0 0.4256005653968224 0.0569349298110375 0.030071845421424277 0.029952645301818848
0 0.523132507617657 0.3990992032564603 0.043520413912259616 0.04376088655911959
0 0.6413379082312951 0.935753162090595 0.037548065185546875 0.0375665517953726
0 0.686767211327186 0.8499352381779597 0.0308685302734375 0.030826568603515625
0 0.38924723405104417 0.0211834219785837 0.02193905757023738 0.02170684704413781
0 0.5305647483238807 0.35599591181828427 0.028917312622070312 0.028900953439565804
0 0.4785349185650165 0.5757247851445124 0.03397985605093149 0.03408175248366136
0 0.40726661682128906 0.4927816757789025 0.04897513756385216 0.04871639838585487
0 0.43849541590763974 0.45618534088134766 0.05012673598069411 0.0504608154296875
0 0.4268809098463792 0.4289578657883864 0.04011858426607572 0.04008131760817308
0 0.2628466532780574 0.8179961718045748 0.02285905984731821 0.023007026085486777
0 0.7315177917480469 0.08905632679279034 0.03471579918494591 0.03501286873450646
0 0.5395349355844351 0.5875374720646784 0.03635245103102464 0.03660040635329027
0 0.49760011526254505 0.556451100569505 0.024301675649789665 0.024391834552471455
0 0.3584065070519081 0.8292436599731445 0.03228547022892879 0.03207485492412861
0 0.644892692565918 0.1456095163638775 0.027083616990309495 0.027150319172785833
0 0.5567635022676908 0.39925296490009016 0.02039513221153846 0.020148644080528848
0 0.6668325570913461 0.5822016275846041 0.018399752103365384 0.018382732684795674
0 0.48606014251708984 0.8609642615685096 0.021131515502929688 0.021262535682091348
0 0.5714054107666016 0.751533581660344 0.030852684607872598 0.03062923137958233
0 0.6025727345393255 0.03203883767127991 0.01944131117600661 0.019653930113865778
0 0.5345993775587815 0.9872983785775992 0.025360547579251803 0.024814899151141826
0 0.5878859299879807 0.379087154681866 0.02122629605806791 0.021122272198016826
0 0.6230631608229417 0.8362924135648288 0.023758081289438102 0.02419457068810096
0 0.570528690631573 0.6500628544734075 0.028685789841871995 0.028972332294170674
0 0.4659358538114108 0.42104222224308896 0.04389029282789964 0.04305223318246695
0 0.23683713032649115 0.7802298619196966 0.018944226778470553 0.01922460702749399
0 0.6269563528207632 0.2985072869520921 0.024248820084791917 0.02436366448035607
0 0.32149850405179536 0.562804075387808 0.02993435126084548 0.030240352337176982
0 0.6534943947425256 0.07256569770666269 0.04000164912297176 0.038935175308814414
0 0.3661980995765099 0.5534625787001389 0.018972250131460335 0.019038273737980768
0 0.6571028782771184 0.981416262113131 0.024710875291090745 0.024748582106370192
0 0.3753558305593637 0.7742772469153771 0.01683205824631911 0.016691207885742188
0 0.519885356609638 0.6951565375694861 0.018896983220027044 0.01882318349984976
0 0.3466469324552096 0.6035190728994516 0.02238009526179387 0.022329330444335938
0 0.5021002476031964 0.2804762033315805 0.030742571904109076 0.030900331643911507
0 0.26145498569195086 0.7831955689650315 0.025726465078500602 0.026143880990835335
0 0.5879738514239972 0.9601019345797025 0.020810273977426384 0.020649543175330527
0 0.3813505539527306 0.711883911719689 0.024570611807016227 0.02473141596867488
0 0.6635594001183143 0.3770736547616812 0.018368060772235576 0.018178132864145134
0 0.4247764807481032 0.39509002978985125 0.03688496809739333 0.0364385751577524
0 0.7217420431283804 0.19023920939518854 0.025042900672325723 0.02501260317288912
0 0.5845110966609075 0.8207089350773737 0.017738929161658652 0.017588982215294473
0 0.22921831791217512 0.5624998532808744 0.015735662900484525 0.018451543954702523
0 0.6699422689584585 0.10553583732018104 0.016681084266075723 0.01675576430100661
0 0.3461908927330604 0.6220962817852314 0.01801754878117488 0.018084159264197715
0 0.6034543697650616 0.6261193202092097 0.016268510084885817 0.016091273381159857
0 0.6343788733849158 0.2780903119307298 0.018275921161358174 0.018163424271803636
0 0.6172626201923077 0.10516924124497634 0.020108993236835185 0.020177657787616435
0 0.7055840125450721 0.277098692380465 0.015336843637319712 0.015669529254619893
0 0.5328773351816031 0.6148896217346191 0.01809971149151142 0.018212024982158955
0 0.7566151252159705 0.498014156634991 0.02301172109750601 0.02321756803072416
0 0.7695877368633564 0.668635735144982 0.017266493577223558 0.019170761108398438
0 0.6291773869441106 0.13293062723599947 0.01567224355844351 0.015473365783691406
0 0.58374940432035 0.4923287538381723 0.029382705688476562 0.02965552990253155
0 0.7136033865121695 0.8713932037353516 0.019479898306039665 0.019365750826322116
0 0.5239980404193585 0.15419204418475813 0.016004268939678486 0.01620619113628681
0 0.5375515130849985 0.20265003351064828 0.01578661111684946 0.015874202434833232
0 0.7060300386868991 0.6524700751671424 0.01602011460524339 0.016158177302433893
0 0.6254268059363732 0.7121461721567007 0.01811042198768029 0.018068753756009616
0 0.6302462357741135 0.48511387751652646 0.024930513822115384 0.02495428232046274
0 0.7151187016413763 0.5693998336791992 0.017153226412259616 0.016957209660456732
0 0.5924900495089017 0.13687726167532113 0.01984405517578125 0.020113578209510215
0 0.2992719503549429 0.8822828439565805 0.02155920175405649 0.021574900700495794
0 0.31339439978966344 0.03812295656937819 0.02589731950026292 0.025545597076416016
0 0.7163966985849234 0.9297533768873948 0.016695462740384616 0.016799046443058893
0 0.5969181060791016 0.30835672525259167 0.01627173790564904 0.01547081653888409
0 0.445127743941087 0.6872494037334735 0.01680132058950571 0.01685920128455529
0 0.25805988678565395 0.6504380152775691 0.016643230731670674 0.016321328970102165
0 0.7172245612511268 0.903210713313176 0.021841782789963942 0.021879049447866585
0 0.7339298541729267 0.8186761415921725 0.015268765963040866 0.01563879159780649
0 0.2593827247619629 0.13658520808586708 0.016124651982234076 0.01571822166442871
0 0.6109890571007361 0.3236943024855394 0.0236514164851262 0.023809432983398438
0 0.3386488694411058 0.8102440467247596 0.016290811391977165 0.0159603999211238
0 0.40766136462871844 0.9279982493473933 0.02215414780836839 0.02237525353064904
0 0.45684447655311 0.07777738571166992 0.016782173743614785 0.016236566580258883
0 0.6513215578519381 0.805437968327449 0.019039154052734375 0.01916650625375601
0 0.4420915750356821 0.527260266817533 0.031188377967247598 0.03127978398249699
0 0.30188270715566784 0.8974776634803185 0.021993637084960938 0.02254339364858774
0 0.26490097779494065 0.5501151451697717 0.015943600581242487 0.015984021700345553
0 0.4772680355952336 0.7806103046123798 0.01537792499248798 0.014661642221304087
0 0.3048939338097206 0.5132456559401292 0.016860448397122897 0.01663097968468299
0 0.7243248866154597 0.5332284707289475 0.015277275672325721 0.015167603125939002
0 0.46678590774536133 0.4931229077852689 0.04367197476900541 0.04406393491304838
0 0.4101729759803185 0.610883199251615 0.017131732060359076 0.01723054739145132
0 0.2440662384033203 0.9673420099111704 0.021972069373497598 0.021550838763897236
0 0.7428508905264047 0.6589934275700495 0.01541885962853065 0.015381152813251201
0 0.6086293367239145 0.7115245232215295 0.019054192763108473 0.01924925584059495
0 0.32450543917142427 0.4620485305786133 0.03226382915790264 0.03267200176532452
0 0.414088616004357 0.7906970977783203 0.016142845153808594 0.01612061720628005
0 0.2447648048400879 0.14368312175457293 0.017195995037372295 0.01775976327749399
0 0.39319860018216646 0.1047811874976525 0.015050888061523438 0.01488821323101337
0 0.7615243471585788 0.43398409623366135 0.016370626596304085 0.016175490159254808
0 0.3470776264484112 0.9354081520667443 0.02112403282752404 0.02123685983511118
0 0.2561172705430251 0.7217990435086764 0.020699134239783652 0.02081122765174279
0 0.6863605792705829 0.39823121290940505 0.016374734731820915 0.01609039306640625
0 0.7681152637188251 0.8807449340820312 0.025244786189152643 0.027292691744290866
0 0.2784421627338116 0.28411216002244216 0.018785550044133112 0.018484995915339544
0 0.24134041712834284 0.31756998942448544 0.021645839397723857 0.02169939187856821
0 0.34695940751295823 0.5317423893855169 0.017397293677696817 0.017421869131234977
0 0.551820131448599 0.05157332236950214 0.017959741445688102 0.018341577970064603
0 0.3950286645155687 0.41860507084773135 0.026035528916579027 0.025992907010591947
0 0.5621559069706843 0.3366293173569899 0.020911656893216647 0.020957213181715745
0 0.3990017817570613 0.6765346527099609 0.015291947584885817 0.015630575326772835
0 0.38357107455913836 0.2076882582444411 0.020189725435697116 0.01984236790583684
0 0.3394545041597806 0.405913756443904 0.029116263756385215 0.028998374938964844
0 0.4828345959003155 0.2379592381990873 0.018437018761268027 0.018600317148061898
0 0.2533041513883151 0.18737365649296686 0.018673236553485576 0.01882787851186899
0 0.5935449600219727 0.010286372441511888 0.020268660325270433 0.01815466697399433
0 0.3805844233586238 0.9120172353891226 0.017894891592172477 0.0178677485539363
0 0.4273520983182467 0.9924124204195462 0.017295030447152946 0.015253800612229567
0 0.28064936857957107 0.04883919312403752 0.014241291926457332 0.014302253723144531
0 0.25345778465270996 0.69750793163593 0.017400154700646035 0.01734161376953125
0 0.6554015232966497 0.3428801756638747 0.01704230675330529 0.01718623821551983
0 0.5225815039414626 0.6298839862530048 0.014719742995042067 0.01439197246844952
0 0.6046452889075646 0.1689781775841346 0.017281752366286058 0.017347005697397087
0 0.46179676055908203 0.5380248289841872 0.0212555665236253 0.021194604726938102
0 0.4601032550518329 0.8711704841026893 0.017987764798677884 0.01796722412109375
0 0.5155531809880183 0.17711650408231294 0.017464564396784857 0.017568441537710335
0 0.48008148486797625 0.22153450892521784 0.022184078509990986 0.022148792560283955
0 0.25352907180786133 0.06689933630136344 0.016792810880220853 0.01748497669513409
0 0.6100595180804913 0.7534663860614483 0.02068945077749399 0.020993746243990384
0 0.6674008002647986 0.870098774249737 0.014453594501201924 0.014611757718599759
0 0.3016469478607178 0.5321620794442984 0.018649944892296426 0.01899543175330529
0 0.714328619150015 0.5568466920119065 0.015851534329927884 0.016546249389648438
0 0.5223566568814791 0.31731466146615833 0.016077555142916165 0.01621671823354868
0 0.44244083991417515 0.8665954883282001 0.01646115229679988 0.016606844388521634
0 0.4556199587308444 0.39326953887939453 0.01890872075007512 0.018900651198167067
0 0.35045675130990833 0.09930047622093788 0.0895683765411377 0.09376019697922927
0 0.29338777982271635 0.5782817693857046 0.015160890725942759 0.015140680166391226
0 0.4338381840632512 0.17243363307072565 0.03226595658522386 0.03256519024188702
0 0.6149563789367676 0.2823335207425631 0.021154036888709433 0.021437461559589092
0 0.5556657497699444 0.8284266545222356 0.01682442885178786 0.01677527794471154
0 0.3601520244891827 0.7928491739126352 0.016486241267277643 0.01663824228140024
0 0.5511903029221755 0.1430537884051983 0.014932779165414663 0.015321896626399113
0 0.5850174977229192 0.43652886610764724 0.015280943650465745 0.01547710712139423
0 0.7175626021165115 0.2734503379234901 0.013550098125751201 0.01361384758582482
0 0.5588831901550293 0.10610237488379845 0.01573775364802434 0.015798678764930137
0 0.7453581003042368 0.8277144798865685 0.014486753023587741 0.014314211331881009
0 0.35944142708411586 0.08882538171914908 0.014077700101412259 0.013996692804189829
0 0.3624070974496695 0.7072064326359675 0.015139506413386418 0.015043992262620192
0 0.3362579345703125 0.9830866593580979 0.017701075627253607 0.017367142897385817
0 0.36512154799241286 0.5354618659386268 0.016727154071514424 0.016347885131835938
0 0.3598775863647461 0.6657304030198318 0.014543533325195312 0.014193021334134616
0 0.7138821528508112 0.9764979435847356 0.017209859994741585 0.01692683880145733
0 0.7011423844557542 0.7060097914475661 0.021146480853740986 0.02158502432016226
0 0.4728960624107948 0.20423518694364107 0.017186825092022236 0.017207512488731973
0 0.49883769108698917 0.7697479541485126 0.019613119272085335 0.019625150240384616
0 0.5044307708740234 0.7189541596632737 0.01562206561748798 0.015584798959585337
0 0.2328773278456468 0.8316742823674128 0.014310690072866587 0.014372018667367788
0 0.6291035872239333 0.6386139209453876 0.014484698955829326 0.014211801382211538
0 0.7254238128662109 0.9867671086237981 0.01683807373046875 0.016735223623422477
0 0.2508646524869479 0.8680565173809345 0.013931567852313701 0.014158689058743991
0 0.508723992567796 0.5742012170644907 0.015796808096078727 0.01572696979229267
0 0.6417673551119291 0.3757641865656926 0.013895915104792668 0.013466614943284255
0 0.3085514948918269 0.5793858308058518 0.014259851895845853 0.014161183283879207
0 0.6951252863957331 0.044226183341099665 0.01434326171875 0.014632380925692044
0 0.5173234939575195 0.009748814197687002 0.02405716822697566 0.01565954776910635
0 0.42751158200777495 0.9812209789569561 0.016368352449857272 0.016266015859750602
0 0.4032452656672551 0.7312883963951697 0.02317648667555589 0.022604722243088942
0 0.39989126645601714 0.21803228671734148 0.014024147620567909 0.013738375443678636
0 0.5005925985483023 0.9372070019061749 0.01690050271841196 0.0167996333195613
0 0.2302104509793795 0.7088975172776443 0.014358080350435697 0.014703017014723558
0 0.48050381587101865 0.09966235894423264 0.014188326322115384 0.014196469233586239
0 0.7608367479764498 0.2542973298292894 0.015447763296274038 0.018285311185396634
0 0.3090001619779147 0.5529530965364896 0.014898960406963643 0.014867489154522236
0 0.3157035754277156 0.617469860957219 0.014640074509840745 0.014629950890174279
0 0.31118499315702 0.4559612274169922 0.019896947420560397 0.019936781663161058
0 0.7132325539222131 0.38884889162503755 0.014901527991661659 0.014898153451772837
0 0.234038573044997 0.6503108097956731 0.013590629284198467 0.01349639892578125
0 0.6351927977341872 0.9904447702261118 0.046185860267052285 0.018565251277043268
0 0.22731814017662635 0.8958400579599234 0.014860593355618991 0.015096370990459736
0 0.22610820256746733 0.6912102332481971 0.014062257913442759 0.016092447134164665
0 0.43074501477755034 0.6543166820819561 0.015357457674466647 0.015008779672475962
0 0.3264122742872972 0.7161350250244141 0.014498050396259014 0.014322134164663462
0 0.6897635826697717 0.3875891612126277 0.016939896803635817 0.016791123610276442
0 0.28720804361196667 0.5692348113426795 0.01718341387235201 0.017361787649301384
0 0.4162879723768968 0.6440290304330679 0.017186384934645433 0.01742377647986779
0 0.718628663283128 0.650365242591271 0.013398390549879808 0.013706207275390625
0 0.4467144012451172 0.19205089715810922 0.027343163123497598 0.027341916010929987
0 0.3553017836350661 0.6893061857957107 0.013638569758488582 0.013676716731144832
0 0.6099060865548941 0.983894788301908 0.01389173360971304 0.014223538912259616
0 0.4033162043644832 0.5549043508676382 0.018847832312950723 0.01910679156963642
0 0.2428279656630296 0.8615457094632663 0.014692379878117489 0.0146788083589994
0 0.6087986139150766 0.17472124099731445 0.015280796931340145 0.01561428950383113
0 0.47257306025578427 0.3172297110924354 0.016560847942645732 0.016562241774338942
0 0.5029593981229342 0.869418951181265 0.01702455373910757 0.01655402550330529
0 0.591466683607835 0.1542969483595628 0.013985707209660457 0.014224969423734225
0 0.45884998028094953 0.7847731663630559 0.016926105205829326 0.016757378211388223
0 0.3616628646850586 0.7766249730036809 0.013690361609825721 0.013928046593299279
0 0.3204347903911884 0.5018155758197491 0.023196293757512018 0.022635826697716348
0 0.2298882924593412 0.4584500239445613 0.013978664691631611 0.01640011714054988
0 0.30767261064969575 0.7619803502009466 0.016091640178973857 0.016043442946213942
0 0.3605265984168419 0.5002086345966046 0.014250975388746995 0.014255817119891826
0 0.443207520705003 0.5491767296424279 0.014496143047626201 0.014148858877328726
0 0.6993546119103065 0.47656591121967024 0.0141905271089994 0.014291983384352464
0 0.7531493260310247 0.8636858279888446 0.016194270207331732 0.016105211698091947
0 0.6194409590501052 0.3511910071739784 0.015394027416522685 0.01561443622295673
0 0.4850295140193059 0.7198513471163236 0.014069337111253005 0.013977344219501201
0 0.5563380901630108 0.05485961070427528 0.018314655010516826 0.018001483036921576
0 0.5013529704167292 0.9347054408146784 0.01857889615572416 0.019238692063551683
0 0.256410158597506 0.7598975254939153 0.01791524887084961 0.017841632549579326
0 0.42726890857403094 0.9892441676213191 0.01961509998028095 0.019680316631610576
0 0.714106192955604 0.5659603705772986 0.01790486849271334 0.01930126777062049
0 0.5460543632507324 0.1260920029420119 0.023480562063363884 0.02333204562847431
0 0.4393611321082482 0.11691783024714543 0.01384735107421875 0.013930614177997295
0 0.6519546508789062 0.9493591602032001 0.01653876671424279 0.0163571284367488
0 0.5001174119802622 0.8776798248291016 0.014204098628117489 0.014151353102463942
0 0.30052727919358474 0.9044082348163311 0.018669862013596755 0.018336369441105768
0 0.3043319628788875 0.4309466802156888 0.023217127873347357 0.022059147174541768
0 0.47734304574819714 0.6461246197040265 0.014186272254356971 0.014091198260967549
0 0.37085866928100586 0.8509741563063401 0.01378939701960637 0.013548044057992788
0 0.3585198108966534 0.6786231994628906 0.015342198885404147 0.0152740478515625
0 0.7086921105018029 0.6281293722299429 0.014790755051832933 0.014599139873798076
0 0.352262570307805 0.8680549034705529 0.01436600318321815 0.014418088472806491
0 0.6922557537372296 0.6456011258638822 0.015536821805513822 0.015348581167367788
0 0.6140249325678899 0.27927479377159703 0.020470912639911357 0.021041356600247897
0 0.543307561140794 0.038461969448969915 0.017693152794471152 0.017505111602636483
0 0.6210637459388146 0.011023813715347877 0.02248529287484976 0.019910383682984572
0 0.43910818833571214 0.5309366813072791 0.02387413611778846 0.02427247854379507
0 0.5484429872952975 0.12856417435866135 0.021042603712815505 0.019733942472017728
0 0.7233506716214694 0.6833708836482122 0.013702686016376201 0.013589418851412259
0 0.27221433932964617 0.9169302720289964 0.015085880572979268 0.015220055213341346
0 0.4187300755427434 0.5495573190542368 0.013619202833909255 0.01347820575420673
0 0.706656235914964 0.7814542330228366 0.025500370905949518 0.02666752155010517
0 0.2908787360558143 0.5035366645226111 0.014245546781099759 0.014399455143855168
0 0.30939692717332107 0.5999516707200271 0.014559672429011418 0.014617919921875
0 0.5442633628845215 0.03675087140156673 0.022072571974534255 0.02161217652834379
0 0.649993162888747 0.04692096893603985 0.04762986990121695 0.04604587188133827
