0 0.0812230293567364 0.20963122294499323 0.15199474187997672 0.15537247290978065
0 0.4891322942880484 0.8562582456148587 0.11565575232872596 0.11977269099308895
0 0.804229002732497 0.20561841818002555 0.09764803372896634 0.0985108155470628
0 0.2535896668067345 0.6673685220571665 0.12465205559363732 0.12420140779935397
0 0.5526354496295636 0.2796777578500601 0.045950742868276745 0.046609071584848255
0 0.5180961168729342 0.3429468595064603 0.040255179772010215 0.040737298818734974
0 0.14806753855485183 0.5424789281991812 0.07587581414442796 0.07618918785682091
0 0.3375360415532039 0.5274209976196289 0.024484781118539665 0.024370340200570915
0 0.7422121488131009 0.3180690912099985 0.030281653771033652 0.03044555737422063
0 0.7700877556434045 0.35550410930926984 0.023674891545222357 0.02372440925011268
0 0.7705356891338642 0.3862803532527043 0.024045797494741585 0.024049025315504808
0 0.24751466971177322 0.11125747974102314 0.05233144760131836 0.05202062313373272
0 0.5780139336219201 0.23001485604506272 0.02203193077674279 0.022210194514347956
0 0.8108835953932542 0.5217235271747296 0.025988065279447116 0.02591866713303786
0 0.16770197794987604 0.9661518977238581 0.07585485164935772 0.06500390859750602
0 0.4993112637446477 0.5024180779090295 0.019988866952749398 0.02004241943359375
0 0.9715741964486929 0.4034738540649414 0.0438688718355619 0.04558108403132512
0 0.06458128415621243 0.6401169116680439 0.03206942631648137 0.03222040029672476
0 0.2178655220912053 0.8548957384549655 0.0198513911320613 0.019835398747370794
0 0.04721482900472788 0.17594179740318885 0.024797567954430215 0.02466759314903846
0 0.23105650681715745 0.9368625053992639 0.05179735330434946 0.051454984224759616
0 0.6148785811204177 0.06565393851353572 0.02109102102426382 0.02131821559025691
0 0.9472559415377103 0.9384746551513672 0.027262467604417067 0.02684197059044471
0 0.20349984902601975 0.5369407213651217 0.02152740038358248 0.021573286790114183
0 0.6721606621375451 0.05562997781313383 0.02371978759765625 0.023546604009775016
0 0.16567241228543794 0.24731245407691368 0.01965816204364483 0.01957090084369366
0 0.05068880319595337 0.8673820495605469 0.02153597428248479 0.02169066209059495
0 0.5259043620182917 0.7766671547522912 0.08695492377647987 0.08551318828876202
0 0.8307548669668344 0.6105592434222882 0.024181952843299277 0.02432984572190505
0 0.3590448819673978 0.8405168973482572 0.018755252544696514 0.018657097449669473
0 0.650657213651217 0.13311052322387695 0.04148776714618389 0.04131108063917894
0 0.33618838970477766 0.023560466674657967 0.019192915696364183 0.019029667744269736
0 0.1820972332587609 0.07114656613423274 0.09187808403602013 0.09263606254871075
0 0.7074416233943059 0.027051629928442147 0.026906233567457933 0.027311173769143913
0 0.3349469258235051 0.4999091075016902 0.018626946669358473 0.018782835740309495
0 0.03066932925811181 0.5652439044072077 0.016284213616297796 0.016304896428034857
0 0.6479038825401893 0.2667737373938927 0.018251565786508415 0.018214079049917366
0 0.5273378812349759 0.2991944092970628 0.023127335768479567 0.022984137901893027
0 0.16831401678232047 0.7360208951509916 0.017888582669771634 0.017666449913611777
0 0.05203180588208712 0.03428668700731718 0.1067426112981943 0.06751908705784725
0 0.45466184616088867 0.4521614955021785 0.01873603233924279 0.01873500530536358
0 0.4973506193894606 0.1109619690821721 0.021548637977013223 0.02155722104586088
0 0.5679314319904034 0.7432461518507737 0.016864629892202523 0.016754590548001803
0 0.16569319138160118 0.363063775576078 0.11602955598097581 0.11945629119873047
0 0.25710527713482195 0.16242628831129807 0.035907928760235124 0.035898758814885065
0 0.44019075540395886 0.03699010610580444 0.01633878854604868 0.016235920099111702
0 0.6977418752817007 0.2641568917494554 0.015674004187950723 0.01567664513221154
0 0.24873777536245492 0.9231878427358774 0.02331719031700721 0.023319244384765625
0 0.49903088349562424 0.7470994362464318 0.015671216524564303 0.015436759361853966
0 0.18809817387507513 0.5165006197415866 0.026041177602914665 0.026114977323091947
0 0.22578054208021897 0.17554006209740272 0.1030116081237793 0.10149985093336839
0 0.6116475692162147 0.9168009391197791 0.016685852637657754 0.016676682692307692
0 0.40862435560960036 0.9863163141103891 0.035963792067307696 0.02378111619215745
0 0.698830091036283 0.2979704416715182 0.01701971200796274 0.017207549168513372
0 0.4297333497267503 0.5293434583223783 0.01665350107046274 0.01666993361253005
0 0.0727273179934575 0.43194279303917515 0.019883311711824857 0.019693594712477464
0 0.420017095712515 0.35232202823345476 0.0160826903123122 0.015803043658916768
0 0.9651442307692307 0.6099847646859976 0.021405146672175482 0.021471023559570312
0 0.2134390610914964 0.8814478654127854 0.01820659637451172 0.018166762131911058
0 0.9359299586369441 0.5110371296222394 0.021685673640324518 0.02182351625882662
0 0.681391716003418 0.5437653614924505 0.016147906963641826 0.01603977496807392
0 0.7670252139751728 0.07724912349994366 0.023580257709209736 0.024023074370164137
0 0.29759764671325684 0.23796719771165115 0.07709858967707707 0.07577815422644982
0 0.379025569328895 0.6761078467735877 0.038312325110802285 0.03658030583308293
0 0.7524819007286658 0.27936464089613694 0.017758589524489183 0.017795746143047627
0 0.4132559116070087 0.3720744206355168 0.024040662325345553 0.0239713375384991
0 0.5261986072246845 0.5588524891779973 0.020488225496732272 0.020107562725360576
0 0.014797286345408512 0.1483992521579449 0.02941336540075449 0.04462959216191219
0 0.4889772121722882 0.3191925562345065 0.02122013385479267 0.021230624272273138
0 0.5385730816767766 0.06388219961753258 0.018650275010329027 0.018575512445889987
0 0.5718044867882361 0.20845954234783465 0.019415782048152044 0.019397625556358926
0 0.4822502136230469 0.27394789915818435 0.01649299034705529 0.01660743126502404
0 0.6325099651630108 0.7958668928879958 0.015462728647085337 0.01529224102313702
0 0.5360645881065955 0.4017017437861516 0.016759872436523438 0.016835652864896335
0 0.26282994563762957 0.7886133193969727 0.10602001043466422 0.10925645094651443
0 0.06866465623562153 0.8498633458064153 0.020659400866581842 0.020708524263822116
0 0.8376303452711839 0.04644790979532095 0.014678514920748197 0.014687354748065654
0 0.3164240763737605 0.0537331195978018 0.015442921565129207 0.01542336207169753
0 0.04769587975281935 0.7663816305307242 0.015256799184359036 0.015193939208984375
0 0.720786608182467 0.042417086087740384 0.017764751727764424 0.017404609001599826
0 0.6334268129788913 0.22223291030296913 0.01612677940955529 0.01612080060518705
0 0.7807546762319711 0.36298399705153245 0.15797541691706732 0.15192616902864897
0 0.5816577397860013 0.8535397602961614 0.015624706561748799 0.01571039053109976
0 0.4604017917926495 0.17088031768798828 0.017369490403395433 0.017320853013258714
0 0.0745760569205651 0.5100774398216834 0.016705824778630182 0.01682457557091346
0 0.6579171694242038 0.02276125321021447 0.016857734093299277 0.016723371469057523
0 0.553133671100323 0.22514959482046273 0.017724990844726562 0.017377119797926683
0 0.29429070766155535 0.9538200818575345 0.06335108096782978 0.06203680772047777
0 0.6462896053607647 0.581327695112962 0.07857762850247897 0.07822528252234826
0 0.7096957426804763 0.4913270656879132 0.07233487642728366 0.07180536710298978
0 0.41076021928053635 0.4853416589590219 0.015656471252441406 0.01576988513653095
0 0.45323610305786133 0.2623398487384503 0.01790508857140174 0.01780047783484826
0 0.1268765742962177 0.8648629555335412 0.022298134290255033 0.02283052297738882
0 0.14344274080716646 0.49541759490966797 0.01575321417588454 0.015940152681790866
0 0.16806349387535682 0.8340356533343976 0.06390409286205585 0.06436890822190505
0 0.7391388232891376 0.13123587461618277 0.04710872356708233 0.047467525188739486
0 0.1625100832719069 0.1319553301884578 0.05959166013277494 0.05887247965886043
0 0.20128539892343375 0.22133632806631234 0.01834561274601863 0.018283330477201022
0 0.45816997381357044 0.32225550138033354 0.017896138704740085 0.017923648540790264
0 0.2679452712719257 0.0442125705572275 0.02317069127009465 0.023206279827998236
0 0.6102455579317533 0.6990696833683894 0.0804585676926833 0.07852818415715145
0 0.6814834888164814 0.12314822123600887 0.07308255709134616 0.07063172413752629
0 0.2617920728830191 0.5823852098905123 0.04264963590181791 0.042382313654972956
0 0.9499962146465595 0.598380969120906 0.014372312105618991 0.014509787926307091
0 0.7109118241530198 0.2700003477243277 0.016646751990685098 0.016652730795053337
0 0.2740200116084172 0.5336481241079477 0.013491630554199219 0.01347042964054988
0 0.6813665536733774 0.6221866607666016 0.015577463003305288 0.015265208024245042
0 0.45458434178278995 0.11472718532268818 0.023133131173940804 0.023456023289607122
0 0.5116417958186223 0.9786294790414664 0.06654798067533053 0.037985581618088946
0 0.8730812806349534 0.31651970056387096 0.015074069683368389 0.014783345735990085
0 0.5814299216637244 0.3688854437607985 0.014679835392878605 0.014796036940354567
0 0.04432795139459463 0.5187378663283128 0.015319567460280199 0.01515975365271935
0 0.4824308982262245 0.4393777847290039 0.013437711275540866 0.013626318711500902
0 0.07829091182121864 0.3768138151902419 0.024811561291034404 0.023958646334134616
