0 0.4503187032846304 0.5318078261155349 0.0390623532808744 0.03920657818134014
0 0.7401554401104267 0.7576184639563928 0.04233345618614784 0.0422210693359375
0 0.7975220313439002 0.4116042944101187 0.06876446650578426 0.06952505845289964
0 0.29477743002084583 0.8934062077448919 0.03468667543851412 0.03472489577073317
0 0.405606930072491 0.7625549756563627 0.035137249873234674 0.035138496985802285
0 0.336820492377648 0.5107638652508075 0.03182154435377855 0.03180995354285607
0 0.7395164783184345 0.3023563348329984 0.030869263869065505 0.030715465545654297
0 0.678657605097844 0.6938304167527419 0.030487794142503005 0.030764359694260817
0 0.17856198090773362 0.8188792008620042 0.029801001915564902 0.029812005849984977
0 0.4589722706721379 0.48939374776986927 0.02095486567570613 0.020955892709585335
0 0.2077312469482422 0.808316157414363 0.029445721552922174 0.029185368464543268
0 0.3807657315180852 0.9861817726722131 0.030807861915001504 0.023532573993389424
0 0.7910724053016076 0.8877535599928635 0.02584222646859976 0.026184668907752402
0 0.533842160151555 0.6428246131310096 0.029788970947265625 0.02959588857797476
0 0.7315305563119742 0.8041777977576623 0.020154659564678486 0.0199124262883113
0 0.6955457834097055 0.021390401400052585 0.026294414813701924 0.026117095580467813
0 0.5990872016319861 0.17634131358220026 0.029642618619478665 0.029868492713341348
0 0.8232901646540716 0.36084153101994443 0.03609319833608774 0.03618907928466797
0 0.5330759561978854 0.830157206608699 0.023558763357309196 0.023534628061147835
0 0.8063210707444411 0.6296686025766226 0.02179571298452524 0.021723820612980768
0 0.2728286889883188 0.3475640370295598 0.018082545353816107 0.01815634507399339
0 0.45634042299710786 0.922101094172551 0.021728075467623197 0.021871566772460938
0 0.7321260158832257 0.9273768204909104 0.017415853647085335 0.01754907461313101
0 0.8408103355994592 0.5098921702458308 0.023157266470102165 0.03214894808255709
0 0.3832196088937613 0.4777526488670936 0.016702578617976263 0.016482720008263223
0 0.4890876916738657 0.4280710220336914 0.017195848318246696 0.017240377572866585
0 0.2119620029742901 0.8444411938007061 0.01658036158635066 0.016674628624549277
0 0.694126716026893 0.8439179933988131 0.01741761427659255 0.017222184401292067
0 0.39101527287409854 0.7200587346003606 0.017444097078763522 0.017427591177133415
0 0.8321741544283353 0.4774646025437575 0.016262641319861777 0.01618810800405649
0 0.28548207649817836 0.8447186396672175 0.017110824584960938 0.016981858473557692
0 0.570194831261268 0.45477801102858323 0.016251784104567308 0.016391754150390625
0 0.7889423370361328 0.8219184875488281 0.04121310894305889 0.040261341975285456
0 0.7483027531550481 0.712902729327862 0.017395459688626803 0.017657059889573317
0 0.5634683829087478 0.48460901700533354 0.019180884728064902 0.019059107853816107
0 0.6756638746995193 0.06959268679985633 0.016225668100210335 0.01637891622690054
0 0.38223769114567685 0.6793170342078576 0.02351203331580529 0.023659926194411058
0 0.6263182713435247 0.5988970903249887 0.02171501746544471 0.021919910724346455
0 0.7182530623215896 0.4361674969012921 0.016520866980919473 0.016652914193960335
0 0.15732438747699445 0.8826861748328576 0.018922594877389762 0.019270676832932692
0 0.7813637073223407 0.6690141237699069 0.01935548048753005 0.019419743464543268
0 0.8035090519831731 0.022690740915445182 0.016850985013521634 0.01641686260700226
0 0.3829675821157602 0.3071235693418063 0.02518917964054988 0.025263236119196966
0 0.5698279600877029 0.018107719146288358 0.025026321411132812 0.02512168425780076
0 0.8138300088735727 0.10276268078730656 0.015591841477614183 0.015686493653517503
0 0.6157916875985953 0.7285178257868841 0.020549187293419473 0.020604940561147835
0 0.4467492470374474 0.8344374436598557 0.021106866689828727 0.021009298471304085
0 0.3729895811814528 0.9665471590482272 0.017285640423114482 0.017695500300480768
0 0.3781743416419396 0.13834438874171331 0.015078471257136418 0.015262493720421424
0 0.3731795824491061 0.19950067079984224 0.015363986675555889 0.01522372319148137
0 0.20965491808377779 0.23590916853684646 0.01593333024245042 0.01608580809373122
0 0.46406004979060245 0.571293830871582 0.016198231623722956 0.01633145258976863
0 0.2458350841815655 0.7007952470045823 0.015160157130314754 0.015049567589393029
0 0.4321289796095628 0.7907200593214768 0.018991617056039665 0.019240892850435697
0 0.25465946931105393 0.7694907555213342 0.08379635444054237 0.08402281541090745
0 0.4935744358943059 0.03628478371180021 0.017819331242487982 0.01755751554782574
0 0.6340802999643179 0.040630230536827676 0.014787233792818509 0.014795220815218411
0 0.577074931218074 0.08878461214212272 0.017198709341195915 0.017186696712787334
0 0.5767220717210036 0.05625225947453426 0.043546823354867786 0.043077743970430814
0 0.24381518363952637 0.6647428365854117 0.0158843627342811 0.015911982609675482
0 0.4396823736337515 0.7372322082519531 0.01569219735952524 0.015657718365009014
0 0.671625724205604 0.8643891261174128 0.014584174522986779 0.014410459078275241
0 0.3408488493699294 0.35555318685678333 0.01806185795710637 0.018016301668607272
0 0.30778085268460786 0.1995249161353478 0.05686407822829027 0.056913009056678183
0 0.819981941810021 0.2871256241431603 0.031070415790264424 0.031098219064565804
0 0.7843229587261493 0.6858014326829177 0.015434998732346755 0.015491779033954326
0 0.7699788900522085 0.8097411669217623 0.07704235957219051 0.0752268571120042
0 0.5574742097121018 0.30143282963679385 0.01642271188589243 0.01666391812838041
0 0.7382876322819636 0.46046069952157825 0.016032292292668268 0.016267776489257812
0 0.33123573890099156 0.4564349101139949 0.017468672532301683 0.01797177241398738
0 0.7842099116398737 0.9886564108041617 0.023272147545447715 0.019118675818810098
0 0.36951505220853365 0.5646593387310321 0.015709070058969352 0.015765263484074518
0 0.6025555684016302 0.8992346983689529 0.018462694608248197 0.01844362112192007
0 0.6743809626652644 0.04799531973325289 0.019230475792518027 0.01868097598736103
0 0.4198769422677847 0.4604321993314303 0.01427474388709435 0.014339153583233174
0 0.3934447948749249 0.8480198199932392 0.024115929236778848 0.024233891413762018
0 0.399232424222506 0.9538122323843149 0.015496914203350361 0.015167236328125
0 0.2339959327991192 0.15254011520972618 0.04694971671471229 0.04738048406747671
0 0.31676541841947115 0.2620129952063927 0.015056610107421875 0.015066220210148739
0 0.23814615836510292 0.24789560758150542 0.015828902904803935 0.01545407221867488
0 0.7669602907620944 0.4478444686302772 0.01616800748384916 0.016122157757098857
0 0.5765303098238431 0.5067228537339431 0.016538619995117188 0.016529156611515924
0 0.5258964391855093 0.43316100193903995 0.015218881460336538 0.014963003305288462
0 0.48739147186279297 0.11499962439903846 0.017696527334359977 0.017540821662315957
0 0.5264894778911884 0.7649652040921725 0.024611399723933294 0.024669647216796875
0 0.23328502361591047 0.1736585543705867 0.042397499084472656 0.041858489696796126
0 0.3247142204871544 0.3662019142737755 0.013912274287297176 0.01367642329289363
0 0.537717342376709 0.44295875842754656 0.015227391169621395 0.015258348905123197
0 0.6765959813044622 0.23871986682598406 0.019059401292067308 0.0192105219914363
0 0.7566075691810021 0.9468845954308143 0.017998622013972357 0.018186129056490384
0 0.41787246557382435 0.35964797093318057 0.014249141399676982 0.01454910865196815
0 0.28872570624718297 0.974699460543119 0.061921339768629804 0.04607596764197716
0 0.7911374752338116 0.9130010604858398 0.01564363332895132 0.015954971313476562
0 0.6844829412607046 0.7392881833589994 0.018044545100285456 0.0178830073429988
0 0.38506573897141677 0.3274112848135141 0.013956069946289062 0.013861289391150841
0 0.3513722052940956 0.10426048132089469 0.018234399648813102 0.018157078669621393
0 0.8238454231849084 0.762052609370305 0.05665808457594652 0.06406916104830228
0 0.5611654795133151 0.3226799964904785 0.016553291907677285 0.016521160419170674
0 0.4238555614764874 0.18917226791381836 0.016064937298114482 0.016122854672945462
0 0.19701722952035758 0.008574159099505497 0.02529004903940054 0.016062326156176053
0 0.17132023664621207 0.7391748428344727 0.015258862422062801 0.015169583834134616
0 0.8059668174156775 0.3129444855910081 0.014566714947040264 0.014688051663912259
0 0.4935194162222055 0.9332682536198542 0.05509259150578426 0.055301812978891224
0 0.5294243005605844 0.12405376250927265 0.015085807213416466 0.015072070635282077
0 0.8492164611816406 0.10381767382988563 0.012261610764723558 0.020076219852154072
0 0.44358429541954625 0.25388134442842925 0.026562984173114482 0.026705228365384616
0 0.19139656653771034 0.3725748795729417 0.035133068378155045 0.03628672086275541
0 0.3645405402550331 0.7110268519474909 0.020067288325383112 0.020121060884915866
0 0.7980094322791467 0.9106630178598257 0.026344886192908652 0.02470984825721154
