0 0.5320562215951773 0.07094978369199313 0.048429048978365384 0.048892589715810925
0 0.04368478976763212 0.5211680118854229 0.03246880494631254 0.035130940950833835
0 0.2509358846224271 0.21090872471149152 0.03068227034348708 0.030689459580641527
0 0.1713562928713285 0.47071192814753604 0.030791356013371393 0.031109736515925482
0 0.9201682897714468 0.5608279154850886 0.028322806725135215 0.02833703848031851
0 0.9002568171574519 0.24323322222783014 0.0270382807804988 0.027197947868934043
0 0.07215150961509117 0.9169346736027644 0.028687082804166354 0.028795389028695915
0 0.879119139451247 0.7858031346247747 0.021359076866736777 0.021662198580228366
0 0.9134883880615234 0.19865842965932992 0.021549811730018027 0.021583043611966647
0 0.21619057655334473 0.6437548123873197 0.02127375969519982 0.021051847017728366
0 0.8886685004601111 0.9199077899639423 0.01940022982083834 0.019596980168269232
0 0.877681145301232 0.23105760721059945 0.019898047814002402 0.01996950002817007
0 0.8519125718336839 0.7008556952843299 0.016890599177433893 0.016942831186147835
0 0.594731514270489 0.3520795381986178 0.018342971801757812 0.01817769270676833
0 0.826238045325646 0.12352638978224534 0.018589900090144232 0.018619794111985426
0 0.6712047870342548 0.9105031673724835 0.01744666466346154 0.017295690683218148
0 0.4578094849219689 0.7887510152963492 0.022296392000638522 0.022255824162409857
0 0.5081961705134466 0.7996903933011569 0.017407343937800482 0.017262385441706732
0 0.4738598603468675 0.6362232795128455 0.016941584073580228 0.01700592041015625
0 0.9420365553635818 0.0941924865429218 0.01771721473106971 0.017560573724599984
0 0.05282525374339177 0.612394773043119 0.01753211938417875 0.01726664029634916
0 0.28388067392202526 0.263244812305157 0.019641802861140326 0.019442264850323018
0 0.5368083807138296 0.7574765865619366 0.01753821739783654 0.017604974599984977
0 0.481776604285607 0.7945459806002103 0.016519839947040264 0.0164486811711238
0 0.5100586230938251 0.6474117865929236 0.06951434795673077 0.06998296884390023
0 0.3061836866232065 0.7533807020920974 0.02656896297748272 0.026797367976262018
0 0.13936343559852013 0.6573258913480319 0.030283267681415264 0.02984795203575721
0 0.178101869729849 0.5794915786156287 0.04088570521428035 0.040988775400015026
0 0.06011699254696186 0.602206303523137 0.014313560265761156 0.014572583712064303
0 0.462673333974985 0.7247210282545823 0.04005725567157452 0.03835590069110577
0 0.2259971912090595 0.4837826948899489 0.015906113844651442 0.016040948721078727
0 0.06988606086144081 0.8712864655714768 0.015824391291691706 0.015903179462139424
0 0.6228523254394531 0.1197042832007775 0.015732838557316706 0.015649171975942757
0 0.07931322317857009 0.8076704465425931 0.02886112378193782 0.02892919687124399
0 0.2644438926990216 0.6367649665245643 0.01852571047269381 0.01866912841796875
0 0.33797542865459734 0.07708305578965408 0.014748206505408654 0.014689793953528771
0 0.33965165798480695 0.6441031235914964 0.016843649057241585 0.017042013315054085
0 0.4979584033672626 0.5633227274968073 0.014104989858774038 0.01389628190260667
0 0.09646428548372708 0.8540404393122747 0.015589273892916165 0.015485323392427884
0 0.3962583541870117 0.6450296548696665 0.02911039499136118 0.02964357229379507
0 0.6069837716909555 0.5317844244150015 0.015791599567119893 0.01558685302734375
0 0.19497950260455793 0.1185460824232835 0.014778724083533654 0.014854211073655348
0 0.36266506635225737 0.9934065892146184 0.016449634845440205 0.011432647705078125
0 0.12892708411583534 0.7125244874220628 0.03160564716045673 0.031565299400916465
0 0.06340858111014733 0.6817974677452674 0.020981715275691107 0.02140045166015625
0 0.21914331729595476 0.8023049281193659 0.033822206350473255 0.0337671133188101
0 0.25743741255540115 0.6172278477595403 0.02241670168363131 0.022255384005033053
0 0.2535296036646916 0.2518731447366568 0.014116213871882511 0.014273386735182542
0 0.04392713766831618 0.7064437866210938 0.015211891669493455 0.014917520376352163
0 0.4533535517179049 0.9479811741755559 0.014732947716346154 0.014853844275841346
0 0.8085699815016526 0.14786105889540452 0.013670407808743991 0.013922874744121846
0 0.28397290523235613 0.6808720368605393 0.031282791724571817 0.031436773446890026
0 0.2649476711566632 0.3085974913377028 0.014642715454101562 0.014310469994178185
0 0.1457299360862145 0.6637760309072641 0.023328762788038988 0.023777301494891826
0 0.28021718905522275 0.04553202940867497 0.014211251185490536 0.014308828573960524
0 0.9664758535531851 0.9005647806020883 0.013802308302659255 0.014359987699068509
