0 0.8465581307044396 0.22065210342407227 0.057666925283578724 0.05789514688345102
0 0.38487999255840594 0.013855657898462735 0.02677785433255709 0.02595956279681279
0 0.3257020070002629 0.041132716032174915 0.027605790358323317 0.027670786930964544
0 0.7453968341533954 0.0549056575848506 0.02351232675405649 0.023892815296466533
0 0.4523573655348558 0.5811483676616962 0.03339532705453726 0.03343772888183594
0 0.8287057876586914 0.13321207119868353 0.02599026606633113 0.026207850529597357
0 0.2286831048818735 0.5643791418809158 0.0201871578509991 0.019971187298114482
0 0.5185909271240234 0.08078333047720102 0.02201058314396785 0.021978712998903714
0 0.7133589524489182 0.5020481989933894 0.022847982553335335 0.02287776653583233
0 0.2805601633512057 0.9434430049015925 0.017670484689565804 0.017704596886268027
0 0.26399990228506237 0.7853833712064303 0.03188301966740535 0.03190128619854267
0 0.687487528874324 0.4855822416452261 0.03956339909480168 0.03938616239107572
0 0.36118602752685547 0.6600304383497971 0.036695040189302884 0.03669107877291166
0 0.7577500710120568 0.4503493309020996 0.02590047396146334 0.026247611412635215
0 0.4581211530245267 0.3990750312805176 0.05417016836313101 0.054563742417555586
0 0.32318995549128604 0.9865697713998648 0.017203257634089544 0.016864483173076924
0 0.6272933666522686 0.9436217087965745 0.020061199481670674 0.020103307870718148
0 0.4525791314932016 0.31207165351280797 0.028903961181640625 0.02886023888221154
0 0.7593892904428335 0.705782596881573 0.01641684312086839 0.016394981971153848
0 0.1491068326509916 0.34328409341665417 0.025061570681058444 0.025259017944335938
0 0.5037535887498122 0.5625160657442533 0.019745313204251803 0.01974032475398137
0 0.4156341919532189 0.7068210014930139 0.03263502854567308 0.03244928213266226
0 0.8255443572998047 0.7944344740647536 0.05714504535381611 0.057439363919771634
0 0.8414698380690354 0.9421220926138071 0.016011751615084134 0.01597433823805589
0 0.7991026364839994 0.4026786364041842 0.028817103459284857 0.02842228229229267
0 0.3861870032090407 0.5550653017484225 0.04936709770789513 0.04929080376258263
0 0.1278465986251831 0.044196986235105075 0.014587824161236104 0.01711145731119009
0 0.3312702178955078 0.8932937475351187 0.015067320603590745 0.015140826885516826
0 0.25936062519366926 0.6233515372643104 0.016892396486722507 0.016551824716421273
0 0.29314246544471156 0.44442954430213344 0.02066641587477464 0.02084218538724459
0 0.4503135681152344 0.36086280529315656 0.015679139357346755 0.015447616577148438
0 0.8481959563035232 0.9145947969876803 0.017726017878605768 0.01781287560096154
0 0.8131124056302584 0.9434574567354642 0.015527285062349759 0.015473879300631009
0 0.4483915108900804 0.7411377246563251 0.03179616194504958 0.031328054574819714
0 0.7724515474759616 0.6693606743445764 0.014116727388822116 0.01420123760516827
0 0.22232473813570464 0.7273389376126803 0.016959483806903545 0.01716026893028846
0 0.17876294943002555 0.7021286304180439 0.016800293555626504 0.016726860633263223
0 0.777229749239408 0.9425552074725811 0.016989487868088942 0.016806382399338942
0 0.46031614450307995 0.7189583411583533 0.018526810866135817 0.01866296621469351
0 0.2991951428926908 0.5091093503511869 0.015317623431865986 0.01520993159367488
0 0.7747008983905499 0.046875678575955905 0.021386366624098558 0.0214324387220236
0 0.6811808806199294 0.1619705236875094 0.017512981708233174 0.01756767126230093
0 0.7517284980187049 0.09652451368478629 0.0142822265625 0.014102624012873722
0 0.2792674211355356 0.2183647889357347 0.015216827392578125 0.015132463895357572
0 0.38897642722496617 0.5500391813424917 0.039357698880709134 0.03941690004788912
