0 0.2625779371995192 0.45238186762883115 0.04761783893291767 0.04750897334172176
0 0.18877660311185396 0.5890667988703802 0.05249654329740084 0.05228336040790264
0 0.13944889948918268 0.6446770154512845 0.03998987491314228 0.03959230276254507
0 0.056227537301870495 0.0850363144507775 0.030132495439969577 0.030344504576462965
0 0.17693394881028396 0.01205952580158527 0.027401300577016976 0.023029552056239203
0 0.6211236073420598 0.4382828198946439 0.033935546875 0.03363822056696965
0 0.30181650015024036 0.5853433242210975 0.025461857135479268 0.025340520418607272
0 0.8157077936025766 0.7066081120417669 0.021328265850360576 0.021367293137770433
0 0.18570324090810922 0.9836365626408503 0.027755370506873496 0.027289757361778848
0 0.0559425950050354 0.032723268637290366 0.020526693417475775 0.020312726497650146
0 0.9543360196627103 0.55520538183359 0.023152864896334134 0.023631976200984076
0 0.8554138770470252 0.4285851258497972 0.02287160433255709 0.02278760763315054
0 0.36188257657564604 0.6432229555570163 0.024625631479116585 0.0244137690617488
0 0.30402594346266526 0.19301392481877253 0.027798579289362982 0.028116409595196065
0 0.7656682821420523 0.13342403448545015 0.020352583665114183 0.020510178345900316
0 0.18025445938110352 0.15364503860473633 0.018545810992901143 0.01847553253173828
0 0.3940233817467323 0.011261522769927979 0.020705003004807692 0.020334000770862285
0 0.4234159909761869 0.7998049809382513 0.017627202547513522 0.01746339064378005
0 0.08382199360774113 0.7128491034874549 0.021300242497370794 0.021190056434044473
0 0.2504407259134146 0.759857911330003 0.018283257117638223 0.018346639779897835
0 0.1487704056959886 0.6720203986534705 0.015544524559607873 0.015208024245042067
0 0.7988006885235126 0.3163462785574106 0.016667586106520433 0.016460345341609076
0 0.6739928905780499 0.41712438143216646 0.015581571138822116 0.0157012939453125
0 0.04397097917703482 0.3980525090144231 0.016017629550053522 0.016124725341796875
0 0.8977667735173152 0.07104059824576744 0.016106385451096755 0.016193032264709473
0 0.954302714421199 0.8571509581345779 0.015991797814002402 0.016044176541841947
0 0.6956468728872446 0.2782740409557636 0.015749711256760817 0.015822887420654297
0 0.135894958789532 0.5924246861384466 0.014219724214993991 0.014304527869591346
0 0.5718830548799955 0.43330082526573765 0.015276542076697716 0.01503584935114934
0 0.17798948287963867 0.5229624968308669 0.014138331780066857 0.014330350435697116
0 0.7163643470177283 0.23710315044109637 0.016262054443359375 0.01585105749276968
0 0.8364403064434345 0.8966921292818509 0.015315422644981971 0.015455686129056491
0 0.5278586607712966 0.7260954196636493 0.014438922588641826 0.014310836791992188
0 0.1851800588461069 0.26337440197284406 0.014814523550180288 0.01518711676964393
0 0.2398564998920147 0.20935887556809646 0.014626649709848257 0.014531575716458835
0 0.64537840623122 0.41442038462712216 0.014533116267277645 0.014670078571026143
0 0.48931884765625 0.05427927237290602 0.01502689948448768 0.015123669917766865
0 0.24892572256234977 0.43425508645864636 0.01671765400813176 0.016242247361403245
0 0.14919325021597055 0.3115832255436824 0.015156012315016527 0.015198175723736104
0 0.491914675785945 0.015973799503766574 0.014834770789513221 0.014926777436183048
0 0.10428346120394193 0.8656701308030349 0.014469146728515625 0.014517710759089543
0 0.5891202413118802 0.8670814954317533 0.014744318448580228 0.014773002037635216
0 0.7945946913499099 0.6865746424748347 0.013892540564903846 0.014107630803034855
0 0.6869586064265325 0.6116797373845027 0.014014317439152645 0.014111592219426082
0 0.0474775295991164 0.15097196285541242 0.014468807440537673 0.014307132134070763
0 0.3062604574056772 0.6781302965604342 0.014306325178879958 0.014073445246769832
