0 0.6833810806274414 0.9708070021409255 0.028637079092172477 0.02842580355130709
0 0.7621652162992038 0.8794429485614483 0.033066969651442304 0.0333105233999399
0 0.8381619086632361 0.4533127271212064 0.026372175950270433 0.026339384225698616
0 0.3816995620727539 0.038764192507817194 0.02327141394981971 0.023560780745286208
0 0.773602925814115 0.7347748096172626 0.0246734619140625 0.024776165301983174
0 0.7332655099722055 0.5567220541147085 0.022053058330829326 0.022155908437875602
0 0.7194758195143479 0.14824687517606294 0.01987882760854868 0.019856709700364333
0 0.8064776934110202 0.8096116872934195 0.01724697993351863 0.017200763408954326
0 0.5680442956777719 0.2908626336317796 0.017542912409855768 0.017499776986929085
0 0.395566280071552 0.7271315501286433 0.02010492178109976 0.02008643517127404
0 0.20878184758699858 0.10236694262577938 0.016713509192833535 0.01657731716449444
0 0.5006797497089093 0.208388823729295 0.017793728755070612 0.017820174877460185
0 0.8761444825392503 0.06579069907848652 0.01735716599684495 0.017329967938936673
0 0.5112920174231896 0.8739439157339243 0.015971844012920674 0.01601996788611779
0 0.3879062212430514 0.8983939977792593 0.01647523733285757 0.01653597905085637
0 0.7210727104773889 0.056281181482168346 0.016850691575270433 0.016907407687260553
0 0.598330754500169 0.8186579484205979 0.015935164231520433 0.01592401357797476
0 0.2524454960456261 0.8973552263700045 0.02529621124267578 0.025334284855769232
0 0.4944586387047401 0.6163575832660382 0.015322025005634014 0.015362372765174279
0 0.5949970392080454 0.33454227447509766 0.015009806706355168 0.01468350337101863
0 0.29215002059936523 0.2734686227945181 0.016753783592810996 0.01680597892174354
0 0.6811775060800406 0.9928159713745117 0.014964910653921274 0.012838657085712139
0 0.2603782140291654 0.8647584181565505 0.040816967303936295 0.041011810302734375
0 0.15202424159416786 0.9866878069364108 0.045184777333186224 0.02488532433143029
0 0.22453531852135292 0.9770185030423678 0.03504250599787785 0.035489595853365384
0 0.7042720501239483 0.9660402444692758 0.014318906343900241 0.014390945434570312
0 0.46857228645911586 0.1917879764850323 0.014604568481445312 0.014643155611478366
