0 0.682800659766564 0.1593350997337928 0.2833376664381761 0.26219837482158953
0 0.3360389562753531 0.34168052673339844 0.08518827878511868 0.08464741706848145
0 0.2774651784163255 0.6618197514460638 0.08077859878540039 0.08159725482647236
0 0.3890480628380409 0.1108842262854943 0.06798494779146634 0.06786383115328275
0 0.5128151820256159 0.22539487251868615 0.07389274010291466 0.07460968311016376
0 0.4364631726191594 0.44806572107168346 0.08655350024883564 0.08620915046105018
0 0.2868543771597055 0.14849002544696516 0.05568680396446815 0.056147135221041165
0 0.4694279157198392 0.28029566544752854 0.06520770146296574 0.06569965069110577
0 0.17172076151921198 0.2604970198411208 0.019225340623121995 0.01946684030386118
0 0.5878374393169696 0.9194899338942307 0.020890309260441706 0.0207669184758113
0 0.12900236936715934 0.8980489877554086 0.0457311410170335 0.04639082688551683
0 0.56167510839609 0.9026908874511719 0.018933809720552884 0.019138482900766227
0 0.20778434093181902 0.5758161544799805 0.09630823135375977 0.09732877291165866
0 0.5900198863102839 0.2535525101881761 0.040738472571739785 0.04057869544396034
0 0.5772855465228741 0.9641744907085712 0.024526155911959134 0.024482140174278848
0 0.8119748922494742 0.3411246813260592 0.1446051964393029 0.22415278508112982
0 0.2285152765420767 0.796954081608699 0.042781793154202975 0.04244775038499098
0 0.634173319889949 0.2903295296889085 0.056756202991192155 0.057865069462702826
0 0.25217628479003906 0.21027214710529035 0.04281905981210562 0.04328489303588867
0 0.16849361933194673 0.1709434802715595 0.03654050827026367 0.036603524134709284
0 0.8123380220853366 0.6189322838416467 0.017206925612229567 0.017281165489783652
0 0.3059757122626671 0.2919273376464844 0.020662491138164815 0.020868228032038763
0 0.27339715224045974 0.46610135298508865 0.043558780963604264 0.043759712806114785
0 0.2631608522855319 0.6165937276986929 0.045130216158353366 0.045507614429180436
0 0.4376563292283278 0.16214592640216535 0.06932375981257512 0.06887010427621695
0 0.3651288472689115 0.17030671926645133 0.034697312575120196 0.034353045316842884
0 0.3621669182410607 0.7535265409029447 0.017476375286395732 0.0175479008601262
0 0.3852692017188439 0.4451733369093675 0.0316168711735652 0.03205798222468449
0 0.6176407887385442 0.017305207940248344 0.039177234356219955 0.029149919748306274
0 0.4876020871675931 0.3565678229698768 0.018443180964543268 0.01850135509784405
0 0.5814144427959735 0.8588840778057392 0.05350538400503305 0.05295298649714543
0 0.497007259955773 0.6466941833496094 0.016888545109675482 0.01660493703988882
0 0.43910760145920974 0.8871263357309195 0.047716580904447116 0.04764351477989784
0 0.8256055391751803 0.21831417083740234 0.026271673349233773 0.026099571814903848
0 0.7130467341496394 0.6076657588665302 0.05934759286733774 0.05894008049598107
0 0.3211268645066481 0.07869495795323299 0.016388819767878607 0.016104478102463942
0 0.2565272037799542 0.10501674505380484 0.03749847412109375 0.03815522560706505
0 0.4800586700439453 0.20131938274090105 0.016632666954627402 0.01677417755126953
0 0.1683022792522724 0.6489112560565655 0.0384747523527879 0.03787143413837139
0 0.3531304872952975 0.2144027856680063 0.015279036301832933 0.015025652371920072
0 0.17925908015324518 0.23862409591674805 0.03147051884577824 0.031728267669677734
0 0.3734840246347281 0.05921638928926908 0.027590238131009616 0.027686210779043343
0 0.15813891704265887 0.8460683089036208 0.05594095816979042 0.05669813889723558
0 0.4726780377901517 0.11429755504314716 0.04516733609713041 0.04661462857173039
0 0.3763283949631911 0.5522306148822491 0.016277313232421875 0.016350379356971152
0 0.27463788252610427 0.5758391893826998 0.03713152958796574 0.03696933159461388
0 0.45594186049241286 0.3876651250399076 0.018735152024489183 0.018583077650803786
0 0.8514903141902044 0.05456110147329477 0.015694544865534857 0.015900116700392503
0 0.24298290105966422 0.7439845892099234 0.06549915900597206 0.0652302962083083
0 0.4970532930814303 0.15740284552940956 0.049466646634615384 0.04947225864116962
0 0.6228917928842398 0.469971069922814 0.06674546461838943 0.06669220557579628
0 0.45668264535757214 0.24075709856473482 0.030591671283428486 0.031052149259127103
0 0.8595518699059119 0.15736589064964882 0.016110787024864785 0.01652248089130108
0 0.5864297793461726 0.7122066937960111 0.04856586456298828 0.049001106849083535
0 0.5892428618211013 0.2935582674466647 0.03633396442119892 0.03626045813927284
0 0.8520128543560321 0.20744899603036734 0.04428716806265024 0.04462770315317007
0 0.528324714073768 0.8007353269136869 0.07027919475848858 0.06958213219275841
0 0.26008965418888974 0.06464721606327938 0.042531380286583535 0.043273632342998795
0 0.5202330442575308 0.6083446649404672 0.06865354684682992 0.06906993572528546
0 0.41368337777944714 0.11490876858051007 0.024553519028883714 0.02478203406700721
0 0.20143991250258225 0.7274445020235502 0.05733922811654898 0.05659279456505409
0 0.28911823492783767 0.8728571671705979 0.052150762998140775 0.05139570969801683
0 0.6505564176119291 0.9674834471482497 0.015425902146559495 0.01548312260554387
0 0.8647338427030123 0.4714283576378456 0.04468330970177284 0.060418349045973554
0 0.11870699662428635 0.8614444732666016 0.026014328002929688 0.04176682692307692
0 0.5051394609304575 0.9804049271803635 0.05303177466759315 0.03612518310546875
0 0.213501159961407 0.4691628676194411 0.05924349564772386 0.060333618750939004
0 0.40643017108623797 0.7198034433218149 0.029782221867487982 0.02999085646409255
0 0.2116086849799523 0.3897558358999399 0.014494602496807393 0.014863381019005409
0 0.38146352767944336 0.3709549903869629 0.015193425692044772 0.015292754540076623
0 0.6806551126333383 0.7788872352013221 0.02763542762169471 0.02746449984036959
0 0.4463176727294922 0.644523180448092 0.04615020751953125 0.04685357900766226
0 0.8280990307147686 0.1535362830528846 0.02468285193810096 0.024619212517371543
0 0.39464202293982875 0.5015388635488657 0.01398937518780048 0.013891513531024639
0 0.42024971888615537 0.18603743039644682 0.05725816579965445 0.057062589205228366
0 0.571166258591872 0.8242457463191106 0.04831548837515024 0.047865647536057696
0 0.1997250777024489 0.6661509000338041 0.05652163578913762 0.056602184589092545
0 0.6164970397949219 0.14944799129779524 0.02267254315889799 0.02254962921142578
0 0.12871628541212815 0.5220298400292029 0.03441739082336426 0.04131119067852314
0 0.48688353024996245 0.6837012951190655 0.06567309452937199 0.06468611497145432
0 0.7635031480055589 0.5008227274968073 0.013687427227313701 0.013660137469951924
0 0.823219005878155 0.5177401395944449 0.029728082510141227 0.030269035926231973
0 0.5053849587073693 0.12334034993098332 0.0337520012488732 0.03302900607769306
0 0.13833037706521842 0.5801162719726562 0.036257652135995716 0.035157423753004804
0 0.27547821631798375 0.17779995844914362 0.013717467968280498 0.013672975393442007
0 0.2667401020343487 0.8076765353863056 0.04797832782451923 0.048497713529146634
0 0.21231849376971906 0.6145386695861816 0.043236879202035755 0.04280376434326172
0 0.17345237731933594 0.7071682856633112 0.050382063939021185 0.04933724036583534
