0 0.3357391357421875 0.5962028503417969 0.17140696598933294 0.17148604759803185
0 0.6348612858698919 0.1606302628150353 0.06851867529062125 0.06864708203535813
0 0.31049530322735125 0.7705418513371394 0.05949240464430589 0.0595697256234976
0 0.5140143907987155 0.3777920282804049 0.09208378425011268 0.09215773068941556
0 0.5029435524573693 0.9194250840407151 0.05612945556640625 0.05651151216947115
0 0.747510029719426 0.04070598345536452 0.06138889606182392 0.06156316170325646
0 0.42945076869084287 0.4281605940598708 0.09812090947077824 0.0997170668381911
0 0.2342044756962703 0.2731625666985145 0.04127583136925331 0.041403623727651745
0 0.395108516399677 0.03590396505135756 0.0659801776592548 0.06557745658434354
0 0.5972662338843713 0.9538681323711689 0.0358586678138146 0.035932100736177884
0 0.36193106724665713 0.10519076310671292 0.05953216552734375 0.06006006094125601
0 0.7211262629582331 0.3591205890362079 0.06261238685021034 0.0632946307842548
0 0.7918946192814753 0.30909024752103365 0.045805711012620196 0.06704963170565091
0 0.7623324761023889 0.08719155421623817 0.03535314706655649 0.035152123524592474
0 0.424654667194073 0.15666820452763483 0.02405856205866887 0.024063293750469502
0 0.5488731677715595 0.9279726468599759 0.027271050673264723 0.027184706467848558
0 0.4199732266939603 0.20190781813401443 0.0731493142934946 0.0737009048461914
0 0.6303603832538311 0.48018811299250674 0.0867761832017165 0.08659208737886868
0 0.4971590775709886 0.8825435638427734 0.02984164311335637 0.029784275935246393
0 0.21760815840501052 0.4332741223848783 0.06993447817288913 0.07998481163611779
0 0.4173705027653621 0.5061658712533804 0.03713842538686899 0.03664588928222656
0 0.26781801077035755 0.1635117530822754 0.019918221693772536 0.019931802382835977
0 0.7944562618549054 0.5065376575176532 0.046356201171875 0.05993329561673678
0 0.5651058050302359 0.11441680101247934 0.07029019869290866 0.07029401339017428
0 0.5557821713961087 0.46320651127741885 0.03210287827711839 0.03208519862248348
0 0.5512751799363357 0.28144476963923526 0.0627147967998798 0.06351720369779147
0 0.5778049322275015 0.3671261714054988 0.04020602886493389 0.040266770582932696
0 0.6769308677086463 0.09939964917989877 0.02107854989858774 0.021229982376098633
0 0.4505322162921612 0.8031063079833984 0.018151209904597357 0.018267704890324518
0 0.5110120039719802 0.4985479941734901 0.017618912916917067 0.017650750967172477
0 0.20677865468538725 0.12313037652235764 0.015651372762826774 0.0158688105069674
0 0.575344966008113 0.40262717467087966 0.03792704068697416 0.03804632333608774
0 0.3286735094510592 0.13627866598275992 0.016896541302020732 0.0168302242572491
0 0.194059261908898 0.7073726654052734 0.025883894700270433 0.03011351365309495
0 0.8061019457303561 0.1427779747889592 0.015448350172776442 0.015789031982421875
0 0.40850048798781174 0.5285756037785456 0.022138595581054688 0.022199484018179085
0 0.277525204878587 0.33573517432579625 0.06666975754957932 0.06789882366473858
0 0.63629517188439 0.9315964625431941 0.016762953538161058 0.016751509446364183
0 0.4316842739398663 0.06937060906336857 0.03578802255483774 0.03574840839092548
0 0.789877671461839 0.6352007205669696 0.023638211763822116 0.023825572087214544
0 0.47524444873516375 0.47809446774996245 0.01528615217942458 0.015509825486403245
0 0.6515137599064753 0.03498727770952078 0.03369052593524639 0.03287321329116821
0 0.2629975355588473 0.023267305814302884 0.03497868317824144 0.03473764199476976
0 0.6906816042386569 0.15709933867821327 0.05730423560509315 0.05709571104783278
0 0.6248290722186749 0.9888388560368464 0.017199883094200723 0.016506341787484977
0 0.5757023737980769 0.33960775228647083 0.03790884751539964 0.038531009967510514
0 0.47376335584200346 0.15495955027066743 0.029578282282902643 0.029389491448035605
0 0.5204891791710486 0.03406124390088595 0.045200201181265026 0.043658907596881576
0 0.5468899653508112 0.07918082750760592 0.017502564650315505 0.01756529166148259
0 0.26983046531677246 0.8272212101862981 0.015900721916785605 0.016010577862079326
0 0.42210182776817906 0.8624679858867939 0.01784823491023137 0.01804498525766226
0 0.7841989077054538 0.10598746629861686 0.019539466271033652 0.01956904851473295
0 0.658900260925293 0.9406496194692758 0.016049311711237982 0.016037574181189902
0 0.5092991682199332 0.7835074204664964 0.015436906080979567 0.015633803147536058
0 0.5333809485802283 0.4443230995765099 0.023734899667593148 0.023523917564978965
0 0.78990415426401 0.23779777380136344 0.015795781062199518 0.015883225661057692
0 0.3720570710989145 0.25054440131554234 0.018879230205829326 0.01952332716721755
0 0.8073003475482647 0.9836551959698017 0.026926774245042067 0.028407170222355768
0 0.30246609907883865 0.1827722696157602 0.015216827392578125 0.014945690448467549
0 0.5378585962148813 0.19600842549250677 0.013976317185621995 0.013915722186748799
0 0.790012579697829 0.2553491225609413 0.016157003549429085 0.015972357529860277
0 0.28263768782982457 0.04599743164502657 0.014399858621450571 0.01448058165036715
0 0.36450085273155797 0.4438503705538236 0.024268663846529447 0.02455755380483774
0 0.5339919603787936 0.48532695036668044 0.037566111637995794 0.03765157552865835
0 0.34902125138502854 0.04981629665081318 0.02689200181227464 0.026912964307344876
0 0.5805674332838792 0.9816136726966271 0.014578159038837139 0.01472781254695012
0 0.5678650049062876 0.05720691497509296 0.03460487952599159 0.03426797573383038
0 0.7316121321458083 0.47131112905649036 0.01723509568434495 0.01680476848895733
0 0.5485195746788611 0.4249057402977577 0.023878024174616888 0.023757567772498496
0 0.5579049403850849 0.31539058685302734 0.020200215853177585 0.020501191799457256
0 0.5831075448256272 0.19388312559861404 0.11699757209190956 0.11717524895301232
0 0.4943278386042668 0.47109567202054536 0.017166871290940505 0.017300825852614183
0 0.753996702340933 0.17031387182382438 0.025429652287409857 0.025583634009728067
