0 0.7022615579458383 0.6824495608990009 0.16908880380483773 0.17022308936485878
0 0.8202667236328125 0.8661912037776067 0.13186528132512018 0.13337370065542367
0 0.35307172628549427 0.8096383901742789 0.09195325924799992 0.09100532531738281
0 0.8438697228064904 0.42100855020376354 0.025900914118840143 0.025883014385516826
0 0.527866950401893 0.4409335209773137 0.017993927001953125 0.017840458796574518
0 0.6590191034170297 0.933218735914964 0.0406956305870643 0.04085129957932692
0 0.17419094305772048 0.4302988052368164 0.019526224869948167 0.019533964303823616
0 0.21628266114455003 0.5960416793823242 0.016522627610426683 0.016766107999361478
0 0.0935358084165133 0.3103797985957219 0.017153079693134014 0.017052283653846152
0 0.2839209483220027 0.41449304727407604 0.0161895751953125 0.01632264944223257
0 0.7204779111422025 0.048657431052281305 0.026054969200721152 0.02600076565375695
0 0.8021543942964994 0.06063466805678148 0.016658636239858773 0.016593291209294245
0 0.9080373323880709 0.46861002995417667 0.017251234788161058 0.017444757314828727
0 0.11789370500124417 0.0673223458803617 0.01627624951876127 0.01613004391009991
0 0.6491053654597356 0.14328789710998535 0.016679910513070915 0.016625624436598558
0 0.5387531060438889 0.23206013899583083 0.018038236177884616 0.018131146064171426
0 0.5259393545297476 0.12129580057584323 0.02444281944861779 0.024599460455087516
0 0.4566420041597806 0.0834589829811683 0.03156075110802284 0.03169564100412222
0 0.8018410022442157 0.4924467526949369 0.01917897737943209 0.019010030306302585
0 0.44385403853196365 0.8657106252817007 0.04962480985201322 0.049208567692683294
0 0.29000744452843297 0.9671114408052884 0.02933670924260066 0.029521648700420674
0 0.4900968991793119 0.8173626386202298 0.015334055973933293 0.015438519991361178
0 0.59009339259221 0.3192603404705341 0.032209543081430286 0.03274037287785457
0 0.8954569743229792 0.0906071662902832 0.014448459331805889 0.01428688489473783
0 0.43349321071918195 0.560280286348783 0.022063695467435397 0.022587922903207634
0 0.3853718317472018 0.0351962332542126 0.03792073176457332 0.03794632966701801
0 0.9134511214036208 0.8782776319063627 0.08901185255784255 0.09604072570800781
0 0.4021932895366962 0.6471428504356971 0.036215782165527344 0.036459702711838946
0 0.5625575872567984 0.18632312921377328 0.020673458392803486 0.020657686086801384
0 0.4235263971182016 0.0889120101928711 0.0150146484375 0.015398649068979116
0 0.37563793475811297 0.9901811159574069 0.02202598865215595 0.01597741933969351
0 0.3159324939434345 0.13212770682114822 0.017358944966242865 0.016934816653911885
0 0.18171449807974008 0.7867191021259015 0.017261505126953125 0.017265906700721152
0 0.11657401231619027 0.9020704122690054 0.023975152235764723 0.023857703575721152
0 0.8818792196420523 0.029151364014698908 0.024960151085486777 0.024954231885763314
0 0.3215022453894982 0.6716700333815354 0.050653475981492266 0.05038657555213341
0 0.9459753770094651 0.5894701297466571 0.026970643263596755 0.04063129425048828
0 0.4634732466477614 0.19963611089266264 0.026697452251727764 0.02668303709763747
0 0.8011451134314904 0.6208798335148737 0.014472667987530049 0.014368057250976562
0 0.47338276643019456 0.043764435327970065 0.03969772045428936 0.040248944209172174
0 0.06882193455329308 0.8056920858529898 0.014356062962458683 0.014264620267427884
