0 0.29617757063645583 0.26620195462153506 0.0719313254723182 0.07241637890155499
0 0.4467636988713191 0.5931253800025353 0.04813385009765625 0.04853241260235126
0 0.3278952745290903 0.5673557428213266 0.03692788344163161 0.03656196594238281
0 0.7871224330021784 0.2662297762357272 0.0410157717191256 0.04127084291898287
0 0.6498348529522235 0.4722324518057016 0.03785001314603365 0.037658397967998795
0 0.5859890717726487 0.775391725393442 0.03510093688964844 0.0351109137901893
0 0.8373688184298002 0.09483597828791691 0.02604543245755709 0.025929377629206732
0 0.9389291176429162 0.6151219881497897 0.027642470139723558 0.02766081003042368
0 0.5217826183025653 0.8909973731407752 0.03331316434420072 0.03363535954402043
0 0.3372289217435397 0.19052740243765023 0.0199893071101262 0.020194420447716348
0 0.6089860475980319 0.4059051000154935 0.025324307955228366 0.02547792287973257
0 0.34028830895057094 0.9195694556603065 0.032254732572115384 0.032059889573317304
0 0.5708760114816519 0.48360472459059495 0.02615466484656701 0.026158993060772236
0 0.50392668063824 0.8332901000976562 0.021829971900353067 0.021945659930889424
0 0.9648042825552133 0.8558688530555139 0.02726569542518029 0.027281834528996393
0 0.8207660821767954 0.7215357560377854 0.022113946767953727 0.022381709172175482
0 0.19733293239886945 0.6396767542912409 0.025622771336482122 0.02566675039438101
0 0.6090894112220178 0.4351502198439378 0.01890109135554387 0.01873192420372596
0 0.9417853722205529 0.8215202918419471 0.029911921574519232 0.02986775911771334
0 0.5701713195213904 0.04574888027631319 0.03876840151273287 0.03909704318413368
0 0.3625609324528621 0.4060619060809796 0.027853745680588942 0.027672400841346152
0 0.5514158102182242 0.2281633890592135 0.017737315251277044 0.017705587240365837
0 0.927464851966271 0.49653878578772914 0.021816840538611777 0.022020706763634317
0 0.9089070100050706 0.027347988807238065 0.018309519841120794 0.018467999421633206
0 0.014194201964598436 0.09191999985621525 0.02249037302457369 0.02390903692979079
0 0.388854613670936 0.28257078390855056 0.020210706270658053 0.020366081824669473
0 0.886052498450646 0.5045973704411433 0.019585829514723558 0.01933596684382512
0 0.6656630589411809 0.19069055410531852 0.024261474609375 0.02433490753173828
0 0.8040252098670373 0.15863374563363883 0.024319281944861777 0.024341519062335674
0 0.29654730283297026 0.06841052495516263 0.044559625478891224 0.04482021698584923
0 0.6769476670485276 0.23057156342726487 0.019817058856670674 0.01974832094632662
0 0.9020310915433444 0.6310969132643479 0.02558752206655649 0.025646796593299277
0 0.8997650146484375 0.49502798227163464 0.03730010986328125 0.0379026853121244
0 0.3976587148813101 0.7714348572951096 0.017927169799804688 0.017762257502629206
0 0.725074841425969 0.15767554136422965 0.019170467670147236 0.0192868159367488
0 0.9857111710768479 0.6986063443697416 0.015925187330979567 0.018306732177734375
0 0.6486098216130183 0.9613441320566031 0.022243499755859375 0.022367183978740986
0 0.3167310127845177 0.6495214608999399 0.01834407219519982 0.018236600435697116
0 0.9837724245511569 0.670371202322153 0.018275921161358174 0.02053965055025541
0 0.9766700451190655 0.11639705071082482 0.028913351205679085 0.02942932569063627
0 0.33970455022958607 0.28761056753305286 0.025981829716609076 0.026160533611591045
0 0.9611955055823693 0.6198423825777494 0.017281458928034857 0.01748202397273137
0 0.034070262542137734 0.9526937924898587 0.02214179589198186 0.02198204627403846
0 0.8638373154860276 0.8470351879413311 0.018245403583233174 0.01844934316781851
0 0.6951026182908279 0.46587584568903995 0.018845044649564303 0.01879259256216196
0 0.9396737905649039 0.8897801912747897 0.016566643348106973 0.016581021822415866
0 0.8581927372859075 0.7393635236299955 0.017215728759765625 0.017153226412259616
0 0.39221081366905797 0.47694180561945987 0.015504396878756009 0.015702100900503304
0 0.5151896109947791 0.27377935556265026 0.016323236318734977 0.016427333538348857
0 0.6663882915790265 0.01381820898789626 0.030527555025540866 0.0262529391508836
0 0.7505990541898288 0.40412007845365083 0.02010961679311899 0.02050355764535757
0 0.31945059849665713 0.5245948204627404 0.015288719764122596 0.015323932354266826
0 0.9133483446561373 0.4043847964360164 0.015760275033804085 0.015864225534292366
0 0.693272590637207 0.49200732891376203 0.017249474158653848 0.017199883094200723
0 0.0677040356856126 0.37610857303325945 0.01654513065631573 0.01665914975679838
0 0.44576160724346453 0.9584875106811523 0.02491598862868089 0.025348076453575723
0 0.1976021253145658 0.9561867347130408 0.020814895629882812 0.020581758939302884
0 0.7954411873450646 0.8147346790020282 0.019553111149714544 0.019314986008864183
0 0.8414919192974384 0.8742005274846003 0.018770658052884616 0.018863971416766826
0 0.8724560370812049 0.49283504486083984 0.02071380615234375 0.020737134493314303
0 0.8939440066997821 0.7248899019681491 0.015600497906024639 0.015830406775841348
0 0.2024535582615779 0.7879094343919021 0.09988964520967923 0.10090138362004207
0 0.19086006971505973 0.5438438562246469 0.020145196181077223 0.020078732417179987
0 0.9587609217717097 0.6528980548565204 0.015225630540114183 0.015386434701772837
0 0.5496074603154109 0.8286553896390475 0.017679874713604268 0.017681415264423076
0 0.9554796952467698 0.5046193049504206 0.018341944767878607 0.01835470933180589
0 0.9221782684326172 0.9027067331167368 0.025435961209810697 0.025366709782527044
0 0.7849941253662109 0.6995401382446289 0.01719841590294471 0.017168045043945312
0 0.9842699491060697 0.8121144221379206 0.018585205078125 0.02876428457406851
0 0.9131128604595478 0.9881608669574444 0.03325051527756911 0.021092634934645433
0 0.8289095805241511 0.3040037155151367 0.021639310396634616 0.021149048438439004
0 0.2374304991502028 0.7472242208627554 0.020071946657620944 0.019766587477463942
0 0.5637702941894531 0.8951002267690805 0.017537777240459736 0.017539391150841348
0 0.7265766583956205 0.4107966056236854 0.019199371337890625 0.01944600618802584
0 0.2235266245328463 0.427575734945444 0.031335023733285755 0.03209759638859676
0 0.919437995323768 0.2805019708780142 0.01745429405799279 0.017806823437030498
0 0.8619238780095027 0.1763449082007775 0.02286382821890024 0.022901314955491286
0 0.6682076087364783 0.5789369069612943 0.01680755615234375 0.016805135286771335
0 0.7899984946617713 0.11109212728647086 0.04668089059682993 0.045575398665208086
0 0.28738986528836763 0.47761924450214094 0.01658520331749549 0.016682991614708535
0 0.051540801158318154 0.366208553314209 0.019021483568044808 0.019562794612004206
0 0.825591307419997 0.33925525958721453 0.015965681809645433 0.016141451322115384
0 0.8401392423189603 0.29737465198223406 0.018344292273888223 0.018322871281550482
0 0.16386120135967547 0.04395723801392775 0.052052754622239336 0.051915306311387285
0 0.3272556158212515 0.10253346883333646 0.025898126455453727 0.02629705575796274
0 0.22931973750774676 0.6690667959359976 0.016871929168701172 0.017042013315054085
0 0.22550120720496544 0.5114924724285419 0.024365791907677285 0.02468101794903095
0 0.6969130589411809 0.747947252713717 0.016542874849759616 0.016477438119741585
0 0.2071836178119366 0.2600854726938101 0.03529779727642353 0.035477821643535905
0 0.247769099015456 0.6261576139009916 0.016583956204927884 0.016645284799429085
0 0.17948268010066107 0.07885414820451003 0.019473736102764424 0.019183544012216423
0 0.8314547905555139 0.30177905009343076 0.027662130502554085 0.026247391333946817
0 0.8463912376990685 0.9225855607252854 0.018123920147235576 0.01851477989783654
0 0.43587226134080154 0.697140253507174 0.09494510063758263 0.09377127427321214
0 0.908171873826247 0.4324786112858699 0.03936210045447716 0.0402375734769381
0 0.3470558753380409 0.6940854879525992 0.014582267174353966 0.014618653517503005
0 0.5469004557682917 0.9083683307354267 0.022713441115159255 0.022624089167668268
0 0.3778860385601337 0.3020272988539476 0.022338720468374398 0.02212634453406701
0 0.9514166025015024 0.8765039443969727 0.021208983201246995 0.021613341111403245
0 0.8514005220853366 0.7002994830791767 0.014893751878004808 0.014929111187274639
0 0.9458709129920373 0.23395338425269493 0.013854100153996395 0.014099451211782603
0 0.5815488375150241 0.8899630766648513 0.015573795025165264 0.015343592717097355
0 0.9743840144230769 0.21122983785775992 0.015304271991436299 0.015170757587139424
0 0.9923003270075872 0.3884934645432692 0.013498306274414062 0.01963043212890625
0 0.9208636650672326 0.24176608599149263 0.016428287212665264 0.016492623549241286
0 0.012171038068257846 0.8802659694965069 0.019807249307632446 0.03097695570725661
0 0.8360928755540115 0.44217194043673 0.01932378915640024 0.019501466017503005
0 0.32896716778094953 0.046302428612342246 0.01474307133601262 0.0146940488081712
0 0.30071104489839995 0.03678878454061655 0.016809610220102165 0.01681863344632662
0 0.8829673620370718 0.21000467813931978 0.03701298053448017 0.03763488622812124
0 0.08109869406773494 0.5103635787963867 0.016471991172203652 0.016355367807241585
0 0.1841153731712928 0.025911895128396843 0.02312579521766076 0.023327428560990553
0 0.9359135260948768 0.5523272661062387 0.013878748967097355 0.013886598440317007
0 0.025667529839735765 0.6856440030611478 0.04247682828169603 0.06881068303034855
