0 0.6992731827955979 0.7251996260422927 0.09027715829702523 0.09060052724984977
0 0.2734796450688289 0.338137149810791 0.05719958818875826 0.05732411604661208
0 0.6586755605844351 0.800301038301908 0.0944073016826923 0.09425955552321214
0 0.5355523916391226 0.8019348291250376 0.10071402329664964 0.09923054621769832
0 0.36213852809025693 0.8636697622445914 0.08397073012131911 0.08533976628230168
0 0.6063998295710638 0.7110978640042819 0.10637694138746995 0.10843570415790264
0 0.4125761618980995 0.05249400780751155 0.020646388714130107 0.020646370374239408
0 0.49271297454833984 0.8508578080397385 0.023541377140925482 0.02394250723031851
0 0.4465501125042255 0.8064183455247146 0.05503581120417668 0.054307790902944714
0 0.4078851112952599 0.7893517567561223 0.025896365825946514 0.026175425602839544
0 0.531563245333158 0.6916299233069787 0.019216390756460335 0.019335379967322715
0 0.25441778623140776 0.6010191257183368 0.03059533926156851 0.030411793635441706
0 0.6403475541334885 0.9332965704110953 0.018982813908503607 0.01901846665602464
0 0.6896298481867864 0.00872359424829483 0.0193631098820613 0.016257665478266202
0 0.48247161278357875 0.6514935126671424 0.020964989295372598 0.020908355712890625
0 0.4379131610576923 0.1863540502694937 0.016779386080228366 0.016903143662672777
0 0.15706326411320612 0.15297654958871695 0.015051144819993239 0.016255598801832933
0 0.3255771490243765 0.8110711024357722 0.01653260451096755 0.016587477463942308
0 0.714873533982497 0.802325542156513 0.016441198495718148 0.016763687133789062
0 0.46198023282564604 0.9423568432147686 0.016915101271409255 0.016982151911808893
0 0.21296101350050706 0.7246190584622897 0.0188601567195012 0.019028883713942308
0 0.248612275490394 0.6632374983567458 0.03752048198993389 0.03801433856670673
0 0.4839629393357497 0.8280996909508338 0.03867178696852464 0.03902288583608774
0 0.7024052693293645 0.7680809314434345 0.024248416607196514 0.02428010793832632
0 0.5490080760075495 0.8170547485351562 0.01865357619065505 0.019290043757512018
0 0.6624013460599459 0.6406171505267804 0.020961174598106973 0.021023090069110576
0 0.3019103637108436 0.8371988443227915 0.01583128709059495 0.015888214111328125
0 0.3131582553570087 0.9345889458289514 0.016690400930551384 0.016709107619065505
0 0.8205051422119141 0.8594659658578726 0.06524922297551082 0.09041390052208534
0 0.7147122896634616 0.8142284980187049 0.055533189039963946 0.052919241098257214
0 0.7852579263540415 0.7566761603722205 0.014534876896784855 0.014603834885817308
0 0.3646081777719351 0.5179640696598933 0.01436446263239934 0.01416763892540565
0 0.2041043868431678 0.7426798893855169 0.017321256490854118 0.017138554499699518
0 0.49124446282019985 0.6740080026479868 0.0151826418363131 0.015338457547701322
0 0.3022763729095459 0.8840053264911358 0.014397144317626953 0.014390065119816707
0 0.20430928010206956 0.5949360407315768 0.03135805863600511 0.03143310546875
0 0.18906087141770583 0.7526019169734075 0.015709877014160156 0.01568456796499399
0 0.23164675785945013 0.820683846106896 0.017577611483060397 0.01754584679236779
0 0.7224579591017503 0.15005782934335563 0.013841042151817909 0.014150252709021935
0 0.6243494473970853 0.29980358710655797 0.014340620774489183 0.014462544367863582
0 0.5434650274423453 0.6492140843318059 0.014163677509014424 0.01418304443359375
0 0.18388973749600923 0.6981761638934796 0.014338346628042368 0.014663402850811299
0 0.45209063016451323 0.6306460453913763 0.018346052903395433 0.018103966346153848
0 0.42147331971388596 0.8597156818096454 0.01902602269099309 0.019224020150991585
0 0.30387792220482457 0.6323088132418119 0.016223357273982122 0.016114455003004808
0 0.6319213280310998 0.2152402584369366 0.0171356201171875 0.017527947059044473
0 0.6420474419227014 0.9902420043945312 0.047046661376953125 0.017931424654447116
0 0.7564648114717923 0.14500744526202863 0.013888725867638221 0.013569318331204928
0 0.8277809436504657 0.8665640170757587 0.0140382326566256 0.014363508958082933
0 0.6426281562218299 0.6211466422447791 0.015169583834134616 0.015211545504056491
