0 0.45360411130464995 0.41014726345355695 0.13708099952110878 0.1394354746891902
0 0.3970003861647386 0.9758563408484826 0.05494601909930889 0.04307761559119591
0 0.31537925280057466 0.33557066550621617 0.02643277094914363 0.0265350341796875
0 0.7000898214486929 0.4264311423668495 0.03470523540790264 0.03470875666691707
0 0.6470597340510442 0.028432818559499886 0.028062820434570312 0.02811453892634465
0 0.23167037963867188 0.14509735657618597 0.0218200316795936 0.022036057252150316
0 0.6636004081139197 0.5245697314922626 0.019015972430889424 0.018848712627704326
0 0.5619445213904748 0.9664324246920072 0.041810109065129206 0.04219348614032452
0 0.7578261448786809 0.9080006526066706 0.025779137244591348 0.025995694673978366
0 0.32490103061382586 0.5235143074622521 0.028900880080003005 0.02884674072265625
0 0.7337637681227464 0.6652571604802058 0.030948052039513223 0.031228285569411058
0 0.29841325833247256 0.6588240403395432 0.06271644739004281 0.0637218768780048
0 0.32168285663311297 0.5475985086881198 0.02553250239445613 0.025105696458082933
0 0.16352092302762544 0.9438114899855393 0.023873393352215107 0.023777008056640625
0 0.16727550213153547 0.16961939518268293 0.016432762145996094 0.016427076779879056
0 0.5355940231910119 0.19826856026282677 0.03393400632418119 0.03395399680504432
0 0.2977770658639761 0.5713872542748084 0.01574105482835036 0.015879997840294473
0 0.7395899846003606 0.776336303124061 0.015836715698242188 0.015621038583608774
0 0.44142616712130034 0.8408052004300631 0.05641783200777494 0.05794847928560697
0 0.8385882744422326 0.0525515079498291 0.02064338097205529 0.02035859914926382
0 0.7815016233004056 0.893031487098107 0.01962426992563101 0.019324082594651442
0 0.6261862241304837 0.19565486907958984 0.016054153442382812 0.01615770046527569
0 0.7028688284067007 0.9006044681255634 0.028284219595102165 0.028642947857196514
0 0.3631261678842398 0.03644124590433561 0.01852138225848858 0.018566686373490553
0 0.5322127709021935 0.8304645831768329 0.018276287959172174 0.018219581017127402
0 0.272338316990779 0.30042140300457293 0.033350431002103366 0.03339529037475586
0 0.5881942602304312 0.04776040407327505 0.0157775145310622 0.015770747111393854
0 0.688136467566857 0.5850065671480619 0.01640466543344351 0.016197791466346152
0 0.7848719083345853 0.781093010535607 0.027245154747596152 0.027845382690429688
0 0.5047592016366812 0.6778646615835336 0.02355084052452674 0.02417784470778245
0 0.5553303131690392 0.675615824185885 0.019040401165301982 0.018592981191781852
0 0.564977425795335 0.021178981432547934 0.014676314133864183 0.014654457569122314
0 0.4891853332519531 0.1530912656050462 0.016524388239933893 0.016251050508939303
0 0.7639604715200571 0.0314881824530088 0.01590112539438101 0.0160181476519658
0 0.5450699145977314 0.8849849700927734 0.02401880117563101 0.024141458364633415
0 0.8256294543926532 0.6628569089449369 0.015668722299429085 0.015593602107121395
0 0.21362024087172288 0.5711311927208533 0.02298417458167443 0.023272000826322116
0 0.17886436902559721 0.5493655938368577 0.04297564579890324 0.04321773235614483
0 0.360748291015625 0.8241141392634466 0.04936364980844351 0.04968672532301683
0 0.6394210962148813 0.6033259905301608 0.015082139235276442 0.015126301692082332
0 0.5189382112943209 0.9078577481783353 0.014871817368727464 0.014945397010216346
0 0.5382850353534405 0.6631185825054462 0.01961854787973257 0.019801506629356973
0 0.44656867247361404 0.9221649169921875 0.014204171987680288 0.014008742112379808
0 0.17417168617248535 0.48484127338115984 0.05957519091092623 0.07198949960561898
0 0.8093492067777194 0.4761112653292142 0.025589576134314902 0.025574464064378005
0 0.5348669198843149 0.20064577689537635 0.027114721444936898 0.02498039832481971
0 0.3630514511695275 0.5917461101825421 0.09076646658090445 0.09048990102914664
0 0.35936084160437953 0.644198491023137 0.05776082552396334 0.058526809398944564
0 0.8005438584547776 0.031948123986904435 0.023719934316781852 0.023739067407754753
0 0.5275266353900616 0.07501501303452712 0.01518873068002554 0.015018976651705228
0 0.5406670203575721 0.852878790635329 0.021370520958533652 0.021708855262169473
0 0.4761479451106145 0.9165753584641677 0.03323921790489784 0.033128591684194714
0 0.7598704558152419 0.09299324109004094 0.013914988591120793 0.013908459590031551
0 0.25423834874079776 0.528777709374061 0.016482133131760817 0.01653465857872596
