0 0.29354462256798375 0.07118719357710618 0.06520322652963492 0.06544203024644119
0 0.5772927357600286 0.31342389033390927 0.08449539771446815 0.08450067960298978
0 0.20695656996506911 0.6361249043391302 0.059970929072453424 0.05932206373948317
0 0.7884963108943059 0.2740525465745192 0.028493441068209134 0.028657986567570612
0 0.18134674659142128 0.5836154497586764 0.05282886211688702 0.07866859436035156
0 0.8095902663010818 0.6149350679837741 0.025238477266751803 0.025257110595703125
0 0.801583510178786 0.5797319412231445 0.02252989548903245 0.022803086500901442
0 0.807435549222506 0.3872990241417518 0.024621229905348558 0.025032777052659255
0 0.4850474504324106 0.9662083845872146 0.034993465130145736 0.03486838707557091
0 0.3478981164785532 0.36509469839242786 0.04062696603628305 0.04020830301138071
0 0.35222596388596755 0.9580015035775992 0.050680307241586536 0.05016767061673678
0 0.16701940389779898 0.96191773047814 0.035599928635817304 0.036489633413461536
0 0.30598955888014573 0.6668225068312424 0.027322035569411058 0.027490615844726562
0 0.39928032801701474 0.18336690389193022 0.03294167151817909 0.032697310814490683
0 0.2580267099233774 0.14240191533015326 0.03272863534780649 0.03291893005371094
0 0.6103233190683218 0.17779880303602952 0.020444723275991585 0.020386915940504808
0 0.17694570468022272 0.4165219527024489 0.03751024833092323 0.04106433574969952
0 0.1840665523822491 0.34674651806171125 0.04012346267700195 0.040488243103027344
0 0.7884011635413537 0.4267270748431866 0.019454809335561898 0.019389886122483473
0 0.352754886333759 0.3256828968341534 0.04354770366962139 0.043408907376802884
0 0.19541358947753906 0.15519448427053598 0.01932063469519982 0.019335159888634317
0 0.30859848169180065 0.7892403235802283 0.06476262899545523 0.06625953087439904
0 0.571860460134653 0.9236572705782377 0.0356756357046274 0.03589439392089844
0 0.2665566297677847 0.332299856039194 0.02358590639554537 0.023355410649226263
0 0.24164860065166766 0.31757288712721604 0.0343930904681866 0.03483742934006911
0 0.7168602576622596 0.3079235003544734 0.018062591552734375 0.01794257530799279
0 0.6738297389103816 0.06265762219062218 0.017871269812950723 0.017929755724393405
0 0.33237152833205 0.8708042731651893 0.01676177978515625 0.016817533052884616
0 0.8134753153874323 0.2903902163872352 0.021673055795522835 0.02136366183941181
0 0.6222827617938702 0.9435840753408579 0.016921116755558893 0.016907178438626803
0 0.5039373544546274 0.9300142434927133 0.04280442457932692 0.042648608867938705
0 0.1919545026925894 0.42976958935077375 0.027153381934532754 0.027353433462289665
0 0.3775774882389949 0.2180491410768949 0.03092641096848708 0.030653696793776292
0 0.7164771006657527 0.6011836712176983 0.015600057748647837 0.015581130981445312
0 0.2964658737182617 0.29146042236915004 0.01841867887056791 0.017954642956073467
0 0.20217437010544997 0.9215011596679688 0.015433751619779147 0.015713031475360576
0 0.7376982615544245 0.027853459119796753 0.06110088641826923 0.05333031599338238
0 0.4079100168668307 0.15132810519291803 0.019583995525653545 0.019627204308143027
0 0.7111269143911508 0.1678296419290396 0.09400558471679688 0.09239666278545673
0 0.7121696472167969 0.5145870722257174 0.014152233417217549 0.014495262732872596
0 0.7118685795710638 0.37561460641714245 0.01575646033653846 0.015691023606520433
0 0.31980690589317906 0.527790693136362 0.016431221595177285 0.016474503737229567
0 0.27739609204805815 0.8627604704636794 0.015737606928898737 0.015798275287334736
0 0.3437370153573843 0.8291040567251352 0.03836543743426983 0.03874646700345553
0 0.4308459208561824 0.5897956628065842 0.02982755807729868 0.029662058903620794
0 0.5138725134042593 0.2866976077740009 0.09779592660757211 0.0973827655498798
0 0.22032550665048453 0.3520689010620117 0.018807191115159255 0.01883668165940505
0 0.2876994793231671 0.4956650000352126 0.018691209646371696 0.018798974844125602
0 0.3087476583627554 0.6296027990487906 0.048130035400390625 0.048067679772010215
0 0.7338136526254507 0.14235855982853815 0.015519068791316105 0.01541896966787485
0 0.8305807847243089 0.5955852361825796 0.014898887047400841 0.015044432419996995
0 0.21930375465979943 0.9570079216590295 0.015247785128079928 0.015239128699669471
0 0.33491119971642125 0.25311697446382964 0.018040583683894232 0.017939420846792366
0 0.20135754805344802 0.7225607358492337 0.035979197575495794 0.03589923565204327
0 0.2425252474271334 0.7004404801588792 0.041905916654146634 0.04208520742563101
0 0.3974531613863431 0.539940357208252 0.027966719407301683 0.02825759007380559
0 0.48607730865478516 0.7676718785212591 0.027173995971679688 0.027392754187950723
0 0.5476449819711539 0.8171697763296274 0.030579346876878005 0.030162811279296875
0 0.17010090901301458 0.6846792514507587 0.01660618415245643 0.016711895282451924
0 0.3451559360210712 0.3982999874995305 0.024421178377591647 0.02465959695669321
0 0.6037114583528959 0.9871216553908128 0.026552420396071214 0.02272649911733774
0 0.7409260089580829 0.3610101846548227 0.01587706345778245 0.015859383803147536
0 0.8277436769925631 0.4059806970449594 0.020526592548076924 0.02026205796461839
0 0.8148034902719351 0.3070014806894156 0.01500995342548077 0.014929991502028245
0 0.8207838351909931 0.4594472371614896 0.017016777625450723 0.017946976881760817
0 0.41543689140906703 0.9379005432128906 0.015343739436222957 0.015213599571814904
0 0.7981788928692157 0.09878266774691068 0.016229776235727165 0.016144569103534404
0 0.32803953610933745 0.9215858166034405 0.030603995689978965 0.030376287607046273
0 0.2720990547767052 0.7113500008216271 0.03204543773944561 0.031932977529672474
0 0.5570523555462177 0.8515556775606595 0.015186309814453125 0.015039150531475361
0 0.39637176807110125 0.4638266930213341 0.015418639549842248 0.015336696918194111
0 0.5564581430875338 0.9503942636343149 0.02666781498835637 0.0261843754695012
0 0.22791165571946365 0.40940116002009463 0.027523187490609977 0.02717414269080529
0 0.3037242889404297 0.24613182361309344 0.01656495607816256 0.01681973383976863
0 0.29071208146902233 0.5914605947641226 0.03287385060237004 0.03316086989182692
0 0.7746202028714694 0.5390173105093149 0.020825019249549277 0.0204315185546875
0 0.19588811580951399 0.26761693220872146 0.022964624258188102 0.02325013967660757
0 0.35100056574894833 0.9901155325082632 0.03427043327918419 0.018600317148061898
0 0.7903355818528396 0.5480366119971642 0.022562173696664665 0.02268673823429988
0 0.44228230989896333 0.6390518775353065 0.018593274630033053 0.01805730966421274
0 0.8334639622614934 0.46450079404390776 0.015649061936598558 0.018192804776705228
0 0.3355402579674354 0.20261265681340143 0.015290627112755409 0.01520237555870643
0 0.8228254318237305 0.4598526954650879 0.02080843998835637 0.020860818716195915
0 0.830718994140625 0.4622251804058368 0.020158914419320915 0.02184266310471755
0 0.8040874187762921 0.3375384257389949 0.015719193678635817 0.015752645639272835
0 0.6899375181931716 0.518035888671875 0.014120688805213341 0.01410968487079327
0 0.3640150290269118 0.27456602683434117 0.028745211087740384 0.0276641112107497
0 0.21145079686091497 0.4354838591355544 0.014400042020357572 0.014465772188626803
0 0.8166176722599909 0.4259080153245192 0.014503185565655049 0.014522112332857572
0 0.3305203731243427 0.5027158443744366 0.014806087200458232 0.015055509713979868
0 0.5442966314462515 0.8138911173893855 0.03644268329326923 0.03641201899601863
0 0.4181184401878944 0.33772993087768555 0.11304393181434044 0.12057164999154898
0 0.41016109173114484 0.7980616642878606 0.01859620901254507 0.01871519822340745
0 0.5132575035095215 0.7870304401104267 0.03177723517784706 0.031652597280649036
0 0.22895314143254206 0.6913315699650691 0.023983882023737982 0.02455285879281851
0 0.24591788878807655 0.4462544367863582 0.020847063798170824 0.020488739013671875
0 0.4214322750384991 0.7634692558875451 0.02394734896146334 0.023924607496995192
0 0.8294890477107122 0.34428016956035906 0.013074434720552884 0.013200613168569712
0 0.39012908935546875 0.5201057287362906 0.02873340019812951 0.02769162104679988
0 0.721958013681265 0.5529205615703876 0.018977238581730768 0.01905676034780649
0 0.1993401967562162 0.10372194877037635 0.07024765014648438 0.08257803550133339
