0 0.018551351932378914 0.45272082548875076 0.0369957502071674 0.05145065601055439
0 0.23586522615872896 0.3441349909855769 0.027948929713322565 0.027878761291503906
0 0.254763493171105 0.4103679656982422 0.02384501237135667 0.02371868720421424
0 0.2600501867441031 0.8660981104924128 0.02219222142146184 0.022387137779822715
0 0.2949085235595703 0.5760593414306641 0.02356382516714243 0.02389350304236779
0 0.25380530724158656 0.30001134138840896 0.03035259246826172 0.030447079585148737
0 0.5487939027639536 0.6304746774526743 0.027051852299616888 0.02729650644155649
0 0.44102070881770206 0.4774323976956881 0.03018298515906701 0.03029793959397536
0 0.29688833310053897 0.6940989861121545 0.021163133474496696 0.02082091111403245
0 0.9382429856520432 0.5141027157123272 0.018871600811298076 0.018883485060471755
0 0.37708355830265927 0.19749080217801607 0.027702184823843148 0.027623396653395433
0 0.9568895193246695 0.7968997955322266 0.023816915658804085 0.024028191199669473
0 0.2165060410132775 0.21897055552555963 0.02316768352801983 0.023214340209960938
0 0.692021736731896 0.9310741424560547 0.028275709885817308 0.02803773146409255
0 0.9595314906193659 0.849856450007512 0.022925156813401442 0.022861480712890625
0 0.06682959886697623 0.39165621537428635 0.02852342678950383 0.028725550724909857
0 0.2947212365957407 0.19698275052584135 0.022696568415715143 0.022626216594989482
0 0.7365907522348257 0.843958854675293 0.023892035851111777 0.023919032170222357
0 0.0747031752879803 0.7129210692185622 0.022764416841360238 0.022803379939152643
0 0.46135689662053037 0.8747579868023212 0.021796299861027643 0.02183107229379507
0 0.9639522112332858 0.8177308302659255 0.01990993206317608 0.020065894493689902
0 0.2823013525742751 0.7383896754338191 0.02091869941124549 0.021031012901893027
0 0.9682542360745944 0.9195976990919846 0.025179349459134616 0.024558287400465745
0 0.32418379416832555 0.6638553325946515 0.021607398986816406 0.021689781775841348
0 0.2774051152742826 0.43321396754338193 0.016815332266000602 0.017020592322716348
0 0.6718028875497671 0.8323809550358698 0.017696967491736777 0.01789694565993089
0 0.3793184573833759 0.9506301146287185 0.03061786064734826 0.030412967388446514
0 0.06819559977604793 0.25671830544104945 0.02611116262582632 0.026302851163423978
0 0.9942227877103366 0.8826443598820612 0.011344029353215145 0.020109910231370192
0 0.9429171635554388 0.35023993712205154 0.016078068659855768 0.016125018780048076
0 0.2846056314615103 0.7968119107759916 0.020284249232365534 0.020172999455378607
0 0.19109164751493013 0.2102199701162485 0.017920640798715446 0.017952478848970853
0 0.861106065603403 0.939730717585637 0.016317367553710938 0.016278486985426683
0 0.9608353834885818 0.06078827381134033 0.01728644737830529 0.017352709403404824
0 0.8773982708270733 0.2912428012261024 0.020302405724158652 0.020551791557898887
0 0.019484132528305054 0.31773783610417294 0.02049837662623479 0.02072561704195463
0 0.08294491584484394 0.6922425490159255 0.017809537740854118 0.017799964317908652
0 0.3945168348459097 0.8862666350144607 0.016315240126389723 0.01631898146409255
0 0.7578932688786433 0.07660364187680758 0.032067372248722956 0.0325463001544659
0 0.32472617809589094 0.5518246430617112 0.028895158034104567 0.028907042283278245
0 0.2597621037409856 0.4679165253272423 0.017977201021634616 0.017986004169170674
0 0.5599572841937726 0.6898529346172626 0.024518673236553486 0.024259420541616585
0 0.3357210892897386 0.5679744206942045 0.02613977285531851 0.026298082791841947
0 0.9391422271728516 0.300535091987023 0.0266720698429988 0.02648617671086238
0 0.6562751623300406 0.18692471430851862 0.015385114229642428 0.01568178030160757
0 0.9958045666034405 0.405086297255296 0.008183699387770433 0.03341454725999098
0 0.6308740469125601 0.600670154278095 0.01894408005934495 0.01836820749136118
0 0.3883286989652194 0.214811398432805 0.019787421593299277 0.02022996315589318
0 0.35610756507286656 0.7895178428063025 0.020636925330528848 0.020688570462740384
0 0.5067867865929236 0.614170661339393 0.014717542208158053 0.014853404118464543
0 0.7562095201932467 0.7801320002629206 0.01910576453575721 0.018861770629882812
0 0.29513304050152117 0.874228990994967 0.017857808333176833 0.01775976327749399
0 0.6676640143761268 0.24169415694016677 0.015160487248347355 0.015183375431941105
0 0.8634184323824369 0.5915544216449444 0.01569953331580529 0.015879117525540866
0 0.5503577452439529 0.5716413351205679 0.014540745661808895 0.014502231891338643
0 0.7009570782001202 0.7305502524742713 0.01634832528921274 0.016295359684870794
0 0.22269414021418646 0.7489785414475661 0.015593235309307393 0.015522003173828125
0 0.6089033713707557 0.8563885321983924 0.016146439772385817 0.015941913311298076
0 0.7855880443866436 0.36847628079927885 0.01743492713341346 0.01733999985914964
0 0.8602140866793119 0.3635095449594351 0.014547201303335337 0.014534730177659255
0 0.21933397879967323 0.6676533038799579 0.01829829582801232 0.018501868614783652
0 0.2888597341684195 0.0872185597052941 0.023319757901705228 0.023418871256021354
0 0.6046740458561823 0.8385020035963792 0.019379102266751803 0.019190568190354567
0 0.7216239342322717 0.6051376416133001 0.015585972712590145 0.015498748192420373
0 0.5533227186936599 0.615130717937763 0.01380612299992488 0.013849845299353966
0 0.29332366356482875 0.6427485392643855 0.017689044658954326 0.017886528602013223
0 0.11758390756753775 0.986424446105957 0.015518683653611403 0.01541431133563702
0 0.608273983001709 0.43390615169818586 0.015991871173565205 0.015730564410869893
0 0.9100060829749475 0.4946724818303035 0.014858539287860576 0.014931311974158654
0 0.3349603506234976 0.17249556688161996 0.014814523550180288 0.014701072986309346
0 0.7548561096191406 0.02969732192846445 0.016170501708984375 0.01601123809814453
0 0.7512283325195312 0.5285727427555964 0.01843408437875601 0.018490131084735576
0 0.1966696152320275 0.9233862803532527 0.01851378954373873 0.0189666748046875
0 0.050682572218088 0.29086532959571254 0.016634299204899713 0.016805061927208535
0 0.008306690133534946 0.9563325735238882 0.015395336426221408 0.015578343318058895
0 0.3186869988074669 0.8462578700138972 0.05029223515437199 0.05073752770057091
0 0.8567038315993089 0.4232331055861253 0.016169034517728366 0.016055180476262018
0 0.15379836009098932 0.23394452608548677 0.01840367683997521 0.01849027780386118
0 0.2699066675626315 0.8957584087665265 0.014850616455078125 0.015053675724909855
0 0.5964457805340106 0.7914374424861028 0.017293709975022536 0.017487746018629808
0 0.24503669371971717 0.9922551375169021 0.01720886964064378 0.013464120718149038
0 0.9676386026235727 0.38934876368596005 0.015742962176983174 0.015853735116811898
0 0.33846734120295596 0.10824889403123122 0.0155333005464994 0.015629951770489033
0 0.485355964073768 0.20728052579439604 0.01537792499248798 0.015470064603365384
0 0.3963799843421349 0.3057010540595421 0.014313917893629808 0.014237513908973107
0 0.23679586557241586 0.6026837275578425 0.014552776630108174 0.014644916240985576
0 0.23127236733069786 0.9428807772122897 0.01919717055100661 0.019253070537860576
0 0.7385582557091346 0.6468676053560697 0.014943489661583534 0.015142000638521634
0 0.16691534335796648 0.3502484835111178 0.0196228760939378 0.019485033475435697
0 0.31635526510385364 0.33938429905818057 0.017766677416287936 0.017989085270808294
0 0.5829550669743464 0.9768994404719427 0.01446988032414363 0.01441177955040565
0 0.2758431067833534 0.06906097210370578 0.019875783186692458 0.019945832399221566
0 0.015688235943134014 0.9281649956336389 0.0169369624211238 0.016953248244065505
0 0.4435603068425105 0.31838123614971453 0.014512282151442308 0.014516243567833534
0 0.5558159901545598 0.6498650770920974 0.014029282789963942 0.014292643620417668
0 0.6349622286283053 0.971462029677171 0.0185394287109375 0.01862496596116286
0 0.8025432733389047 0.24044399995070237 0.013991282536433293 0.014118488018329326
