0 0.5048767970158503 0.6876765031080979 0.07885331373948318 0.07878905076246995
0 0.08195500190441425 0.7423265897310697 0.07494878768920898 0.07478112440842849
0 0.8864313272329477 0.8060910151554987 0.047419034517728366 0.04697682307316707
0 0.5832246633676382 0.5048792912409856 0.0629740494948167 0.062473443838266224
0 0.5801307971660907 0.4529185661902794 0.03582338186410757 0.035574106069711536
0 0.44203420785757214 0.6783073131854718 0.03244722806490385 0.0323939690223107
0 0.7058994586651142 0.1606427706204928 0.04228914701021635 0.04249742397895226
0 0.9743499755859375 0.5781620098994329 0.027693528395432692 0.028050642747145433
0 0.5403875204233023 0.7210221657386193 0.023963194627028245 0.024375181931715745
0 0.18657130461472732 0.4574086115910457 0.04365224104661208 0.04368019104003906
0 0.4062677530141977 0.9426333354069636 0.03830425555889423 0.03809547424316406
0 0.5701814064612756 0.7571371518648587 0.027950433584359977 0.027895413912259616
0 0.6159226344181941 0.5185035558847281 0.025113325852614183 0.024887525118314303
0 0.18179631233215332 0.5007768777700571 0.031134495368370645 0.03111105698805589
0 0.7492112379807693 0.8678230872521033 0.020124288705679085 0.02015084486741286
0 0.6781441615178034 0.8898988136878381 0.03249007004957933 0.03222230764535757
0 0.34335686610295224 0.38069042792687047 0.02543471409724309 0.025601607102614183
0 0.10438827367929313 0.602415524996244 0.05743060203698965 0.05642568148099459
0 0.2295238238114577 0.15943054052499625 0.023189618037297174 0.023357253808241624
0 0.7562951308030349 0.9045966221736028 0.018721947303185098 0.018611321082481973
0 0.5161183063800519 0.8592773584219126 0.016975769629845254 0.016945325411283053
0 0.7055741823636569 0.8622121810913086 0.02098230215219351 0.020886934720552884
0 0.9026615436260517 0.21616037075336164 0.01725607651930589 0.017394506014310397
0 0.4975031339205228 0.10803602291987492 0.016837193415715143 0.016669273376464844
0 0.42863277288583607 0.893650641808143 0.018072054936335638 0.018010359544020433
0 0.15479515149043158 0.24515889241145208 0.021402359008789062 0.021185544820932243
0 0.17969980606665978 0.6355181473952073 0.019417249239408053 0.019445272592397835
0 0.9010699345515325 0.6772251129150391 0.016284355750450723 0.016280541053185098
0 0.2629385177905743 0.21355496920072115 0.018335489126352165 0.018359844501201924
0 0.7022870137141302 0.7910628685584435 0.017112291776216947 0.017105542696439303
0 0.5250139236450195 0.9769466840303861 0.020508839533879206 0.02040833693284255
0 0.4257195546076848 0.030400035473016594 0.01880953862116887 0.01896594579403217
0 0.7197993351862981 0.7786180056058444 0.018157078669621393 0.018122452955979567
0 0.9374068333552434 0.029273218833483182 0.018207843487079326 0.01826858062010545
0 0.9766093034010667 0.7763663071852464 0.017902961144080527 0.017845887404221755
0 0.7642885354849008 0.2078247253711407 0.02761253943810096 0.02744751710158128
0 0.1400001966036283 0.27147887303278995 0.01775781924907978 0.017725027524507962
0 0.09240136696742131 0.4937604023860051 0.04940570317781889 0.04994685833270733
0 0.3109437502347506 0.6260670882004958 0.023179109279926006 0.02300060712374174
0 0.1781019430894118 0.2569931653829721 0.019949839665339544 0.020415672889122598
0 0.19243955612182617 0.21920420573307917 0.016254204970139723 0.01630240220289964
0 0.55524048438439 0.1129605953509991 0.015253800612229567 0.015187630286583534
0 0.02073290256353525 0.7319624974177434 0.022081819864419792 0.022192734938401442
0 0.9829541719876803 0.9847365159254807 0.032815786508413464 0.026493952824519232
0 0.5621607853816106 0.8832302093505859 0.015544891357421875 0.015454805814302884
0 0.32735325739933896 0.06418646298922025 0.017731886643629808 0.017407444807199333
0 0.1920467340029203 0.2871140700120192 0.028183937072753906 0.028763477618877705
0 0.26730669461763823 0.5563612717848557 0.01841600124652569 0.01845440497765174
0 0.47622093787560094 0.2103884586921105 0.021663592411921576 0.02190289130577674
0 0.32315617341261643 0.46237769493689906 0.014679321875939002 0.0145722902738131
0 0.15284046759972206 0.42252184794499326 0.018995285034179688 0.01909476060133714
0 0.11782870842860295 0.7905411353478065 0.016226658454308145 0.016089219313401442
0 0.016132531257776115 0.36876216301551235 0.032233820511744574 0.04050093430739183
0 0.4081754684448242 0.09357769672687237 0.01981830596923828 0.019869144146259014
0 0.004932321034944975 0.16421046623816857 0.009789650256817158 0.03529533056112436
0 0.721121567946214 0.792638191810021 0.01659393310546875 0.016565469595102165
0 0.7869412348820612 0.9362743084247296 0.019408592810997598 0.019316453200120192
0 0.0029029115461386167 0.21180116213285005 0.005833886563777924 0.022173441373384915
0 0.7333837655874399 0.050657226489140436 0.015956585223858174 0.015848379868727464
0 0.7336703080397385 0.36375566629263073 0.018495559692382812 0.01852138225848858
0 0.06242347680605375 0.6494543368999774 0.09025340813856858 0.08961061330942008
0 0.3044960865607628 0.6431600864116962 0.022544017204871543 0.023452025193434495
0 0.16730829385610727 0.3367366057175856 0.021330613356370192 0.021639310396634616
0 0.010650328718698941 0.6491782848651593 0.021157977672723625 0.023961580716646634
0 0.04042299894186167 0.6996156252347506 0.02474450835814843 0.024629739614633415
0 0.8757770244891827 0.5422765291654147 0.029548058143028848 0.028784531813401442
0 0.19225094868586615 0.4128203025230995 0.046646521641657904 0.04677082942082332
0 0.5335690424992487 0.49515342712402344 0.01488025371844952 0.014829342181865986
0 0.6284156212439904 0.21785398629995492 0.07024115782517654 0.07058312342717098
0 0.7723340254563552 0.6090241212111253 0.05013583256648137 0.05015006432166466
0 0.7912709162785456 0.44370049696702224 0.014387864332932692 0.014296751755934495
0 0.766941657433143 0.8060869803795447 0.015292681180513822 0.015214333167442909
0 0.5180145410391 0.028848840640141413 0.014649611253004808 0.014483295954190768
0 0.18393637583805963 0.009148589120461391 0.01596670884352464 0.015189376014929552
0 0.17040553459754357 0.17985068834744966 0.01475070073054387 0.015029467069185697
0 0.02303501734366784 0.015657968246019803 0.027837977959559515 0.027408920801602878
0 0.18201406185443586 0.3104275923508864 0.016605597275954027 0.016389920161320612
0 0.24919814329880935 0.4104832135714017 0.017157261188213643 0.01717545435978816
0 0.429472226362962 0.8219985961914062 0.02112241891714243 0.021705040564903848
0 0.899567383986253 0.7059150842519907 0.01665672889122596 0.016651006845327523
0 0.6190622769869291 0.44989468501164365 0.015106531289907603 0.015092556293194111
0 0.9709466787484976 0.008419824334291311 0.033362315251277044 0.015578932487047635
0 0.2933770693265475 0.5422805639413687 0.013700558589054989 0.013842949500450721
0 0.7440909605759841 0.06366360187530518 0.016604790320763223 0.016784521249624398
0 0.3217200499314528 0.5754868434025691 0.015049274151141826 0.014818191528320312
0 0.06780691788746761 0.6929214184100811 0.02389369561122014 0.023864159217247598
0 0.18029238627507135 0.25660571685204137 0.023505210876464844 0.02398967742919922
0 0.1410804528456468 0.6882721827580378 0.015965975247896634 0.015959519606370192
0 0.32825073829064 0.5427417021531326 0.015241256126990685 0.015458253713754507
0 0.4533092425419734 0.04524378593151386 0.014779971196101261 0.014862938569142269
0 0.8553296602689303 0.8915452223557693 0.034420013427734375 0.03394757784329928
0 0.14398146592653716 0.03829456751163189 0.019100024149968073 0.018839588532081016
0 0.8972301483154297 0.4818572998046875 0.025873917799729567 0.025623908409705527
0 0.09914047901447003 0.4494314927321214 0.06808000344496506 0.06686225304236779
0 0.8820895415086013 0.7244984553410456 0.01732180668757512 0.017423483041616585
0 0.7114839553833008 0.8315522854144757 0.013532638549804688 0.013326204740084134
0 0.7953610053429236 0.18297679607684797 0.020400120661808893 0.02062093294583834
0 0.7770765744722806 0.9122753143310547 0.017492147592397835 0.017483637883112982
0 0.08796068338247445 0.2557431184328519 0.019627974583552435 0.01987446271456205
0 0.4261963184063251 0.8210245279165415 0.02509278517503005 0.025093958928034857
