0 0.3548936110276442 0.7942877549391526 0.03988192631648137 0.03956398597130409
0 0.5030785340529221 0.9000946925236628 0.022851210374098558 0.0226742671086238
0 0.7004093757042518 0.09023479314950797 0.042367201585036054 0.04238315728994516
0 0.7490168351393479 0.04774624567765456 0.020356398362379808 0.020305633544921875
0 0.6314305525559646 0.05077362060546875 0.020064133864182692 0.019977752978985127
0 0.7801016294039212 0.40428997920109677 0.026652702918419473 0.026888260474571817
0 0.5367832183837891 0.9483343271108774 0.017342053926908053 0.017098353459284857
0 0.3299221625694862 0.35900644155649036 0.01975881136380709 0.019927391639122598
0 0.8545362032376803 0.6087171848003681 0.038849170391376205 0.03893617483285757
0 0.7174170567439153 0.5983527990487906 0.030077714186448317 0.030156502356896035
0 0.6932274745060847 0.0548024085851816 0.027350499079777643 0.02737081967867338
0 0.66809632227971 0.7976842293372521 0.017294663649338942 0.017345721905048076
0 0.8611692281869742 0.2627390714792105 0.019701444185697116 0.019771355849045973
0 0.6552325762235202 0.9062642317551833 0.01711551959698017 0.0172579838679387
0 0.1654971196101262 0.3318687585683969 0.01651741908146785 0.016509129450871393
0 0.6476438228900616 0.11830940613379845 0.10485179607684796 0.10588345160851112
0 0.509038521693303 0.5778500483586237 0.026079618013822116 0.026092896094689004
0 0.6611628899207482 0.7191578058096079 0.01621099618765024 0.016170501708984375
0 0.7583544070904071 0.28705864686232346 0.016710868248572715 0.016731665684626654
0 0.8080542637751653 0.9510970482459435 0.015400519737830529 0.015485616830679087
0 0.7618866700392503 0.49093411518977237 0.03722308232234074 0.03753119248610277
0 0.3423753885122446 0.6192138378436749 0.0164794921875 0.0163571284367488
0 0.7148054563082181 0.025877076845902663 0.044957674466646634 0.04424265714792105
0 0.7013112581693209 0.8967255078829252 0.015849186823918268 0.015894963191105768
0 0.5525158368624173 0.7579279679518479 0.015782869779146634 0.015570713923527645
0 0.16500331805302546 0.033706218004226685 0.017615428337684043 0.017403708054469183
0 0.620575317969689 0.03838047614464393 0.03951219411996695 0.04016379209665152
0 0.686890382033128 0.9941462003267728 0.01645484337439904 0.010245249821589543
0 0.3472401178800143 0.3323547656719501 0.015107448284442607 0.015319530780498799
0 0.47884732026320237 0.6583642225999099 0.01916393866905799 0.019237224872295674
0 0.6628150206345779 0.8321258838360126 0.014727078951322116 0.014816577617938701
0 0.19017786246079665 0.23813368723942682 0.017204137948843148 0.01708676264836238
0 0.6023855942946214 0.7560087350698618 0.01533053471491887 0.015144935021033654
0 0.8636069664588342 0.33147544127244216 0.02391198965219351 0.024191929743840143
0 0.6773929595947266 0.9138391934908353 0.014792515681340145 0.014771388127253605
0 0.34730063951932466 0.6030866182767428 0.015274561368502103 0.015341905447152944
0 0.7290645012488732 0.152147678228525 0.031121180607722357 0.03160414328941932
0 0.8460765251746545 0.46749243369469273 0.016095381516676683 0.016518666194035456
0 0.3966799515944261 0.08225727081298828 0.021691175607534554 0.021422716287466195
0 0.35505067385160005 0.4380950927734375 0.014282960158128005 0.014231315025916466
