0 0.5375091112576998 0.262416436122014 0.04791890657865084 0.04842384044940655
0 0.6615849274855393 0.9850502014160156 0.022357940673828125 0.021629920372596152
0 0.2917623886695275 0.3326556865985577 0.02757395230806791 0.027811050415039062
0 0.6101391865656927 0.5751541944650503 0.031078045184795674 0.030930078946627103
0 0.5643809758699857 0.19996193739084098 0.026238441467285156 0.02627259034376878
0 0.783386964064378 0.514058883373554 0.018705221322866585 0.018727889427771933
0 0.6071440623356745 0.6716637244591346 0.0232388423039363 0.02352010286771334
0 0.6845836639404297 0.6803626280564529 0.025780164278470553 0.025952999408428486
0 0.9404092935415415 0.14641947012681228 0.023627061110276442 0.02380517812875601
0 0.118163145505465 0.8281932977529672 0.02451038360595703 0.02446614778958834
0 0.6839263622577374 0.8236390627347506 0.022599146916316107 0.022624969482421875
0 0.5887505457951472 0.1786787509918213 0.021946100088266227 0.021761087270883415
0 0.39313529087946963 0.3759327668410081 0.02854471940260667 0.029024711022010215
0 0.9012380013099084 0.8858523735633264 0.019539612990159255 0.019302955040564902
0 0.797364748441256 0.2589573860168457 0.019319974459134616 0.01958612295297476
0 0.26762654231144833 0.15390982994666466 0.02179578634408804 0.021891529743488018
0 0.2622239039494441 0.41806954603928786 0.01971750992995042 0.019875012911283053
0 0.065965304007897 0.9711632361778846 0.025683513054480918 0.025711939885066107
0 0.46426043143639195 0.32563671698937047 0.030405851510854866 0.030019466693584736
0 0.23635139832129845 0.9306014134333684 0.02402012164776142 0.024181659405048076
0 0.8448189221895658 0.2343291686131404 0.017502858088566706 0.0173642818744366
0 0.7296815285315881 0.2721586227416992 0.024108739999624398 0.024359409625713643
0 0.5635781288146973 0.011493838750399075 0.02491444807786208 0.021841397652259238
0 0.2335522725031926 0.9627191103421725 0.027205907381497897 0.027414762056790866
0 0.5197792420020471 0.8293652167687049 0.021596468411959134 0.02169036865234375
0 0.5683397879967322 0.22941534335796648 0.022335199209359977 0.022572884192833535
0 0.6081639803372897 0.6522877032940204 0.019435735849233773 0.019555165217472956
0 0.16278751079852766 0.8187786982609675 0.02057049824641301 0.020870795616736777
0 0.26788997650146484 0.33918545796320987 0.017239167140080378 0.01725636995755709
0 0.3788763192983774 0.5915081317608173 0.01758399376502404 0.01767143836388221
0 0.5337460958040677 0.2921622349665715 0.022109178396371696 0.022333511939415567
0 0.08765086760887733 0.6755630053006686 0.01628714341383714 0.016214810884915866
0 0.6129549466646634 0.22254349635197565 0.01794272202711839 0.018136097834660456
0 0.6125658475435697 0.07048309307831985 0.017470726600060098 0.0173418246782743
0 0.3715501565199632 0.5280060401329627 0.019992608290452223 0.02007777874286358
0 0.11050332509554349 0.8487074925349309 0.02089858055114746 0.020772493802584134
0 0.9399216725276067 0.017163986196884744 0.029087213369516227 0.02884565179164593
0 0.1143183708190918 0.8768879817082331 0.018085956573486328 0.018384199876051683
0 0.24223969532893255 0.9087907350980319 0.022104996901292067 0.021908980149489183
0 0.27768949361947864 0.6891417136559119 0.018544783959021933 0.018287805410531852
0 0.1535930633544922 0.8409165602463943 0.020382000849797174 0.02047142615685096
0 0.5333217474130484 0.2167241756732647 0.015088448157677284 0.01494737771841196
0 0.16373439935537484 0.8963865867027869 0.017882787264310397 0.018079464252178486
0 0.6201766087458684 0.538296626164363 0.0156551874600924 0.015603358928973857
0 0.7121592301588792 0.28847129528339094 0.026736919696514424 0.026292727543757513
0 0.23824302966778094 0.8880634307861328 0.01659708756666917 0.016703679011418268
0 0.3732896584730882 0.3881238057063176 0.022049096914438102 0.022132139939528245
0 0.22395735520582932 0.6788758497971755 0.01631949498103215 0.016253251295823317
0 0.11442621854635385 0.589025277357835 0.01781595670259916 0.01765779348520132
0 0.4416618347167969 0.20612555283766526 0.014952146089993991 0.014912788684551533
0 0.42197410876934344 0.4400042020357572 0.015398172231820913 0.015306619497445913
0 0.4472166941716121 0.3398470145005446 0.017739516038161058 0.01757188943716196
0 0.8271334721491888 0.25604768899770886 0.016628558819110576 0.016718204204852764
0 0.13444401667668268 0.8401898604172927 0.02287772985605093 0.023253954373873197
0 0.39385139025174654 0.35441479316124547 0.015526258028470553 0.015318577106182393
0 0.13028528140141413 0.8581591386061448 0.017606441791240986 0.017705183762770433
0 0.3496440373934232 0.5142486645625188 0.01592364678016076 0.01580810546875
0 0.19627119944645807 0.8188486832838792 0.015443508441631611 0.015520829420823317
0 0.2845322352189284 0.10696623875544621 0.015123110551100511 0.014844564291147085
0 0.11232427450326773 0.7714113088754507 0.014983067145714393 0.01480572040264423
0 0.2002981442671556 0.7817229491013747 0.023287516373854417 0.023356804480919473
0 0.3868100459759052 0.6772290009718674 0.014901307912973257 0.015244704026442308
0 0.20200663346510667 0.7348217597374549 0.019907291118915264 0.018958898691030648
0 0.17232258503253645 0.7112293977003831 0.02106332778930664 0.02100064204289363
0 0.060171072299663834 0.9904987628643329 0.02080057217524602 0.01639278118426983
0 0.7000425778902494 0.541595825782189 0.014537957998422476 0.014717468848595252
0 0.21434585864727312 0.7067168309138372 0.02228516798753005 0.022660182072566107
0 0.5390360905573919 0.9047853029691256 0.015379245464618389 0.015460968017578125
0 0.8218829815204327 0.3391290811391977 0.01660743126502404 0.01686837122990535
0 0.5880033052884616 0.22823517139141375 0.016787895789513223 0.016634207505446214
0 0.8515286078819861 0.2219236630659837 0.014698322002704326 0.01515058370736929
0 0.2751159484569843 0.5928339591393104 0.015256404876708984 0.015218147864708534
0 0.5602574715247521 0.5595547235929049 0.014574491060697116 0.014729719895582933
0 0.7459070499126728 0.26404257921072155 0.01735379145695613 0.017533522385817308
0 0.26297242824847883 0.7020543905404898 0.015950423020582933 0.016129273634690505
0 0.7032247690054086 0.3043353740985577 0.0221707270695613 0.022373712979830228
0 0.1989719684307392 0.7841110229492188 0.019979550288273737 0.019490168644831732
0 0.8051846577570989 0.20429735917311448 0.0163119389460637 0.016515511732835036
0 0.12743017306694618 0.7474940373347356 0.016019821166992188 0.0160677983210637
0 0.48141648219181943 0.3089894881615272 0.019840753995455228 0.020228165846604567
0 0.0948481743152325 0.9848332038292518 0.015515767610990085 0.01627349853515625
0 0.7371471111591046 0.5654402879568247 0.02045015188363882 0.020980688241811898
0 0.12094813126784104 0.6780485006479117 0.017408481011023887 0.01735056363619291
0 0.2513482387249286 0.8785434869619516 0.01815337401169997 0.017995247474083535
0 0.3730464348426232 0.41596779456505406 0.015148236201359676 0.015141046964205228
0 0.8122094961313101 0.3331897442157452 0.014714901263897236 0.015317329993614784
0 0.25564934657170224 0.7393597822922927 0.024149014399601862 0.024352293748121995
0 0.26426164920513445 0.6839463894183819 0.01618033189039964 0.016471716073843148
0 0.2075073902423565 0.23267368169931266 0.015094463641826924 0.015188363882211538
0 0.4756188759436974 0.7267947563758264 0.014952292809119591 0.014914292555588942
0 0.6024596874530499 0.36412503169133115 0.014317072354830228 0.014430559598482572
0 0.6031147883488581 0.20859888883737418 0.015368241530198317 0.015511879554161659
0 0.4974679213303786 0.020313856693414543 0.014798677884615384 0.01454458786891057
0 0.43024264849149263 0.46080376551701474 0.014501424936147837 0.014494675856370192
0 0.6105179786682129 0.601256774022029 0.013857841491699219 0.013893567598783053
0 0.4834429667546199 0.6082012836749737 0.018732657799353965 0.018014247600848857
0 0.28424904896662784 0.6717341496394231 0.018106387211726263 0.018672943115234375
0 0.3464601223285382 0.3502104098980243 0.01644589350773738 0.017005480252779447
0 0.4533980442927434 0.3539298130915715 0.015203182513897236 0.015318797184870793
0 0.7674732208251953 0.537023324232835 0.014128611637995793 0.01421048091008113
0 0.1314733211810772 0.22690883049598107 0.016927095559927132 0.018065599294809196
0 0.916726699242225 0.38058900833129883 0.013391348031850962 0.013639743511493389
0 0.11790055495042068 0.7380043910099909 0.014037058903620793 0.013868185190054087
0 0.8523767177875226 0.3465934166541466 0.014752021202674279 0.01468203617976262
0 0.3635236299954928 0.726266127366286 0.014055765592134915 0.01385498046875
0 0.7137399086585412 0.27715152960557204 0.01693872305063101 0.01717981925377479
0 0.49888779566838193 0.30470605996938854 0.019011424137995794 0.018890821016751803
0 0.5270534662099985 0.17181821969839242 0.013982039231520433 0.013849368462195763
0 0.8055694286639874 0.48504271874061 0.013915428748497596 0.014044248140775241
0 0.8191701448880709 0.3374164287860577 0.019614586463341348 0.01996436485877404
0 0.9388373448298528 0.059631489790402926 0.018523289607121393 0.018866924139169548
0 0.23904074155367339 0.7527751922607422 0.014351771428034855 0.014560992901141826
0 0.6767365382267878 0.47057122450608474 0.014348250169020433 0.014277971707857572
0 0.5752234092125525 0.21542895757235014 0.015085953932542067 0.015228491563063402
0 0.46556927607609677 0.2970959223233737 0.019112366896409255 0.01960600339449369
0 0.5370072218088003 0.30541728093073917 0.01476441896878756 0.014526440547062801
0 0.09642789914057805 0.9867820006150466 0.016506286767812874 0.01679361783541166
0 0.5181102752685547 0.5107016196617713 0.014595251816969652 0.014467972975510817
0 0.8186381413386419 0.41890360758854794 0.016855973463792067 0.01690505101130559
0 0.11491437141711895 0.4045833440927359 0.013891898668729342 0.013789030221792368
0 0.49772042494553786 0.30260373995854306 0.016894413874699518 0.01672638379610502
0 0.16970447393564078 0.7422127356896033 0.015705328721266527 0.015421647291917067
0 0.11065828800201416 0.9796714782714844 0.014892779863797702 0.014564807598407451
0 0.17395127736605132 0.9411289508526142 0.01382152850811298 0.013902810903695913
0 0.5875379855816181 0.20423313287588266 0.016807996309720553 0.017664469205416165
0 0.1392989342029278 0.2243189444908729 0.026034208444448616 0.02578889406644381
0 0.4130061222956731 0.3509067388681265 0.015248812161959134 0.015449744004469652
0 0.2519814051114596 0.5847956584050105 0.015253507173978366 0.015475933368389424
