0 0.4614106691800631 0.5095610251793494 0.07106399536132812 0.07155212989220253
0 0.5569304686326247 0.7477612128624549 0.04254414485051082 0.042283278245192304
0 0.8593392005333533 0.07589395688130306 0.053598844088040866 0.053159466156592734
0 0.6528092897855319 0.4758107845599835 0.05401523296649639 0.05352210998535156
0 0.44195387913630557 0.5835413566002479 0.03344403780423678 0.033631398127629206
0 0.8609121029193585 0.8908308469332181 0.03973682110126202 0.04023449237530048
0 0.5644912719726562 0.5518393149742713 0.06521327678973858 0.06539682241586539
0 0.5022956407987155 0.5521130928626428 0.06407928466796875 0.06314659118652344
0 0.3074711286104642 0.8790459266075721 0.027186100299541768 0.027429727407602165
0 0.5673836194551908 0.4560527067918044 0.04656366201547476 0.04651187016413762
0 0.2218320736518273 0.17651618444002593 0.030263313880333535 0.030209944798396185
0 0.76854184957651 0.6465828235332782 0.07907031132624699 0.08076124924879807
0 0.41487451700063854 0.6755708547738882 0.0524141605083759 0.051910106952373795
0 0.25389902408306414 0.9384893270639273 0.04241752624511719 0.042259509746844955
0 0.8888351733867939 0.4625989473783053 0.01968559852013221 0.020151285024789665
0 0.5188099787785456 0.6705897404597356 0.027783613938551683 0.027736076941856973
0 0.5283864094660833 0.45854766552264875 0.03541403550368089 0.03525594564584585
0 0.8437389960655799 0.17815413841834435 0.027187934288611777 0.02727083059457632
0 0.628207280085637 0.36856739337627703 0.024344957791841947 0.02459401350754958
0 0.5062829897953913 0.787374863257775 0.02706461686354417 0.02722476078913762
0 0.5049633246201736 0.9344982734093299 0.02021195338322566 0.020294776329627402
0 0.7917104134192834 0.7681340437669021 0.023480341984675482 0.023560157189002402
0 0.5240510060237005 0.9872332352858323 0.019509535569411058 0.01913598867563101
0 0.8204490221463717 0.08738311437460092 0.023569107055664062 0.02368752772991474
0 0.4910772763765775 0.5861363044151893 0.04100667513333834 0.04116249084472656
0 0.8260295574481671 0.11013058515695426 0.02095941396859976 0.02055666996882512
0 0.7645363440880408 0.959155376140888 0.04418666546161358 0.04483780494103065
0 0.17989437396709734 0.4373001685509315 0.023270240196814902 0.023091976459209736
0 0.42171419583834135 0.907504155085637 0.02147843287541316 0.021783828735351562
0 0.8573052332951472 0.7305596424983098 0.016228602482722357 0.01638192396897536
0 0.8002807910625751 0.5839654482327975 0.060085296630859375 0.05967492323655348
0 0.8213314643272986 0.06191519590524527 0.023048254159780648 0.02334893666780912
0 0.4841778828547551 0.7198354280911959 0.01654668954702524 0.016507662259615384
0 0.71599791600154 0.22611084351172814 0.05606886056753305 0.05612061573908879
0 0.6492096827580378 0.7835399921123798 0.023371182955228366 0.023749278141902044
0 0.6684017181396484 0.19468571589543268 0.021225855900691107 0.0214080076951247
0 0.21673037455632135 0.8303558643047626 0.029126314016488884 0.02896734384390024
0 0.7473020553588867 0.7257449076725886 0.022198603703425482 0.02205995412973257
0 0.887812247643104 0.18984017005333534 0.01587090125450721 0.016458804790790264
0 0.8802842360276443 0.8043556213378906 0.021376389723557692 0.021359663743239183
0 0.13193295552180365 0.12159200815054086 0.015450422580425557 0.015427992894099308
0 0.5257976972139798 0.765166502732497 0.01570921677809495 0.015638058002178486
0 0.6911495648897611 0.5746387334970328 0.02741828331580529 0.0273281977726863
0 0.38915714850792515 0.1398316896878756 0.015611061683067909 0.01592364678016076
0 0.508324513068566 0.44115132551926833 0.02080528552715595 0.02111229529747596
0 0.11998528700608474 0.2849229115706224 0.017262917298537035 0.017123002272385817
0 0.8657586024357722 0.36089244255652797 0.016237258911132812 0.016300714932955228
0 0.7579567249004657 0.2891535758972168 0.03624519935021034 0.03667926788330078
0 0.7918445880596454 0.3706229283259465 0.02107854989858774 0.021168342003455527
0 0.48813621814434344 0.8173652062049279 0.03675123361440805 0.03660143338716947
0 0.2109368581038255 0.21109746052668646 0.01656961441040039 0.017198856060321514
0 0.5220360022324783 0.9726090064415565 0.018820835993840143 0.019477697519155648
0 0.5729962862454928 0.5095893419705905 0.0405729733980619 0.04036301832932692
0 0.268891664651724 0.00721826461645273 0.017327382014347956 0.013737036631657528
0 0.5230173697838416 0.8343092845036433 0.02150579599233774 0.02179571298452524
0 0.725817973797138 0.9003163851224459 0.01407168461726262 0.014238210824819712
0 0.6388893861037034 0.765525010915903 0.019803267258864183 0.019661830021784857
0 0.6746768951416016 0.427552003126878 0.02282436077411358 0.022681603064903848
0 0.1569968186891996 0.06616479616898757 0.02438182097214919 0.023922259990985576
0 0.39629125595092773 0.7518055255596454 0.015996639545147236 0.015878824087289665
0 0.7223522479717548 0.42170194479135364 0.027176490196814902 0.027841714712289665
0 0.6955912663386419 0.45346619532658505 0.017199296217698317 0.017368390009953424
0 0.4716051541841947 0.360505984379695 0.07405691880446214 0.07490862332857572
0 0.3499765396118164 0.5109266134408804 0.018465335552509014 0.01853311978853666
0 0.16578175471379206 0.16021159979013297 0.016486534705528848 0.01604905495276818
0 0.36818482325627255 0.6370724164522611 0.06116573627178486 0.06132830106295072
0 0.13048414083627555 0.059585983936603255 0.028815049391526442 0.029022216796875
0 0.1115414546086238 0.25168468401982236 0.01583242416381836 0.015917154458852913
0 0.22166974727924055 0.2001979534442608 0.018275334284855768 0.01844369448148287
0 0.724766364464393 0.8267049055833083 0.0287322998046875 0.029579896193284255
0 0.7371672116793119 0.8010372015146109 0.030948638916015625 0.03123958294208233
0 0.7340665963979868 0.748936286339393 0.02086786123422476 0.021163060114933893
0 0.23311193172748274 0.6219262343186599 0.022231615506685697 0.022381672492394082
0 0.556113023024339 0.6153786732600286 0.0453192637516902 0.04509397653432993
0 0.6156578063964844 0.5544029382558969 0.05339340063241812 0.053297776442307696
0 0.2822865339425894 0.9540731723491962 0.15018323751596305 0.09022683363694411
0 0.8469681373009315 0.5716216013981745 0.014794569749098558 0.014774175790640024
0 0.11494775918813852 0.21182614106398362 0.024140394650972806 0.03809928894042969
0 0.5652423271766076 0.8138614067664514 0.016390873835637018 0.01646907512958233
0 0.729531508225661 0.8276852094210111 0.038379669189453125 0.03783827561598558
0 0.8637274228609525 0.04516844566051777 0.014283253596379207 0.014276917164142314
0 0.6595384157620944 0.32970362443190354 0.029646946833683893 0.029624352088341348
0 0.554134882413424 0.6514139909010667 0.0263827397273137 0.02623895498422476
0 0.39513147794283354 0.7108271672175481 0.030333592341496393 0.03082275390625
0 0.5909371009239783 0.49030564381526065 0.035213323739858776 0.034656524658203125
0 0.3020527179424579 0.49556856888991135 0.016216351435734674 0.015959519606370192
0 0.7558954679048978 0.7500528188852164 0.017145890455979567 0.017184037428635817
0 0.49350643157958984 0.8373531928429236 0.03132438659667969 0.030804854172926683
0 0.29191118020277756 0.5183176627525916 0.020785441765418418 0.020850621736966647
