0 0.425652944124662 0.19736708127535307 0.1697100125826322 0.1731896033653846
0 0.6383627378023587 0.2219561613523043 0.1364261920635517 0.1358629006605882
0 0.35131021646352917 0.4158138128427359 0.05754646888146034 0.05753465799184946
0 0.5791811209458572 0.09058176554166354 0.06958968822772686 0.0691715799845182
0 0.4819956926199106 0.09943591631375827 0.07711557241586539 0.07676918690021221
0 0.33798676270705 0.271980670782236 0.07729068169227013 0.0775299439063439
0 0.4835386276245117 0.5074190359849197 0.0691694846520057 0.0695951168353741
0 0.539581298828125 0.951703144953801 0.04411007807804988 0.04426486675555889
0 0.477809319129357 0.4014555857731746 0.03458081758939303 0.03447253887469952
0 0.483122312105619 0.5811497614933894 0.04004170344426082 0.04040189889761118
0 0.623899899996244 0.5175787852360652 0.02231421837439904 0.02221342233511118
0 0.3154152356661283 0.137309927206773 0.052745819091796875 0.05325146821828989
0 0.34024781447190505 0.602137565612793 0.02500768808218149 0.02508412874661959
0 0.3325186509352464 0.34502660311185396 0.02286808307354267 0.02252343984750601
0 0.35056767096886265 0.13713581745441145 0.024229929997370794 0.024022689232459433
0 0.5487761130699744 0.17881037638737604 0.020343927236703727 0.020481329697829027
0 0.6510191697340745 0.48184746962327224 0.017432726346529447 0.01748202397273137
0 0.6036705603966346 0.5929776338430551 0.017865547767052285 0.017477769118088942
0 0.33748982502863956 0.47766927572397083 0.02549464886005108 0.025679368239182692
0 0.6962732168344351 0.6217429821307843 0.03470875666691707 0.034903342907245345
0 0.6920084586510291 0.9649264262272761 0.027632786677433893 0.027697049654447116
0 0.5392479162949783 0.4234742017892691 0.023833421560434196 0.02384471893310547
0 0.31287325345552885 0.36451292037963867 0.03612034137432392 0.03665726001446064
0 0.6706022115854117 0.5411435640775241 0.023959820087139424 0.02428406935471755
0 0.2879923490377573 0.9783967825082632 0.02464151382446289 0.0251162602351262
0 0.6818137535682092 0.8063197502723107 0.028289061326246995 0.028265732985276442
0 0.5683535795945388 0.35497118876530576 0.026880557720477764 0.02649035820594201
0 0.29782493297870344 0.2832160546229436 0.019411600553072415 0.019200728489802435
0 0.29548291059640736 0.568814020890456 0.03438146297748272 0.034694524911733776
0 0.7263289231520432 0.563180189866286 0.020761636587289665 0.021160419170673076
0 0.6232522084162786 0.5399952668410081 0.020891189575195312 0.020808953505295973
0 0.6681661605834961 0.7844557395348182 0.021327385535606973 0.02143698472243089
0 0.5737444070669321 0.6001518689669095 0.030518751878004808 0.03068263714130108
0 0.5949002045851487 0.9546249096210186 0.03255323263315054 0.03263004009540264
0 0.5269028590275691 0.18136119842529297 0.021651781522310697 0.021614808302659255
0 0.3536844987135667 0.5286042140080378 0.02163358835073618 0.02151012420654297
0 0.6813008235051081 0.8622821661142203 0.032376656165489785 0.03253658001239483
0 0.7196609790508564 0.5920503689692571 0.03125410813551683 0.03136913592998798
0 0.36336634709284854 0.6066183677086463 0.017679727994478665 0.017048175518329326
0 0.45133803440974307 0.9709839454064002 0.03876025860126202 0.0387109609750601
0 0.3138107153085562 0.20284577516409066 0.017352782762967624 0.017274122971754808
0 0.5912806804363544 0.13199617312504694 0.018790685213529147 0.018883485060471755
0 0.7157537020169772 0.3165394342862643 0.023246911855844352 0.023662420419546273
0 0.3684125313392052 0.9581153576190655 0.018562170175405648 0.018511845515324518
0 0.4507908087510329 0.5668819867647611 0.027485040517953727 0.02721067575307993
0 0.3600307611318735 0.5946568709153396 0.015018243056077223 0.015412403987004207
0 0.2907991042503944 0.934247090266301 0.030342725607065055 0.030747046837439902
0 0.6081755711482122 0.030147222372201774 0.016371800349308893 0.01639700852907621
0 0.6662022517277644 0.897704344529372 0.037190950833834134 0.03743949303260216
0 0.5920323591965896 0.04212313890457153 0.016188694880558893 0.016050824752220742
0 0.6633680050189679 0.9811786504892203 0.047644541813777044 0.03405292217548077
0 0.6612434387207031 0.565311651963454 0.02733641404371995 0.027077308067908652
0 0.5114908951979417 0.5397577285766602 0.022038092980018027 0.022355006291316107
0 0.4776776387141301 0.37796321282019985 0.025768280029296875 0.024976290189302884
0 0.4151396384605995 0.8947209578294021 0.05593028435340294 0.05657049325796274
0 0.5030839993403509 0.4492643429682805 0.017104589022122897 0.0170899171095628
0 0.5483586237980769 0.06305449742537278 0.02300409170297476 0.023390824978168193
0 0.5746324245746319 0.753606209388146 0.01701178917518029 0.017012962928185098
0 0.6437476231501653 0.3484330177307129 0.01647670452411358 0.016319128183218148
0 0.5002087813157302 0.6630659103393555 0.043565016526442304 0.043482266939603366
0 0.3839684266310472 0.5274508549616888 0.025576371413010817 0.02586973630464994
0 0.28261881608229417 0.8950654543363131 0.018063105069673978 0.0177764892578125
0 0.3282313713660607 0.9721616598275992 0.027280367337740384 0.02711912301870493
0 0.40384952838604266 0.8554928852961614 0.016576473529522236 0.016503260685847357
0 0.6528249887319711 0.3195937963632437 0.023065713735727165 0.022901388315054085
0 0.37204837799072266 0.9764533409705529 0.022866542522723857 0.022716522216796875
0 0.5548382905813364 0.19415672008807844 0.016413321861853965 0.016024332780104417
0 0.31168369146493763 0.30093831282395583 0.014711893521822415 0.015008632953350361
0 0.31310639014610875 0.2313053424541767 0.01574415426987868 0.015404921311598558
0 0.5701715762798603 0.06483365480716412 0.024936969463641826 0.02416807871598464
0 0.5499273446890024 0.48632086240328276 0.019623683049128607 0.019878680889423076
0 0.7151283851036658 0.5160999298095703 0.016867417555588942 0.01685949472280649
0 0.3887954491835374 0.7782289064847506 0.024848791269155648 0.024773230919471152
0 0.6328763228196365 0.5814118018517127 0.033835190993088946 0.03336803729717548
0 0.4788832664489746 0.45234540792611927 0.019342789283165567 0.019612532395582933
0 0.39050722122192383 0.754076884343074 0.017304200392503005 0.01719078650841346
0 0.567780641409067 0.5011250055753268 0.017722936776968148 0.01794015444242037
0 0.608453787290133 0.0128763157587785 0.0212404544536884 0.02058575703547551
0 0.36205156032855695 0.760198006263146 0.03607038351205679 0.03647525493915264
0 0.38732433319091797 0.1124115173633282 0.03145511333759014 0.03222846984863281
0 0.5896162986755371 0.6286089970515325 0.02395175053523137 0.024133828970102165
0 0.7154915882990911 0.38868995813223034 0.01770782470703125 0.01826631105863131
0 0.2798151969909668 0.958657851585975 0.022931979252741888 0.022856785700871393
0 0.27770779683039737 0.6328440446120042 0.018444281357985277 0.01858344444861779
0 0.5469604638906626 0.4507284164428711 0.022898747370793268 0.02288979750413161
0 0.4151638471163236 0.45430572216327375 0.019983438345102165 0.019744873046875
0 0.42674002280602086 0.10070694409883939 0.018361385052020732 0.017798350407527044
0 0.39107506091778094 0.47005484654353213 0.022362342247596152 0.022493362426757812
0 0.29274795605586124 0.11571773198934701 0.020352767064021185 0.020695264522845928
0 0.32899863903339094 0.5362450159513034 0.018047039325420674 0.01890908754788912
0 0.7130137223463792 0.5500623996441181 0.018248631403996393 0.01759184323824369
0 0.4092099483196552 0.09376380076775184 0.025473374586838942 0.0243527522453895
0 0.296723879300631 0.6787187136136569 0.017009625068077676 0.0167544438288762
0 0.6677487446711614 0.41980655376727766 0.015516427847055288 0.01485905280480018
0 0.5709613653329703 0.043180461113269515 0.021529417771559495 0.02110735269693228
0 0.6633930206298828 0.4432494823749249 0.01725152822641226 0.016963812021108773
0 0.4101855938251202 0.49078978024996245 0.024443553044245794 0.024764427771935098
0 0.7058755434476413 0.5027030064509466 0.018398578350360576 0.017338385948768027
0 0.6602269686185397 0.8266790830172025 0.03852286705603966 0.03919146611140324
0 0.6368301098163311 0.02056579406444843 0.017676573533278245 0.01781169382425455
0 0.35468559998732346 0.7126832375159631 0.017764751727764424 0.018018282376802884
0 0.6679653754601111 0.5165295234093299 0.017396193284254808 0.01746089641864483
0 0.25894333766056943 0.8723437235905573 0.020210779630220853 0.021190349872295674
0 0.7148722868699294 0.8979427631084735 0.014179669893704928 0.014162503756009616
0 0.4313799784733699 0.06976790611560528 0.02288678976205679 0.022622310198270358
0 0.7042363973764273 0.738642692565918 0.031596990732046276 0.031251027033879206
0 0.7412652235764724 0.9567675223717322 0.018163094153771035 0.024813285240760215
0 0.7040409675011268 0.27996158599853516 0.016440464900090143 0.016626798189603366
0 0.5648204730107234 0.462068484379695 0.017180736248309795 0.017092117896446817
0 0.7109017005333533 0.531135632441594 0.016260733971228965 0.016180772047776442
0 0.6144179931053748 0.1522296483700092 0.018114163325383112 0.018077905361468975
0 0.3485518235426683 0.07281518899477445 0.025243318997896634 0.025818366270798903
0 0.36699427091158354 0.3628199283893292 0.020766184880183294 0.021193504333496094
0 0.2893105470217191 0.5126656018770658 0.02576754643366887 0.025816697340745192
0 0.5695563829862155 0.8093318939208984 0.02978823735163762 0.029749650221604567
0 0.3601476229154147 0.6438088783851037 0.017895331749549277 0.018132870013897236
0 0.5998787879943848 0.3157987594604492 0.01627525916466346 0.01632529038649339
0 0.39141420217660755 0.6504654517540565 0.023915510911207933 0.02454200157752404
0 0.31394320267897385 0.6067994557894193 0.032689919838538535 0.031984109144944414
0 0.4303736319908729 0.4128733414870042 0.016901749830979567 0.017117720383864183
0 0.3134507399338942 0.5111302595872146 0.02386364570030799 0.024523808405949518
0 0.2838790233318622 0.614902716416579 0.0190887451171875 0.019454369178185098
0 0.5712511356060321 0.9769313518817608 0.027013338529146634 0.026806758000300482
0 0.6096876217768743 0.13373576677762544 0.024939243610088643 0.02463868948129507
0 0.6953726548414964 0.6928436572735126 0.0467077401968149 0.04732557443472055
0 0.5047978621262771 0.2361887234907884 0.03788493229792668 0.03918611086331881
0 0.7196152026836689 0.8362149458665115 0.015213599571814904 0.015131436861478366
0 0.6225649760319636 0.02643554485761202 0.014766106238731971 0.014514481792083153
0 0.5979867348304162 0.5071562253511869 0.016464673555814303 0.016446407024676982
0 0.717428574195275 0.8173341017503005 0.027991368220402643 0.027211409348707933
0 0.38972916969886195 0.4976673859816331 0.02215752234825721 0.022934400118314303
0 0.2800604746891902 0.45198939396784854 0.03560069891122671 0.043765875009390026
0 0.6094201161311223 0.5534549126258264 0.017300972571739785 0.01744710482083834
0 0.6360257955697867 0.1304962268242469 0.02786386930025541 0.027713665595421426
