0 0.4308478648845966 0.8507035328791692 0.14216342339148888 0.1393746596116286
0 0.7266093034010667 0.15102612055264986 0.04842156630295973 0.048661231994628906
0 0.7599601745605469 0.18463747317974383 0.05203452477088341 0.0635737547507653
0 0.5817115490253155 0.7874717712402344 0.0719757080078125 0.0702505845289964
0 0.7017744504488431 0.7477981860821064 0.03894395094651442 0.039045480581430286
0 0.5571635319636419 0.17916088837843674 0.03463965195875902 0.035031905541053183
0 0.663365730872521 0.5256451093233548 0.030927217923677884 0.031452325674203724
0 0.5448714769803561 0.7297216562124399 0.029251538790189303 0.029333848219651442
0 0.4142001958993765 0.8050841551560622 0.04120768033541166 0.041359241192157455
0 0.7523702474740835 0.8141756791334885 0.041748046875 0.04167263324444111
0 0.40123653411865234 0.36958932876586914 0.017123882587139424 0.017512028033916768
0 0.6101373525766226 0.19656812227689302 0.03232016930213341 0.03241590353158804
0 0.5584626931410569 0.9516295653123122 0.029817874615009014 0.030340194702148438
0 0.26856150993934047 0.7756088696993314 0.03308516282301683 0.03312947199894832
0 0.6879642193134015 0.06935751896638137 0.02362852830153245 0.023824352484482985
0 0.659663567176232 0.7578896009005033 0.023136725792518027 0.023075250478891227
0 0.5907802581787109 0.5794871770418607 0.021168342003455527 0.02106138376089243
0 0.6835181162907527 0.7843522291917068 0.019635567298302285 0.019509242131159857
0 0.710509520310622 0.8890127768883338 0.03570409921499399 0.03634423475999098
0 0.5004196166992188 0.44580705349261945 0.025991146381084736 0.02611996577336238
0 0.4616239254291241 0.21272985751812273 0.019198197584885817 0.019208431243896484
0 0.7242731681236854 0.6917350475604718 0.03010074908916767 0.030339167668269232
0 0.7464284896850586 0.25147828688988316 0.021787203275240384 0.021683876331035908
0 0.4542521696824294 0.9279650174654447 0.024577801044170674 0.025010329026442308
0 0.39534759521484375 0.2114235254434439 0.02269319387582632 0.022897023421067458
0 0.6038009203397311 0.5501906688396747 0.022626583392803486 0.022577799283541165
0 0.3580584159264198 0.8110030981210562 0.02453503241905799 0.024669940655048076
0 0.6485400566687951 0.7238270686222956 0.023908028235802285 0.02390259962815505
0 0.32953020242544323 0.7071252969595102 0.026787757873535156 0.026854881873497598
0 0.5755489055926983 0.9719490638146033 0.028197655310997598 0.028104048508864183
0 0.2357617341555082 0.19814568299513596 0.045332725231464095 0.07191547980675331
0 0.2676206368666429 0.5823299701397235 0.026660845829890326 0.026751298170823317
0 0.5311383100656363 0.317350644331712 0.019552304194523737 0.019609524653508112
0 0.29929197751558745 0.6830684955303485 0.02444149897648738 0.024184593787560098
0 0.5817256340613732 0.2438070957477276 0.020175053523137018 0.020441715533916768
0 0.2676120171180138 0.670263070326585 0.01916613945594201 0.019561180701622598
0 0.3259881826547476 0.7305994767409104 0.018532166114220254 0.01894041208120493
0 0.2620385243342473 0.654261222252479 0.025893578162560098 0.025597498967097357
0 0.7391179891733023 0.5071701269883376 0.016018207256610576 0.015679579514723558
0 0.6621343172513522 0.8723158469566932 0.017177875225360576 0.01705595163198618
0 0.4968722416804387 0.14346558314103347 0.025348810049203727 0.02539676886338454
0 0.3086708509005033 0.2680672865647536 0.02109659635103666 0.021219253540039062
0 0.25346851348876953 0.5408291449913611 0.019441824692946214 0.019466546865609977
0 0.7354006400475135 0.22242201291597807 0.016597894521859977 0.01666681583111103
0 0.5157669507540189 0.048604717621436484 0.018877176138070915 0.01880159744849572
0 0.5443239212036133 0.027631982014729425 0.01892823439378005 0.018807534988109883
0 0.7816355778620794 0.8703108567457932 0.019511002760667067 0.02005180945763221
0 0.44983482360839844 0.692025037912222 0.01858065678523137 0.018648734459510215
0 0.4201489595266489 0.5882122700030987 0.016187521127554085 0.0159757320697491
0 0.3949309495779184 0.5525197249192458 0.021906119126539964 0.022011536818284255
0 0.23451148546659029 0.5467419991126428 0.020328595088078424 0.01995688218336839
0 0.40148625007042515 0.7395333510178786 0.019704231849083535 0.019748981182391826
0 0.7766160231370193 0.9541039100060096 0.03112646249624399 0.04148189838115986
0 0.32831841248732346 0.8543759125929612 0.02538130833552434 0.025037765502929688
0 0.4872289070716271 0.8905967565683218 0.03376902066744291 0.03362362201397236
0 0.2930545440086952 0.7213872762826773 0.016839137444129355 0.016637655404897835
0 0.4117301794198843 0.8531918158897986 0.014966011047363281 0.015039297250600962
0 0.3750600081223708 0.9434278928316556 0.030714915348933294 0.030303368201622598
0 0.6034730764535757 0.2868620982536903 0.019757784329927884 0.019749971536489632
0 0.3479435627277081 0.6984568375807542 0.031139887296236478 0.030431307279146634
0 0.705344713651217 0.19312016780559832 0.015160927405724159 0.015163605029766377
0 0.47968116173377406 0.5923052567702073 0.015864445612980768 0.015698653001051683
0 0.5141936815701998 0.12800677923055795 0.024729068462665264 0.024808828647320088
0 0.6696613751924955 0.7159878657414362 0.016070732703575723 0.01605650094839243
0 0.6339734884408804 0.7559281862699069 0.015722128061147835 0.015604752760667067
0 0.6935273683988131 0.5347577608548678 0.01582952646108774 0.015744869525615986
0 0.4559288758497972 0.8580116125253531 0.017812288724459134 0.017133712768554688
0 0.43810220865102917 0.22896106426532453 0.015493979820838341 0.015914550194373496
0 0.743094957791842 0.5279253446138822 0.022974161001352165 0.022916060227614183
0 0.2629304298987755 0.12484953953669621 0.014986405005821815 0.014993887681227464
0 0.2682831103985126 0.256347106053279 0.01652945004976713 0.016611099243164062
0 0.4672468625582181 0.33520119006817156 0.015210518470177284 0.015245144183819111
0 0.7115615698007437 0.7236234224759616 0.017947563758263223 0.017605414757361777
0 0.4361401337843675 0.16669739209688628 0.014176221994253306 0.01423487296471229
0 0.5224085220923791 0.8846077552208533 0.061068094693697415 0.06171872065617488
0 0.684417724609375 0.8815518892728366 0.019692347599909857 0.020268953763521634
0 0.48386067610520583 0.5423545837402344 0.03399782914381761 0.03485576923076923
0 0.6093822992764987 0.9167242783766526 0.01531666975754958 0.015081552358774038
0 0.6677954747126653 0.03415591441667997 0.015758220966045674 0.015593739656301646
0 0.4635466062105619 0.3033593984750601 0.015939859243539665 0.015870020939753607
0 0.2939874208890475 0.8840497823861929 0.014911871690016527 0.014835944542518029
0 0.7336772771982046 0.9135704040527344 0.1048431396484375 0.10372484647310697
0 0.3301528050349309 0.30827489266028774 0.014604715200570913 0.014529741727388822
0 0.3769656694852389 0.7400429065410907 0.023171644944411058 0.023305159348707933
0 0.773044072664701 0.14882467343257025 0.0174407958984375 0.01802961642925556
0 0.38473976575411284 0.6347965827355018 0.014366736778846154 0.014469733605018029
0 0.42951154708862305 0.35971773587740385 0.014301153329702524 0.014603834885817308
0 0.4486045837402344 0.8402574979341947 0.014880693875826322 0.014773148756760817
0 0.7437152862548828 0.4934999759380634 0.01346573462853065 0.013739805955153245
0 0.6871879284198468 0.9525288801926833 0.0812691908616286 0.08318710327148438
0 0.6204637380746695 0.5490775475135217 0.013876401461087741 0.014305995060847355
0 0.5115803205049955 0.9255594106820914 0.025676874014047477 0.026070227989783652
0 0.5068248235262357 0.6837100982666016 0.014785473163311299 0.014541332538311299
0 0.4759415113008939 0.9705960933978741 0.014241878802959736 0.014603834885817308
0 0.5256646963266226 0.7957083628727839 0.01455534421480619 0.014662082378680889
0 0.38571977615356445 0.19620198469895583 0.015391863309420072 0.015635343698354866
0 0.6600411488459661 0.7802283947284405 0.017974119919996995 0.018189063439002402
0 0.3270668616661659 0.1052854427924523 0.03197493919959435 0.03207470820500301
0 0.29553571114173305 0.845555672278771 0.01649328378530649 0.01743169931265024
0 0.7273404048039362 0.9888730415931115 0.01859870323768029 0.01800962594839243
0 0.5888792184682993 0.21230393189650315 0.017620966984675482 0.017788043388953574
0 0.3424430993887094 0.5623311996459961 0.016573979304387018 0.016757965087890625
0 0.23201660009530875 0.005691316838447864 0.027811490572415866 0.011336969641538767
0 0.5827725483820989 0.859675407409668 0.07670651949368991 0.07517814636230469
0 0.5253548622131348 0.931727409362793 0.04172867995042067 0.04027337294358473
0 0.542233026944674 0.2298747942997859 0.015208611121544471 0.015521929814265324
0 0.7755507689255935 0.3230774219219501 0.014061267559344951 0.014082908630371094
0 0.6412013860849234 0.09855928787818322 0.014496289766751803 0.01443343896132249
0 0.4622187981238732 0.4319426096402682 0.02328916696401743 0.02328065725473257
0 0.46317049173208386 0.04691993273221529 0.014542946448692909 0.01474610658792349
0 0.3246289033156175 0.8913472982553335 0.027704972487229567 0.027995769794170674
0 0.754891615647536 0.9614036266620343 0.019584068885216348 0.019665938157301683
0 0.771130635188176 0.5272938654972956 0.030734135554387018 0.03095876253568209
0 0.5183062186607947 0.09350331930013803 0.017826960637019232 0.018239571497990534
0 0.2810539465684157 0.37879261603722203 0.08176656869741586 0.08038564828725961
0 0.3514563487126277 0.7354500110332782 0.01837583688589243 0.018308492807241585
0 0.7364813731266902 0.5618991118211013 0.01360629155085637 0.013608198899489183
0 0.38736992615919846 0.24949297538170448 0.013927312997671274 0.013798713684082031
0 0.4945248090303861 0.07199525374632615 0.014814816988431491 0.01476882971250094
0 0.45978421431321365 0.435636043548584 0.01587075453538161 0.01569791940542368
0 0.494258477137639 0.3507239268376277 0.014064935537484976 0.01429293705866887
0 0.472165767963116 0.12503675314096305 0.015411376953125 0.015764236450195312
0 0.6572871574988732 0.5450489704425519 0.013416437002328726 0.013207655686598558
0 0.6671763200026292 0.0312892679984753 0.01962911165677584 0.01964347637616671
0 0.4276997492863582 0.7433153299184946 0.032163033118614785 0.03254142174353966
0 0.3004559370187613 0.755410414475661 0.014701403104341947 0.014614398662860576
0 0.3834857940673828 0.23752131828894982 0.013834733229417067 0.014028622553898739
0 0.7632787411029522 0.8862731640155499 0.018990296583909255 0.019126011775090143
0 0.7038385684673603 0.45531280224139875 0.013714276827298678 0.01357254615196815
0 0.2827915044931265 0.83337585742657 0.05178752312293419 0.052469840416541465
