0 0.3738558108990009 0.7572667782123272 0.11491900223952073 0.1156925788292518
0 0.40671348571777344 0.3423152703505296 0.08709349999060997 0.0876924808208759
0 0.5635873721196101 0.5029891821054312 0.0748136960543119 0.07450191791240986
0 0.6141929626464844 0.12517686990591195 0.02534176753117488 0.025374155778151292
0 0.300291318159837 0.13675272464752197 0.03198741032527043 0.03212094306945801
0 0.6612931765042819 0.3503078313974234 0.07536726731520432 0.077942261329064
0 0.4183598298292894 0.2851574604327862 0.023056617149939902 0.023584585923414964
0 0.31180205711951625 0.4070178178640512 0.026387361379770134 0.02614564162034255
0 0.6899585723876953 0.5356108592106745 0.04456681471604567 0.04473334092360277
0 0.5397367110619178 0.4163050284752479 0.024195010845477764 0.024391321035531852
0 0.6398470218365009 0.21758483006403997 0.019024482140174277 0.019217527829683743
0 0.6443534997793344 0.5346575516920823 0.05501350989708534 0.05406951904296875
0 0.3109016418457031 0.30877230717585635 0.015764970045823317 0.015665274399977464
0 0.5828630007230319 0.41455584305983323 0.018322871281550482 0.018651815561147835
0 0.35202136406531703 0.3893404006958008 0.036961922278771035 0.03668667719914363
0 0.33151010366586536 0.2765679726233849 0.024452943068284255 0.02436696566068209
0 0.44667548399705154 0.4442402399503268 0.019549076373760518 0.01901831993689904
0 0.3335849321805514 0.3648285132188063 0.014908717228816105 0.015043258666992188
0 0.46877703299889195 0.5616514499370868 0.019290410555326022 0.019411087036132812
0 0.3561889941875751 0.3142515696012057 0.026558729318472054 0.026749684260441706
0 0.3345232376685509 0.45356042568500227 0.015109942509577824 0.015289086561936598
0 0.5137960727398212 0.31677876985990083 0.03277177077073317 0.03294535783620981
0 0.6320569698627179 0.7343073624830979 0.015500582181490384 0.01542370135967548
0 0.7140058370736929 0.06547834323002742 0.016961317795973558 0.018702066861666165
0 0.3475129787738507 0.30460951878474307 0.023351082435021035 0.022830963134765625
0 0.5393575521615835 0.7143248044527494 0.02058124542236328 0.0204470707820012
0 0.7132569826566256 0.9805325728196365 0.0171816899226262 0.017084561861478366
0 0.31804924744826096 0.2922223898080679 0.019062188955453727 0.01886331118070162
0 0.6254068521352915 0.06994002140485324 0.023718870603121243 0.02424937945145827
0 0.554874640244704 0.7585318638728216 0.026129795954777643 0.02682333726149339
0 0.5383976422823392 0.02091278938146738 0.016120763925405648 0.015713888865250807
0 0.3501399113581731 0.39380051539494443 0.028069422795222357 0.02823492196890024
0 0.5664527599628155 0.2401722027705266 0.01856363736666166 0.01892845447246845
0 0.6867316319392278 0.9840608009925256 0.014484845674954928 0.014499957744891826
0 0.49840861100416917 0.3738434131328876 0.014272102942833534 0.014304087712214543
0 0.4313042714045598 0.9873020465557392 0.05827485598050631 0.02496059124286358
0 0.5980660731975849 0.32114648818969727 0.03271073561448317 0.0325321784386268
0 0.4986294232881986 0.7123684516319861 0.038241019615760215 0.03896830632136418
0 0.47182523287259615 0.3213308040912335 0.03805967477651743 0.037926087012657754
0 0.592844926393949 0.02717741406880892 0.022191634544959433 0.022287144110752985
0 0.556982003725492 0.5159188050490159 0.01814130636361929 0.018694290748009317
0 0.6346880105825571 0.20330372223487267 0.015784336970402643 0.015622138977050781
0 0.49304984166071963 0.3101833783663236 0.014307682330791768 0.014289104021512546
0 0.5497391407306378 0.3591770392197829 0.026215113126314603 0.026354863093449518
0 0.34894631459162784 0.9116869706373948 0.033602127662071817 0.033876272348257214
0 0.5808795048640325 0.41526952156653774 0.021825203528771035 0.022322361285869893
0 0.4381300119253305 0.6078552832970252 0.03424145625187801 0.034084173349233776
0 0.5513082284193772 0.6160874733558068 0.027722725501427285 0.027381016657902643
