0 0.4422334891099196 0.15793576607337365 0.05326967972975511 0.054141695682819076
0 0.6056229518010066 0.4770391904390775 0.058580251840444714 0.05887119586651142
0 0.5200731570904071 0.8019830263577975 0.041041007408728965 0.0409082266000601
0 0.59345766214224 0.622737664442796 0.025754708510178786 0.0257418705866887
0 0.32342235858623797 0.630895027747521 0.016312819260817308 0.016171088585486777
0 0.649744253892165 0.0523230112515963 0.060292757474459134 0.060933406536395736
0 0.28558698067298305 0.021372455817002516 0.03363389235276442 0.03400011704518245
0 0.5187845596900353 0.4646771504328801 0.018393883338341348 0.018297122075007513
0 0.5709111873920147 0.7761676494891827 0.02554468008188101 0.025418501633864183
0 0.35767709291898286 0.9529719719519982 0.029675997220552884 0.0294644282414363
0 0.5332405750568097 0.6186660619882437 0.04270604940561148 0.043252064631535456
0 0.572195786696214 0.8478612166184646 0.01908588409423828 0.01899895301231971
0 0.4240187131441556 0.6277367518498347 0.017087496243990384 0.017087202805739183
0 0.5168083264277532 0.1030201636827909 0.03832596998948317 0.037588999821589544
0 0.6986892406757061 0.7966514734121469 0.03636859013484074 0.03633425785945012
0 0.5095817125760592 0.7377342810997596 0.015937951894906852 0.015982701228215143
0 0.3162901218120868 0.9657215705284705 0.019284615149864785 0.019161077646108773
0 0.6774341876690204 0.06711510053047767 0.03161533062274639 0.031857848167419434
0 0.4049548369187575 0.41968664756188023 0.04186879671536959 0.04175640986515926
0 0.29080772399902344 0.6544943589430589 0.018135731036846455 0.018329326923076924
0 0.5404458412757287 0.6546677075899564 0.04170535160945012 0.041683050302358776
0 0.2969067280109112 0.9155389345609225 0.02841670696551983 0.028941521277794473
0 0.4486504334669847 0.4315449641301082 0.016939236567570612 0.016995063194861777
0 0.5931703860943134 0.09855329073392428 0.02267001225398137 0.02261642309335562
0 0.7158691699688251 0.6697465456449069 0.033356006328876205 0.03340442364032452
0 0.38852508251483625 0.07523053426008958 0.03602790832519531 0.036219541843120866
0 0.6964716544518104 0.09592802707965557 0.026980473445012018 0.027436183049128607
0 0.5578191830561712 0.9186257582444411 0.01732173332801232 0.01721778282752404
0 0.5236592659583459 0.4494473750774677 0.015735772939828727 0.015807298513559196
0 0.6101504839383639 0.11439675551194411 0.016071906456580527 0.015937970234797552
0 0.3742989393380972 0.9186977973351111 0.018718132605919473 0.017941694993239183
0 0.677712660569411 0.1408013105392456 0.03181105393629808 0.03144049644470215
0 0.4052485686082106 0.684474358191857 0.01732151324932392 0.017079279972956732
0 0.3228576366717999 0.13509940184079683 0.07129509632404034 0.07031534268305852
0 0.4383734923142653 0.7662366720346304 0.020989638108473558 0.020979661207932692
0 0.5224781769972581 0.5825938444871169 0.017159682053786058 0.01700621384840745
0 0.6318343235896184 0.10700839299422044 0.02606201171875 0.02567944159874549
0 0.2747321128845215 0.608895155099722 0.016390580397385817 0.01564510052020733
0 0.31752901810866135 0.879786858191857 0.045723529962392956 0.0448309091421274
0 0.6240922487699069 0.6244954329270583 0.0226593384375939 0.02249629680926983
0 0.47686026646540713 0.45401782255906326 0.015704521766075723 0.015428836529071514
0 0.4543445293719952 0.8706041482778696 0.023691397446852464 0.023968916672926683
0 0.5552786313570462 0.5265624339763935 0.016501353337214544 0.016236305236816406
0 0.308262458214393 0.4080595603355995 0.015970303462101862 0.016240633451021634
0 0.5633756931011493 0.1014859676361084 0.024576407212477464 0.024451310818011943
0 0.4695210090050331 0.06445094713797936 0.08767098646897536 0.08238686965062068
0 0.5416663243220403 0.72448363670936 0.03367878840519832 0.03371840256911058
0 0.3264274597167969 0.09018808144789475 0.01414658473088191 0.01452941160935622
0 0.6557074326735276 0.6936499522282527 0.019822340745192308 0.02011284461388221
0 0.48166663830096906 0.7562627058762771 0.01680755615234375 0.01630372267503005
0 0.4611944051889273 0.7643260955810547 0.020568260779747598 0.020583519568810098
0 0.3201127052307129 0.04556165291712834 0.03251185783973107 0.032341441282859214
0 0.5461790745074933 0.7195606965285081 0.02291694054236779 0.02323766855093149
0 0.5600724953871506 0.09907916875985953 0.029939871567946214 0.031722765702467695
0 0.6029177812429575 0.776765383206881 0.03449682088998648 0.035131601186899036
0 0.4529418211716872 0.9590693253737229 0.02892611576960637 0.029863504263070915
0 0.4109755295973558 0.5536782924945538 0.016131474421574518 0.015775240384615384
0 0.269196290236253 0.920593995314378 0.023091242863581732 0.03222846984863281
0 0.5564785370459924 0.6953516740065354 0.01859173407921424 0.018993524404672477
0 0.28657766488882214 0.7128626016470102 0.03048093502338116 0.03048559335561899
0 0.3603791823753944 0.44815587997436523 0.014349277202899639 0.01418150388277494
0 0.6587275725144607 0.5242043275099534 0.014283840472881611 0.014427111699030949
0 0.2822823157677284 0.7185418055607722 0.01564510052020733 0.01636343735914964
0 0.5634290988628681 0.7353339562049279 0.029363632202148438 0.03009488032414363
0 0.44865813622107875 0.9894693814791166 0.015073629525991587 0.015018169696514424
0 0.5471168664785532 0.09119757322164682 0.036474447983961836 0.03583981440617488
0 0.3504175773033729 0.43274820767916167 0.029682159423828125 0.0292056157038762
0 0.3618032748882587 0.9915529397817758 0.016894193796011116 0.015176626352163462
0 0.6124878296485314 0.1573176383972168 0.01499784909761869 0.01537461464221661
0 0.5548301843496469 0.9169136927678034 0.02000001760629507 0.018956697904146634
0 0.4343093725351187 0.7515470798198993 0.018631861760066107 0.019562941331129808
