0 0.6857567567091721 0.06198330108936016 0.10478401184082031 0.10519678776080792
0 0.6218017431405874 0.15366424047029936 0.020581172062800482 0.02063894271850586
0 0.7102318543654221 0.22051581969627967 0.05264370258037861 0.05217537513146034
0 0.493253414447491 0.13237049946418175 0.033389898446890026 0.0333098998436561
0 0.4252441479609563 0.10016285456143893 0.02479421175443209 0.02484587522653433
0 0.682217524601863 0.4831075668334961 0.018949068509615384 0.018905272850623496
0 0.729161629310021 0.25284160100496733 0.021237740149864785 0.02118338071382963
0 0.6864772209754357 0.8073854446411133 0.018848712627704326 0.018975477952223558
0 0.30836655543400693 0.7119288811316857 0.08526506790748009 0.0840160663311298
0 0.6636786827674279 0.2320720232450045 0.05734869150015024 0.05854093111478365
0 0.521638246682974 0.39540697978093076 0.022882534907414362 0.02307899181659405
0 0.6971219136164739 0.8587411733774039 0.01820989755483774 0.018228971041165866
0 0.42079822833721453 0.5576736376835749 0.017409104567307692 0.017486939063439004
0 0.6830235994779147 0.014561334481606117 0.05113689716045673 0.02837636837592492
0 0.6705009020291842 0.13487971746004546 0.0159457280085637 0.015889828021709736
0 0.46701636681189906 0.4286683155940129 0.1023398179274339 0.10166711073655349
0 0.5686957285954402 0.3470960030188927 0.021071360661433294 0.021024483900803786
0 0.5162638884324294 0.6342656795795147 0.05447519742525541 0.05587900601900541
0 0.5281839737525353 0.33630231710580677 0.023799676161545973 0.023865626408503607
0 0.35078664926382214 0.3531180161696214 0.015652216397798978 0.015993705162635215
0 0.7153035677396334 0.14529094329247108 0.027679590078500602 0.027840944436880257
0 0.45075563284067005 0.018829140525597792 0.01635140639085036 0.0165008558676793
0 0.3124852180480957 0.633326530456543 0.01796883803147536 0.017935679509089544
0 0.42593801938570464 0.8779797920813928 0.01941504845252404 0.019301341130183294
0 0.6971418674175556 0.17984170180100661 0.04578106219951923 0.04502113048846905
0 0.4861732262831468 0.4404135483961839 0.06510022970346305 0.06526360144981971
0 0.5834478231576773 0.3290882844191331 0.025739376361553486 0.026198900662935697
0 0.6596428797795222 0.6602023198054388 0.014595325176532451 0.01475231464092548
0 0.5454607009887695 0.013462830048341017 0.07793734623835637 0.027146985897651084
0 0.34091843091524565 0.6761333759014423 0.06799492469200721 0.06690128032977764
0 0.6497378716102014 0.17551664205697867 0.03327443049504207 0.03299581087552584
0 0.36058932084303635 0.8558979034423828 0.039867254403921276 0.03985801109900841
0 0.48309927720289964 0.08852888987614559 0.032167874849759616 0.03250393500694862
0 0.3479439295255221 0.36412803943340594 0.015281310448279748 0.015346967256986178
0 0.5778695620023288 0.5837342555706317 0.04883531423715445 0.04916785313532902
0 0.3454299706679124 0.38678088554969203 0.01668717310978816 0.016661350543682393
0 0.37359912578876203 0.9126165830172025 0.04128177349384014 0.041661776029146634
0 0.48247968233548677 0.010394444832435021 0.03628334632286659 0.020771773961874154
0 0.4632534613976112 0.735871094923753 0.04699252201960637 0.04793196458082933
0 0.40321768247164214 0.6097899950467623 0.01576394301194411 0.016019381009615384
0 0.7103095421424279 0.36246512486384463 0.015970670259915866 0.015773626474233773
0 0.5057784960820124 0.20315261987539437 0.03199078486515926 0.03214395963228666
0 0.5064983367919922 0.5764169692993164 0.20266826336200422 0.20337412907527044
0 0.673647953913762 0.15693004314716047 0.015397291917067308 0.015605889833890475
0 0.33410706886878383 0.06639393476339486 0.07350928966815655 0.07278935725872333
0 0.5333355390108548 0.01386019243643834 0.053347074068509616 0.027728390235167284
0 0.4451712461618277 0.4102648588327261 0.055667877197265625 0.0546117195716271
0 0.3489772356473483 0.5974776194645808 0.09287562737098107 0.0916438469519982
0 0.6669147198016827 0.39425138326791614 0.08155764066256009 0.08070960411658654
0 0.4931301703819862 0.23116379517775315 0.035361069899338946 0.035692728482759915
0 0.41727696932279146 0.15138634351583627 0.061206670907827526 0.06086461360637958
