0 0.3108202127309946 0.9852561950683594 0.02956549937908466 0.02618892376239483
0 0.8076612032376803 0.06832528114318848 0.024700751671424277 0.024654975304236777
0 0.26799554091233474 0.5221292055570163 0.036326151627760664 0.03642727778508113
0 0.2453786409818209 0.11249208450317383 0.018563343928410456 0.018629055756788988
0 0.35915066645695615 0.7041338407076322 0.023095204279972956 0.02310914259690505
0 0.3969405981210562 0.5204467406639686 0.02341285118689904 0.023622806255634014
0 0.2439722648033729 0.6671221806452825 0.027396422166090745 0.027454522939828727
0 0.40770945182213414 0.8979581686166617 0.026199780977689303 0.026311140794020433
0 0.2405397525200477 0.5582140409029447 0.02197111569918119 0.021957837618314303
0 0.19189097331120417 0.04905483355888954 0.0220490235548753 0.022108939977792594
0 0.037697127232184775 0.2618319804851825 0.035382756820091836 0.035681504469651446
0 0.2649623980888954 0.04713292763783382 0.02215103002694937 0.022125794337346003
0 0.8703422546386719 0.3324223298292894 0.031119419978215143 0.03117209214430589
0 0.929984973027156 0.4756568761972281 0.025812882643479567 0.02597354008601262
0 0.5480016194857084 0.9132053668682392 0.019162471477801982 0.019228128286508415
0 0.2571904475872333 0.7295452998234675 0.024849671583909255 0.025055078359750602
0 0.12180733680725098 0.16575024678156927 0.025768078290499173 0.025926736684945915
0 0.3389124503502479 0.730202528146597 0.018272840059720553 0.018321404090294473
0 0.44208255180945766 0.9394927391639123 0.02077322739821214 0.020848787747896634
0 0.1354828064258282 0.9362047635591947 0.02129074243398813 0.021112588735727165
0 0.6314984835111178 0.24276663706852838 0.01733222374549279 0.017287070934589092
0 0.5330991744995117 0.34320992689866286 0.022247901329627402 0.022563787607046273
0 0.4196684177105243 0.8161564606886643 0.01821473928598257 0.018157078669621393
0 0.31046353853665865 0.5677321507380559 0.017397091938899115 0.017467498779296875
0 0.32791643876295823 0.8190990594717172 0.016661717341496393 0.01659114544208233
0 0.7988774959857647 0.7765692197359525 0.017389884361853965 0.0172573969914363
0 0.7022640521709735 0.013399055370917687 0.016334680410531852 0.01610631667650663
0 0.2708473205566406 0.8317247537466196 0.02303923093355619 0.02325013967660757
0 0.3868716313288762 0.09948395765744723 0.016715049743652344 0.016792462422297552
0 0.04316079616546631 0.529507563664363 0.021935105323791504 0.022064795860877402
0 0.5020404962392954 0.18581493084247297 0.018135804396409255 0.018084232623760518
0 0.07073172239156869 0.9298034081092248 0.01607221823472243 0.016013512244591348
0 0.5244008577786959 0.1431151536794809 0.01881261972280649 0.01894041208120493
0 0.32554076268122745 0.4107210452740009 0.020665975717397835 0.020516615647536058
0 0.7650282933161809 0.1447641115922194 0.018031487098106973 0.017815296466533955
0 0.02604170487477229 0.9222416510948768 0.017792544685877286 0.01795680706317608
0 0.2121447233053354 0.38726007021390474 0.019548746255727913 0.01994778559758113
0 0.14586281776428223 0.9701893146221454 0.02142678774320162 0.021013700045072116
0 0.1622160398043119 0.5240877224848821 0.020962137442368727 0.02102507077730619
0 0.9821323248056265 0.9795067860529973 0.019298700185922477 0.019568810096153848
0 0.9293804168701172 0.4283598386324369 0.01633321321927584 0.016413762019230768
0 0.1445633448087252 0.9005031585693359 0.018199773935171273 0.01798835167518029
0 0.9762733166034405 0.10218587288489708 0.017095565795898438 0.01746704028202937
0 0.20297963802631086 0.40092769035926235 0.019837709573599007 0.019612972552959736
0 0.9787092942457932 0.8466661893404447 0.01818994375375601 0.018233372614933893
0 0.27400020452646107 0.3436079758864183 0.024341399853046123 0.0244445067185622
0 0.336000185746413 0.5150873477642353 0.014663476210374098 0.0147401369535006
0 0.9251361993642954 0.6274838080772986 0.02304986807016226 0.023209791917067308
0 0.9721813201904297 0.989846449631911 0.01684746375450721 0.01564201941856971
0 0.40755403958834135 0.7010547931377704 0.015030787541316105 0.014646676870492788
0 0.8476776709923377 0.4053535828223595 0.01551055908203125 0.015927974994365986
0 0.05351576438316932 0.08283759997441219 0.020410537719726562 0.020550654484675482
0 0.46839200533353365 0.9581215198223407 0.01666993361253005 0.01659363966721755
0 0.4791314418499286 0.699034177339994 0.017263192396897536 0.017014723557692308
0 0.38159971970778245 0.6115896518413837 0.015929515545184795 0.016121937678410456
0 0.28779110541710484 0.7769211989182693 0.015467056861290565 0.01525101294884315
0 0.8280243506798377 0.9624099731445312 0.016428140493539665 0.016228455763596755
0 0.553742738870474 0.28749983127300555 0.01582497816819411 0.01572755666879507
0 0.8073456837580755 0.5989634073697604 0.01796869131234976 0.01816280071551983
0 0.11334582475515512 0.9897208580603967 0.015561507298396183 0.015059837928185096
0 0.441066521864671 0.538521986741286 0.014049823467548076 0.013968100914588341
0 0.5579724678626428 0.9638077662541316 0.021225122305063102 0.021228496844951924
0 0.05647560266348032 0.5927667617797852 0.014238999440119816 0.014190967266376201
0 0.26053157219519985 0.1993713562305157 0.02355333474966196 0.023885506850022536
0 0.37786516776451695 0.5504456300001878 0.01601725358229417 0.01595922616811899
0 0.869471916785607 0.7529888153076172 0.0156707763671875 0.0156863285945012
0 0.23545329387371355 0.9548366253192608 0.020055147317739632 0.020017183743990384
0 0.9067729069636419 0.6917402560894306 0.015112656813401442 0.015158433180588942
0 0.3711245243365948 0.4662324098440317 0.014533336345966045 0.014701036306527944
0 0.7579044928917518 0.6082993287306565 0.016108292799729567 0.01661858191856971
0 0.8756212821373572 0.40402650833129883 0.018754225510817308 0.018596722529484674
0 0.836823976956881 0.0069423031348448535 0.020312382624699518 0.012858347250865055
0 0.8370948204627404 0.8261046776404748 0.0175936772273137 0.017548194298377402
0 0.7467642564039964 0.16015436099125788 0.016101250281700723 0.015828829545241136
0 0.2773157449869009 0.9376688737135667 0.01468203617976262 0.014840932992788462
0 0.8423897669865534 0.550415956057035 0.019001887394831732 0.01887673598069411
0 0.34197513873760516 0.2991138971768893 0.01446078373835637 0.014286334698016826
0 0.7573063190166767 0.6355223288902869 0.014566861666165866 0.014557618361253005
0 0.7674981630765475 0.9585884534395658 0.014862060546875 0.014599286592923678
0 0.10226695354168232 0.901712050804725 0.014223062075101413 0.014115113478440505
0 0.9857899592472956 0.11661254442655124 0.014657534085787259 0.021327862372765176
0 0.2851730126600999 0.5562617228581355 0.013880362877478966 0.013592940110426683
0 0.5685809942392203 0.279841973231389 0.01779350867638221 0.017966600564809945
0 0.20313215255737305 0.9880148080679086 0.017491744114802435 0.01654639610877404
