0 0.6565227508544922 0.04440063696641188 0.08039415799654447 0.07953453063964844
0 0.7767860706035907 0.21966167596670297 0.07767457228440505 0.07789457761324368
0 0.5122021161592923 0.8019588177020733 0.0608982673058143 0.06094066913311298
0 0.6342683205237756 0.16222178019010103 0.0701763446514423 0.07007587873018704
0 0.5169787773719201 0.6091046700110803 0.053981927724984974 0.053625840407151446
0 0.7391264988825872 0.35511383643517125 0.054663438063401446 0.055244812598595254
0 0.2548274260300856 0.27974990698007435 0.04805447505070613 0.04788765540489784
0 0.2713925104874831 0.12030104490426871 0.21684965720543495 0.2265772819519043
0 0.6690733249370868 0.11036524405846229 0.061682481032151446 0.06110983628493089
0 0.2717903027167687 0.7418353740985577 0.07528572816115159 0.07558646568885216
0 0.7268104553222656 0.6111832031836877 0.031904367300180286 0.03168289478008564
0 0.7240767845740685 0.7611138270451472 0.061082693246694714 0.06143041757436899
0 0.7866681905893179 0.9257513192983774 0.032348339374248795 0.032459259033203125
0 0.413722405066857 0.33936617924616885 0.025100267850435697 0.025191380427433893
0 0.8110665541428786 0.5576200485229492 0.0638577387883113 0.08395018944373497
0 0.3785245601947491 0.7252760667067307 0.045309213491586536 0.04523174579326923
0 0.283198540027325 0.5067680799044095 0.0251770753126878 0.02514516390286959
0 0.5395948703472431 0.7668882516714243 0.03563631497896635 0.03581091073843149
0 0.41098495630117565 0.11935839286217323 0.05546914614163912 0.05513682732215294
0 0.3926192063551683 0.30832921541654146 0.03754498408390926 0.038022554837740384
0 0.4144648772019606 0.7510141959557166 0.03158114506648137 0.03168414189265324
0 0.27803417352529675 0.6689497874333308 0.022959782527043268 0.022478837233323317
0 0.5886079348050631 0.8979914738581731 0.3141215397761418 0.20136671799879807
0 0.6155570103571966 0.5601014724144568 0.024444726797250602 0.024386479304387018
0 0.3128780951866737 0.29403725037207973 0.028336616662832406 0.02847895255455604
0 0.4423374762901893 0.4639989412747897 0.09886726966271034 0.09815260080190805
0 0.2489144618694599 0.6111017007094163 0.02005459712101863 0.020006986764761116
0 0.5404544243445764 0.08569855873401348 0.03170688335712139 0.03201756110558143
0 0.5564810312711276 0.5446884448711689 0.0196073238666241 0.019512029794546273
0 0.242876071196336 0.07399191306187557 0.023917528299184945 0.02406767698434683
0 0.7435962970440204 0.43088436126708984 0.03319285466120793 0.03327457721416767
0 0.5578674169687124 0.10849670263437125 0.03009377993070162 0.029976551349346455
0 0.6643063471867487 0.6796765694251428 0.025161156287560098 0.025226006141075723
0 0.29143054668719953 0.6170752598689153 0.029003656827486478 0.028585140521709736
0 0.45456453470083386 0.6614418029785156 0.03511531536395733 0.03563484778771034
0 0.3731291110698993 0.4137076964745155 0.04337765620304988 0.04367395547720102
0 0.5741767883300781 0.46931934356689453 0.022005227895883415 0.02199385716364934
0 0.25586047539344203 0.0950244848544781 0.027744146493765023 0.027327555876511794
0 0.48279747596153844 0.7597507330087515 0.027285209068885215 0.02701847369854267
0 0.41489076614379883 0.8041709019587591 0.027444986196664665 0.02800134512094351
0 0.6973160230196439 0.6611157930814303 0.026536061213566706 0.026549412653996393
0 0.7176969234759991 0.5531711578369141 0.02235867426945613 0.022511702317457933
0 0.7907887972318209 0.593513928926908 0.022466219388521634 0.022627903864933893
0 0.27738451957702637 0.11166877929980938 0.029071551102858324 0.02908466412470891
0 0.5674915680518517 0.749999266404372 0.030542373657226562 0.030880854679987982
0 0.6260407521174505 0.5075605832613431 0.020736107459435098 0.02045440673828125
0 0.49880420244657075 0.7360905867356521 0.03067493438720703 0.030360001784104567
0 0.24450256274296686 0.24257788291344276 0.037204045515794024 0.03719733311579777
0 0.7202089749849759 0.41585812201866734 0.03199445284329928 0.032178438626802884
0 0.6516998731173002 0.2219515213599572 0.01717992929311899 0.017193427452674277
0 0.6412737919734075 0.7188567381638747 0.019948812631460335 0.02007161653958834
0 0.5488269512469952 0.3326747967646672 0.050272428072415866 0.05000517918513371
0 0.2064211185161884 0.26004725236159104 0.021878462571364183 0.021811705369215745
0 0.18686595329871544 0.2381894405071552 0.019042161794809196 0.018560152787428636
0 0.42166467813345104 0.6468375279353216 0.046877494225135215 0.04712999784029447
0 0.7728559053861178 0.26911288041334885 0.03341234647310697 0.033937894381009616
0 0.6250158456655649 0.3171060268695538 0.03543710708618164 0.03525601900540865
0 0.4705979273869441 0.1422631282072801 0.01595145005446214 0.015877998792208158
0 0.4352270273061899 0.8891309591440054 0.015559563269981971 0.015832167405348558
0 0.46258970407339245 0.8154722360464243 0.03479297344501202 0.03501451932466947
0 0.4647793403038612 0.7114590864915115 0.04438987145057091 0.04395793034480168
0 0.5093856224646935 0.02088894981604356 0.036088796762319714 0.035470774540534385
0 0.250653468645536 0.4679518479567308 0.016141267923208382 0.016124725341796875
0 0.5410718551048865 0.5429928852961614 0.016839027404785156 0.017182423518254206
0 0.5157495278578538 0.0761560843541072 0.021129094637357272 0.02110717846797063
0 0.3612553523137019 0.6966571807861328 0.01590251922607422 0.015937071580153245
0 0.3769871638371394 0.27902885583730846 0.014799411480243389 0.014930505018967848
0 0.5178651076096755 0.3724109943096454 0.014951119056114784 0.014693186833308293
0 0.25103103197537935 0.6315338428203876 0.021750706892747145 0.022195082444411058
0 0.6520011608417218 0.42117991814246547 0.05492342435396635 0.05333768404447115
0 0.6389855604905349 0.19422619159405047 0.03908039973332332 0.039547039912297174
0 0.8124920038076547 0.3548530431894156 0.020374444814828727 0.020557256845327523
0 0.19988199380727914 0.06681710481643677 0.014876108903151292 0.015228629112243652
0 0.7644685598520132 0.41729215475229114 0.014440976656400241 0.014128758357121395
0 0.18993179614727312 0.4009268100445087 0.03047334230863131 0.030053358811598558
0 0.6931293927706205 0.6821481264554538 0.017940227801983174 0.01801300048828125
0 0.4859371552100548 0.6829696068396935 0.023865553048940804 0.023988870474008415
0 0.7182151354276217 0.5835285186767578 0.014874825110802284 0.014718715961162861
0 0.46579610384427583 0.5913055860079252 0.021329292884239785 0.02138035113994892
0 0.7412041150606595 0.7960712726299579 0.05566538297213041 0.05525985130896935
0 0.6669797897338867 0.32798466315636265 0.03229111891526442 0.03265784336970402
0 0.6655248495248648 0.7194874836848333 0.022350604717548076 0.022506273709810697
0 0.45828954990093523 0.7928842397836539 0.02372602316049429 0.024563422569861777
0 0.5481080642113318 0.5101726972139798 0.015351148752065806 0.015495593731219951
0 0.3946358607365535 0.627937390254094 0.02677770761343149 0.026883785541240986
0 0.34217416323148286 0.22936850327711839 0.01450362572303185 0.01482086915236253
0 0.5217543748708872 0.6780719757080078 0.019397148719200723 0.01879090529221755
0 0.23982722942645734 0.9557543534498948 0.03740824185884916 0.037443894606370196
0 0.28604745864868164 0.23413432561434233 0.020496625166672926 0.02060728806715745
0 0.18949044667757475 0.4525342354407677 0.014503222245436449 0.014573610745943509
0 0.33484447919405425 0.20221919279832107 0.019542987530048076 0.019493616544283353
0 0.34746859623835635 0.07945360587193416 0.03548438732440655 0.03610044259291429
0 0.2703226713033823 0.14059306108034575 0.18044614791870117 0.17510243562551644
0 0.3941968037531926 0.2085141402024489 0.018987508920522835 0.018752098083496094
0 0.22918818547175482 0.4668014966524564 0.016342529883751504 0.016433275662935697
0 0.5312771797180176 0.30705840771014875 0.0488280516404372 0.04838870121882512
0 0.43750880314753604 0.5052407338069036 0.026566725510817308 0.026425655071551982
0 0.5169430512648362 0.23461545430696928 0.03415481860821064 0.03350404592660757
0 0.47869689647968 0.12345220492436336 0.03219457773061899 0.03207738582904522
0 0.5611725953909067 0.6691064100999099 0.01981493142934946 0.019808549147385817
0 0.2578079883868878 0.8563169332650992 0.04458918938269982 0.04326306856595553
0 0.18930479196401742 0.23954046689547026 0.01972088446983924 0.019434708815354567
0 0.26401340044461763 0.9631962409386268 0.02358216505784255 0.023311321551983174
0 0.2647883892059326 0.6165667313795823 0.022560816544752855 0.022495819972111628
0 0.7168312072753906 0.19185434854947603 0.02789922860952524 0.028456467848557692
0 0.31989064583411586 0.1416027179131141 0.014731553884652944 0.014523854622474084
0 0.762849367581881 0.6465217883770282 0.03434049166165865 0.034990750826322116
0 0.5074203197772686 0.5646927173321064 0.026320530818058893 0.026169556837815505
0 0.5316144869877741 0.6507340944730319 0.03238890721247746 0.03314663813664363
0 0.30470837079561675 0.06549482162182148 0.015042891869178185 0.015088301438551683
0 0.6534406955425556 0.5452768619243915 0.018957138061523438 0.018925006573016826
0 0.2850160231957069 0.44793150975153995 0.02602107708270733 0.026821283193734977
0 0.6278219956618089 0.11164309428288387 0.023633516751802884 0.023543247809776895
0 0.638174790602464 0.6695227989783654 0.025533235990084134 0.025613931509164665
0 0.4790356709406926 0.7328638663658729 0.021098797137920674 0.021416737483097956
0 0.59539244725154 0.67729979294997 0.0190582275390625 0.018611907958984375
0 0.47936006692739636 0.019902525039819572 0.02194947462815505 0.02279628698642437
0 0.7651503636286809 0.014591575815127445 0.03165699885441707 0.02780224497501667
0 0.4320352627680852 0.0908951942737286 0.015287839449368991 0.015622212336613582
0 0.6357879638671875 0.0901418740932758 0.017449305607722357 0.017136830549973708
0 0.2740216621985802 0.6507137005145733 0.014627163226787861 0.014776963454026442
0 0.17357602486243615 0.15797455494220441 0.018064205463115986 0.020143545590914212
0 0.2664848474355844 0.07569812811337985 0.015404187715970553 0.015106659669142503
0 0.6051274813138522 0.053244746648348294 0.020724369929387018 0.02069702515235314
0 0.4202484350938063 0.08254682100736178 0.03177503439096304 0.030943535841428317
0 0.3460210653451773 0.4643043371347281 0.020560191227839544 0.020907842195951022
0 0.27929137303278995 0.86267273242657 0.03258844522329477 0.032552132239708535
0 0.511139282813439 0.33209587977482724 0.014250681950495793 0.01432338127723107
0 0.3199787873488206 0.333439093369704 0.01800698500413161 0.01840077913724459
0 0.5411650584294245 0.6825472024770883 0.0186919432419997 0.01844640878530649
0 0.6450545971210186 0.5695249850933368 0.0285491943359375 0.027476970966045674
0 0.6337884756234976 0.5324267974266639 0.018950535700871393 0.019009883587176982
0 0.5393296388479379 0.44313995654766375 0.01799488067626953 0.017850509056678183
0 0.36971040872427136 0.04521435499191284 0.033873484684870794 0.03413075667161208
0 0.28113587086017316 0.1560036952678974 0.014868076031024639 0.014909459994389461
0 0.3722072014441857 0.3341860771179199 0.07128084622896634 0.07140453045184796
0 0.26830647541926456 0.5946814463688777 0.01965933579664964 0.019795050987830527
0 0.5942100011385404 0.790683599618765 0.03904239947979267 0.03843982403094952
0 0.6365491426908053 0.5702351056612455 0.022913419283353366 0.024380830618051384
0 0.5389610437246469 0.4131152079655574 0.022507300743689902 0.022944083580603965
0 0.8005850865290716 0.7015063212468073 0.014139909010667067 0.014041753915640024
0 0.33087547008807844 0.5195047305180476 0.02565633333646334 0.02580422621506911
0 0.535336604485145 0.653277323796199 0.033335098853478067 0.03242962176983173
0 0.2549854058485765 0.16634699014516977 0.014965570889986478 0.015743842491736777
0 0.6814987476055439 0.4526633115915152 0.02393517127403846 0.024210783151479866
0 0.5684978778545673 0.14006213041452262 0.026475906372070312 0.02754057370699369
0 0.3283205032348633 0.47468090057373047 0.019442631648137018 0.019388785729041465
0 0.5413632759681115 0.6572071955754206 0.025558618398813102 0.025271489070012018
0 0.20921140450697678 0.8560350858248197 0.03882532853346605 0.04021160419170673
0 0.519841560950646 0.2289887208205003 0.020279957697941706 0.01971296163705679
0 0.3535888378436749 0.2063139768747183 0.01945950434758113 0.019833161280705378
0 0.17294975427480844 0.8070055888249323 0.02116247323843149 0.020803451538085938
0 0.36297842172475964 0.2075332494882437 0.03142195481520433 0.03139011676494892
0 0.3432026643019456 0.08431663879981408 0.026044845581054688 0.025161156287560098
0 0.8286537757286658 0.6550570267897385 0.0226748539851262 0.023067327646108773
0 0.36531587747427136 0.212949459369366 0.02010345458984375 0.01955553201528696
0 0.5559367399949294 0.6998158968411959 0.025937740619365986 0.0254055903508113
0 0.6378379234900842 0.7347297668457031 0.015750738290640023 0.015741788423978366
0 0.6147265067467322 0.10021931391495925 0.017957687377929688 0.01824296437777006
0 0.5196365576524001 0.10140523543724647 0.020734420189490683 0.020000494443453275
0 0.7049377881563627 0.4058552521925706 0.023319537823016826 0.02424196096567007
0 0.7048342778132513 0.6886920928955078 0.01568001967210036 0.015963627741887018
0 0.8259727771465595 0.7654402806208684 0.01442718505859375 0.01449115459735577
0 0.6087066943828876 0.21197981100815994 0.04184986994816707 0.04082896159245418
0 0.2733466075016902 0.3442572080172025 0.03274257366473858 0.03330318744365986
0 0.4798921805161696 0.04013456748082088 0.017193354093111478 0.017105542696439303
0 0.30547257570120007 0.8646151469304011 0.030346760383019082 0.030381129338191107
0 0.4555711012620192 0.696168459378756 0.025753534757173978 0.026907700758713942
0 0.1626857060652513 0.9569439521202674 0.027295002570519082 0.03130634014423077
0 0.297847344325139 0.36847862830528844 0.0715952653151292 0.07007745596078727
0 0.6810582967904898 0.7338801163893479 0.020370630117563102 0.02054258493276743
0 0.2850361237159142 0.45177364349365234 0.019698253044715293 0.019605049720177285
0 0.45767120214609 0.7238302964430589 0.02573871612548828 0.025484525240384616
0 0.2151488340817965 0.1787265264070951 0.013060973240778996 0.013174203725961538
0 0.6153145570021409 0.7033327542818509 0.026036629310021035 0.02558282705453726
0 0.6407973216130183 0.5705137986403245 0.026867793156550482 0.026573327871469352
0 0.801521741426908 0.2631370104276217 0.018674410306490384 0.01951298346886268
0 0.5174774756798377 0.23114879314716047 0.02640225337101863 0.027096381554236777
0 0.5116885258601263 0.7517461043137771 0.025973099928635817 0.025444764357346755
0 0.17003261126004732 0.8076067704420823 0.017813682556152344 0.01813052250788762
0 0.2645320158738356 0.11397127004770133 0.0805981709406926 0.07548152941923875
0 0.2034739347604605 0.8444479428804837 0.026466222909780648 0.0264895512507512
0 0.6966621692364032 0.6846906221829928 0.01859620901254507 0.019184112548828125
0 0.6840465985811673 0.7008513670701247 0.022065382737379808 0.022065236018254206
0 0.18599532200739935 0.06200207196749174 0.014830479255089393 0.015165255619929386
0 0.28536853423485387 0.444980841416579 0.03162226310143104 0.030144618107722357
0 0.7238476092998798 0.518511698796199 0.014387277456430288 0.014557324923001803
0 0.541842533991887 0.4134379166823167 0.027149713956392728 0.026679552518404447
0 0.8015075096717248 0.8145159207857572 0.015149336594801683 0.01523296649639423
0 0.23282656302818885 0.9549619234525241 0.034441581139197715 0.03487190833458534
0 0.7037736452542819 0.21846936299250677 0.01450054462139423 0.014592610872708835
0 0.8082017164963943 0.9516654381385217 0.014190380389873799 0.014312303983248197
0 0.45913960383488583 0.028514981269836426 0.018036475548377402 0.017975367032564603
