0 0.6679005256065955 0.1242912824337299 0.03401858990009014 0.03382427875812237
0 0.4240738061758188 0.8659403874323919 0.026563497690054085 0.02681585458608774
0 0.4897926037128155 0.16742051564730132 0.020239976736215446 0.020105655376727764
0 0.47774986120370716 0.3937940230736366 0.016199478736290567 0.016513310945951022
0 0.5703633014972394 0.02264187427667471 0.01683778029221755 0.01669769103710468
0 0.6770745790921725 0.05483455841357891 0.016496805044320915 0.016200689169076774
0 0.30884515322171724 0.9468708038330078 0.016567817101111777 0.016858907846304085
0 0.6720488621638372 0.02897395995947031 0.019280066856971152 0.019663187173696663
0 0.37013640770545375 0.22247853645911583 0.020722022423377402 0.020655485299917366
0 0.43581082270695615 0.6290280268742487 0.015526111309344951 0.01550586407001202
0 0.4318401263310359 0.8206807650052584 0.019879634563739482 0.020146590012770433
0 0.7193197837242713 0.23104018431443435 0.01587192828838642 0.016168997837946966
0 0.662384033203125 0.08516462032611553 0.07695740919846755 0.07698737657987155
0 0.7323422065147986 0.3614180638239934 0.014801318828876201 0.015402793884277344
0 0.7213723109318659 0.5889195295480582 0.03932483379657452 0.04995463444636418
0 0.7096363947941706 0.059453450716458835 0.014777403611403245 0.015003717862642728
0 0.6384779123159555 0.757172364455003 0.014644916240985576 0.014426598182091346
0 0.34722606952373797 0.4497805742117075 0.014393879817082332 0.014379061185396634
0 0.5367339207575872 0.19709007556621844 0.08114374600923978 0.07966268979586087
0 0.4761659915630634 0.8096947303185096 0.03886090792142428 0.03883068378155048
0 0.5732206931480994 0.14485639792222244 0.04965884868915264 0.049673850719745345
0 0.3877760080190805 0.5844583144554725 0.017365235548753005 0.017410791837252103
0 0.5995662395770733 0.12256336212158203 0.04634431692270132 0.04613172090970553
