0 0.5462413934560922 0.48227163461538464 0.19832449692946214 0.20186013441819411
0 0.38777901576115537 0.7826686272254357 0.12556985708383414 0.12539834242600661
0 0.18899825903085563 0.600516099196214 0.04511194962721605 0.045531199528620794
0 0.6454902062049279 0.055807801393362194 0.035386892465444714 0.03523094837482159
0 0.8490800123948318 0.6793589958777795 0.05980829092172476 0.059921558086688705
0 0.5341042005098783 0.18846500836885893 0.04512295356163612 0.044520084674541764
0 0.45181729243351865 0.2837547155526968 0.048549798818734974 0.04925067608173077
0 0.227965208200308 0.8291402963491586 0.03496536841759315 0.034603118896484375
0 0.23390718606802133 0.7966312995323768 0.048709832704984225 0.048897963303786054
0 0.9293567950908954 0.8776225310105544 0.04227594228891226 0.04192308279184195
0 0.08366208810072678 0.07665513570492084 0.029250254997840293 0.029221140421353854
0 0.3614672880906325 0.5217226468599759 0.031159180861253005 0.03147726792555589
0 0.24486582095806414 0.9480405954214243 0.02987524179311899 0.029759920560396634
0 0.961427248441256 0.20068572117732122 0.0370941162109375 0.03688885615422176
0 0.4404358130234938 0.7994584303635818 0.027733435997596152 0.02810845008263221
0 0.29264079607450044 0.7275542479294997 0.0293576167179988 0.029395470252403848
0 0.8304916528555063 0.6250487841092623 0.055626942561222956 0.05537223815917969
0 0.18636501752413237 0.833108168381911 0.03076318594125601 0.03090697068434495
0 0.15718124463008 0.6970846469585712 0.040592193603515625 0.04091101426344652
0 0.28398462442251354 0.4720468521118164 0.02548386500431941 0.025595664978027344
0 0.8580448444073017 0.5630808610182542 0.02072275601900541 0.020816949697641227
0 0.6348124284010667 0.6485302264873798 0.03257281963641827 0.03252469576322115
0 0.3508353600135216 0.7404382412250226 0.017059472891000602 0.01699550335223858
0 0.1970090499291053 0.19717946419349083 0.0357518562903771 0.0358271232018104
0 0.7518247457650992 0.5108400491567758 0.019177363469050482 0.0193173335148738
0 0.07739844689002404 0.6244235405555139 0.03260062291071965 0.03304378802959736
0 0.760251338665302 0.47018887446476865 0.030888924231896035 0.03083170377291166
0 0.6745856358454778 0.4063209386972281 0.03635274446927584 0.036566000718336836
0 0.22177997002234826 0.8498805119441106 0.021337509155273438 0.021168342003455527
0 0.3235652996943547 0.8854914445143479 0.030750494736891527 0.030701710627629206
0 0.07870506323300876 0.8883694868821365 0.01741326772249662 0.01721616891714243
0 0.4385914435753456 0.772514269902156 0.025600580068734977 0.02535379849947416
0 0.7244429955115685 0.442720706646259 0.02162023691030649 0.021615908696101263
0 0.3444841825045072 0.24679668133075422 0.03407727755033053 0.033734651712270886
0 0.9223961463341346 0.18756983830378607 0.03516446627103365 0.03528250180757963
0 0.27583358838008 0.3463209592379056 0.034638514885535605 0.03482525165264423
0 0.7432083716759315 0.16985308206998384 0.029208550086388223 0.02974389149592473
0 0.608981572664701 0.7334448007436899 0.026455805851862982 0.026684687687800482
0 0.4844222435584435 0.03274127382498521 0.033134827247032754 0.033265375174008883
0 0.7454719543457031 0.3278806026165302 0.016374734731820915 0.016184513385479268
0 0.23262493426983172 0.9200461460993841 0.01934337615966797 0.01970819326547476
0 0.6378213442288913 0.1480124180133526 0.017925849327674277 0.017703496492826022
0 0.8257727256188025 0.19916450060330904 0.038715509267953724 0.03822139593271109
0 0.040795014454768255 0.31214138177724987 0.027492990860572226 0.027604323167067308
0 0.1252209498332097 0.5215179736797626 0.022246929315420296 0.022364983191856973
0 0.915559328519381 0.2360533200777494 0.032479506272536054 0.032245709345890924
0 0.27043925798856294 0.19407503421490008 0.01710165463961088 0.017285713782677285
0 0.5951552024254432 0.3482208618750939 0.0414885007418119 0.04079246520996094
0 0.7091787778414212 0.371642883007343 0.016903070303109977 0.01685634026160607
0 0.8136992087730994 0.6665537173931415 0.015435145451472355 0.015634683462289665
0 0.1314949347422673 0.5697154998779297 0.02618542084327111 0.026807344876802884
0 0.2753599423628587 0.5882492799025315 0.01877135496873122 0.018480741060697116
0 0.6175647882314829 0.605977095090426 0.03384091303898738 0.033922562232384317
0 0.24381505526029146 0.22672480803269607 0.030779325045072116 0.03076659716092623
0 0.33420848846435547 0.6937148754413311 0.015783163217397835 0.015482095571664663
0 0.4344230064978966 0.15806702467111441 0.023429210369403545 0.023512913630558893
0 0.9050693511962891 0.5149287443894607 0.023030794583834134 0.023650536170372598
0 0.18880396622877854 0.43015663440410906 0.024819154005784255 0.02512359619140625
0 0.1548323814685528 0.054741309239314154 0.04264160302969126 0.04111543068519005
0 0.6813484338613657 0.11782679191002479 0.0362701416015625 0.03654182874239408
0 0.15176743727463943 0.5631063901461087 0.022353575779841497 0.022590123690091647
0 0.4413296992962177 0.017814576625823975 0.016427260178786058 0.01651581434103159
0 0.24775486726027268 0.4689624492938702 0.03521567124586839 0.035660083477313705
0 0.14149242181044358 0.6197386521559495 0.016493980701153096 0.016392084268423226
0 0.8558089182927058 0.4524958683894231 0.032561228825495794 0.03251515902005709
0 0.8908373025747446 0.7644198491023138 0.015427516056941105 0.015441307654747596
0 0.5793884717501127 0.5898828873267541 0.04156171358548678 0.04149062816913311
0 0.14556547311636117 0.45432428213266224 0.02828062497652494 0.029250511756310098
0 0.2650506313030536 0.5387038817772498 0.025622991415170524 0.025627503028282754
0 0.34130261494563174 0.28235164055457485 0.018894709073580228 0.019060795123760518
0 0.15188097953796387 0.3394912573007437 0.02569411351130559 0.026326986459585335
0 0.8358296614426833 0.09392769520099346 0.0422515869140625 0.0424651732811561
0 0.14863060070918158 0.05340661910864023 0.03158661035391001 0.03265118598937988
0 0.46886972280649036 0.0568117224253141 0.026140653170072116 0.026033832476689264
0 0.7970101283146784 0.3255425966702975 0.05646808330829327 0.056567687254685625
0 0.2577639726492075 0.4480341397798978 0.02002121851994441 0.019535945012019232
0 0.39054004962627703 0.010991566456281222 0.04128580826979417 0.02053887568987333
0 0.30664669550382173 0.3253613251906175 0.01506339586698092 0.015057196983924279
0 0.9218909923846905 0.25432799412653995 0.02660399216871995 0.027383877680851862
0 0.23520620052631086 0.6371946334838867 0.04508055173433744 0.044410412128155045
0 0.13219294181236854 0.5727423521188589 0.030845770469078652 0.0305025394146259
0 0.8666983384352464 0.09239898278163029 0.014603541447566105 0.014490200923039364
0 0.15121455375964826 0.22881542719327486 0.0368805115039532 0.0379945314847506
0 0.7854464604304388 0.23639733974750227 0.015828059269831732 0.015856376061072715
0 0.8925496614896334 0.6947372143085186 0.023868707510141227 0.0237274169921875
0 0.7377283389751728 0.31426048278808594 0.01398174579326923 0.014201989540686974
0 0.6789160508375901 0.431189096890963 0.04298488910381611 0.04242625603309044
0 0.6230215659508338 0.19873244945819563 0.015224016629732572 0.01518557621882512
0 0.2698286496675931 0.21361512404221755 0.01670698019174429 0.016877211057222806
0 0.6817661432119516 0.36754780549269456 0.023897464458759014 0.023916317866398737
0 0.9742591564471905 0.9559869032639724 0.019876920259915866 0.03265586266150841
0 0.21897070224468523 0.6161499757033128 0.01658043494591346 0.016592025756835938
0 0.7645683288574219 0.5605531839224008 0.016644111046424277 0.01667484870323768
0 0.5081812051626352 0.6571957514836237 0.0261229735154372 0.02585601806640625
0 0.17267848895146296 0.25098870350764346 0.02980199226966271 0.030559833233173076
0 0.258967949793889 0.10043018597822922 0.01774905278132512 0.017716389435988206
0 0.1004489751962515 0.303783838565533 0.0196378414447491 0.019509205451378457
0 0.6113035495464618 0.5678080778855544 0.024378849909855768 0.023885140052208535
0 0.7927706791804388 0.21540374022263747 0.03119967533991887 0.0314631095299354
0 0.15174989516918475 0.8738935910738431 0.014803171157836914 0.014591510479266826
0 0.05911568036446205 0.5507761515103854 0.024236138050372783 0.024657469529371995
0 0.46094666994535005 0.4216424501859225 0.02146632854755108 0.021574900700495794
0 0.3118242850670448 0.5565271744361291 0.023278309748722956 0.02419251662034255
0 0.4367081568791316 0.6924332838792068 0.01430980975811298 0.014461077176607572
0 0.1549065846663255 0.9388619936429538 0.02378698495718149 0.02377466055063101
0 0.268343632037823 0.5401752178485577 0.032038101783165567 0.0313873291015625
0 0.5122575759887695 0.3815738237821139 0.031221609849196214 0.03162596775935246
0 0.1867070198059082 0.861966059758113 0.03208835308368389 0.03235024672288161
0 0.0862792913730328 0.33098928744976336 0.020183049715482272 0.020958093496469352
0 0.03916737207999596 0.40000776144174427 0.019158207453214206 0.020019971407376803
0 0.7969826918381911 0.253018672649677 0.020589388333834134 0.02072752439058744
0 0.07924826328571026 0.560000492976262 0.02354214283136221 0.023971117459810697
0 0.0909578616802509 0.4434172556950496 0.02328830498915452 0.023396125206580527
0 0.8006324768066406 0.25166531709524304 0.030343275803786058 0.030188670525184043
0 0.041775960188645586 0.1887202996474046 0.028354800664461575 0.02838413531963642
0 0.5000737263606145 0.6195181333101712 0.020481989933894232 0.020817646613487832
0 0.04231428641539354 0.40073530490581805 0.023351476742671087 0.02380481133094201
0 0.20213772700383112 0.16217655401963454 0.032555653498722956 0.03308919759897085
