0 0.21703661405123198 0.32310144717876726 0.07186618218055138 0.07217121124267578
0 0.3831709348238431 0.6456948793851413 0.06246053255521334 0.06285960857684796
0 0.7381558051476111 0.3486061096191406 0.04818520179161659 0.04809144827035757
0 0.6006644322321966 0.4056010613074669 0.07126544072077824 0.07094808725210336
0 0.7836669041560247 0.16692935503446138 0.055320446307842545 0.05513954162597656
0 0.3099040251511794 0.2113163838019738 0.03928391750042255 0.03923496833214393
0 0.7262329688439002 0.6984862547654372 0.05409651536207933 0.05415417597844051
0 0.14799637060899 0.36179766288170445 0.059729356032151446 0.06005573272705078
0 0.8320158444918119 0.06581562298994797 0.0948330805851863 0.09481131113492526
0 0.8245223118708684 0.7514723997849685 0.034227811373197116 0.033992620614858776
0 0.7362162516667292 0.30679508355947643 0.04196915259728065 0.04187503227820763
0 0.8639034858116736 0.4889521598815918 0.04345996563251202 0.048615602346567005
0 0.787135491004357 0.9494342803955078 0.037264310396634616 0.03782331026517428
0 0.4419540258554312 0.33014814670269305 0.033660888671875 0.0340427985558143
0 0.7431363325852615 0.897128178523137 0.03240629342886118 0.03287315368652344
0 0.8589370434100811 0.29044846388009876 0.04172985370342548 0.04190551317655123
0 0.27901315689086914 0.05109660442058857 0.025408194615290716 0.0255532471033243
0 0.4127367459810697 0.6925914470966046 0.026993531447190505 0.027065570537860576
0 0.1289325218934279 0.13175775454594538 0.01999521255493164 0.020605197319617637
0 0.6698978130634015 0.8883658189039964 0.020462916447566107 0.020253694974459134
0 0.22439259749192458 0.6571457936213567 0.03529225862943209 0.035671234130859375
0 0.3105266277606671 0.009841187642170833 0.025237010075495794 0.018492336456592266
0 0.6916473095233624 0.2023449677687425 0.05284324059119591 0.052721537076509915
0 0.7759326788095328 0.7132040904118464 0.021516799926757812 0.021693303034855768
0 0.3857085154606746 0.19594164995046762 0.02172719515286959 0.021837527935321514
0 0.14364048150869516 0.5403987444364108 0.059282743013822116 0.0785381610576923
0 0.2619006083561824 0.537887169764592 0.021097843463604268 0.021325038029597357
0 0.8122925391564002 0.6451932466947116 0.047699268047626205 0.047471853402944714
0 0.8022532829871545 0.9283426724947416 0.02725073007436899 0.028262798602764424
0 0.837550163269043 0.5885760233952448 0.035875907311072715 0.03595528235802284
0 0.5315903883713943 0.7656554442185622 0.05965827061579777 0.05927555377666767
0 0.35645679327157825 0.37082096246572643 0.020049315232496995 0.020017183743990384
0 0.23764514923095703 0.09833277188814603 0.01723348177396334 0.017045901371882513
0 0.43395412885225737 0.5394801359910232 0.019483639643742487 0.019842881422776442
0 0.2751182042635404 0.2287141909966102 0.033021706801194414 0.033005054180438705
0 0.8364929786095252 0.7993828700138972 0.020972325251652643 0.021346165583683893
0 0.4917094890887921 0.548006167778602 0.017118307260366585 0.017351517310509317
0 0.7305875924917368 0.4301312519953801 0.017340440016526442 0.01724067101111779
0 0.8579877706674429 0.36767086615929234 0.03316086989182692 0.03319006699782152
0 0.3627047905555138 0.2729171973008376 0.021187562208909255 0.021354271815373346
0 0.46004522763765776 0.6234181477473333 0.015811920166015625 0.015573354867788462
0 0.6487236022949219 0.2504130510183481 0.0265350341796875 0.026645880479079027
0 0.6493684328519381 0.5217280021080604 0.0166317866398738 0.01658014150766226
0 0.32885228670560396 0.3278673612154447 0.020705443162184495 0.020672431358924277
0 0.2744563176081731 0.9195679884690505 0.05181554647592398 0.05192067072941707
0 0.7156903193547175 0.855015387901893 0.018230144794170674 0.018228530883789062
0 0.8198914161095252 0.7863103426419772 0.016649979811448317 0.016575446495643027
0 0.4667836335989145 0.9329167879544772 0.018849299504206732 0.018740433913010817
0 0.6959862342247596 0.5103231576772836 0.016217158390925482 0.016027377201960638
0 0.2046213516822228 0.21325195752657378 0.03338703742394081 0.03294695340670072
0 0.1816242291377141 0.20729365715613732 0.030337113600510817 0.029597135690542366
0 0.21915109340961164 0.423311160160945 0.04724429203913762 0.047066761897160456
0 0.23893301303570086 0.21909134204571062 0.0334923817561223 0.03301664499136118
0 0.7171033712533804 0.5462233470036433 0.014664870042067308 0.014747326190655049
0 0.4204100095308744 0.9109725952148438 0.01646731450007512 0.016523214486929085
0 0.8670929395235502 0.5886622942410983 0.022851943969726562 0.022976215069110576
0 0.549741084759052 0.6816394512469952 0.155362789447491 0.15662985581618089
0 0.15266985159653884 0.9711669041560247 0.07933392891517052 0.05595104510967548
0 0.1418657394555899 0.09689578643211952 0.015566220650306115 0.015534731057974009
0 0.838165283203125 0.7225663111760066 0.021977644700270433 0.02185792189378005
0 0.7965272756723257 0.8388422452486478 0.01676764855018029 0.016810050377478965
0 0.7395450151883639 0.5273073636568509 0.015129529512845553 0.015115591195913462
0 0.6142657353327825 0.4966465876652644 0.0155335939847506 0.015355917123647837
0 0.7580262697660006 0.2568082809448242 0.015839796799879808 0.01582681215726412
0 0.31740349989670974 0.23808769079355094 0.016635821415827826 0.01676148634690505
0 0.7922901740440955 0.7061858543982873 0.015734452467698317 0.015295762282151442
0 0.6833782196044922 0.26931238174438477 0.015527871938852163 0.015580250666691707
0 0.2759258930499737 0.47291139455942005 0.016036547147310697 0.01605708782489483
0 0.3757957678574782 0.7561427629910983 0.015045972970815806 0.015249545757587139
0 0.3645751659686749 0.2216483996464656 0.018526517427884616 0.018792005685659554
0 0.1619698451115535 0.030408549767274123 0.014580213106595553 0.014652128403003398
0 0.6817729656512921 0.47095892979548526 0.014291029710036058 0.014312450702373799
0 0.393034238081712 0.34923685514009917 0.01648411383995643 0.016354487492487982
0 0.1997224184182974 0.46289862119234526 0.020775208106407754 0.020942247830904447
0 0.8531676072340745 0.3485007652869591 0.014937914334810697 0.014551162719726562
0 0.6032615808340219 0.2263498489673321 0.0232085448044997 0.023532280555138223
0 0.4227917010967548 0.4042056157038762 0.014706024756798377 0.014495409451998197
0 0.7763284536508414 0.5237831335801345 0.014573023869441105 0.01457823239839994
0 0.3535694709190956 0.35372110513540417 0.015271406907301683 0.015348581167367788
0 0.6743516188401443 0.24045133590698242 0.023155945997971755 0.023413548102745645
0 0.36884194154005784 0.22491876895611101 0.022880040682279147 0.022485733032226562
0 0.7160549163818359 0.5168912594134991 0.014587989220252404 0.014705804678109976
0 0.593531425182636 0.1181344252366286 0.017661534822904147 0.01766692675076998
0 0.1999790118290828 0.9609093299278846 0.01519947785597581 0.015325106107271634
0 0.8408794403076172 0.8130462353046124 0.015609154334435096 0.015649061936598558
0 0.5858370707585261 0.6529681865985577 0.026080204890324518 0.026522709773137018
0 0.8165818727933444 0.4484230188223032 0.016373854417067308 0.016390873835637018
0 0.1678625987126277 0.4130091300377479 0.03406129433558537 0.03450731130746695
0 0.6248312730055589 0.842742919921875 0.021602630615234375 0.02169212928185096
0 0.8529118757981521 0.10437730642465445 0.031255135169396035 0.030791576092059795
0 0.7758612999549279 0.4781455993652344 0.01421649639423077 0.014611610999474159
0 0.8104239243727464 0.13754073473123404 0.01856378408578726 0.01894076053912823
0 0.3358752910907452 0.3750072992764987 0.015806198120117188 0.015455392690805288
0 0.32904793665959287 0.9908912365253155 0.02366183354304387 0.015637617844801683
0 0.13120794296264648 0.44310577099139875 0.030635320223294772 0.04415115943321815
0 0.6435728806715745 0.41824450859656703 0.020143655630258415 0.020023492666391227
0 0.7971700521615835 0.9385397984431341 0.031144068791316107 0.041777390700120196
0 0.14654727165515608 0.20341972204355094 0.03023109069237342 0.030718436607947715
0 0.38210333310640776 0.9186018430269681 0.02228846916785607 0.022776090181790866
0 0.28865548280569225 0.6230393923245944 0.015314909128042368 0.015238248384915866
0 0.5241229717548077 0.5917885853694036 0.014187225928673377 0.014124503502478966
0 0.40309711603017956 0.5795069107642541 0.03376161135160006 0.03453760880690355
0 0.17490267753601074 0.18347611794104943 0.030881991753211387 0.029940165006197415
0 0.5806255340576172 0.1519548067679772 0.02725073007436899 0.027116830532367412
0 0.17447904440072867 0.48810144571157604 0.04367201144878681 0.043768882751464844
0 0.6674317580003005 0.38761109572190505 0.02886376014122596 0.029109954833984375
0 0.5196315325223483 0.8756225292499249 0.014368203970102163 0.01432037353515625
0 0.3948355454664964 0.42153648229745716 0.01582446465125451 0.0159912842970628
0 0.793811137859638 0.40595131654005784 0.014047475961538462 0.014158982496995192
0 0.24801411995520958 0.43384438294630784 0.014574711139385518 0.014417354877178486
0 0.4637137192946214 0.9681597489577073 0.06050447317270132 0.056115370530348554
