0 0.7416205772986779 0.6368871101966271 0.15241388174203727 0.15334774897648737
0 0.7694905354426458 0.33191893650935245 0.07789817223182091 0.07756381768446702
0 0.8437354748065655 0.13382728283221906 0.03987591083233173 0.03947169964130108
0 0.198213687309852 0.16666093239417443 0.03113211118257963 0.03117846525632418
0 0.4988521429208609 0.6924949059119592 0.03447774740365835 0.034353989821213946
0 0.26949702776395357 0.03866336895869328 0.022475609412560098 0.02259539640866793
0 0.8545353962824895 0.7939634323120117 0.022832723764272835 0.022670158973106973
0 0.11963693912212665 0.1852724368755634 0.019050983282235954 0.019173548771784857
0 0.6276460794302133 0.9450929348285382 0.019896874060997598 0.02009729238656851
0 0.58020753126878 0.9480180740356445 0.01840496063232422 0.018546177790715143
0 0.855185288649339 0.9311954791729267 0.024065164419320915 0.024312532865084134
0 0.47539395552415115 0.7490561558650091 0.01793648646428035 0.01799774169921875
0 0.5443678635817307 0.2752653635465182 0.01661990239070012 0.01656965109018179
0 0.5610151657691369 0.6106425065260667 0.0172730225783128 0.017368023212139424
0 0.879036389864408 0.9675291501558744 0.018133897047776442 0.018120985764723558
0 0.6768047626201923 0.9349635931161734 0.022480597862830527 0.02233710655799279
0 0.22774479939387396 0.24150800704956055 0.016414128817044772 0.0164032349219689
0 0.862549561720628 0.9471957133366511 0.01970643263596755 0.01991404019869291
0 0.4301134256216196 0.8685525013850286 0.01601380568284255 0.015828792865459736
0 0.6392558904794546 0.36064316676213193 0.01575015141413762 0.015674664424015924
0 0.09362248273996207 0.02965923914542565 0.01739634000338041 0.01802676457625169
0 0.328215819138747 0.3907134716327374 0.015719853914701022 0.015981380756084736
0 0.6038254957932693 0.6662448002741888 0.016476557804987982 0.01643958458533654
0 0.6700460727398212 0.9473326756403997 0.018376863919771634 0.018253913292518027
0 0.1846926212310791 0.7164466564471905 0.01525431412916917 0.015267592210036058
0 0.36496569560124326 0.008033849872075595 0.01677241692176232 0.014933911653665395
0 0.7673349380493164 0.24542775520911583 0.014844014094426082 0.014623495248647837
0 0.482578497666579 0.7079189007098858 0.01758120610163762 0.017525892991286058
0 0.8120193481445312 0.850562755878155 0.014875852144681491 0.014990293062650241
0 0.4569110870361328 0.8451909285325271 0.015031961294320913 0.014972099891075721
0 0.8651415017934946 0.9783967825082632 0.014680128831129808 0.014741750863882212
0 0.21059643305264986 0.5737612064068134 0.014573390667255107 0.014478023235614482
0 0.5954184165367713 0.5843239197364221 0.016108586237980768 0.016300201416015625
0 0.8780030470628005 0.4980617669912485 0.014517564039963942 0.014749600337101864
0 0.14992818465599647 0.6200617276705228 0.014693076793964092 0.014688895298884464
0 0.5644175089322604 0.8914215381328876 0.014704410846416768 0.01473529522235577
0 0.6011519065270057 0.26384694759662336 0.015269206120417668 0.015218588022085337
0 0.5655781672551081 0.551373188312237 0.014543680044320913 0.014427625215970553
0 0.18518706468435434 0.6733760833740234 0.014019122490516076 0.013919243445763221
0 0.41845237291776216 0.9457105489877554 0.014768527104304386 0.015025505652794471
0 0.7512333209698017 0.47882666954627406 0.014412219707782451 0.014723410973182091
0 0.5828788097088153 0.5814511959369366 0.015243456913874699 0.015314835768479567
0 0.7418889265794021 0.4675602179307204 0.014213855449969951 0.014270489032451924
0 0.146322461274954 0.1879121890434852 0.0139007751758282 0.014114820040189303
0 0.6466303605299729 0.9918146867018479 0.016123258150540866 0.013868772066556491
0 0.5489395581758939 0.8944778442382812 0.014413833618164062 0.014307462252103366
0 0.7620764512282151 0.08429888578561637 0.014703017014723558 0.014740943908691406
0 0.5872680957500751 0.4212504533620981 0.01392379173865685 0.014144090505746694
0 0.8424381842980018 0.24241034801189715 0.01369006817157452 0.013844930208646335
0 0.3597283730140099 0.4725329692547138 0.01566153306227464 0.015802383422851562
0 0.4851214335514949 0.7093100914588342 0.01872106698843149 0.017505939190204326
0 0.3693697635944073 0.9699853016779973 0.014397547795222355 0.014213121854341947
0 0.589468735914964 0.3844614762526292 0.0145265139066256 0.014351331270658053
0 0.6237336672269381 0.14135026931762695 0.014548375056340145 0.014395952224731445
0 0.5943865776062012 0.1948096935565655 0.014950972336989183 0.014863381019005409
