0 0.33448219299316406 0.6494893294114333 0.21886722858135516 0.2181715965270996
0 0.5682031924907978 0.8700464688814603 0.22267635052020734 0.2168901883638822
0 0.8833750211275541 0.7251376372117263 0.08547342740572415 0.08660301795372596
0 0.431181210737962 0.05483051446767954 0.03839815579927885 0.038712043028611406
0 0.7780744846050556 0.8718591103186975 0.04088020324707031 0.04096089876615084
0 0.16785507935744065 0.04654371738433838 0.03374914022592398 0.03350098087237431
0 0.7687099163348858 0.6723894706139197 0.028533935546875 0.028409957885742188
0 0.7507285338181716 0.809287951542781 0.029416744525615986 0.029532359196589544
0 0.8919773101806641 0.11200528878432053 0.029658684363731973 0.029552129598764274
0 0.8469036542452298 0.846779309786283 0.053006685697115384 0.05317541269155649
0 0.8844900864821214 0.3713078498840332 0.02892934359036959 0.029514019305889424
0 0.746747457064115 0.7137616964486929 0.02934543903057392 0.028994633601262018
0 0.836669921875 0.7390690583449143 0.02815099862905649 0.0283511235163762
0 0.3946869923518254 0.41970065923837513 0.02686280470628005 0.026617783766526442
0 0.7619398557222806 0.8963993512667142 0.025528687697190505 0.025456648606520433
0 0.7839983426607572 0.9161404829758865 0.02201227041391226 0.021845010610727165
0 0.22786701642549956 0.5263301042410043 0.021442413330078125 0.02170584752009465
0 0.7492939875676081 0.9709163078894982 0.027012164776141826 0.026696425217848558
0 0.5059675069955679 0.4770190165593074 0.019232529860276442 0.019205386822040264
0 0.7011005695049579 0.6958483916062576 0.05769817645733173 0.05650197542630709
0 0.7358216505784255 0.02249056788591238 0.021795272827148438 0.021892983179826003
0 0.7822129176213191 0.47161061947162336 0.02362398000863882 0.02356881361741286
0 0.7074535076434796 0.458340938274677 0.023604172926682692 0.02370430872990535
0 0.07437578531411979 0.4772331898029034 0.02049082976121169 0.02053048060490535
0 0.8056693443885217 0.38007626166710484 0.023050601665790264 0.02318572998046875
0 0.14493652490469125 0.44273112370417667 0.023455032935509317 0.023496187650240384
0 0.7471837997436523 0.3882957605215219 0.02454992441030649 0.024802721463716947
0 0.8953409928541917 0.9613615182729868 0.02666928217961238 0.026438492995042067
0 0.6458842937762921 0.6908997755784255 0.033098660982572116 0.03292406522310697
0 0.7834227635310247 0.9415267064021184 0.02628297072190505 0.02608313927283654
0 0.8813878572904147 0.04114180344801683 0.017765925480769232 0.017647392474688016
0 0.8165857608501728 0.9719065152681791 0.019536678607647236 0.01957849355844351
0 0.8815595186673678 0.3214291792649489 0.01832741957444411 0.01835764371431791
0 0.904086186335637 0.9285410367525541 0.021748175987830527 0.021638136643629808
0 0.5770707497229943 0.6155055853036734 0.025205465463491585 0.025011649498572715
0 0.7489964411808894 0.441557370699369 0.0211334228515625 0.021375069251427285
0 0.8316644521859976 0.8081805155827448 0.023968916672926683 0.024401738093449518
0 0.6370356633112981 0.5594318096454327 0.017458402193509616 0.017511661236102764
0 0.553616817180927 0.6846881279578576 0.021525016197791465 0.021641951340895433
0 0.4289400394146259 0.953733884371244 0.0187838627741887 0.018424107478215143
0 0.7609360034649189 0.9348233296320989 0.019333032461313102 0.01915579575758714
0 0.934170649601863 0.37122000180757964 0.01613778334397536 0.016687393188476562
0 0.7409527118389423 0.9857271634615384 0.024088932917668268 0.022333585298978366
0 0.9239102877103366 0.3062908466045673 0.039081426767202526 0.060300973745492786
0 0.6854655926044171 0.7885726048396184 0.022983257587139424 0.02309271005483774
0 0.7698337848369892 0.76220519726093 0.019450261042668268 0.01922299311711238
0 0.9228590451754056 0.4964303236741286 0.022454041701096755 0.02230673569899339
0 0.921295166015625 0.6192007798414964 0.016924638014573317 0.017033760364239033
0 0.7391477731557993 0.8966102600097656 0.02401557335486779 0.023964808537409857
0 0.18588891396155724 0.2736067771911621 0.01984515556922326 0.019925264211801384
0 0.7480141566349909 0.7696241232065054 0.018267411452073317 0.018300863412710335
0 0.9157371520996094 0.7626696366530198 0.025089850792518027 0.0253146244929387
0 0.6289777755737305 0.5186088635371282 0.018487930297851562 0.018056796147273138
0 0.41693878173828125 0.7358944232647235 0.0341943594125601 0.03415811978853666
0 0.578273919912485 0.6639182750995343 0.017021032480093148 0.017003572904146634
0 0.5578231811523438 0.23422679534325233 0.01630577674278846 0.016313736255352315
0 0.5622975642864521 0.42737817764282227 0.02835567180926983 0.02839939410869892
0 0.8965699856097882 0.5157023943387545 0.016701918381911058 0.016809756939227764
0 0.5414810180664062 0.1320200149829571 0.0457151853121244 0.04533191827627329
0 0.060244555656726546 0.3646846184363732 0.01250613652742826 0.016588504497821514
0 0.4574407430795523 0.841374030480018 0.016028624314528245 0.016120323768028848
0 0.7164469498854417 0.30085239043602574 0.017300532414362982 0.017240120814396784
0 0.796844115624061 0.2093669817997859 0.015571300800030049 0.015252480140099159
0 0.7454188420222356 0.9214103405292218 0.015982994666466348 0.015940446120042067
0 0.6615268267118014 0.6772363369281476 0.027013631967397835 0.026938951932466947
0 0.5153642067542443 0.2933460015517015 0.016512063833383415 0.016389113206129808
0 0.12278032302856445 0.6755186227651743 0.026956980045025166 0.027219772338867188
0 0.06846413245567909 0.9128409899198092 0.017094777180598333 0.01691612830528846
0 0.60211365039532 0.5839563883267916 0.023940379802997295 0.024074261005108174
0 0.3826455703148475 0.12939336666694054 0.016239459698016826 0.016042580971351035
0 0.8781210092397836 0.6179535205547626 0.022418682391826924 0.022570389967698317
0 0.1118558278450599 0.8362878652719351 0.01567537967975323 0.01589202880859375
0 0.6696738463181716 0.4754760448749249 0.015594482421875 0.015578783475435697
0 0.4541801305917593 0.7451627437884991 0.015074803278996395 0.015100919283353366
0 0.30144577759962815 0.19566825719980094 0.026805730966421273 0.026682633620042067
0 0.5765208464402419 0.6397254650409405 0.03393114530123197 0.034048814039963946
0 0.569788382603572 0.4408994454603929 0.019768128028282754 0.02039813995361328
0 0.48500479184664214 0.6801853179931641 0.017345281747671273 0.017539097712590143
0 0.6384608928973858 0.05441008622829731 0.015033721923828125 0.015039535669180064
0 0.6383752089280349 0.6292671790489783 0.025261805607722357 0.026055262638972357
0 0.5498689504770132 0.6336678725022536 0.02159456106332632 0.021447108342097357
0 0.7876221583439753 0.956073100750263 0.016757671649639424 0.016661423903245192
0 0.6303678659292368 0.5417855702913724 0.017953139085036058 0.017388050372783955
0 0.9366312760573167 0.7989614926851712 0.013842362623948317 0.020281571608323317
0 0.07118774377382718 0.9712145145122821 0.027016548010019157 0.02738013634314904
0 0.8092648432804987 0.8905310997596154 0.019467573899489183 0.019469627967247598
0 0.9190557920015775 0.2645552891951341 0.048040536733774036 0.058727961320143476
0 0.7766929039588342 0.5660915374755859 0.017710465651292067 0.017560592064490683
0 0.4804086685180664 0.16760782095102164 0.014571263239933895 0.014496436485877404
0 0.06180827434246357 0.3936621592595027 0.01401382226210374 0.01443774883563702
0 0.8962227014394907 0.5847476445711576 0.015562937809870793 0.015507991497333232
0 0.58184447655311 0.5759319892296424 0.01647670452411358 0.016357275155874398
0 0.7815449054424579 0.9790738912729117 0.018492625309870794 0.01900320786696214
0 0.21331093861506537 0.8586748563326322 0.015972284170297477 0.015654343825120192
0 0.20068979263305664 0.4528249227083646 0.014141192803016076 0.014120908883901743
0 0.6795803950383112 0.652892332810622 0.03329203679011418 0.0333247551551232
0 0.904035054720365 0.8434279515193059 0.016632666954627402 0.016962198110727165
0 0.7508785541240985 0.24695334067711464 0.016050192025991585 0.016274305490347054
0 0.9263604971078726 0.524566466991718 0.01808958787184495 0.01779490250807542
0 0.11187623097346379 0.671906251173753 0.02041141803448017 0.02153910123384916
0 0.456569451552171 0.5046626604520358 0.016343336838942308 0.01647494389460637
0 0.610815378335806 0.6252336502075195 0.015373596778282752 0.015795194185697116
0 0.5569479282085712 0.6568071658794696 0.02306226583627554 0.023209351759690505
0 0.8472565137423002 0.2595985119159405 0.015970816979041465 0.015880804795485277
0 0.06083261049710787 0.9916015771719126 0.016800990471473105 0.015601524939903846
0 0.587527165046105 0.6821820185734675 0.016077628502478965 0.016050192025991585
0 0.9370377613947942 0.536655646104079 0.0124208010160006 0.019838259770320013
0 0.19048032393822303 0.8804496618417593 0.013996417705829326 0.01369168208195613
0 0.7366832586435171 0.2538945491497333 0.015832167405348558 0.016130594106820915
0 0.07285225849885207 0.9799828162560096 0.020212971247159518 0.020169624915489785
0 0.8211536407470703 0.4672549321101262 0.017374038696289062 0.01766058114858774
0 0.5044208673330454 0.9397148719200721 0.025826087364783652 0.02581611046424279
0 0.8627313467172476 0.517703313093919 0.013762253981370192 0.013686326833871694
0 0.17990717521080604 0.4974516355074369 0.013452860025259165 0.013647959782527043
0 0.5380807656508225 0.21406753246600813 0.014227647047776442 0.01440275632418119
0 0.1629512493426983 0.6736426720252404 0.021105839655949518 0.021144866943359375
0 0.7014862940861628 0.5540063564593976 0.026865592369666465 0.02653811528132512
0 0.15221386689406174 0.8595485687255859 0.015260146214411808 0.014880840594951924
0 0.6553729130671575 0.5667262444129357 0.018355442927433893 0.018410902756911058
0 0.8203418438251202 0.488069094144381 0.018131109384390023 0.018681086026705228
0 0.588837220118596 0.6307023121760442 0.02620080801156851 0.025993493887094352
0 0.6824089197012094 0.9114533937894381 0.014714754544771634 0.014683356651893029
0 0.25187176924485427 0.24584346551161546 0.01651316422682542 0.016491816594050482
0 0.6794584714449369 0.417262994326078 0.015218734741210938 0.01539002932035006
0 0.36026323758638823 0.09480842260213998 0.01819610595703125 0.018137583365807168
0 0.8809335415179913 0.4323108379657452 0.026662679818960335 0.02704444298377404
0 0.5718782131488507 0.6802412913395808 0.017235975999098558 0.017187852125901442
0 0.15984714948214018 0.597908460176908 0.014137634864220252 0.014143576988807091
0 0.6277264815110427 0.7347954970139724 0.015391716590294471 0.01572594275841346
0 0.8813723050631009 0.4368787912222055 0.021267817570612982 0.020528573256272536
0 0.36701334439791167 0.10456389647263747 0.0151824951171875 0.015253103696382962
0 0.30319833755493164 0.1918770716740535 0.0229642574603741 0.022664216848520134
0 0.6517752133882962 0.5986631099994366 0.015895256629356973 0.015812507042518027
0 0.8324788900522085 0.7128252616295447 0.017247420090895433 0.01715249281663161
0 0.4648114717923678 0.9827257303091196 0.017732620239257812 0.01767877432016226
0 0.4877683932964618 0.573145866394043 0.014284207270695614 0.014175048241248498
0 0.1541416461651142 0.08159782336308406 0.013908716348501353 0.014059855387761043
0 0.09710893264183632 0.3086075049180251 0.013354118053729717 0.01331013899583083
0 0.8149279080904447 0.09344603465153621 0.014661348783052884 0.014551804615901066
0 0.8197689056396484 0.9310421576866736 0.018764495849609375 0.018958458533653848
0 0.6770612276517428 0.7789204670832708 0.01771721473106971 0.01822633009690505
0 0.8575900151179388 0.3794680742117075 0.013981158916766826 0.01384272942176232
0 0.5275435814490685 0.136154083105234 0.018068973834698018 0.017277864309457634
0 0.43942583524263823 0.6934039042546198 0.014210921067457933 0.014092958890474759
0 0.8425654631394607 0.3805729792668269 0.014654012826772837 0.014780191274789663
0 0.7326454749474158 0.27147546181311977 0.01830115685096154 0.018524976877065804
0 0.742491942185622 0.005225472725354708 0.014885535606971154 0.00965782541495103
0 0.6711934896615835 0.5456975790170523 0.014304821307842549 0.014285014225886418
0 0.6562723013070914 0.32269840974074143 0.01342479999248798 0.01340778057391827
0 0.8681140312781701 0.4911851149338942 0.013493171105018029 0.013624778160682091
0 0.7858367333045373 0.23103545262263372 0.014778430645282451 0.014574270982008714
