0 0.5711375383230356 0.1002655579493596 0.09475333874042217 0.09552343075092022
0 0.31682069485004133 0.2950923442840576 0.07384520310621995 0.07415136924156776
0 0.45332072331355167 0.7476062774658203 0.04988714364858774 0.05014126117412861
0 0.3156012021578275 0.9717781360332782 0.05362723423884465 0.05300697913536659
0 0.7012651150043194 0.1659420086787297 0.026078004103440505 0.02617612251868615
0 0.6487418688260592 0.6427757556621845 0.055923168475811295 0.054766288170447715
0 0.5535772030170147 0.466215757223276 0.04883575439453125 0.049109312204214245
0 0.6728131220890925 0.4021096963148851 0.039247952974759616 0.039157794072077826
0 0.5872437770550067 0.3032116706554706 0.025205318744365986 0.025098250462458685
0 0.7288406078632061 0.6675298397357647 0.026031494140625 0.026488230778620794
0 0.6011247268089881 0.6771733944232647 0.05585677807147686 0.05646030719463642
0 0.7009099813608023 0.8696104196401743 0.07046259366548978 0.07093488253079928
0 0.6303300857543945 0.3610532467181866 0.02656731238731971 0.026702880859375
0 0.6248127863957331 0.9814391502967248 0.018625699556790866 0.018735885620117188
0 0.3253189233633188 0.6545425561758188 0.04770587040827824 0.04710740309495192
0 0.2302552003126878 0.6409771259014423 0.02144633806668795 0.022205646221454326
0 0.4632145808293269 0.8002112461970403 0.0195768062884991 0.019696749173677884
0 0.4948891859788161 0.4074432299687312 0.0316009521484375 0.0314171864436223
0 0.6055808434119592 0.19827850048358625 0.018372755784254808 0.017952405489408053
0 0.4209609031677246 0.2871702634371244 0.029345218951885518 0.029030212989220254
0 0.6842820827777569 0.3590092292198768 0.028617125291090745 0.028885327852689303
0 0.3715858459472656 0.9688710432786208 0.028221570528470553 0.02792974618765024
0 0.4871104313777043 0.284694268153264 0.026241009051983174 0.026348407451923076
0 0.6381884354811448 0.5499013020442083 0.02258579547588642 0.022576552170973558
0 0.7427960909329928 0.7562838334303635 0.0182187007023738 0.01812597421499399
0 0.7167287239661584 0.20414961301363432 0.01720575185922476 0.017020372244027946
0 0.7508784807645358 0.6774774698110727 0.02455564645620493 0.0246279789851262
0 0.49168938856858474 0.30267333984375 0.02576417189378005 0.02619193150446965
0 0.7238057943490835 0.5099576803354117 0.044428311861478366 0.04464032099797176
0 0.6998080473679763 0.3401349141047551 0.023287846491887018 0.02312132028432993
0 0.7554148160494291 0.2802729606628418 0.041557018573467545 0.07205765063946064
0 0.5678201088538537 0.32738641592172474 0.028179168701171875 0.028553889347956732
0 0.2797548037308913 0.7958698272705078 0.02927710459782527 0.029044224665715143
0 0.3054308524498573 0.856326176570012 0.04369156177227314 0.04397113506610577
0 0.6228780746459961 0.30962643256554234 0.026372909545898438 0.02631722963773287
0 0.5142710025493915 0.662620104276217 0.025175974919245794 0.024876521183894232
0 0.3601843760563777 0.9851681635929987 0.04286810067983774 0.02923921438363882
0 0.6949162116417518 0.49663228255051833 0.030866622924804688 0.03126437847430889
0 0.2924251923194298 0.8264089731069711 0.030249595642089844 0.030636420616736777
0 0.36998602060171276 0.8608113802396334 0.018852820763221152 0.01880014859713041
0 0.32848435181837815 0.19614254511319673 0.03625796391413762 0.03638461919931265
0 0.6049160590538611 0.3801089800321139 0.040509590735802285 0.04001052563007061
0 0.4575942846444937 0.5874638190636268 0.020496955284705527 0.020467464740459736
0 0.6810270456167368 0.7172390130849985 0.016184293306790866 0.015958786010742188
0 0.38879871368408203 0.630675535935622 0.02841318570650541 0.028516035813551683
0 0.6117544907789964 0.2638362004206731 0.030843294583834134 0.030549269456129808
0 0.6813333217914288 0.470463019150954 0.027226814856896035 0.02687380864070012
0 0.36978479532095104 0.25973917887761044 0.1166063455434946 0.11704760331373948
0 0.6590177095853366 0.42460126143235427 0.03773293128380409 0.037425848153921276
0 0.32520242837759167 0.623685910151555 0.023336263803335335 0.023228278526893027
0 0.5428035442645733 0.3949424670292781 0.015059837928185096 0.015189244196965145
0 0.2806719633249136 0.5102315682631272 0.028577657846304085 0.02848074986384465
0 0.3707764698908879 0.653695326585036 0.03337170527531551 0.03323041475736178
0 0.31576141944298375 0.7814116844764123 0.02208533653846154 0.02282098623422476
0 0.5572398992685171 0.943463765657865 0.01905969473031851 0.019113834087665264
0 0.26395605160639835 0.67955992772029 0.01783913832444411 0.017607615544245794
0 0.5215159196120042 0.4945942805363582 0.031341846172626205 0.031078338623046875
0 0.5209943331204928 0.14760122849391058 0.04178934830885667 0.0424184982593243
0 0.23415895608755258 0.273402580848107 0.015551897195669321 0.015555821932279147
0 0.567508183992826 0.431765079498291 0.034791212815504804 0.035399436950683594
0 0.5304909852834848 0.28050400660588193 0.01805730966421274 0.018124873821551982
0 0.6775506826547476 0.25726659481342024 0.01563849815955529 0.01577296623816857
0 0.7555621954110953 0.35069010807917667 0.015623239370492788 0.0157772944523738
0 0.26043150975153995 0.48444828620323765 0.0266266602736253 0.026686374957744893
0 0.48871150383582485 0.36464287684513974 0.042268019456129804 0.04157257080078125
0 0.7116284003624549 0.983978271484375 0.05362143883338341 0.031271127554086536
0 0.6505054327157828 0.5304119770343487 0.016826629638671875 0.01669201484093299
0 0.6898118532620944 0.09445032706627479 0.019458477313701924 0.019418092874380257
0 0.2968652064983661 0.04971345571371225 0.015137232266939603 0.015200138092041016
0 0.2396078109741211 0.6711126474233774 0.03672951918381911 0.03679568950946514
0 0.5701078268197867 0.4018866465641902 0.01600793691781851 0.015933843759390023
0 0.5130492723905123 0.9240221610436072 0.052148672250600964 0.052778390737680286
0 0.7598954714261569 0.8018982227032001 0.016712188720703125 0.016673454871544473
0 0.4871056630061223 0.9902320274939904 0.04721993666428786 0.01922020545372596
0 0.3720228855426495 0.7569247025709885 0.017914185157189004 0.017717508169320915
0 0.46479371877817005 0.3979671918428861 0.03136928264911358 0.031551361083984375
0 0.4546027917128343 0.19110037730290338 0.017003206106332634 0.017305740943321817
0 0.42876676412729114 0.37392058739295375 0.03486149127666767 0.034745216369628906
0 0.7053651076096755 0.2314316309415377 0.015486790583683895 0.015605706434983473
0 0.7512101393479568 0.2254809416257418 0.02065453162560096 0.020542291494516227
0 0.3825090848482572 0.37063180483304536 0.015813093919020433 0.0158230708195613
0 0.5742900188152606 0.9161363014808068 0.04379587907057542 0.04391640883225661
0 0.23572213833148664 0.5453304877647986 0.03094647480891301 0.04045867919921875
0 0.6215116060697116 0.6969698392427884 0.02399448248056265 0.02450385460486779
0 0.6024530850923978 0.35758660389826846 0.029441393338716947 0.030094440166766826
0 0.33016435916607195 0.9031579677875226 0.05279680398794321 0.05279981173001803
0 0.38918275099534255 0.3428833301250751 0.051983026357797474 0.05282108600323017
0 0.5889518444354718 0.3435164231520433 0.026413990901066706 0.02759405282827524
0 0.24594967181865984 0.8596694652850811 0.025876668783334587 0.025525606595552884
0 0.25403815049391526 0.31512216421274036 0.03259915571946364 0.03218834216778095
0 0.48226099747877854 0.013978391885757446 0.014902555025540866 0.014236693198864277
0 0.7415148661686823 0.5493652637188251 0.015213893010066105 0.01520244891826923
0 0.5378107657799354 0.23611061389629656 0.01645528353177584 0.01593802525446965
0 0.41106994335468 0.6085014343261719 0.01827401381272536 0.018387867854191706
0 0.6992351825420673 0.7691681201641376 0.018145928016075723 0.018263890193058893
0 0.7047959841214694 0.6041472875154935 0.022282820481520433 0.022277391873873197
0 0.5372464106633112 0.33872365951538086 0.013642237736628605 0.013954529395470252
0 0.24536534456106332 0.25707468619713414 0.026222632481501654 0.025948524475097656
0 0.3546890112069937 0.8256948177631085 0.018758700444148138 0.01895317664513221
0 0.4440625264094426 0.9894891885610727 0.029645186204176683 0.02053040724534255
0 0.6588626274695764 0.05022708269265982 0.04818050677959736 0.04774177991426908
0 0.7305839978731595 0.727744982792781 0.023870468139648438 0.0234829829289363
0 0.7287676884577825 0.29278348042414737 0.022962423471304085 0.023879418006310098
0 0.2687782324277438 0.9182105431189904 0.08364079548762395 0.0879820310152494
0 0.2884218692779541 0.923681039076585 0.04306914256169246 0.04244026770958534
0 0.33925452599158656 0.36472452603853667 0.026949955866887018 0.02660061762883113
0 0.3266287950369028 0.5722184548011193 0.024864857013408955 0.025098213782677285
0 0.6250060154841497 0.444760982806866 0.021801545069767878 0.021606592031625602
0 0.5058226218590369 0.5162900044367864 0.01641112107496995 0.016614473783052884
