0 0.3946568782512958 0.30476126304039586 0.21134750659649187 0.21216473212608924
0 0.5842135502741888 0.3020941110757681 0.05745829068697416 0.05793223014244667
0 0.7742394667405349 0.29854455360999477 0.033585768479567304 0.03353617741511418
0 0.17241749396690956 0.77161378126878 0.0327610969543457 0.03249564537635216
0 0.3478538806621845 0.48352975111741286 0.029709522540752705 0.029785009530874398
0 0.33643275040846604 0.12432310214409462 0.025203704833984375 0.025316990338839017
0 0.5987136914179876 0.9462202512300931 0.03354637439434345 0.033706958477313705
0 0.9715312077448919 0.26093635192284215 0.02315550584059495 0.02744630666879507
0 0.15641916715181792 0.864568123450646 0.027449351090651292 0.027172088623046875
0 0.0323202357842372 0.9354614844689002 0.02293457893224863 0.022936014028695915
0 0.8293600815993089 0.9371205109816331 0.021656183096078727 0.021690955528846152
0 0.41348761778611404 0.7398256888756385 0.019433241624098558 0.019429867084209736
0 0.4605582310603215 0.05292940139770508 0.024564743041992188 0.024581267283512995
0 0.1534419059753418 0.2044829588669997 0.01967011965238131 0.019572111276479866
0 0.934695317195012 0.2875234347123366 0.026644193209134616 0.02649083504310021
0 0.19843365595890924 0.10819761569683368 0.02273141420804537 0.02266080562884991
0 0.2489623656639686 0.3533459810110239 0.02225332993727464 0.022270789513221152
0 0.470702391404372 0.12202004285959098 0.020309301523061898 0.020286963536189154
0 0.4246564278235802 0.14148983588585487 0.02292911822979267 0.022904029259314902
0 0.32406238409189075 0.08622206174410306 0.01773672837477464 0.017990992619441107
0 0.9371458200307993 0.42045098084669846 0.018718132605919473 0.018752098083496094
0 0.7152379842904898 0.5177048169649564 0.09164663461538461 0.0916900634765625
0 0.6652644230769231 0.03512688783498911 0.01944908728966346 0.01971118266765888
0 0.1607651710510254 0.9056296715369592 0.016079059013953574 0.015903472900390625
0 0.6446225826556866 0.41844606399536133 0.14028490506685698 0.14152270096998948
0 0.1749869126539964 0.8811063032883865 0.01726421943077674 0.017559931828425482
0 0.9109354752760667 0.2816943021921011 0.019306769737830527 0.019579117114727315
0 0.13142805833082932 0.8068206493671124 0.01857306407048152 0.01888436537522536
0 0.787104973426232 0.6024766701918381 0.016550797682542067 0.01645814455472506
0 0.0970310247861422 0.8345065483680139 0.01695394515991211 0.017128577599158652
0 0.7541345449594351 0.14063358306884766 0.03209818326509916 0.0317389048062838
0 0.5497349225557767 0.08476660801814152 0.05433801504281851 0.05611409132297222
0 0.24633367245013899 0.06432664394378662 0.015647081228402946 0.015803098678588867
0 0.1610568119929387 0.8475730602557843 0.016295515573941745 0.016122964712289665
0 0.8237777123084435 0.023551638309772197 0.01779028085561899 0.018003795009392958
0 0.7113759701068585 0.11637122814471905 0.056444754967322715 0.05710682502159706
0 0.6860978053166316 0.6009792547959548 0.10759559044471154 0.10785344930795523
0 0.5607706216665415 0.5176946566655085 0.025688904982346755 0.02576754643366887
0 0.7576000507061298 0.34491671048677885 0.021274566650390625 0.021211770864633415
0 0.5137194119966947 0.07134064344259408 0.026920318603515625 0.027314167756300706
0 0.3621848913339468 0.059079656234154336 0.015539609468900241 0.015378548548771786
0 0.23847728509169358 0.051973352065453164 0.015194195967454176 0.014885572286752554
0 0.7651163981511042 0.6813283333411584 0.015439693744365986 0.015374990609975962
0 0.6438089517446665 0.28290231411273664 0.019468160775991585 0.019676648653470553
0 0.19585103255051833 0.23744036601139948 0.015767317551832933 0.015761155348557692
0 0.6871841137225811 0.6238665213951697 0.07416666471041165 0.07384226872370793
0 0.11219712404104379 0.9315809103158804 0.014845994802621694 0.014809241661658654
0 0.9629524671114408 0.418789056631235 0.017772087684044473 0.01784170590914213
0 0.9129030521099384 0.009579903231217312 0.015386581420898438 0.015298477732218228
0 0.6134149111234225 0.5071012056790866 0.040722040029672474 0.039635731623722956
0 0.46231776017409104 0.8878220778245193 0.014312157264122596 0.014399895301231971
0 0.08043797199542706 0.1689780858846811 0.014358332523932824 0.014418968787560096
0 0.5300635557908279 0.04654854077559251 0.035274358896108776 0.03642070293426514
0 0.1449899123265193 0.8464968754695013 0.014353165259728065 0.01421356201171875
0 0.4683997080876277 0.08246535521287185 0.01676016587477464 0.016667971244225137
0 0.07008573642143837 0.8596126849834735 0.01711555627676157 0.016782027024489183
0 0.30981999177199143 0.08916605435884915 0.01602517641507662 0.015982957986684945
0 0.9558475200946515 0.8194662240835336 0.01589789757361779 0.015673710749699518
0 0.6151111309344952 0.46372567690335786 0.015540196345402645 0.015547825739933895
0 0.503084109379695 0.2580974285419171 0.020870062021108773 0.021135990436260518
0 0.9704157022329477 0.9879903793334961 0.0170596196101262 0.01934198232797476
0 0.3270107049208421 0.18754790379450872 0.015375577486478366 0.015236927912785457
0 0.7794035398043119 0.4512065373934232 0.10237371004544772 0.1038218278151292
0 0.1642604241004357 0.13249956644498384 0.014300346374511719 0.014417941753680889
0 0.31780485006479114 0.3822029553926908 0.01461014380821815 0.014757009652944712
0 0.5870302273676946 0.7036106403057392 0.01676207322340745 0.01680931678185096
0 0.20015767904428336 0.8443223513089694 0.01456763194157527 0.014534876896784855
0 0.23952755561241737 0.20829501518836388 0.014049530029296875 0.013811918405386118
0 0.745875725379357 0.6584691267747146 0.06127577561598558 0.06039105928861178
0 0.1106875492976262 0.8240517836350661 0.015874532552865837 0.015726823073167067
0 0.18989421771122858 0.7101306915283203 0.013746371636023888 0.013709141657902645
0 0.287357550400954 0.7988934150108924 0.013960324800931491 0.013943892258864183
