0 0.9392557144165039 0.6743764877319336 0.08263294513408954 0.08367289029634915
0 0.056532823122464694 0.6359935173621545 0.031453426067645736 0.03152113694411058
0 0.03563249569672804 0.40029661472027117 0.023394832244286172 0.023415198692908652
0 0.7989036853496845 0.20076557306142953 0.025906196007361777 0.026060837965745192
0 0.3069915404686561 0.9613015835101788 0.025861373314490683 0.02564107454740084
0 0.838435539832482 0.7880243154672476 0.027873699481670674 0.02799254197340745
0 0.0874033524439885 0.8992383663470929 0.020494974576509915 0.020586600670447715
0 0.10447682784153865 0.9473243860098032 0.020949161969698392 0.02093021686260517
0 0.8722933255709134 0.05187500898654644 0.026633629432091348 0.026517583773686335
0 0.8131106450007513 0.10334418370173527 0.028690044696514424 0.028861155876746543
0 0.08234051557687613 0.677888430081881 0.02312268202121441 0.02303138146033654
0 0.36181127108060396 0.21926634128277117 0.020775208106407754 0.020635017981896035
0 0.5070510644179124 0.24994813478910005 0.022209020761343148 0.022256117600661058
0 0.3398089042076698 0.2625640355623685 0.025488853454589844 0.025519664470966045
0 0.28502214871920073 0.6127676597008338 0.0181885499220628 0.01797822805551382
0 0.8055755175076998 0.5676801388080304 0.019350345318134014 0.01939700200007512
0 0.9755428020770733 0.9199351530808669 0.019867530235877402 0.019844788771409255
0 0.40081552358774036 0.8624097383939303 0.0207212154681866 0.020795381986177884
0 0.9768943053025466 0.3749224589421199 0.017718388484074518 0.017660874586838942
0 0.8649819447444036 0.06929132571587196 0.021612900954026442 0.021425925768338717
0 0.5992375520559458 0.7990267093365009 0.022441277137169473 0.022506273709810697
0 0.6521616715651292 0.9366877629206731 0.03153551541841947 0.031046647291917067
0 0.37180614471435547 0.6032357949476975 0.016559307391826924 0.016538619995117188
0 0.17175977046673113 0.37556079717782825 0.016753270075871393 0.0169065182025616
0 0.015834577954732455 0.5167731505173904 0.014947324991226196 0.017960768479567308
0 0.9604112918560321 0.9806306545551007 0.03193239065317007 0.032097889826847956
0 0.3503760557908278 0.726705917945275 0.02890601524939904 0.02851236783541166
0 0.06899094123106736 0.3390052135174091 0.02718231311211219 0.026990376985990085
0 0.2401286638700045 0.7139754662146935 0.01816258063683143 0.018033541165865384
0 0.3219239895160382 0.24005365371704102 0.030808357092050407 0.030406365027794473
0 0.4996511752788837 0.5071754822364221 0.01636505126953125 0.016156343313363884
0 0.11064663300147423 0.018210899371367235 0.017020482283372145 0.016992839483114388
0 0.1335448118356558 0.661382088294396 0.01804062036367563 0.017815809983473558
0 0.1137095047877385 0.7742189260629507 0.050489645737868086 0.05090889563927284
0 0.44538112787099987 0.03466707468032837 0.015515767610990085 0.015498152145972619
0 0.6029521135183481 0.3732011868403508 0.01491715357853816 0.015048980712890625
0 0.33098085110004133 0.9860980694110577 0.020537596482496995 0.020153925969050482
0 0.5456367639394907 0.6417036790114182 0.027525608356182393 0.027823228102463942
0 0.19434664799616888 0.41783252129187953 0.09770429134368896 0.0971829341008113
0 0.17362282826350287 0.13936554468595064 0.019505647512582634 0.019347722713763896
0 0.1371636574084942 0.38514184951782227 0.01652862475468562 0.01654977064866286
0 0.9646590306208684 0.5900754928588867 0.01610565185546875 0.016202633197490986
0 0.19952887755173904 0.3214894074660081 0.02773460975060096 0.027764393733097956
0 0.7125330704909104 0.013273628858419565 0.03647745572603666 0.02495818413220919
0 0.1389291103069599 0.6325268378624549 0.049964611346905045 0.049149733323317304
0 0.8121468470646784 0.532471803518442 0.015605339637169471 0.015831873967097357
0 0.6892293783334585 0.7343755868765024 0.024496078491210938 0.024522928091195915
0 0.9744851772601788 0.3511339334341196 0.01653906015249399 0.016671400803786058
0 0.31051144233116734 0.29902610412010777 0.02668026777414175 0.026897980616642878
0 0.6420357043926532 0.9089350333580604 0.025315211369441107 0.025200770451472357
0 0.29223933586707485 0.8803603832538311 0.038590504572941706 0.03864024235652043
0 0.029377730993124154 0.7366558955265925 0.03695940971374512 0.03711700439453125
0 0.32219945467435396 0.3122909619258 0.01620322007399339 0.016489469088040866
0 0.07850388380197379 0.7711307819073017 0.018025650427891657 0.018002436711237982
0 0.10099092813638541 0.638531391437237 0.019968032836914062 0.019571304321289062
0 0.5783747893113357 0.20615082520705003 0.015608127300555889 0.01570723606989934
0 0.2490731936234694 0.9728552011343149 0.01687446007361779 0.01712960463303786
0 0.518467169541579 0.18454742431640625 0.019883375901442308 0.019864302415114183
0 0.11845893126267654 0.8151258321908804 0.03184201167179988 0.03242991520808293
0 0.17265466543344352 0.7010851639967698 0.02239197951096755 0.022570096529447116
0 0.11057446553156926 0.6903387950016902 0.01491995958181528 0.015078471257136418
0 0.11883416542640099 0.8646899003248948 0.01697540283203125 0.017155280480018027
0 0.13068738350501427 0.6210396106426532 0.02081097089327299 0.0208126948429988
0 0.6525467359102689 0.6832382495586689 0.01692654536320613 0.016926105205829326
0 0.08458486887124869 0.5998850602370042 0.014378822766817533 0.014615425696739784
0 0.9790790264423077 0.16533583861130935 0.01614717336801382 0.016116802509014424
0 0.8515608860896184 0.8789642040546124 0.05891711895282452 0.05864451481745793
