0 0.7325883278479943 0.04688893373195942 0.08881260798527645 0.08846172002645639
0 0.7576666611891526 0.9765456273005559 0.07039436927208534 0.04171048677884615
0 0.5755570485041692 0.6747388106126052 0.030394627497746393 0.030397415161132812
0 0.4242681356576773 0.011626805250461284 0.027873846200796273 0.021783636166499212
0 0.5799486820514386 0.4957145544198843 0.03520019237811749 0.03517414973332332
0 0.6231909531813401 0.5113336122952975 0.022353575779841497 0.022419122549203727
0 0.5210103255051833 0.6300566746638372 0.05298702533428486 0.05294649417583759
0 0.6098330571101263 0.9441854036771334 0.03170306865985577 0.031708937424879804
0 0.6974236414982722 0.8733282822829026 0.019144204946664665 0.01926114008976863
0 0.7883685185359075 0.798362291776217 0.03601397000826322 0.03646410428560697
0 0.43465441923875076 0.7564700200007513 0.05470679356501652 0.054943084716796875
0 0.7518970782940204 0.926631340613732 0.017461336576021634 0.017449305607722357
0 0.764599873469426 0.20080511386577898 0.028272041907677285 0.028363594642052285
0 0.2754980233999399 0.07592483208729671 0.019089772151066706 0.01904277618114765
0 0.5452416860140287 0.1775973393366887 0.04385229257436899 0.04341433598445012
0 0.20743652490469125 0.779671889085036 0.03340464371901292 0.04786388690655048
0 0.36156001457801235 0.10324616615588848 0.04135982806865986 0.04185051184434157
0 0.38178194486177885 0.44003945130568284 0.01701017526479868 0.017172593336838942
0 0.5227600977971003 0.19040188422569862 0.017442996685321514 0.017572549673227165
0 0.2740913904630221 0.6847582596998948 0.01644787421593299 0.016421684852013223
0 0.5872022922222431 0.823341809786283 0.03173901484562801 0.031820443960336536
0 0.49791658841646635 0.24995602094210112 0.01802488473745493 0.018321697528545674
0 0.4789728751549354 0.6440582275390625 0.03537544837364784 0.035332019512469955
0 0.39739535405085635 0.10223595912639911 0.03211432236891527 0.03165875948392428
0 0.5025433026827298 0.7607570061316857 0.026833314162034255 0.026816148024338942
0 0.7010144453782302 0.6768175271841196 0.015195993276742788 0.015170904306265024
0 0.3534797521737906 0.03635518367473896 0.0341190925011268 0.03387889495262733
0 0.39499414884127104 0.0360685265981234 0.015227831326998197 0.015492054132314829
0 0.759672238276555 0.24781460028428298 0.018648441021259014 0.018657170809232272
0 0.7626538643470178 0.6697433178241436 0.04354770366962139 0.0439916757436899
0 0.7057209748488206 0.17850908866295448 0.03089567331167368 0.03098128392146184
0 0.23988017669090858 0.3738398918738732 0.015419373145470252 0.015572327833909255
0 0.3305180256183331 0.84442505469689 0.014954787034254808 0.014940995436448317
0 0.3350028624901405 0.8885164994459885 0.014977381779597355 0.015149923471304087
0 0.336238641005296 0.06329563947824332 0.014888983506422777 0.014934613154484676
0 0.6996150383582482 0.9913175289447491 0.014973126924954928 0.013376822838416466
0 0.7054154322697566 0.9163493376511794 0.01488040043757512 0.014809535099909855
0 0.7206334334153396 0.7487790034367487 0.0162960932804988 0.016353900615985576
0 0.6566992539625901 0.498049442584698 0.024951054499699518 0.024971741896409255
0 0.32263946533203125 0.028447545491732083 0.030789283605722282 0.031865596771240234
0 0.5483376796428974 0.9022505099956806 0.030010810265174277 0.03024908212515024
0 0.3876481056213379 0.14782304030198318 0.01865049508901743 0.019109359154334433
0 0.22002715330857497 0.03558384225918697 0.04503925030048077 0.06819150539544913
0 0.7567790104792669 0.9075407615074744 0.016789069542518027 0.016918182373046875
0 0.32469067206749547 0.3747300368088942 0.018436138446514424 0.018291766826923076
0 0.4351540712209848 0.10893889573904184 0.017832022446852464 0.017941016417283278
0 0.22802173174344575 0.4434958237868089 0.014599836789644681 0.014603101290189303
0 0.21979922514695388 0.3456912040710449 0.017471680274376504 0.017312343303973857
0 0.6996116638183594 0.7257016988900992 0.015008046076847957 0.015047220083383413
0 0.5630732316237229 0.1713575950035682 0.025134893564077523 0.02436036330003005
0 0.7592546022855319 0.23278010808504546 0.01860956045297476 0.018649211296668418
0 0.36369712536151594 0.6979956993689904 0.015531099759615384 0.015609301053560697
0 0.7600065378042368 0.22989467474130484 0.020052983210637018 0.02045154571533203
0 0.6809302109938401 0.9907331466674805 0.016060462364783652 0.014531942514272837
0 0.46278931544377255 0.6717538833618164 0.025011502779447116 0.024973942683293268
0 0.6775941115159255 0.863127194918119 0.014417208158052884 0.014389331524188701
0 0.790043464073768 0.7346088702862079 0.018327859731820915 0.018124800461989183
0 0.3205131017244779 0.024199779217059795 0.027450928321251504 0.02808562608865591
