0 0.6438958094670222 0.3126386862534743 0.18942407461313102 0.19475328005277193
0 0.40792296482966495 0.8505359062781701 0.19473794790414664 0.1918329092172476
0 0.2561967372894287 0.9158559945913461 0.18876996407142052 0.16893636263333833
0 0.5096352650569036 0.37079484646136945 0.11617102989783654 0.11816927102895883
0 0.7976839358990009 0.8532790404099685 0.11078306344839242 0.13959371126615083
0 0.2410733883197491 0.4341276608980619 0.05593065115121695 0.055658780611478366
0 0.7911473787747897 0.683977640592135 0.02422948983999399 0.024345544668344352
0 0.5392872370206393 0.5044805086576022 0.04241363818828876 0.04206305283766527
0 0.18462237944969764 0.41907105079064 0.07430131618793194 0.11468813969538762
0 0.7638218219463642 0.4324487906235915 0.025084715623121995 0.024999618530273438
0 0.6818843254676232 0.6464672088623047 0.022565548236553486 0.0228274418757512
0 0.2088776368361253 0.13854055221264178 0.039026627173790567 0.039179673561683066
0 0.8373505518986628 0.7649531731238732 0.021065932053786058 0.020940340482271634
0 0.7866565997783954 0.8405879094050481 0.023150223952073317 0.022945990929236777
0 0.7503656240609976 0.48015433091383714 0.02060728806715745 0.020636631892277643
0 0.5884147057166467 0.9105358123779297 0.022219144381009616 0.022059220534104567
0 0.8067144247201773 0.5349186016963079 0.018241295447716348 0.018330133878267728
0 0.6406769385704627 0.8416814070481521 0.0977481328524076 0.0979464604304387
0 0.4052822773273175 0.3047423546130841 0.029623765211838942 0.0294188352731558
0 0.6627088693472055 0.9241648453932542 0.019198784461388223 0.019080235407902643
0 0.3888104145343487 0.6673394716702975 0.019513570345365085 0.019552084115835335
0 0.5112072137685922 0.9719637357271634 0.04445970975435697 0.044350844163161054
0 0.6408744958730844 0.7561185543353741 0.019777884850135215 0.019904356736403245
0 0.39579633566049427 0.7352188550508939 0.022099128136268027 0.022260519174429085
0 0.18116312760573167 0.6294525586641752 0.02217388153076172 0.022231908944936898
0 0.1807861328125 0.2544718155494103 0.04620009202223558 0.04646580035869892
0 0.7965177389291617 0.8687772017258865 0.017124762901893027 0.017093071570763223
0 0.38964128494262695 0.6500924917367789 0.01833006051870493 0.018664139967698317
0 0.5263548997732309 0.4688257804283729 0.02577972412109375 0.025812589205228366
0 0.8312060282780573 0.730498533982497 0.021571819598858174 0.02156976553109976
0 0.6352220681997446 0.2038601545187143 0.022266974815955527 0.02255535125732422
0 0.2532469309293307 0.266296203319843 0.02127830798809345 0.021227909968449518
0 0.7125660089346079 0.8799601334791917 0.016533484825721152 0.016571044921875
0 0.29785897181584287 0.41205175106342024 0.02830197260929988 0.0285492676955003
0 0.38132575842050404 0.21375212302574745 0.04366449209359976 0.04347683833195613
0 0.3701909872201773 0.4057646898122934 0.10528219663179837 0.10507620297945462
0 0.6883190595186673 0.6182840787447416 0.016470689039963942 0.01632822476900541
0 0.6680823106032151 0.540319222670335 0.014713580791766826 0.014660321749173678
0 0.6404581803541917 0.9381474715012771 0.016494164100060098 0.016415816086989183
0 0.5738531992985652 0.43332752814659703 0.03024424039400541 0.030347897456242487
0 0.41270729211660534 0.6436367034912109 0.017741056588979866 0.01760101318359375
0 0.45953823969914365 0.7482671004075271 0.021129388075608473 0.021618769719050482
0 0.37790364485520583 0.0896899883563702 0.04815673828125 0.04835016910846417
0 0.29742791102482724 0.34023211552546573 0.03950060330904447 0.039953965407151446
0 0.48706472837007964 0.7460892017071064 0.015511879554161659 0.015581277700570913
0 0.667576423058143 0.5204552870530349 0.016720991868239183 0.016405032231257513
0 0.3467228962824895 0.09538675271547757 0.016015126154972956 0.016205035723172702
0 0.5788209254925067 0.20454681836641753 0.01729730459359976 0.017786026000976562
0 0.18816311542804426 0.49887514114379883 0.014956510983980618 0.014983617342435397
0 0.22364113881037787 0.3166063382075383 0.023699173560509317 0.023604613084059495
0 0.5436226037832407 0.2459109379695012 0.035352853628305286 0.034543404212364785
0 0.18485665321350098 0.2987806980426495 0.02334759785578801 0.02337477757380559
0 0.5781691624568059 0.9324089930607722 0.12934171236478365 0.1284502469576322
0 0.8113773786104642 0.5764647263746995 0.014826407799353966 0.01479046161358173
0 0.5795579323401818 0.5352729283846341 0.05528596731332632 0.055268434377817005
0 0.17145690551170936 0.6610171978290265 0.014431146474984976 0.014522845928485576
0 0.19656740702115572 0.9633112687330979 0.10717597374549279 0.07322135338416466
0 0.2642690585209773 0.3954715361961952 0.04089913001427284 0.04113608140211839
0 0.6745100754957932 0.9564405588003305 0.08954796424278846 0.08453956017127404
0 0.8323471362774189 0.6885168368999774 0.014712260319636418 0.014846508319561299
0 0.48976505719698393 0.05871288592998798 0.06765123514028695 0.06511675394498385
0 0.7154862330510066 0.875292704655574 0.12733958317683294 0.12363697932316707
0 0.41052730266864484 0.3476356359628531 0.03043952355018029 0.03112176748422476
0 0.41283772541926456 0.9520281278170072 0.1746074236356295 0.09453758826622596
0 0.4105067619910607 0.35099102900578427 0.025624201847956732 0.025650611290564902
0 0.6456505702092097 0.2850960951585036 0.014011969933143029 0.014033757723294772
0 0.7517351737389197 0.3571881147531363 0.013863636897160457 0.013807296752929688
0 0.4329217764047476 0.7433622800386869 0.017132979172926683 0.017159388615534857
0 0.4817394476670485 0.30975404152503383 0.0835408430833083 0.08896541595458984
0 0.15117317896622878 0.6957241938664362 0.01143336296081543 0.014825380765474759
0 0.30878151380098784 0.29658761391272914 0.026360731858473558 0.02561642573429988
0 0.5366088427030123 0.3286245052631085 0.035432668832632214 0.03541843707744892
0 0.6078853973975549 0.4674193308903621 0.030169046842134915 0.030607957106370192
0 0.24532373134906477 0.712012951190655 0.014038599454439603 0.013783968411959134
0 0.4309380604670598 0.9881585928109976 0.01747549497164213 0.016904684213491585
0 0.7658689939058744 0.39005103478064906 0.01544482891376202 0.015544451200045072
0 0.27813225526076096 0.17049791262700006 0.014932925884540264 0.014915833106407752
0 0.7131284567025992 0.7782763701218826 0.014636406531700721 0.014691572922926683
0 0.7004079085129958 0.024830996990203857 0.019009810227614183 0.018966308006873496
0 0.5152678122887244 0.03441976583920992 0.025203704833984375 0.02555546393761268
0 0.5394122783954327 0.6477656731238732 0.0800314683180589 0.07917019037099984
0 0.5399434383098896 0.7342903430645282 0.015816321739783652 0.015743549053485576
0 0.4316842739398663 0.2261824241051307 0.15771058889535758 0.15882238974938026
0 0.7346622760479267 0.743735826932467 0.014975621150090145 0.015223136314978966
0 0.3777035933274489 0.21761542100172776 0.05228702838604267 0.05235451918381911
0 0.2453038875873272 0.9056233626145583 0.01374354729285607 0.013462506807767428
