0 0.541147415454571 0.22859674233656663 0.21715215536264273 0.2269316819997934
0 0.7855173991276667 0.5310284541203425 0.07098946204552284 0.07096642714280349
0 0.5016400263859675 0.9651210491473858 0.04696215116060697 0.04662249638484074
0 0.4717268210190993 0.013357806664246779 0.03933840531569261 0.025590451864095833
0 0.10803171304556039 0.03663686376351576 0.024927396040696364 0.024965034081385687
0 0.28541865715613735 0.21014000819279596 0.02265772452721229 0.02289728017953726
0 0.8691834669846755 0.2986152722285344 0.024176964393028848 0.02435757563664363
0 0.15805856998150164 0.36322762415959287 0.021305120908297025 0.02173746549166166
0 0.10173339110154372 0.5653476715087891 0.019963521223801833 0.02008394094613882
0 0.11626093204204853 0.5092183626615084 0.033437948960524336 0.033532362717848554
0 0.1591797791994535 0.7407872126652644 0.02318991147554838 0.023267599252554085
0 0.23891153702369103 0.9446525573730469 0.02530042941753681 0.02520575890174279
0 0.5228437276986929 0.049488649918482855 0.03448559687687801 0.03434483821575458
0 0.6555375319260818 0.34647083282470703 0.10281991958618164 0.10405584482046273
0 0.5051282002375677 0.532439451951247 0.04578384986290565 0.04587598947378305
0 0.2954544470860408 0.8026436292208158 0.019303615276630107 0.019451434795673076
0 0.18372080876277044 0.8066864747267503 0.05559077629676232 0.055800364567683294
0 0.8071396167461689 0.9493202796349158 0.02916101308969351 0.029050093430739183
0 0.8098796697763296 0.9285303262563852 0.01638309772198017 0.016438117394080527
0 0.22271046271690956 0.8064474692711463 0.02344380892240084 0.023459214430588942
0 0.19935259452232948 0.9705302898700421 0.017181873321533203 0.0173642085148738
0 0.4532460432786208 0.4513102678152231 0.023567346426156852 0.02382681919978215
0 0.5723908497737005 0.02947810750741225 0.02351093292236328 0.02392628101202158
0 0.8110113877516526 0.0381201643210191 0.038627331073467545 0.03843290072221022
0 0.7322732485257663 0.09325302564180814 0.017783091618464544 0.017897642575777493
0 0.5943095867450421 0.025571337113013633 0.018770658052884616 0.01888878643512726
0 0.10628118881812462 0.9209185380202073 0.02373167184682993 0.02913387005145733
0 0.8323747194730319 0.7685472048245944 0.015261576725886418 0.015420766977163462
0 0.6503149179311899 0.4184750043428861 0.01664455120380108 0.016920089721679688
0 0.16295216633723333 0.25534967275766224 0.01644112513615535 0.01659694084754357
0 0.3840861687293419 0.2416046949533316 0.019353279700646035 0.019662123460036058
0 0.4280561300424429 0.09601671879108135 0.015491999112642728 0.01555930651151217
0 0.15191137790679932 0.27770244158231294 0.015946039786705606 0.015894963191105768
0 0.29969534507164586 0.0531466007232666 0.018082912151630107 0.01809090834397536
0 0.2884364861708421 0.9360484343308669 0.02021048619196965 0.020302552443284255
0 0.24834858454190767 0.45374298095703125 0.10079094079824594 0.10106218778170072
0 0.5839000848623422 0.042885078833653376 0.021922918466421273 0.021705031394958496
0 0.6888603797325721 0.9676953095656174 0.015343886155348558 0.015459207388070913
0 0.5900512842031626 0.3545523423414964 0.025570502647986777 0.025595811697152946
0 0.8181304931640625 0.28061996973477876 0.021628453181340143 0.02177891364464393
0 0.6088325427128718 0.3401640378511869 0.014592464153583232 0.014647703904371995
0 0.40219981853778547 0.010630343969051655 0.015485250032865085 0.015764465698829062
0 0.3809999686021071 0.44728411160982573 0.061275482177734375 0.0618742429293119
0 0.4022901975191556 0.04545612518603985 0.03665997431828426 0.036577233901390664
0 0.289059932415302 0.36729042346660906 0.02024562542255108 0.020372757544884317
0 0.4758964685293344 0.32931188436654896 0.03560990553635817 0.034956125112680286
0 0.6465269235464243 0.12528586387634277 0.019613999586838942 0.019786614638108473
0 0.31806065486027646 0.26731182978703427 0.014897566575270433 0.014915759746844951
0 0.4121089715224046 0.40456995597252476 0.015553107628455529 0.015479161189152645
0 0.17125492829542893 0.8808147723858173 0.02015840090238131 0.020513094388521634
0 0.12490623730879563 0.25581985253554124 0.03248865787799542 0.032404532799353965
0 0.35291385650634766 0.6757178673377404 0.01523590087890625 0.015082139235276442
0 0.13228106498718262 0.7527090219350961 0.08281421661376953 0.10018568772536057
0 0.8845994655902569 0.6206340789794922 0.025940528282752402 0.02561187744140625
