0 0.49365890943087065 0.33137182088998646 0.2767735261183519 0.26552921075087327
0 0.5099935531616211 0.16953094188983625 0.0687701885516827 0.06845950163327731
0 0.24965759424062875 0.7021154256967398 0.027513650747445915 0.027660076434795674
0 0.7834083850567157 0.35242535517765927 0.03020477294921875 0.030058787419245794
0 0.5109814130342923 0.8435853811410757 0.034806324885441706 0.03476656400240385
0 0.7155788861788236 0.5102159059964694 0.026348407451923076 0.02636586702786959
0 0.40325549932626575 0.21606342609112078 0.024810791015625 0.0246279789851262
0 0.640973164485051 0.2443106724665715 0.018598263080303486 0.018703974210298978
0 0.7730635129488431 0.5550264211801382 0.02966132530799279 0.029486582829402044
0 0.803224123441256 0.30260318976182204 0.07458202655498798 0.07527773196880634
0 0.5939110609201285 0.21848084376408503 0.026685568002554085 0.02682971954345703
0 0.5664105048546424 0.2099903913644644 0.028429618248572715 0.028237196115347054
0 0.4870706338148851 0.49958126361553484 0.023554581862229567 0.023819996760441706
0 0.28066015243530273 0.24019211989182693 0.05611155583308293 0.05705136519211989
0 0.4395616971529447 0.09012409356924203 0.03679510263296274 0.03631711006164551
0 0.5489015946021447 0.1347663769355187 0.01925827906681941 0.019437569838303786
0 0.2501066648043119 0.9085125556358924 0.03325293614314152 0.032596588134765625
0 0.40397343268761265 0.17714304190415603 0.03175772153414213 0.03202254955585186
0 0.6584526942326472 0.9531680620633639 0.0176388667179988 0.017339119544396035
0 0.3772762738741361 0.71753846682035 0.015781696026141826 0.015996199387770433
0 0.5239530710073618 0.06333402028450599 0.043636175302358776 0.043986109586862415
0 0.49032214971689075 0.09998248173640324 0.031790659977839544 0.03182759651770958
0 0.20938653212327224 0.3829801999605619 0.017463060525747445 0.017504325279822715
0 0.653346061706543 0.16459032205434945 0.02963858384352464 0.03002474858210637
0 0.7168461726262019 0.10396291659428523 0.030565701998197116 0.03058914037851187
0 0.1498576127565824 0.8953549311711237 0.04482181255634014 0.06714542095477764
0 0.7011544154240534 0.0842432058774508 0.03146978525015024 0.032491871943840615
0 0.25960702162522536 0.9729709625244141 0.03519281974205604 0.03485254141000601
0 0.28048181533813477 0.39877939224243164 0.1274237999549279 0.12601148165189302
0 0.3389873504638672 0.5182137856116662 0.01930838364821214 0.019518191997821514
0 0.44167606647198016 0.16405155108525202 0.024611839881310098 0.024528136620154746
0 0.3261875372666579 0.12481506054217999 0.01505580315223107 0.015254020690917969
0 0.8519115447998047 0.5775497876680814 0.015555748572716346 0.015477620638333835
0 0.3905782699584961 0.08432243420527531 0.051858681898850664 0.04998574348596426
0 0.1890858686887301 0.7093360607440655 0.07178790752704327 0.0711373549241286
0 0.5805142476008489 0.07841581564683181 0.021784488971416768 0.022304534912109375
0 0.19008531937232384 0.8211855521568885 0.014719559596135067 0.015111483060396634
0 0.4013286003699669 0.10893164231226994 0.016435769888070915 0.016295433044433594
0 0.6808192913348858 0.0710983001268827 0.024655562180739183 0.02485478841341459
0 0.638541735135592 0.283272174688486 0.02906520550067608 0.029362935286301833
0 0.4430357859684871 0.5954471001258264 0.014676607572115384 0.014799778278057393
0 0.26511309697077823 0.32387462029090297 0.04011403597318209 0.03933101433974046
0 0.6769084930419922 0.13978704122396615 0.0253750727726863 0.025063753128051758
0 0.7000886476956881 0.28481219365046573 0.03217124938964844 0.03214938823993389
0 0.6227124287531927 0.2314415711622972 0.02566660367525541 0.025487569662240837
0 0.2093954453101525 0.43972044724684495 0.1017610109769381 0.10153711759127103
0 0.31742429733276367 0.7520391024076022 0.015123880826509915 0.015120286207932692
0 0.2699601100041316 0.41269471095158505 0.024504368121807393 0.024426827063927285
0 0.3614841607900766 0.7688802572397085 0.031204076913686898 0.03127582256610577
0 0.6642445784348708 0.045241901507744424 0.01562646719125601 0.015569365941561185
0 0.30263566970825195 0.6258919055645282 0.014311276949368991 0.0141908205472506
0 0.14096180292276236 0.9839319082406851 0.02564703501187838 0.023094764122596152
0 0.4051890740027794 0.8115584300114558 0.021771871126615085 0.022383763239933893
0 0.2570525866288405 0.6031457827641413 0.016854286193847656 0.01703196305495042
0 0.6705687596247747 0.5087692920978253 0.018053494966947116 0.01819331829364483
0 0.6409845352172852 0.21400143549992487 0.015390982994666466 0.015283511235163761
0 0.689461194551908 0.5279509471012995 0.030255831204927884 0.030199050903320312
0 0.6429553398719201 0.32152509689331055 0.016036840585561898 0.01668687967153696
0 0.17458979900066668 0.9281763663658729 0.02541633752676157 0.02582124563363882
0 0.5727674410893366 0.042711693506974444 0.047097426194411054 0.0457531763957097
0 0.7123474707970252 0.7368375338040866 0.33695510717538685 0.35598171674288237
0 0.43294092325063854 0.5548395743736854 0.017824172973632812 0.018123626708984375
0 0.4171939262977013 0.47160834532517654 0.02453950735238882 0.024421325096717246
0 0.2464431249178373 0.11702399987440842 0.016477218041053183 0.0166016725393442
