0 0.40444080646221453 0.20415175878084624 0.23328113555908203 0.23463524304903471
0 0.7134034083439753 0.7774556966928335 0.22599660433255708 0.23280980036808893
0 0.17970488621638372 0.3192573327284593 0.11608043083777794 0.11531499715951773
0 0.25238675337571365 0.3489575752845177 0.13763200319730318 0.13764667510986328
0 0.8451987046461839 0.10378390092116135 0.06702012282151443 0.0672045900271489
0 0.5379676085252029 0.09258008003234863 0.053859857412484974 0.05419036058279184
0 0.2511109205392691 0.5700675524198092 0.06037455338698167 0.06027067624605619
0 0.16633006242605355 0.5577393311720628 0.03457927703857422 0.03432156489445613
0 0.3820465161250188 0.4052005914541391 0.03959875840407152 0.03984847435584435
0 0.20200175505418044 0.07775663412534274 0.03138124025785006 0.03145100520207332
0 0.2300862899193397 0.6199188232421875 0.04364219078650841 0.043764517857478216
0 0.5010180840125451 0.6992658468393179 0.02280117915226863 0.022800152118389424
0 0.2665695043710562 0.4883622389573317 0.06465222285344051 0.06372393094576322
0 0.7530624683086689 0.08047566047081581 0.022177916306715745 0.02236659710223858
0 0.5957258664644681 0.7223792442908654 0.021747002234825723 0.02176064711350661
0 0.1957858158991887 0.4232165996844952 0.027306630061222956 0.027369352487417366
0 0.7493327214167669 0.5297356385451096 0.023963047907902643 0.02382051027738131
0 0.5178373410151556 0.6864091433011569 0.02044222905085637 0.02059789804311899
0 0.42150768866905797 0.4994494364811824 0.10064359811636117 0.09906079218937801
0 0.5795230865478516 0.7446983043964093 0.02393619830791767 0.023785224327674277
0 0.6986832251915565 0.13444556639744684 0.022607803344726562 0.022487145203810472
0 0.6793500460111178 0.6919414080106295 0.021567124586838942 0.021754925067608174
0 0.8704298459566556 0.7338361006516677 0.01949926523061899 0.019422531127929688
0 0.8215472881610577 0.42279258141150844 0.02092566856971154 0.021010472224308893
0 0.69347594334529 0.2880673041710487 0.023291367750901442 0.023058304419884317
0 0.9341606727013221 0.08431484149052547 0.019991067739633415 0.02034609134380634
0 0.13009434479933518 0.6697981174175556 0.03051607425396259 0.03105926513671875
0 0.2259825559762808 0.43668651580810547 0.01851507333608774 0.018636556772085335
0 0.8469094496506911 0.062234851030203014 0.016399970421424277 0.016315643603985127
0 0.12079486480126014 0.6877083411583533 0.015802695200993463 0.016062222994290866
0 0.5404569185697116 0.13160783510941726 0.019812363844651442 0.01987321560199444
0 0.09235058381007268 0.41544180649977464 0.1138306214259221 0.11696822826678936
0 0.9409010226909931 0.6946502098670373 0.017592210036057692 0.017605708195612982
0 0.9614828549898587 0.8970039807833158 0.016727740948016826 0.021426274226262018
0 0.1423481977902926 0.6937983586237981 0.028217572432297926 0.02817256634051983
0 0.20452444369976336 0.14680943122276893 0.02038126725416917 0.020456350766695462
0 0.6053325212918795 0.10715071971599872 0.02268380385178786 0.022954243880051833
0 0.12231821280259353 0.705121480501615 0.016155279599703275 0.01598358154296875
0 0.7942008972167969 0.41594831760113055 0.037878183218149036 0.03876363314115084
0 0.9434983180119441 0.06041856453968929 0.022540459266075723 0.022965880540701058
0 0.7072655604435847 0.41652701451228213 0.05436794574444111 0.05420626126802885
0 0.6965511028583233 0.05480460937206562 0.025829608623798076 0.025664100280174844
0 0.8711141439584585 0.6590184431809646 0.01661858191856971 0.016568697415865384
0 0.8851310289823092 0.03633647698622484 0.021010912381685697 0.020957093972426195
0 0.29236265329214245 0.5588418153616098 0.024988174438476562 0.02511141850398137
0 0.66215757223276 0.19183914478008562 0.018009772667518027 0.01806959739098182
0 0.6535038581261268 0.24610391029944786 0.0193023681640625 0.019303101759690505
0 0.7734080094557542 0.16183082874004656 0.018136244553786058 0.01821789374718299
0 0.6370972853440505 0.19396609526414138 0.01765779348520132 0.017619866591233473
0 0.7661847334641677 0.4968712880061223 0.016566349909855768 0.016434155977689303
0 0.371919191800631 0.03291006959401644 0.017753160916841947 0.01795871899678157
0 0.5714872066791241 0.20630506368783805 0.018610220689039964 0.018777994009164665
0 0.3828554887038011 0.0720527172088623 0.016584249643179085 0.017166614532470703
0 0.2524623687450702 0.5232061239389273 0.02690740732046274 0.026847179119403545
0 0.19776076536912185 0.49701316540057844 0.060372572678786054 0.05877113342285156
0 0.8970662630521334 0.6957511901855469 0.02181214552659255 0.021932455209585335
0 0.9365999515240009 0.5861758452195388 0.015937365018404447 0.01597741933969351
0 0.14110631209153396 0.5645469518808218 0.01961689728956956 0.019993048447829027
0 0.9307918548583984 0.6605236346905048 0.0203250004695012 0.020060612605168268
0 0.8089477098905123 0.3102202048668495 0.016107559204101562 0.015817770591148965
0 0.8808606954721304 0.4254301511324369 0.017181836641751803 0.01718477102426382
0 0.764823473416842 0.4101756169245793 0.04294013977050781 0.04466599684495192
0 0.44993730691763073 0.05448583456186148 0.015458620511568509 0.015526276368361253
0 0.863216913663424 0.05074084722078764 0.01608144319974459 0.016282136623676006
0 0.1108696644122784 0.5975140058077298 0.013896483641404372 0.013793431795560397
0 0.8181146474984976 0.4359879126915565 0.030592991755558893 0.03033784719613882
0 0.08365931877723107 0.5554510263296274 0.0175170531639686 0.017696380615234375
0 0.13414927629324105 0.45796632766723633 0.01417853282048152 0.01432191408597506
0 0.290438175201416 0.5264623348529522 0.03445309859055739 0.03384047288161058
0 0.41685185065636265 0.7163683084341196 0.02312014653132512 0.023554875300480768
0 0.8331196124737079 0.4793579028202937 0.018716078538161058 0.018637657165527344
0 0.2676082024207482 0.29750620401822603 0.01561425282404973 0.015503699962909404
0 0.04108916337673481 0.7568314625666692 0.014681054995610164 0.014975327711838942
0 0.622101196875939 0.3680626062246469 0.0678863525390625 0.06750561640812801
0 0.6307037060077374 0.48863994158231294 0.015370002159705529 0.015282264122596154
0 0.24584722518920898 0.9304462579580454 0.015125091259296123 0.015307939969576322
0 0.9150320933415339 0.6487288108238807 0.01416485126201923 0.014253909771259014
0 0.6870233829204853 0.0439376189158513 0.021161299485426683 0.021537764714314386
0 0.21382803183335525 0.501796869131235 0.014376603640042819 0.014201090886042668
0 0.32316985497107875 0.4227603032038762 0.07626489492563102 0.07524879162128155
0 0.577594096844013 0.6859537271352915 0.013965753408578726 0.014099707970252404
0 0.2975901273580698 0.030769476523766152 0.07209876867441031 0.06004182191995474
0 0.03982489384137667 0.7329672299898587 0.013942801035367526 0.01504986102764423
0 0.8988042244544396 0.3905991774338942 0.014275770920973558 0.014406644381009616
0 0.4230598302987906 0.41335230607252854 0.04193423344538762 0.041718629690317005
0 0.20670795440673828 0.5426263809204102 0.04534277549156776 0.04532696650578426
0 0.5523821023794321 0.1463029017815223 0.01489426539494441 0.014919060927170973
0 0.5556897016671988 0.697441027714656 0.014151279742901143 0.013964579655573918
0 0.599843428685115 0.22938203811645508 0.015887994032639723 0.01611775618333083
0 0.8721576103797326 0.07693626330449031 0.01951452401968149 0.01963876302425678
0 0.5600039408757136 0.2677033497737004 0.02156242957481971 0.02121870334331806
0 0.944048441373385 0.36618680220383865 0.04397113506610577 0.04597385113055889
0 0.15104949474334717 0.5272202491760254 0.01400149785555326 0.013843463017390324
0 0.7975818193875827 0.3679616634662335 0.023754119873046875 0.02361473670372596
0 0.9488726395827073 0.7729904468242939 0.014920748197115384 0.015163128192608174
0 0.6659781382634089 0.6526134197528546 0.014980462881234976 0.015019930326021634
0 0.10908112159142128 0.2857663081242488 0.025220045676598184 0.025486029111422025
0 0.674166752741887 0.09819197654724121 0.015658745398888223 0.015814817868746243
0 0.8226622067964994 0.05670587833111103 0.021570205688476562 0.021530701563908503
0 0.20971518296461839 0.6772381709172175 0.01418319115271935 0.0142059326171875
0 0.11307339484875019 0.3366729662968562 0.017492239291851338 0.01769682077261118
0 0.9585572756253756 0.7180203657883865 0.016326023982121393 0.027073493370643027
