0 0.7174558639526367 0.768740727351262 0.16344261169433594 0.2087557866023137
0 0.2912490184490497 0.9248906649076022 0.16800726377047026 0.1459071819598858
0 0.446474368755634 0.6181648694551908 0.10553609407865085 0.10694503784179688
0 0.5694435926584097 0.8750220078688401 0.052732687730055586 0.0525659414438101
0 0.6090653492854192 0.935019273024339 0.02295963580791767 0.02321624755859375
0 0.6889154727642353 0.11190473116361178 0.034872788649338946 0.034829359788161054
0 0.6258395268366888 0.3978143838735727 0.021383138803335335 0.021626399113581732
0 0.7186693778404822 0.617148179274339 0.020824725811298076 0.02106607877291166
0 0.39275448138897234 0.5982153599078839 0.05071830749511719 0.05016745053804838
0 0.24914347208463228 0.5009690064650315 0.06528249153724083 0.06589720799372746
0 0.466426629286546 0.014916612551762508 0.028023499708909255 0.0270496652676509
0 0.7222059690035306 0.11925240663381723 0.020362707284780648 0.02035830571101262
0 0.5373039979201096 0.8893903585580679 0.03646175677959736 0.03665571946364183
0 0.7777142891517053 0.25371391956622785 0.023099165696364183 0.023165262662447415
0 0.2547016877394456 0.343109497657189 0.018422493567833535 0.018100151648888223
0 0.5672683715820312 0.34188160529503453 0.0368961921105018 0.037024424626277044
0 0.3267344694871169 0.04192035014812763 0.017466618464543268 0.017551495478703424
0 0.31378977115337664 0.5460712359501765 0.03766140571007362 0.037348380455603965
0 0.4326990567720853 0.2605310586782602 0.01794272202711839 0.017882493826059196
0 0.4320201140183669 0.7394748100867639 0.019635714017427884 0.019650679368239183
0 0.23078434283916766 0.4309864044189453 0.041258591871995196 0.0413362796490009
0 0.47852303431584287 0.12153809804182786 0.020466951223520134 0.020290888272798978
0 0.45392722349900466 0.7928650195782001 0.024447147662823018 0.02458983201246995
0 0.24223775130051833 0.37424652393047625 0.019713768592247598 0.019962897667518027
0 0.47243492419903094 0.14342617988586426 0.018478980431189902 0.01827839704660269
0 0.3821096420288086 0.2727646094102126 0.015566018911508413 0.015891221853402946
0 0.38384400881253755 0.8601875305175781 0.021783095139723558 0.021632267878605768
0 0.6306034968449519 0.1073377407514132 0.03181105393629808 0.032042668415949896
0 0.5457340387197641 0.04150813359480638 0.025061387282151442 0.025303336290212777
0 0.6344149662898138 0.14214040682866022 0.021761087270883415 0.021857445056621846
0 0.2894425025353065 0.011029612559538621 0.03476091531606821 0.02086665080143855
0 0.7418716137225811 0.358491640824538 0.023305159348707933 0.023552527794471152
0 0.27703217359689564 0.6363155658428485 0.03267610990084135 0.03323070819561298
0 0.748391371506911 0.165283386523907 0.015127622164212741 0.015139102935791016
0 0.239470701951247 0.020976311885393582 0.02987076685978816 0.03084660951907818
0 0.7491317162146935 0.49842973855825573 0.01535797119140625 0.015261430006760817
0 0.6154321523813101 0.3702846673818735 0.02708262663621169 0.027454229501577523
0 0.45986769749568057 0.6732800557063177 0.03427886962890625 0.034902132474459134
0 0.5067982306847205 0.12428731184739333 0.016744687007023737 0.016536749326265775
0 0.503198293539194 0.6853617888230544 0.018199920654296875 0.018350601196289062
0 0.530831557053786 0.7531844652616061 0.015537115243765024 0.015647448026216947
0 0.5355656697199895 0.8150982489952674 0.015246171217698317 0.015406095064603366
0 0.2586104686443622 0.2796347141265869 0.015215506920447716 0.015219174898587741
0 0.706718371464656 0.9581741919884315 0.07104565547062801 0.07057131253756009
0 0.4565900289095365 0.8389968872070312 0.03768003903902494 0.03775655306302584
0 0.7151807638315054 0.2718953902904804 0.017560518704927884 0.017102865072397087
0 0.2379589814406175 0.09494409194359413 0.026680432833158053 0.026088824638953574
0 0.45946099207951474 0.1974181028512808 0.02164327181302584 0.021860856276292067
0 0.658743638258714 0.36843138474684495 0.01412494365985577 0.014207253089317909
0 0.5501421414888822 0.4520265872661884 0.029740260197566107 0.02985983628493089
0 0.31699319986196667 0.14080984775836652 0.028180654232318584 0.028454340421236478
0 0.21880494631253755 0.031767854323753945 0.024489329411433294 0.028556392743037298
0 0.6631032503568209 0.8945861229529748 0.020513387826772835 0.02029242882361779
0 0.5502457985511193 0.7311267852783203 0.02111655015211839 0.02097173837515024
0 0.34023259236262393 0.6996618417593149 0.014458289513221154 0.01415722186748798
0 0.6241560715895432 0.42120126577524036 0.014244666466346154 0.014140936044546274
0 0.5085566960848295 0.8935883595393255 0.02001806405874399 0.020441642174353965
0 0.5028629302978516 0.20055939601017878 0.01674960209773137 0.016684312086838942
0 0.42662437145526594 0.049759928996746354 0.016925958486703727 0.016947819636418268
0 0.5142269868117112 0.0704817405113807 0.02017828134390024 0.020229101181030273
0 0.4162934376643254 0.7470001073984 0.015600791344275841 0.01569205064039964
0 0.677219977745643 0.5921341089101938 0.014750847449669471 0.014756055978628306
0 0.7166180243858924 0.8737795169536884 0.12836720393254206 0.12198580228365384
0 0.730643785916842 0.30470136495736927 0.014337099515474759 0.014368790846604567
0 0.5970753889817458 0.3125666104830228 0.020470399122971755 0.021132542536808893
0 0.3748447344853328 0.8308993119459885 0.017186311575082634 0.0171200678898738
0 0.2698530417222243 0.32576942443847656 0.019799525921161357 0.01968075678898738
0 0.7507564838115985 0.34070865924541766 0.013671581561748799 0.013955116271972656
0 0.7178578743567834 0.9603264882014348 0.08163701570951022 0.07585393465482272
0 0.33249392876258266 0.3204063268808218 0.023428696852463942 0.02342062730055589
0 0.3459042769211989 0.7493694011981671 0.015729610736553486 0.015842437744140625
0 0.5389204758864182 0.1245790903384869 0.015064386221078726 0.014874733411348783
0 0.6281848320594201 0.01013645644371326 0.01943793663611779 0.018076385443027202
0 0.2324821032010592 0.10091891655555138 0.04306107300978441 0.0428311824798584
0 0.39920810552743763 0.9733029879056491 0.09851154914269081 0.049845181978665866
0 0.7286497262807993 0.3383965859046349 0.02037840623121995 0.020519036513108473
0 0.7831558814415565 0.09942417878371018 0.014617333045372596 0.014748976780818058
