0 0.4833234640268179 0.38584408393272984 0.19238633375901443 0.19258908125070426
0 0.3409638771644005 0.5490917792687049 0.03871066753680889 0.03877595754770132
0 0.07240013892834003 0.09518015384674072 0.04119504415071928 0.05980636523320125
0 0.7884578704833984 0.12671672380887544 0.06337855412409855 0.0637053342965933
0 0.15108862290015587 0.6027878981370193 0.024884920853834886 0.024820767916165866
0 0.28957781424889195 0.36286009274996245 0.028877698458158053 0.028907335721529447
0 0.4264312524061937 0.6417431464562049 0.028453826904296875 0.028380467341496393
0 0.19720946825467622 0.43393197426429164 0.030390556042010967 0.030303441561185397
0 0.612670531639686 0.24263965166532075 0.020031122060922477 0.02018128908597506
0 0.1870298018822303 0.5974974999060998 0.019802607022798978 0.02018459026630108
0 0.2825911595271184 0.08837001140301044 0.024373201223520134 0.024627557167640098
0 0.7611942291259766 0.6685769741351788 0.023766737717848558 0.02392446077786959
0 0.6573017560518705 0.30571955900925857 0.01765779348520132 0.017575924213115986
0 0.0989086444561298 0.6984770848200872 0.0386509895324707 0.03836969228891226
0 0.9041014451246995 0.7402521280141977 0.0381617912879357 0.037813626802884616
0 0.32375343029315656 0.9523027860201322 0.02030313931978666 0.02037180387056791
0 0.5092769402724046 0.8912188456608698 0.0327153572669396 0.032652781559870794
0 0.06590118775000939 0.4927666737483098 0.02404357836796687 0.028186798095703125
0 0.12403051669781025 0.5680459462679349 0.01869971935565655 0.018725248483511116
0 0.83374940432035 0.32400230260995716 0.017728658822866585 0.01786936246431791
0 0.6753059533926157 0.35564547318678635 0.016890452458308294 0.01696909390963041
0 0.6951760512131911 0.7647404303917518 0.021364652193509616 0.02136509235088642
0 0.5927906036376953 0.11026080755087045 0.025397814237154447 0.025504937538733848
0 0.3703722586998573 0.15690011244553786 0.017277937669020433 0.01715506040132963
0 0.17835044860839844 0.3211617102989784 0.020130230830265924 0.02019816178541917
0 0.06990588628328763 0.2995457282433143 0.0192568668952355 0.01915454864501953
0 0.35632984454815203 0.6056846471933218 0.01650267380934495 0.016727594228891227
0 0.4554279033954327 0.26623080326960635 0.01677425091083233 0.016773517315204326
0 0.29301164700434756 0.22612535036527193 0.015678809239314154 0.015846105722280648
0 0.5532206021822416 0.9434525416447566 0.021223948552058294 0.021457672119140625
0 0.13157325524550217 0.7075557708740234 0.015846692598783053 0.016039334810697116
0 0.31099777955275315 0.8800268173217773 0.022875859187199518 0.02286074711726262
0 0.09826223666851337 0.822116705087515 0.023995326115534857 0.024260741013746995
0 0.8027953367966872 0.22717719811659592 0.01530163104717548 0.015456199645996094
0 0.3197909868680514 0.2566025440509503 0.02404638437124399 0.024046677809495192
0 0.509041639474722 0.061922577711252064 0.014533556424654447 0.014544065182025615
0 0.6508407592773438 0.2654038942777194 0.018853260920597956 0.019269686478834886
0 0.7051564730130709 0.8394068204439603 0.016494897695688102 0.016498565673828125
0 0.6884501530573919 0.3062175237215482 0.01606574425330529 0.01606618441068209
0 0.6109381455641526 0.8192365352924054 0.016267776489257812 0.01625222426194411
0 0.2793014966524564 0.44605130415696365 0.015557802640474759 0.01550447023831881
0 0.3960830248319186 0.9834276346059946 0.019916387704702523 0.019532423753004808
0 0.4378188206599309 0.023414708100832425 0.023120733407827523 0.023182043662438027
0 0.3719210624694824 0.6128884095412034 0.016074400681715745 0.015775240384615384
0 0.5522021513718826 0.5698967346778283 0.04440718430739183 0.04423398237961989
0 0.4412053181574895 0.15537052888136643 0.0148622072660006 0.014945910527155949
0 0.20986423125633827 0.23009945796086237 0.014279328859769382 0.014408294971172627
0 0.15478979624234712 0.2026533713707557 0.014720549950232873 0.014661055344801683
0 0.06354716190925011 0.9587830763596755 0.014224822704608623 0.016921116755558893
0 0.2637788882622352 0.48229276216947115 0.014407194577730618 0.014348690326397236
0 0.28064626913804275 0.5217450582064115 0.01356660402738131 0.01360321044921875
0 0.37874258481539214 0.3307453669034518 0.014135947594275841 0.014001259436974159
0 0.8598150106576773 0.9250016579261193 0.02039615924541767 0.020454260019155648
0 0.2907547950744629 0.05533062494718111 0.01670683347261869 0.01728215584388146
0 0.08983274606557992 0.3538634960467999 0.019620565267709587 0.019662857055664062
0 0.2577325930962196 0.6632713904747596 0.014476666083702674 0.014373485858623799
0 0.7436852088341346 0.8963131537804236 0.022433060866135817 0.022782105665940505
0 0.0634827522131113 0.46371005131648135 0.0180209416609544 0.019654347346379206
0 0.9073957296518179 0.2641443656041072 0.014869249784029447 0.015219688415527344
0 0.6398269946758564 0.3685784706702599 0.015146402212289663 0.015273754413311299
0 0.3958609654353215 0.9350675436166617 0.020294776329627402 0.020388676570012018
0 0.21514030603262094 0.4927269128652719 0.014270635751577524 0.014268581683819111
0 0.4472883664644681 0.7600295727069561 0.028783431419959433 0.028888995830829326
0 0.32280327723576474 0.02306452622780433 0.015313075138972355 0.015473146851246174
0 0.4413891572218675 0.8256093538724459 0.015592648432804989 0.015634536743164062
0 0.9002195504995493 0.2612400788527269 0.02457604041466346 0.024620679708627555
0 0.1054852559016301 0.6396190936748798 0.021045978252704326 0.02124360891488882
0 0.8702834936288687 0.14325631581819975 0.01750784653883714 0.01785933054410494
0 0.46883909518902117 0.6029277581434983 0.021140098571777344 0.021121832040640023
