0 0.1201476500584529 0.05595979782251211 0.06807514337392953 0.06890470248002273
0 0.6669110518235427 0.43454595712515026 0.03439536461463341 0.03419215862567608
0 0.8633255591759315 0.7728428473839393 0.025756982656625602 0.025776496300330527
0 0.8444384061373197 0.6522542513333834 0.022362635685847357 0.0223846435546875
0 0.4191471980168269 0.8585154460026667 0.02309894561767578 0.022905936607947715
0 0.18265364720271185 0.5990772614112267 0.030922486231877253 0.030978863055889424
0 0.5706105965834397 0.383265862098107 0.019141490642841045 0.018954350398137018
0 0.541042107802171 0.260744204887977 0.02923730703500601 0.02936557623056265
0 0.7919464111328125 0.6740264892578125 0.019863422100360576 0.020042859590970553
0 0.4578094115624061 0.8615732926588792 0.035668446467472956 0.035622816819411054
0 0.1909324205838717 0.13137151644780085 0.023903553302471455 0.02415884458101713
0 0.20465883841881385 0.4701073353107159 0.016821934626652643 0.01679537846491887
0 0.32784197880671573 0.713915751530574 0.017280138455904447 0.017792628361628607
0 0.34792577303372896 0.7075615662794846 0.025409698486328125 0.02560116694523738
0 0.28403608615581805 0.7149220980130709 0.01887827653151292 0.018817608173076924
0 0.724941400381235 0.05692363243836623 0.019585536076472357 0.01973436428950383
0 0.8952134939340445 0.9253965524526743 0.031824552095853366 0.0518641838660607
0 0.2671099075904259 0.9430313110351562 0.030983998225285456 0.031286386343149036
0 0.5689011353712815 0.23639660615187424 0.016196617713341348 0.01630086165208083
0 0.2933303392850436 0.3718358553372897 0.015878970806415264 0.016006909883939303
0 0.20256511981670672 0.22234542553241438 0.016499886145958535 0.016460418701171875
0 0.791970839867225 0.5935813096853403 0.03466224670410156 0.03494115976186899
0 0.8372123424823468 0.41197894169734073 0.02536597618689904 0.025482177734375
0 0.2809766622690054 0.3892555236816406 0.015368094811072716 0.015243823711688701
0 0.7538931919978216 0.5924965785099909 0.038072439340444714 0.038549569936899036
0 0.729696640601525 0.5729006620553824 0.041812896728515625 0.04274404965914213
0 0.5174402090219351 0.09700234119708721 0.02090608156644381 0.021269468160775993
0 0.11932187813978928 0.7122874626746545 0.02619644311758188 0.02651243943434495
0 0.29160682971660906 0.40040074861966646 0.01557016372680664 0.01569527846116286
0 0.18298178452711839 0.32444528432992786 0.015493319584773136 0.015477400559645433
0 0.14778139958014855 0.18503255110520583 0.0169063898233267 0.016697810246394232
0 0.21709996003371018 0.24511166719289926 0.02068321521465595 0.02039168431208684
0 0.8228768568772536 0.7621676371647761 0.019918295053335335 0.019465813269981973
0 0.3466563591590294 0.11614488638364352 0.16756343841552734 0.17036216075603777
0 0.7793692808884841 0.29421637608454776 0.015545038076547476 0.0157315180851863
0 0.2572033588702862 0.06624929721538837 0.03931698432335487 0.03909033995408278
0 0.14299133190741906 0.32441946176382214 0.017340806814340446 0.017142809354341947
0 0.4125500458937425 0.4222402572631836 0.014732800997220553 0.014606769268329326
0 0.8885943339421198 0.07270414095658523 0.01536853496844952 0.015500288743239183
0 0.2065883783193735 0.2789023656111497 0.01476144790649414 0.014972906846266527
0 0.7862832729633038 0.5518271372868464 0.047568247868464544 0.0483854733980619
0 0.4014770434452937 0.21675542684701773 0.016828243549053486 0.01693875973041241
0 0.7877477499154898 0.19463236515338606 0.017138261061448317 0.01726073485154372
0 0.268006654886099 0.3817101258497972 0.018472964947040264 0.018047186044546273
0 0.6769437056321365 0.08163747420677772 0.016255305363581732 0.016579554631159857
0 0.30957379707923305 0.4055907909686749 0.02364510756272536 0.023859610924353965
0 0.16739511489868164 0.17001647215623122 0.01500408466045673 0.015167529766376201
0 0.6561932930579553 0.24518354122455305 0.014733387873722957 0.014552923349233774
0 0.505808793581449 0.3385435617887057 0.09627452263465294 0.096739622262808
0 0.5409246591421274 0.10872441988724929 0.014686804551344652 0.01462228481586163
0 0.6291822286752554 0.7380564762995794 0.017502417931189902 0.017541005061222956
0 0.5775737395653358 0.17172332910391 0.019556265610914964 0.019569983849158652
0 0.5145119887131911 0.6918131021352915 0.06479057898888221 0.06502723693847656
0 0.30119701532217175 0.42276906967163086 0.014816797696627103 0.01477813720703125
0 0.698433362520658 0.25456698124225324 0.01883873572716346 0.018976798424353965
0 0.27219746663020206 0.07755783888009879 0.19947088681734526 0.15367801372821516
0 0.488706295306866 0.954076180091271 0.015375137329101562 0.01553638164813702
0 0.42833614349365234 0.5543239666865423 0.020949290348933294 0.020886054405799277
0 0.4593020585867075 0.4773448430574857 0.016567743741548978 0.0168307377741887
0 0.573589985187237 0.01593300700187683 0.01975096189058744 0.019961141622983493
0 0.2559050780076247 0.4422456301175631 0.018239534818209134 0.018497467041015625
0 0.8404063444871169 0.41222216532780576 0.029766963078425482 0.029361504774827223
0 0.29065942764282227 0.24509110817542443 0.017737828768216647 0.018110385307898887
