0 0.42397528428297776 0.798527350792518 0.19742496197040266 0.19978215144230768
0 0.4956750502953163 0.5650899226848896 0.07855987548828125 0.07861174069918118
0 0.2704892158508301 0.020003444873369657 0.038760992196890026 0.03813061805871817
0 0.5517264879666842 0.32903806979839617 0.07421713608961839 0.07520888401911809
0 0.6345220712515024 0.7581037374643179 0.05908672626201923 0.058687063363882214
0 0.5830405675447904 0.8103184333214393 0.054964579068697415 0.054476224459134616
0 0.23769050378065842 0.2871264677781325 0.027704642369196966 0.028983556307279147
0 0.5189082072331355 0.9628231342022235 0.051102711604191706 0.05122683598445012
0 0.7709928659292368 0.9347196725698618 0.021148681640625 0.021466475266676683
0 0.4789494000948392 0.1760082978468675 0.02486903850848858 0.025192627540001504
0 0.7504670069767878 0.32844095963698167 0.03350668687086839 0.03381619086632362
0 0.3468522291917067 0.34243224217341495 0.06952652564415565 0.07009491553673378
0 0.4101877946120042 0.5270049021794245 0.036695627065805286 0.03726475055401142
0 0.3607757274921124 0.08440648592435397 0.018210924588716947 0.018009914801670954
0 0.36815452575683594 0.6701094554020808 0.02497232877291166 0.024857594416691706
0 0.4056682586669922 0.23681864371666542 0.022980469923753005 0.023076497591458835
0 0.749629387488732 0.20922426077035758 0.022166912372295674 0.02225516392634465
0 0.5762825379004846 0.7404938477736253 0.05793960277850811 0.05792793860802284
0 0.27644060208247256 0.820740112891564 0.028067295367901143 0.028351710392878607
0 0.733096196101262 0.755825923039363 0.01963659433218149 0.019404191237229567
0 0.5014627896822416 0.6404813619760367 0.02789790813739483 0.027783613938551683
0 0.5492343168992263 0.15647325148949257 0.018131402822641227 0.017840128678541917
0 0.7082972893348107 0.9201662357036884 0.01801300048828125 0.017939054048978366
0 0.3615875977736253 0.28019131146944487 0.01786518096923828 0.017738195566030648
0 0.41552239197951096 0.5854235429030198 0.11620836991530198 0.1179202153132512
0 0.6766844529371995 0.07026245043827938 0.017117426945612982 0.017055768233079176
0 0.6977630028357873 0.8716881091778095 0.019734015831580527 0.019842001108022835
0 0.345005438877986 0.5592667506291316 0.02760446988619291 0.027205687302809495
0 0.28459658989539516 0.11610596913557786 0.017876111544095553 0.01763041202838604
0 0.7637808873103216 0.14161530824807975 0.02305001478928786 0.0333102483015794
0 0.5503703630887545 0.03241726756095886 0.019032845130333535 0.01915789109009963
0 0.7102187230036809 0.5826725959777832 0.023374557495117188 0.023343526400052585
0 0.6587506807767428 0.71917724609375 0.040067232572115384 0.03994076068584736
0 0.5861095648545486 0.46077574216402495 0.01704127971942608 0.017123075631948616
0 0.3014647043668307 0.3519698656522311 0.020412224989670973 0.020612276517427884
0 0.5395633624150202 0.8767689924973708 0.0320428701547476 0.03216406015249399
0 0.3072984218597412 0.5503048896789551 0.052077990311842695 0.05177600567157452
0 0.6090816717881423 0.21389102935791016 0.01750029050386869 0.01763131068303035
0 0.6931681266197791 0.7091307273277869 0.0477136465219351 0.04813854510967548
0 0.5195065278273362 0.6105010692889874 0.017842659583458535 0.01789239736703726
0 0.6509725130521334 0.2532460139347957 0.016027303842397835 0.015958639291616585
0 0.7549891838660607 0.3116033627436711 0.018029139592097357 0.018155904916616585
0 0.7284444662240835 0.5386859086843637 0.017078399658203125 0.017501097459059495
0 0.6543962038480319 0.654354975773738 0.016750629131610576 0.016670813927283652
0 0.7434805356539212 0.04040059676537147 0.016924051138070915 0.016917960001872137
0 0.5821919808020959 0.6514185391939603 0.03985272921048678 0.03964790931114784
0 0.5898503523606521 0.9683811481182392 0.030551616962139424 0.030313638540414665
0 0.5643484409038837 0.08052796583909255 0.019267889169546273 0.01922156260563777
0 0.752436637878418 0.25959044236403245 0.04385302616999699 0.044359060434194714
0 0.23744496932396522 0.06933625844808725 0.016158140622652493 0.016113464648907002
0 0.6562816913311298 0.988076430100661 0.018918991088867188 0.018909454345703125
0 0.46470187260554385 0.6175212860107422 0.024948266836313102 0.025183457594651442
0 0.6904552166278546 0.27249712210435134 0.017306107741135817 0.0175936038677509
0 0.2840043031252347 0.9479167644794171 0.01674369665292593 0.016652474036583535
0 0.41875707186185396 0.14126105491931623 0.016257652869591348 0.016072530012864333
0 0.6136576579167292 0.15478834739098182 0.017200323251577523 0.017239093780517578
0 0.55005433009221 0.6725293673001803 0.022727819589468148 0.022747920109675482
0 0.554291505080003 0.9179806342491736 0.01624752924992488 0.016088045560396634
0 0.5616053434518667 0.8619097196138822 0.01794594984788161 0.01789239736703726
0 0.7310924530029297 0.407071407024677 0.017094832200270433 0.017129824711726263
0 0.584042659172645 0.7022728553185096 0.02232705629788912 0.02240327688363882
0 0.26291759197528547 0.1823763113755446 0.01847072748037485 0.01857335750873272
0 0.7259694612943209 0.22260819948636568 0.015700266911433294 0.015166062575120192
0 0.3947610121506911 0.09325673946967492 0.01695588918832632 0.016983490723830003
0 0.458861020895151 0.27699918013352615 0.015528018657977764 0.015416952279897837
0 0.5510950088500977 0.585359500004695 0.017887408916766826 0.017845740685096152
0 0.7597651114830604 0.18761632992671087 0.017507553100585938 0.017555603614220254
0 0.7634959587684045 0.22698097962599534 0.024138817420372598 0.03120847848745493
0 0.41440464900090146 0.32435248448298526 0.01800390390249399 0.017960621760441706
0 0.5134195914635291 0.8968491921058068 0.016698103684645433 0.016773370596078727
0 0.4709575359637921 0.19873633751502404 0.015440574059119591 0.015528385455791768
0 0.6834898728590745 0.21694700534527117 0.015398759108323317 0.015566532428448018
0 0.7183705843411959 0.43051363871647763 0.024136469914362982 0.024218999422513522
0 0.6128099148090069 0.1936346934391902 0.02123289841871995 0.02121874002309946
0 0.27575217760526216 0.04950552261792696 0.01674630091740535 0.01647037726182204
0 0.7345851017878606 0.3781978167020358 0.018668248103215143 0.018837855412409857
0 0.4182260586665227 0.12027232463543232 0.01759939927321214 0.017517456641564004
0 0.2482008383824275 0.4626646408667931 0.014847021836500902 0.014992713928222656
0 0.4675789246192345 0.36342679537259615 0.028651677645169772 0.028992872971754808
0 0.5857033362755408 0.06442674306722787 0.017746118398813102 0.01749423833993765
0 0.5677529114943284 0.22457452920766977 0.018658858079176683 0.018643966087928183
0 0.6115465897780198 0.6026851213895358 0.021245222825270433 0.02129525404710036
0 0.6527850811298077 0.8031165049626277 0.06711578369140625 0.06734378521259014
0 0.7340560326209435 0.16027120443490836 0.01667198768028846 0.016682707346402682
0 0.7270475534292368 0.09471504504864033 0.014459463266225962 0.014631014603834886
0 0.6121103580181415 0.3048429855933556 0.015920198880709134 0.01611438164344201
0 0.477198967566857 0.6753793129554162 0.018867052518404447 0.018883631779597357
0 0.6112766265869141 0.13278772280766413 0.01810602041391226 0.01771209790156438
0 0.2779071881220891 0.31470603209275466 0.01513202373798077 0.015236781193659855
0 0.3774282382084773 0.18416943916907677 0.015244043790377103 0.01539156987116887
0 0.2815596873943622 0.4803900351891151 0.12093426631047176 0.17637120760404146
0 0.455926198225755 0.5916025821979229 0.01758414048414964 0.017601673419658955
0 0.2692402692941519 0.24197846192580003 0.01603214557354267 0.016149154076209433
0 0.5220848963810847 0.7345023522010217 0.021429722125713643 0.021548344538762018
0 0.5849810380202073 0.08340621911562406 0.01739501953125 0.017515054115882285
0 0.7514244959904597 0.8878606649545523 0.018130669227013223 0.01775213388296274
0 0.3572844725388747 0.12688955893883339 0.01480850806603065 0.014979289128230168
0 0.5060783532949594 0.39547513081477237 0.016439144427959736 0.016327051016000602
0 0.3933571301973783 0.5070673135610727 0.017833709716796875 0.017516282888559196
0 0.5532544209406927 0.3619437584510216 0.029525169959435098 0.0292205810546875
0 0.665835820711576 0.9786211894108698 0.01722262455866887 0.01693446819598858
0 0.7490606307983398 0.38076092646672177 0.02058572035569411 0.02089074941781851
0 0.678893309373122 0.3046713058765118 0.0568849123441256 0.05683345061082106
0 0.5713833295381986 0.5749930601853591 0.022959342369666465 0.023037176865797777
0 0.7677778097299429 0.1721803958599384 0.015022864708533654 0.018898450411283053
0 0.42839974623460036 0.3096882379972018 0.02067257807804988 0.021069453312800482
0 0.716336543743427 0.3970774870652419 0.016539500309870794 0.01663941603440505
0 0.6285988000723032 0.18641112400935247 0.015204502986027645 0.014937914334810697
0 0.6577069209172175 0.38660650986891526 0.01625207754281851 0.016459538386418268
0 0.28129093463604266 0.9880103331345779 0.014957427978515625 0.015059691209059495
0 0.5926564289973333 0.3753169866708609 0.043668160071739785 0.04328581003042368
0 0.5903929930466872 0.14200720420250526 0.014647410466120793 0.014511035038874699
0 0.4499824597285344 0.34870433807373047 0.015356797438401442 0.015235607440655049
0 0.44481064723088193 0.36330699920654297 0.01584493196927584 0.01600470909705529
0 0.3047163486480713 0.7675508352426382 0.01693589870746319 0.017026167649489183
0 0.7003264793982873 0.9913774637075571 0.015022864708533654 0.013965313251201924
0 0.24517415120051458 0.994214131281926 0.016290738032414362 0.010563190166766826
0 0.608132582444411 0.5358692315908579 0.02416508014385517 0.02451749948354868
0 0.7475348252516526 0.5000041081355169 0.015107961801382212 0.015159020057091346
0 0.6529466188870944 0.17200895456167367 0.02327273442195012 0.022890604459322415
0 0.7247393681452825 0.418086602137639 0.01810279259314904 0.018188623281625602
0 0.7106456756591797 0.7332550929142878 0.014196836031400241 0.014228233924278846
0 0.7397279005784255 0.29896970895620495 0.07313038752629207 0.10992057506854717
0 0.5952267646789551 0.05491085235889141 0.01659363966721755 0.016544662989102878
0 0.5949533535883977 0.9864504153911884 0.0433652584369366 0.026852974524864785
0 0.3062561842111441 0.6070638803335336 0.014794129591721755 0.015046266409067007
0 0.7678590921255258 0.7105859609750601 0.017534696138822116 0.0176541255070613
0 0.513032839848445 0.03969046244254479 0.014138881976787861 0.01409611335167518
0 0.7099710611196665 0.7063699869009165 0.035003368671123795 0.03495641855093149
0 0.7165321203378531 0.4410209655761719 0.1228188734788161 0.1505889892578125
0 0.5708655577439529 0.1583863588479849 0.01698479285606971 0.016872332646296576
0 0.6484438822819636 0.09471524678743802 0.013651774479792668 0.01364597907433143
0 0.7011709213256836 0.9769513056828425 0.015383647038386418 0.015615316537710337
0 0.3284455079298753 0.652613273033729 0.017150145310621995 0.017480996938852165
0 0.4277346317584698 0.3072234300466684 0.01795812753530649 0.017441309415377103
0 0.2654686707716722 0.2499851080087515 0.015985562251164362 0.016165513258713942
0 0.34422863446749175 0.6028881072998047 0.015404334435096154 0.015554721538837139
0 0.72228637108436 0.4239072799682617 0.020857590895432692 0.022117247948279746
0 0.6006733820988581 0.33812464200533354 0.026757093576284554 0.02660369873046875
0 0.35157482440655047 0.14545768957871658 0.01567840576171875 0.016114198244535007
0 0.32365622887244594 0.07109717222360465 0.013591179480919471 0.013644952040452223
0 0.7098707052377554 0.13246272160456732 0.018890967735877402 0.018679288717416618
0 0.6648632196279672 0.14829120269188514 0.019353426419771634 0.01916346183189979
0 0.5989971160888672 0.050896516213050254 0.017815296466533955 0.017832004106961764
0 0.2479548821082482 0.1874530865595891 0.014759063720703125 0.015188510601337139
0 0.475278377532959 0.3409855915949895 0.014242465679462139 0.014229114239032451
0 0.6095334199758676 0.11092771016634427 0.01405796637901893 0.01413737810575045
0 0.5504258962777945 0.13424597336695746 0.022668765141413763 0.02270964475778433
0 0.7776252306424655 0.9591765036949744 0.010961532592773438 0.015373523418719951
0 0.5759512827946589 0.0682141322356004 0.016941584073580228 0.016480060724111702
0 0.6637136019193209 0.16066111051119292 0.018696418175330527 0.018355158659128044
0 0.6023933337284968 0.04771818564488338 0.01426073221059946 0.014694507305438701
0 0.46981433721689075 0.3044120348416842 0.02426279508150541 0.02414571321927584
0 0.7687480633075421 0.6167953931368314 0.02121763962965745 0.022623502291165866
0 0.60076354100154 0.04902034539442796 0.016116802509014424 0.01623111504774827
0 0.48816486505361706 0.09825050830841064 0.01386869870699369 0.014001607894897461
0 0.6315141090979943 0.8998046288123498 0.01469876216008113 0.014766106238731971
0 0.5098598920381986 0.32100868225097656 0.018559602590707634 0.018581977257361777
0 0.7284848139836237 0.11694824695587158 0.014405617347130409 0.01443184339083158
0 0.5926209963285006 0.23722197459294245 0.014410459078275241 0.01430342747614934
0 0.5779994084284856 0.4148409183208759 0.06523587153508113 0.06312825129582332
0 0.45301136603722203 0.5352885906512921 0.022751734806941107 0.022682043222280648
0 0.31960553389329177 0.14644039594210112 0.014229114239032451 0.014259265019343449
