0 0.25578887646014875 0.42746771298922026 0.06992428119365986 0.07079403217022236
0 0.3331875434288612 0.09379346554095928 0.06094829852764423 0.060751066758082464
0 0.45453922565166766 0.032483077966249906 0.06257981520432693 0.06156982825352596
0 0.5380669373732346 0.17620229721069336 0.05809285090519832 0.05786763704740084
0 0.1122435056246244 0.4612793188828688 0.055588447130643405 0.05575282757098858
0 0.37375882955697864 0.8828260715191181 0.05271691542405348 0.0528721442589393
0 0.49695469782902646 0.5832626636211689 0.05242377061110277 0.05274493877704327
0 0.1959693982050969 0.42340938861553484 0.030000760005070612 0.030214309692382812
0 0.8362841972937951 0.7602110642653245 0.03291731614332933 0.03311656071589543
0 0.11056208610534668 0.539059932415302 0.03435373306274414 0.03444392864520733
0 0.14965105056762695 0.887381333571214 0.045595609224759616 0.045726776123046875
0 0.7569662974430964 0.4451281474186824 0.043706307044396035 0.043517039372370794
0 0.21209969887366661 0.20995220771202674 0.0585019771869366 0.058981895446777344
0 0.1250835657119751 0.3116806470430814 0.0321664259983943 0.03243855329660269
0 0.8807801466721755 0.2490239326770489 0.018987215482271634 0.018768677344689004
0 0.8351201277512771 0.12882687495304987 0.035287123460036054 0.03521519440871019
0 0.10767659774193397 0.41742640275221604 0.03761507914616512 0.037765209491436295
0 0.21463346481323242 0.5216663067157452 0.024845196650578424 0.02488106947678786
0 0.9105749863844651 0.7200246957632211 0.04123599712665264 0.051443246694711536
0 0.720319234407865 0.3174239672147311 0.03373938340407152 0.03378640688382662
0 0.2977247421558087 0.047820994487175576 0.03089145513681265 0.031169955547039326
0 0.08249493745657113 0.5610862878652719 0.030083399552565355 0.030434535099909857
0 0.18904902384831354 0.15751492060147798 0.040069873516376205 0.03962216010460487
0 0.16867606456463152 0.2203369324023907 0.03764134186964769 0.03768110275268555
0 0.626464476952186 0.5880606724665716 0.020986410287710335 0.021112515376164362
0 0.2458957892197829 0.7239683591402494 0.02729034423828125 0.02732364947979267
0 0.24787409488971418 0.3913786227886493 0.021108627319335938 0.021291292630709134
0 0.8203207162710336 0.4067074702336238 0.018879230205829326 0.018645506638746995
0 0.11975568991440994 0.6175169577965369 0.040433260110708386 0.04080831087552584
0 0.3114743232727051 0.6718683976393479 0.02695443080021785 0.027157710148737982
0 0.8495896412776067 0.3530697455772987 0.03430014390211839 0.0345148673424354
0 0.2513820208035983 0.8035725813645583 0.0237124516413762 0.023797255295973558
0 0.34673224962674654 0.1626721895658053 0.034249525803786054 0.0344469455572275
0 0.6695426060603216 0.6522259345421424 0.02385564950796274 0.023990044227013223
0 0.731361829317533 0.38373228219839245 0.02258154062124399 0.022469300490159255
0 0.9061292501596304 0.16082660968487078 0.026613675631009616 0.02656756914578951
0 0.6936812767615685 0.1313878848002507 0.024172562819260817 0.024195029185368463
0 0.6676490490253155 0.6834446833683894 0.01729613084059495 0.017397660475510817
0 0.30971490419827974 0.7714173243596003 0.024085283279418945 0.024512364314152643
0 0.40533795723548305 0.21504816642174354 0.02121910682091346 0.021393629220815804
0 0.30855226516723633 0.19308068202092096 0.032545823317307696 0.03252201813917894
0 0.5205859404343826 0.14496491505549505 0.03425128643329327 0.03457043721125676
0 0.18003938748286322 0.9739077641413763 0.026550769805908203 0.02667412391075721
0 0.5159381719735953 0.9019176776592548 0.07091999053955078 0.07142903254582332
0 0.42858127447275013 0.20464291939368615 0.029459219712477464 0.029453864464393027
0 0.22247809630173904 0.4880860768831693 0.01826763153076172 0.01803310100848858
0 0.3227704121516301 0.48705629202035755 0.034836567365206204 0.03448060842660757
0 0.09584689140319824 0.23465882814847505 0.04455716793353741 0.044477609487680286
0 0.48404664259690505 0.8144929592426007 0.01905661362868089 0.019115741436298076
0 0.5003455235407903 0.5486595814044659 0.03667948796198918 0.036800311161921576
0 0.7534761428833008 0.28993905507601225 0.041507720947265625 0.04121886766873873
0 0.5094818702110877 0.1131835075525137 0.036725484407865085 0.03696368290827824
0 0.6877395923321064 0.6007093282846304 0.022316859318659857 0.022423230684720553
0 0.5113785083477314 0.4475067945627066 0.02271138704740084 0.022856492262620192
0 0.5519701150747446 0.7854342827430139 0.03086720980130709 0.030975341796875
0 0.45470619201660156 0.447483466221736 0.017719562237079326 0.01782512664794922
0 0.6457587022047776 0.2665092211503249 0.019446446345402643 0.019361495971679688
0 0.2919764885535607 0.8764085036057693 0.02309241661658654 0.023273174579326924
0 0.22913105671222395 0.6785103724553034 0.018033834604116585 0.018230438232421875
0 0.11147165298461914 0.28969430923461914 0.022502899169921875 0.022057093106783353
0 0.32656310154841495 0.987819084754357 0.02598909231332632 0.020924494816706732
0 0.25464112942035383 0.8849064753605769 0.017437091240516074 0.017733647273137018
0 0.7648410797119141 0.4915595054626465 0.018459613506610576 0.018481694735013522
0 0.643708742581881 0.19624963173499474 0.026033548208383415 0.026201174809382513
0 0.10169232808626615 0.8594397764939529 0.02806711196899414 0.02786885775052584
0 0.4429419224078839 0.9798917036790115 0.04839009505051833 0.035440298227163464
0 0.17656700427715594 0.7539664048414964 0.021456021528977614 0.021464127760667067
0 0.35314237154447115 0.95440123631404 0.06749563950758714 0.06836861830491286
0 0.3177033204298753 0.24062743553748497 0.0464167961707482 0.04562825423020583
0 0.2710394492516151 0.5478786688584548 0.019587956942044772 0.01936171605036809
0 0.1801604857811561 0.4909892449012169 0.015506230867826022 0.015468450692983774
0 0.26721587547889125 0.6117394887484037 0.03428327120267428 0.034337337200458236
0 0.8928686288686899 0.024290607525752142 0.016476851243239183 0.016834158163804274
0 0.6152703211857722 0.22710130764887884 0.021419231708233174 0.021273686335637018
0 0.9080091623159555 0.9112958174485427 0.02748870849609375 0.02734961876502404
0 0.5803802196796124 0.1789403878725492 0.032645152165339544 0.03238388208242563
0 0.2153040078970102 0.6103683985196627 0.01623058319091797 0.01612964043250451
0 0.19659200081458458 0.8954871251032903 0.016292461982140176 0.01595159677358774
0 0.4187462513263409 0.6743291708139273 0.023613929748535156 0.023514820979191706
0 0.443943243760329 0.9310906483576848 0.02019808842585637 0.020393224862905648
0 0.20667096284719613 0.7453124706561749 0.016123001392071065 0.016283181997445915
0 0.2484422647036039 0.6766083057110126 0.01732950944166917 0.017059326171875
0 0.1366723684164194 0.7816335237943209 0.015290627112755409 0.015445122352013221
0 0.3445453643798828 0.40559746668888974 0.02834782233605018 0.027955935551570013
0 0.2374431536747859 0.07019275885361892 0.028369610126201924 0.02831431535574106
0 0.6084342369666467 0.34104068462665266 0.018796333899864785 0.018563490647536058
0 0.5653992432814378 0.5362891784081092 0.01533816410945012 0.01520831768329327
0 0.861000134394719 0.1567976291363056 0.016046817486102764 0.016079095693734977
0 0.3319850334754357 0.4208389428945688 0.02198175283578726 0.022138155423677884
0 0.31841835608849156 0.37810046856219953 0.019549736609825723 0.019428253173828125
0 0.286103762113131 0.7974925407996545 0.03103006803072416 0.0310821533203125
0 0.7151442307692307 0.35145964989295375 0.017933772160456732 0.01783884488619291
0 0.07757721497462346 0.05895830117739164 0.018368977766770583 0.024665300662700947
0 0.23902205320504996 0.542471665602464 0.015344766470102163 0.015219761775090145
0 0.5263874714191144 0.2534288993248573 0.042272054232083835 0.0426328365619366
0 0.853869364811824 0.028607689417325534 0.05687654935396635 0.0536653261918288
0 0.31638358189509463 0.7946312244121845 0.026061571561373197 0.026081231924203727
0 0.30320064838115984 0.8900759036724384 0.017803192138671875 0.018137711745042067
0 0.807895880479079 0.2116103722498967 0.018908133873572715 0.01878041487473708
0 0.4783150599553035 0.13271669241098258 0.026988689716045674 0.02666477056650015
0 0.21588299824641302 0.5440068611731896 0.0233154296875 0.022891851571890023
0 0.27877976344181943 0.3708002017094539 0.018833747276893027 0.01885568178617037
0 0.8992916987492487 0.05940662439052875 0.017342200646033652 0.017304328771737907
0 0.4583124747643104 0.9195145827073318 0.018318616426908053 0.018381265493539665
0 0.2639259925255409 0.17212693507854754 0.03126071049616887 0.03113134090717022
0 0.8830983088566706 0.41111069459181565 0.016845556405874398 0.017024113581730768
0 0.4131963069622333 0.13215888463533843 0.02460340353158804 0.024733323317307692
0 0.4498279278094952 0.8990086775559646 0.016125018780048076 0.016186053936298076
0 0.14963676379277155 0.08168071049910325 0.14517314617450422 0.14761783526493952
0 0.2909845755650447 0.5904868932870718 0.018055255596454326 0.018190310551570013
0 0.47447266945472133 0.6680633838360126 0.019630945645845853 0.019704525287334736
0 0.29403950617863583 0.8456422365628756 0.016822374784029447 0.016925811767578125
0 0.15822566472567046 0.6173945206862229 0.020163719470684346 0.02037385793832632
0 0.39162848545954776 0.1185610110943134 0.023425909189077523 0.02330504930936373
0 0.2319946472461407 0.15265110822824332 0.04001808166503906 0.04078538601215069
0 0.6999285771296575 0.26866694597097546 0.018190530630258415 0.018140389369084284
0 0.602842954488901 0.1881723403930664 0.01946368584266076 0.019485106834998496
0 0.3747424345750075 0.6511273017296424 0.026138892540564902 0.026705228365384616
0 0.7001533508300781 0.5752212451054499 0.016861108633188102 0.016778285686786357
0 0.18826956015366775 0.7368241823636569 0.016993192526010368 0.01696190467247596
0 0.12234792342552772 0.7121862264779898 0.016132904933049128 0.01621525104229267
0 0.0859059003683237 0.02196632669522212 0.03535953393349281 0.043383859671079196
0 0.594582044161283 0.20048324878399187 0.01576379629281851 0.015390836275540866
0 0.8031309567964994 0.12085312146406907 0.016895294189453125 0.01745293690608098
0 0.34455299377441406 0.8011308816763071 0.025540718665489785 0.025252709021935098
0 0.5950380472036508 0.09959235558143029 0.017177875225360576 0.01724720001220703
0 0.7465356680063101 0.2490515158726619 0.04011623676006611 0.04034768618070162
0 0.3221949797410231 0.9059311793400691 0.01631472660945012 0.016188694880558893
0 0.31181225409874547 0.951878180870643 0.03273771359370305 0.033051564143254206
0 0.09691748252281776 0.59661681835468 0.020637328808124248 0.01982454153207632
0 0.7907582796536959 0.0722849231499892 0.0161282466008113 0.016195471470172588
0 0.2263615498175988 0.6576877740713266 0.02031395985529973 0.020744177011343148
0 0.45028356405404896 0.10021284910348746 0.06564595149113582 0.064789368556096
0 0.17192899263822115 0.5821031790513259 0.01672843786386343 0.017135033240685098
0 0.6380791297325721 0.4089651841383714 0.020695906419020433 0.02084805415226863
0 0.7441867681650015 0.036151931836054876 0.03326753469613882 0.03209786231701191
0 0.8138633874746469 0.4439286452073317 0.021172156700721152 0.021393409142127402
0 0.3063555130591759 0.014513554481359629 0.030319947462815505 0.027459525145017184
0 0.6748906649076022 0.8430185317993164 0.023057204026442308 0.023654350867638223
0 0.5784375850970929 0.01470022820509397 0.038616327139047474 0.028493920197853677
0 0.20163778158334586 0.5722327599158654 0.017812362084021933 0.018131402822641227
0 0.395379506624662 0.9112286200890174 0.0353857187124399 0.034545604999248795
0 0.5429607538076547 0.2308061306293194 0.030161197368915264 0.03067786876971905
0 0.11480394693521354 0.21919540258554313 0.015644642022939827 0.015572767991286058
0 0.6606443845308744 0.9074580119206355 0.020642500657301683 0.020731412447415866
0 0.2625212302574745 0.6881758616520808 0.019880148080679085 0.019981530996469352
0 0.09585405313051663 0.5895712925837591 0.025629850534292366 0.026854881873497598
0 0.7281687809870794 0.9923468369704026 0.023519369272085335 0.013965900127704326
0 0.5014659808232234 0.9255939630361704 0.04685614659236027 0.04729153559758113
0 0.8355828065138596 0.4628386130699745 0.0325770744910607 0.03232369056114784
0 0.727356323829064 0.5951068584735577 0.032796272864708535 0.032568784860464245
0 0.8389939528245193 0.25862884521484375 0.02627416757436899 0.026468203617976263
0 0.6236595740685096 0.17841518842256987 0.02040276160606971 0.0204006708585299
0 0.300840267768273 0.5414489599374624 0.015089695270244893 0.015177653386042668
0 0.22750484026395357 0.6526039563692533 0.027170548072228067 0.027611659123347357
0 0.6390220201932467 0.9097884251521184 0.021138117863581732 0.021102318396935098
0 0.4083409309387207 0.6841229658860427 0.016801760746882513 0.016421097975510817
0 0.7746890141413763 0.81690370119535 0.05603570204514723 0.05602543170635517
0 0.6483626732459435 0.9861811124361478 0.03207954993614784 0.02602210411658654
0 0.24567809471717247 0.5319111897395208 0.01911137654231145 0.01900966350848858
0 0.22022702143742487 0.12983208436232346 0.014998142535869893 0.014742080981914815
0 0.8474154839148889 0.4370562480046199 0.01609186025766226 0.01640143761268029
0 0.12766551971435547 0.4962105384239784 0.024309928600604717 0.02427189166729267
0 0.36742709233210635 0.03417305304453923 0.01962896493765024 0.020094972390394945
0 0.5991875575138972 0.5354281938993014 0.016326170701246995 0.016100076528695915
0 0.46648333622859073 0.22964138251084548 0.01566153306227464 0.01578672115619366
0 0.17363045765803412 0.7034966395451472 0.015497721158541165 0.015811039851262018
0 0.5558382181020883 0.6113397158109225 0.01706695556640625 0.01668577927809495
0 0.12832382092109093 0.02875323249743535 0.015230233852679912 0.015047729015350342
0 0.5657084538386419 0.591617804307204 0.022078734177809495 0.021813172560471755
0 0.22620432193462664 0.7040441219623272 0.014628997215857873 0.014686877910907451
0 0.345920416025015 0.20262846579918495 0.03678043072040264 0.03702105008638822
0 0.27061832868135893 0.7772991473858173 0.016321989206167366 0.015923133263221152
0 0.8806611574613131 0.7458955324613131 0.03975882897010216 0.04006620553823618
0 0.11662983894348145 0.3679218292236328 0.015975218552809495 0.015627934382512018
0 0.1135488014954787 0.9036800677959735 0.01563914005572979 0.01584478525015024
0 0.5363528911884015 0.5987768173217773 0.030753135681152344 0.03145936819223257
0 0.16560495816744292 0.8591519135695237 0.016347078176645134 0.016205714299128607
0 0.13108322253594032 0.1659983488229605 0.01684405253483699 0.017041499798114482
0 0.28095755210289586 0.5699921021094689 0.016144679142878607 0.016258386465219352
0 0.6749493525578425 0.35891210115872896 0.022455215454101562 0.02278298598069411
0 0.11224990624647874 0.9395308127770057 0.05395845266488882 0.052881681002103366
0 0.41059486682598406 0.1560358634361854 0.024741539588341348 0.02527171831864577
0 0.6680902334359976 0.5591684854947604 0.02813573983999399 0.028229199923001803
0 0.622454203092135 0.1749249788431021 0.025452393751878005 0.02550932077261118
0 0.29643847392155576 0.3569482656625601 0.015096811147836538 0.015355183528019832
0 0.10590848555931678 0.9547764704777644 0.037672776442307696 0.03756508460411659
0 0.2852746339944693 0.028406707140115593 0.017954019399789665 0.018272785040048454
0 0.0856857574903048 0.24883328951322115 0.017016062369713418 0.01666413820706881
0 0.09549501309028038 0.5838176287137545 0.021456369986900918 0.01997243441068209
0 0.3710008767934946 0.19207096099853516 0.03457949711726262 0.03499386860774113
0 0.7055207766019381 0.43174585929283726 0.02684637216421274 0.02688936086801382
0 0.5783937160785382 0.25483149748582107 0.01994470449594351 0.020013955923227165
0 0.19012038524334246 0.939547245319073 0.017551385439359225 0.017205018263596755
0 0.2350275333111103 0.10824325451484093 0.03741106620201698 0.03799141370333158
0 0.6968866494985727 0.3507487957294171 0.017853516798753005 0.01810117868276743
0 0.11542408282940204 0.3655698482806866 0.01862958761361929 0.01840386023888221
0 0.39706864723792445 0.6735995366023138 0.015535794771634616 0.015474172738882212
0 0.28458529252272385 0.48598758990948016 0.015950606419489935 0.01599575923039363
0 0.6559864190908579 0.03463401473485506 0.03369815532977764 0.03402806703860943
0 0.2051692742567796 0.8830102773813101 0.014040726881760817 0.01398013188288762
0 0.4810015238248385 0.9859586862417368 0.02013419224665715 0.019972874568058893
0 0.359314331641564 0.9184042857243464 0.02241237346942608 0.02304414602426382
0 0.2793323810283954 0.36859424297626203 0.022080128009502705 0.02126136192908654
0 0.7881953899676983 0.34360782916729266 0.01908287635216346 0.019368098332331732
0 0.5495045735285833 0.8946495056152344 0.03439477773813101 0.034276375403771035
0 0.07549439943753757 0.09229532571939322 0.01403968150799091 0.01732151324932392
0 0.9035386305588943 0.8726884401761569 0.02334448007436899 0.02350440392127404
0 0.12022527364584115 0.2412573741032527 0.015463847380418044 0.015697405888484076
