0 0.4793248543372521 0.9174321247981145 0.13936277536245492 0.142209713275616
0 0.9632172217735877 0.4690966239342323 0.053238208477313705 0.05504204676701473
0 0.2722242795504056 0.4348914806659405 0.04627301142765926 0.04643102792593149
0 0.4665966033935547 0.7129219495333158 0.03070523188664363 0.030823487501878005
0 0.7070730649507962 0.25890849186823917 0.019150367149939902 0.019147836245023288
0 0.23724726530221793 0.35281694852388823 0.040109451000507064 0.039963795588566706
0 0.2079148659339318 0.19029529278094953 0.02651698772723858 0.026573951427753154
0 0.9530054239126352 0.2733147694514348 0.02085142869215745 0.021097916823167067
0 0.3545155158409706 0.5054822334876428 0.027096088115985576 0.027338394751915567
0 0.34983994410588193 0.6652198938223032 0.04211924626277043 0.04196005601149339
0 0.9314234806941106 0.9384629176213191 0.048688301673302285 0.04863724341759315
0 0.9679679870605469 0.9575300950270432 0.040925246018629804 0.049607350276066706
0 0.3488776133610652 0.7165028498722956 0.02195607698880709 0.022354712853064902
0 0.6765101506159856 0.6610788198617789 0.018401512732872598 0.01836233872633714
0 0.9009354664729192 0.8508590551523062 0.01846929696890024 0.01846621586726262
0 0.8030260526216947 0.1579263026897724 0.016418897188626803 0.01637393694657546
0 0.8912402666532077 0.4265940005962665 0.027004095224233773 0.0271761967585637
0 0.691136726966271 0.782466301551232 0.02304693368765024 0.023198347825270433
0 0.175141481252817 0.436375067784236 0.04118545238788311 0.041632505563589245
0 0.41860147622915417 0.6461949715247521 0.032100604130671576 0.03224108769343449
0 0.7469704701350286 0.21335632984454816 0.01612252455491286 0.015914293435903695
0 0.26424341935377854 0.9274787902832031 0.021056688748873197 0.020966749924879808
0 0.38802704444298375 0.17089306391202486 0.02155780792236328 0.02184574420635517
0 0.8833984961876502 0.796016106238732 0.018630101130558893 0.0186612055851863
0 0.14972874751457801 0.41754333789532 0.0472860886500432 0.04631379934457632
0 0.7206611633300781 0.19478240379920372 0.021891373854417067 0.022102869473970853
0 0.75519165625939 0.10316215111659123 0.0207675053523137 0.020935553770798903
0 0.9448936168964093 0.7716787778414212 0.04514723557692308 0.04499728863055889
0 0.7945040189302884 0.2875796097975511 0.03170923086313101 0.03177503439096304
0 0.7704480978158804 0.3049898147583008 0.025837531456580527 0.02617615919846755
0 0.16272805287287787 0.48267382841843826 0.017092117896446817 0.017057492182804987
0 0.25263437857994664 0.7203592153695914 0.02123564940232497 0.02130919236403245
0 0.6745628943810096 0.61682862501878 0.014815697303185096 0.014889790461613582
0 0.5957170633169321 0.33390507331261265 0.017962088951697715 0.01770166250375601
0 0.28845656835115874 0.5126831348125751 0.05164751639732948 0.05102729797363281
0 0.20218669451200044 0.37783424670879656 0.029694263751690205 0.029737472534179688
0 0.6373575650728666 0.3168183840238131 0.020972325251652643 0.02105375436636118
0 0.36794229654165417 0.3622586176945613 0.037917063786433294 0.037714444673978366
0 0.5576765353863056 0.8436597677377554 0.046186006986177884 0.04696816664475661
0 0.6852010580209585 0.23873235629155085 0.013884324293870192 0.014099634610689603
0 0.2773708930382362 0.9117629711444561 0.019417175879845254 0.019733722393329326
0 0.34798270005446214 0.9437668140117939 0.023799015925480768 0.023986229529747598
0 0.34948070232684797 0.7880567403940054 0.0829021747295673 0.08424157362717849
0 0.34997199131892276 0.014408260583877563 0.03432816725510817 0.027556859529935397
0 0.06073958598650419 0.7761930318979117 0.015513374255253719 0.015369415283203125
0 0.6034638331486628 0.6342303936298077 0.0172726557804988 0.017297891470102165
0 0.5656865926889273 0.7288128779484675 0.01848881061260517 0.018605158879206732
0 0.3211171810443585 0.3823444659893329 0.06865406036376953 0.06916882441594051
0 0.1964236039381761 0.473326719724215 0.02205320504995493 0.02191330836369441
0 0.8016980244563177 0.5878705978393555 0.020920239962064303 0.021183600792518027
0 0.7191270681527945 0.637145262498122 0.060012523944561295 0.06075859069824219
0 0.8656068948599008 0.8894710540771484 0.01696601280799279 0.016901749830979567
0 0.5634629176213191 0.7268056869506836 0.022574571462777946 0.022751294649564303
0 0.6806504176213191 0.33710010235126203 0.01906556349534255 0.019222186161921576
0 0.7047569568340595 0.20608685566828802 0.018153557410606973 0.018208723801832933
