0 0.8034855035635141 0.08022775099827693 0.07337687565730168 0.07309590853177585
0 0.2124475332406851 0.9445684139545147 0.040468766139103815 0.04027498685396635
0 0.45930987138014573 0.584022595332219 0.023837162898137018 0.02374135530911959
0 0.49850181432870716 0.8658394446739783 0.035973548889160156 0.036452953632061295
0 0.7499668414776142 0.8880351139948919 0.028969691349909857 0.029170403113731973
0 0.4821652632493239 0.12848306619204009 0.019602115337665264 0.019499870447012093
0 0.3509617585402269 0.77490050976093 0.026786070603590745 0.027031384981595553
0 0.10029853307283841 0.6760765222402719 0.023529896369347207 0.023632929875300482
0 0.46529146341177136 0.8463709904597356 0.020831474891075723 0.020807853111853965
0 0.09014647740584153 0.0786584890805758 0.020244470009436973 0.020139029392829307
0 0.6169129151564378 0.7618010594294622 0.02471468998835637 0.024775284987229567
0 0.7073304102971003 0.4839952542231633 0.02253899207481971 0.022675220782940205
0 0.5131684083205003 0.7207788320688101 0.024338648869441107 0.0243377685546875
0 0.16148690076974723 0.02515572767991286 0.02592299534724309 0.026028793591719408
0 0.060799286915705755 0.4726437055147611 0.03091566379253681 0.048646706801194414
0 0.8335113525390625 0.967822368328388 0.025237156794621393 0.02549406198354868
0 0.46384517963115984 0.9176362844613882 0.02055696340707632 0.020621226384089544
0 0.4757870894211989 0.6198633634127103 0.022557478684645433 0.02257845951960637
0 0.44506417787992036 0.9317824290348933 0.020702948937049277 0.020934471717247598
0 0.746464362511268 0.26894178757300746 0.04430829561673678 0.04445695877075195
0 0.22487258911132812 0.5612655052771935 0.026557408846341647 0.026361758892352764
0 0.25632161360520583 0.6109433540931115 0.025858072134164665 0.025966057410606973
0 0.8256904895489032 0.9321353618915265 0.028617418729341947 0.028479942908653848
0 0.3102024518526517 0.7606695615328275 0.03310966491699219 0.03297292269193209
0 0.21125109379108137 0.3462207500751202 0.016371910388653096 0.016480225783128005
0 0.3365639906663161 0.9665638850285456 0.017057052025428183 0.016804621769831732
0 0.7464574667123648 0.5488437505868765 0.01733985314002404 0.017417027400090143
0 0.0588294451053326 0.029277581434983473 0.022914959834172174 0.033505568137535684
0 0.5994399877694937 0.24231466880211464 0.02799503619854267 0.027627981626070462
0 0.4558880879328801 0.618259650010329 0.017164230346679688 0.017224972064678486
0 0.12489604949951172 0.648704822246845 0.01915265963627742 0.018935423630934495
0 0.15755935815664437 0.048453184274526745 0.021428392483637884 0.021295581872646626
0 0.34445590239304763 0.3912220368018517 0.025349910442645732 0.025596178494966947
0 0.3149760319636418 0.4544883141150841 0.0289000731248122 0.029043197631835938
0 0.47785531557523286 0.6858479426457331 0.022708599384014424 0.022255530724158652
0 0.28082058979914737 0.7805170646080604 0.01891304896428035 0.019208761361929085
0 0.7301158905029297 0.17871741148141715 0.06798069293682392 0.0682831910940317
0 0.7842496725229117 0.2619025340447059 0.018284724308894232 0.01832092725313627
0 0.0962835275209867 0.0554039661700909 0.01562804442185622 0.015413357661320614
0 0.2459883873279278 0.1446967491736779 0.01599733646099384 0.015922399667593148
0 0.06827050447463989 0.5338814075176532 0.036084496057950534 0.036925169137807995
0 0.8305103595440204 0.04459919837804941 0.021100264329176683 0.02124170156625601
0 0.42787031026986927 0.7535867691040039 0.16721703455998346 0.1673426994910607
0 0.6500333639291617 0.7998666029710036 0.018093989445612982 0.018194198608398438
0 0.2397628930898813 0.656647462111253 0.02653653805072491 0.026595482459435098
0 0.21127499066866362 0.7709573599008414 0.017815589904785156 0.017992166372445915
0 0.32068626697246844 0.39427526180560774 0.019234143770658053 0.019568149860088643
0 0.14722204208374023 0.010761012251560505 0.017772601200984076 0.01700489566876338
0 0.45267585607675404 0.13586483551905706 0.01577340639554537 0.01575438792888935
0 0.22312057935274565 0.10196607846480149 0.015388928926908053 0.015457538458017202
0 0.0603030828329233 0.9841200021597055 0.014136461111215444 0.014345609224759616
0 0.19507862971379206 0.7448288844181941 0.01763263115516076 0.01757959219125601
0 0.39691455547626203 0.913485967195951 0.026491605318509616 0.026424554678109977
0 0.19670757880577674 0.03183859586715698 0.017705954038179837 0.017624479073744554
0 0.3700091655437763 0.259642270895151 0.02260171450101412 0.022553517268254206
0 0.14869183760422927 0.940595113314115 0.06842140051034781 0.06737180856557992
0 0.2559245549715482 0.7467381403996394 0.04277577767005333 0.04399813138521635
0 0.09883660536545974 0.0313169199686784 0.01454626596890963 0.014691210710085355
0 0.2378253936767578 0.6590567368727464 0.021890897017258864 0.02196532029371995
0 0.8127512565025916 0.8522492188673753 0.018464161799504206 0.0185244633601262
0 0.3681453558114859 0.9225469002356896 0.014752754798302284 0.014821419349083534
0 0.3291672926682692 0.3452114692101112 0.039069835956280045 0.03943193875826322
0 0.19083393537081206 0.05382262743436373 0.01898042972271259 0.019635769037099984
0 0.11441716781029335 0.35127636102529675 0.017600279587965745 0.0182034419133113
0 0.6429955409123347 0.4132640545184796 0.015056756826547476 0.015216827392578125
0 0.8956100757305439 0.99366151369535 0.01603977496807392 0.011202005239633413
0 0.7511959075927734 0.022559078840109017 0.060529268704927884 0.044500185893132135
0 0.18144387465256911 0.7216609808114859 0.014034124521108774 0.01409149169921875
0 0.38109562947199893 0.9284350321843073 0.015413724459134616 0.015443215003380409
0 0.48219159933236927 0.6586875915527344 0.04528331756591797 0.046149914081280045
0 0.17475553659292367 0.060683021178612344 0.016446773822490986 0.016188016304602988
