0 0.48802045675424427 0.42940789002638596 0.03403340853177584 0.034203529357910156
0 0.40965054585383487 0.7128360454852765 0.020848420950082634 0.02076574472280649
0 0.15004460628216082 0.04829113300030048 0.023038497337928183 0.0231687266093034
0 0.15155322735126203 0.23712602028479943 0.019898487971379206 0.019963631263146035
0 0.28560414681067836 0.9382078464214618 0.04059809904832106 0.04061816288874699
0 0.15164301945612982 0.6227666414701022 0.018625919635479268 0.018679985633263223
0 0.41660903050349307 0.7381041600153997 0.016520280104417067 0.01663031944861779
0 0.32170273707463193 0.9719465695894681 0.01914347135103666 0.019300314096304085
0 0.4712254450871394 0.18840206586397612 0.03811909602238582 0.038116748516376205
0 0.6478600135216346 0.34505719404954177 0.015728583702674277 0.015624119685246395
0 0.27504469798161435 0.7509365081787109 0.025884334857647236 0.026064946101262018
0 0.14703676333794227 0.40515727263230544 0.033719814740694486 0.04039346254788912
0 0.7701286902794471 0.31491198906531703 0.05163838313176082 0.051864917461688705
0 0.5981413034292368 0.6465269235464243 0.028284659752478965 0.02850620563213642
0 0.7022639054518479 0.1223068879200862 0.01916679969200721 0.019359386884249173
0 0.7194620279165415 0.10001079852764423 0.019751328688401442 0.01972811038677509
0 0.35216470865102917 0.030518612036338218 0.016642350416917067 0.015963925765110895
0 0.24622326630812424 0.6748032936683068 0.01931425241323618 0.018997632540189303
0 0.6926924632145808 0.6349066220797025 0.015320851252629207 0.015402867243840145
0 0.28097726748539853 0.7697167029747596 0.023620752187875602 0.0237734867976262
0 0.24721024586604193 0.7014598846435547 0.018281056330754206 0.018227063692533053
0 0.6010503035325271 0.32146538220919096 0.04280442457932692 0.04257480914776142
0 0.20592742699843186 0.726265393770658 0.014847718752347507 0.014675580538236178
0 0.4526052474975586 0.1533213762136606 0.016022168673001803 0.01590409645667443
0 0.46322077971238357 0.36134793208195615 0.026195819561298076 0.02625421377328726
0 0.25485345033498913 0.9512316630436823 0.017621773939866286 0.017919100247896634
0 0.14980281316317046 0.3552261499258188 0.02788994862483098 0.027691180889423076
0 0.41035879575289214 0.10852280029883751 0.044424203725961536 0.045049814077524036
0 0.2726578345665565 0.7312613267164964 0.021761454068697415 0.022827882033128005
0 0.477715749007005 0.14515804327451265 0.01774142338679387 0.0177918030665471
0 0.7359808408297025 0.1386245764218844 0.01677703857421875 0.01722401839036208
0 0.2239705599271334 0.5592083564171424 0.018209384037898138 0.018161186805138223
0 0.4512138366699219 0.223845701951247 0.03616743821364183 0.03711208930382362
0 0.7931341024545523 0.6394845522367038 0.016762953538161058 0.016895881065955527
0 0.1521899516765888 0.5392936559823843 0.027071365943321817 0.027614886944110576
0 0.1482159082706158 0.092894957615779 0.015496345666738657 0.015457831896268405
0 0.6178631415733924 0.6480649801400992 0.02811593275803786 0.027207301213191107
0 0.27775030869704026 0.971956913287823 0.01804835979755108 0.018201828002929688
0 0.3086224702688364 0.2648543394528903 0.025806206923264723 0.026434935056246243
0 0.3967119730435885 0.7524220393254206 0.013768269465519832 0.013854393592247596
0 0.7484100048358624 0.5532711102412298 0.021290118877704326 0.02177275144136869
0 0.5166201958289514 0.1233197358938364 0.0520625481238732 0.052795006678654596
0 0.19834234164311335 0.7430477142333984 0.016030091505784255 0.016148200401893027
0 0.1571798691382775 0.3344605519221379 0.01837759751539964 0.019054999718299277
0 0.6021412702707144 0.6473287435678335 0.03296786088209886 0.03201968853290264
0 0.5613042758061335 0.8985710144042969 0.2759530727679913 0.19989365797776443
0 0.3934147541339581 0.06440331385685848 0.02352795234093299 0.023691800924447868
0 0.7438143950242263 0.5515185136061448 0.026911222017728366 0.027376468365009014
0 0.7320503821739783 0.1983657983633188 0.030771695650540866 0.03072966062105619
0 0.40715701763446516 0.11684683653024527 0.03131939814640926 0.03089427947998047
0 0.7936747624323919 0.6434453083918645 0.01790134723369892 0.018013147207406852
0 0.649619615994967 0.2922883400550255 0.020428877610426683 0.020252301142765924
0 0.41245519197904146 0.07264605852273795 0.01953917283278245 0.019235996099618766
0 0.47640330974872297 0.03743586173424354 0.04241312467134916 0.04253392953139085
0 0.8331681765042819 0.301214731656588 0.013955629788912259 0.014135507436899038
0 0.3424922502957858 0.6468555743877704 0.01359866215632512 0.013517819918118991
0 0.41626548767089844 0.3726067909827599 0.017231280987079326 0.016841888427734375
0 0.7611713409423828 0.048911099250500016 0.0553136972280649 0.05495363932389479
