0 0.4236644231356107 0.7988620904775766 0.10425707010122445 0.10470757117638221
0 0.7353103344257061 0.24399273212139422 0.13011462871844953 0.12803407815786508
0 0.6365991739126352 0.0674899358015794 0.1547832489013672 0.1327674022087684
0 0.3429541221031776 0.9780316719642053 0.04797686063326322 0.037297762357271634
0 0.5244580782376803 0.45478035853459287 0.04834336500901442 0.04829883575439453
0 0.7298353635347806 0.04717138638863197 0.0866405780498798 0.08752933832315299
0 0.7119395916278546 0.5775138414823092 0.10822237454927884 0.10875921982985276
0 0.36110514860886794 0.6531479175274189 0.05767198709341196 0.05761263920710637
0 0.5784701567429763 0.613778334397536 0.032441359299879804 0.03222465515136719
0 0.3071563427264874 0.8827699514535757 0.07505607604980469 0.07386486346905048
0 0.2842670954190768 0.43072091616117036 0.031938332777756914 0.031839224008413464
0 0.5811044986431415 0.44535167400653547 0.03880662184495192 0.0391852305485652
0 0.5816623614384577 0.019632410544615526 0.03406458634596605 0.03351837396621704
0 0.34557195810171276 0.7180839685293344 0.02632874708909255 0.02569448030911959
0 0.502085649050199 0.6522043668306791 0.10160270104041466 0.09913928692157452
0 0.41879822657658505 0.4579146458552434 0.027218011709359977 0.026993238008939303
0 0.32286603634174055 0.5400624642005334 0.04480904799241286 0.04488783616286058
0 0.4367034618671124 0.03635468849769005 0.024708967942457933 0.024654058309701774
0 0.19336858162513146 0.4089740239656888 0.037659828479473405 0.038249969482421875
0 0.6727459247295673 0.4627937903771034 0.021729395939753607 0.02181522662823017
0 0.31810907217172474 0.9346559964693509 0.03766953028165377 0.03775376539963942
0 0.4222734891451322 0.5590626276456393 0.025300099299504206 0.025502498333270732
0 0.7510205782376803 0.44976329803466797 0.028061646681565505 0.028101554283728965
0 0.5584445366492639 0.9000760591947116 0.04397509648249699 0.04432238065279447
0 0.31096678513746995 0.17557919942415678 0.024010456525362454 0.024074591123140775
0 0.42677244773277867 0.6784254220815805 0.028954212482158955 0.028731712928185098
0 0.6389749233539288 0.7519157116229718 0.029423346886268027 0.029683920053335335
0 0.2013523395244892 0.2203983710362361 0.021094468923715446 0.021100484407865085
0 0.4415108607365535 0.34894371032714844 0.019127699045034554 0.019164892343374398
0 0.23496565451988807 0.9402443078848032 0.07466198847844051 0.07537342951847957
0 0.31610745650071365 0.6977060758150541 0.02063773228571965 0.02054757338303786
0 0.5206581996037409 0.968950785123385 0.038797231820913464 0.03849719120905949
0 0.355800225184514 0.45002049666184646 0.019076053912823018 0.019180444570688102
0 0.4501952758202186 0.4760241141686073 0.018933222844050482 0.01894694108229417
0 0.1942451550410344 0.870547367976262 0.024567604064941406 0.024646612314077523
0 0.17506056565504807 0.3816928496727577 0.018210447751558743 0.01794609656700721
0 0.8214492797851562 0.44452964342557466 0.029077676626352165 0.03385763901930589
0 0.23274869185227615 0.2545185639308049 0.016581315260667067 0.01663655501145583
0 0.7272621301504282 0.3691441462590144 0.044020432692307696 0.04383541987492488
0 0.604488152724046 0.41031522017258865 0.06930351257324219 0.06920843857985276
0 0.608091611128587 0.8107909422654372 0.052406677832970254 0.05236376248873197
0 0.5442818861741286 0.9625065143291767 0.03549282367412861 0.035730802095853366
0 0.21743939473078802 0.3332204818725586 0.028330289400540866 0.02873655465932993
0 0.37738521282489484 0.3725274892953726 0.2936650056105394 0.2970889348250169
0 0.45554109720083386 0.127357895557697 0.11326173635629508 0.11197180014390212
0 0.2891504214360164 0.9897626730111929 0.01810877139751728 0.01660948533278245
0 0.8045767270601712 0.9580641526442307 0.05988575862004207 0.060878753662109375
0 0.18903369169968826 0.3564761235163762 0.03870124083298903 0.03859138488769531
0 0.3800715666550856 0.7703330700214093 0.024859208327073317 0.0249325678898738
0 0.4893032587491549 0.4425778022179237 0.019493543184720553 0.01934535686786358
0 0.4039302239051232 0.09005520893977238 0.018057749821589544 0.017919393686147835
0 0.7460282399104192 0.34759173026451695 0.025258431067833535 0.02543918903057392
0 0.3208487950838529 0.35735849233774036 0.018371728750375602 0.018192144540640023
0 0.3628246967609112 0.8890059544489934 0.01898053976205679 0.018667074350210335
0 0.33814334869384766 0.3776702147263747 0.017891810490534857 0.017765338604266826
0 0.5981903809767503 0.4998493194580078 0.06732911330003005 0.0675505124605619
0 0.7442371661846454 0.9679339482234075 0.016341282771183893 0.016423738919771634
0 0.6727678592388446 0.5628125484173114 0.027683844933143027 0.02749178959773137
0 0.8070529057429388 0.4130377769470215 0.028889876145582933 0.028600179232083835
0 0.33680402315579927 0.1893928050994873 0.13104587334852952 0.13461597149188703
0 0.4668710415179913 0.9475804108839768 0.01941710252028245 0.0194857670710637
0 0.3623469426081731 0.8256287207970252 0.04602828392615685 0.046379382793719955
0 0.30584030884962815 0.811679326570951 0.018297488872821514 0.018275334284855768
0 0.25964762614323544 0.6576472062330979 0.015575995812049279 0.015446882981520433
0 0.47159583751971906 0.44982121540949893 0.022332411545973558 0.022850623497596152
0 0.7607339712289664 0.9789760296161358 0.040134429931640625 0.03769346383901743
0 0.47525923068706805 0.03181276413110586 0.017916312584510215 0.017894882422227126
0 0.5546577893770658 0.7353662344125601 0.01949442349947416 0.01930368863619291
0 0.2256620480464055 0.7249157245342548 0.017379100506122295 0.017214555006760817
0 0.7638784555288461 0.3386238905099722 0.027686485877403848 0.027680103595440205
0 0.739479505098783 0.3071290162893442 0.016875633826622598 0.016690767728365384
0 0.6695901430570163 0.16499794446505034 0.07076850304236779 0.07339404179499699
0 0.825929201566256 0.06692901941446158 0.0242611811711238 0.042317977318396933
0 0.40070563096266526 0.5528063040513259 0.1132808098426232 0.11629720834585336
0 0.7895299471341647 0.3876090416541466 0.02750367384690505 0.027348885169396035
0 0.38926373995267427 0.052183958200307995 0.014731773963341346 0.015021149928753193
0 0.7213971064640925 0.1173409682053786 0.03866078303410457 0.03809061417212853
0 0.5597420472365159 0.47234601240891677 0.035242667564978965 0.03520518082838792
0 0.2317193838266226 0.5505986580481896 0.017644258645864632 0.017522665170522835
0 0.265963260944073 0.9351662855881911 0.021326065063476562 0.021273979773888223
0 0.5010322424081656 0.6284511272723858 0.016739038320688102 0.016402611365685098
0 0.45784565118642956 0.5434442666860727 0.023592362037071817 0.023354456974909857
0 0.6643373782818134 0.27883324256310094 0.04379360492412861 0.0435480704674354
0 0.2794843270228459 0.029799514091931857 0.022635606619027946 0.02306164686496441
0 0.7917804718017578 0.5070429581862229 0.0401312021108774 0.040611633887657754
0 0.739900148831881 0.40595194009634167 0.026316129244290866 0.026744695810171273
0 0.3118590941795936 0.08441804005549504 0.17835125556358924 0.16464431469257063
0 0.3391973055326022 0.21290969848632812 0.10285678276648888 0.10355032407320462
0 0.6210171626164362 0.9016603323129507 0.03262420801016001 0.03194339458759014
0 0.7268257141113281 0.41929200979379505 0.014531355637770433 0.014692013080303486
0 0.8076924544114333 0.8384114778958834 0.025641514704777643 0.025686117318960335
0 0.26519463612483096 0.2766251564025879 0.016507625579833984 0.01641537592961238
0 0.5225298954890325 0.5876792760995718 0.015618397639347957 0.01580671163705679
0 0.8205069028414212 0.2725056868333083 0.026330214280348558 0.026385013873760518
0 0.17312930180476263 0.6462017206045297 0.01622310051551232 0.016563268808218148
0 0.21204196489774263 0.6423822549673227 0.016584102924053486 0.016519693227914665
0 0.3230721400334285 0.07661175727844238 0.014887589674729567 0.01498240690964919
0 0.6937445860642654 0.37916972086979794 0.014090317946213942 0.014006981482872596
0 0.5646694623506986 0.5562694256122296 0.015204356266902043 0.015247491689828726
0 0.3677548628586989 0.32160113408015323 0.015028880192683293 0.01509857177734375
0 0.602224166576679 0.7525894458477314 0.015427442697378306 0.015435438889723558
0 0.7979347522442157 0.2041152807382437 0.01953711876502404 0.019500292264498197
0 0.613737729879526 0.7444756581233098 0.016230436471792366 0.01607058598445012
0 0.6464020655705378 0.5926099190345178 0.016892359806941107 0.016837340134840745
0 0.4893492185152494 0.9288435715895432 0.015953797560471755 0.015891441932091348
0 0.4684287584744967 0.24226880073547363 0.02535394521859976 0.02584226314838116
0 0.5848005734957181 0.23744280521686262 0.06258377662071815 0.06281599631676307
0 0.7833317976731521 0.45964534466083234 0.014879960280198317 0.015035262474646935
0 0.6804552811842698 0.1675130403958834 0.03741807204026442 0.03801430188692533
0 0.3188420809232272 0.8896434490497296 0.013370367196890024 0.013928486750676082
0 0.5132027405958909 0.493802364055927 0.059220534104567304 0.05797664935772236
0 0.7789652897761419 0.41191500883836013 0.022305121788611777 0.022383469801682692
0 0.6455641526442307 0.3993951357327975 0.017603067251352165 0.017657646766075723
0 0.4763986880962665 0.04907049124057476 0.014847975510817308 0.014934998292189378
0 0.7016771756685697 0.28729933958787185 0.025072684654822715 0.025001892676720254
0 0.7916443164532001 0.527745246887207 0.06316023606520432 0.06404803349421574
0 0.2513110454265888 0.1934818304502047 0.014806490678053636 0.014916713421161357
0 0.1885070250584529 0.546048457805927 0.030985282017634466 0.03055543165940505
0 0.6764554243821365 0.16467637282151443 0.04602329547588642 0.051858718578632064
0 0.3982895337618314 0.07863360184889573 0.01410205547626202 0.014523652883676382
0 0.41245321127084583 0.8641220239492563 0.014718862680288462 0.014412659865159255
0 0.495178589454064 0.6408968705397385 0.015169877272385817 0.014945397010216346
0 0.7623635805570163 0.3848883555485652 0.026324638953575723 0.026206163259652946
0 0.4572907227736253 0.7007267291729267 0.016749015221228965 0.016829857459435098
0 0.6922220083383414 0.2555745564974271 0.034637451171875 0.033089711115910456
0 0.49994736451369065 0.948159437913161 0.015597270085261418 0.015665494478665866
0 0.4222284463735727 0.8856777778038611 0.015336403479942909 0.015317183274489183
0 0.7266524388239934 0.2854005556840163 0.025104229266826924 0.024972805610069863
0 0.7815641990074744 0.4784446863027719 0.021977791419396035 0.02230042677659255
0 0.49881810408372146 0.062229624161353476 0.015100479125976562 0.01506961308992826
0 0.2810862431159386 0.9282974096444937 0.015213856330284705 0.01502227783203125
0 0.4346817456758939 0.7344703674316406 0.01629506624661959 0.01635111295259916
0 0.3884625801673302 0.1267008322935838 0.016901456392728366 0.01692485809326172
0 0.286226749420166 0.9182122303889348 0.015237918266883263 0.014902114868164062
0 0.3574332090524527 0.7486886978149414 0.03261492802546574 0.03330802917480469
0 0.324065795311561 0.6299202258770282 0.013438004713792067 0.013135763315054087
0 0.2254966955918532 0.11229142775902382 0.014172187218299279 0.014288975642277645
0 0.30184619243328387 0.14319594089801496 0.015018646533672627 0.01526051301222581
0 0.6964466388408954 0.2531564969282884 0.023478581355168268 0.023726646716778096
0 0.8126797309288611 0.3796263107886681 0.02077337411733774 0.020715933579664964
