0 0.7763956510103666 0.36640145228459287 0.0739452655498798 0.07413996182955228
0 0.6007715005141038 0.5574756769033579 0.10596649463360126 0.10643621591421273
0 0.39727119299081654 0.6159834494957557 0.08175446436955379 0.08215962923490085
0 0.5926439578716571 0.4494258440457858 0.08331460219163161 0.0847320556640625
0 0.27933577390817493 0.3937237079326923 0.07232222190270057 0.07204936100886418
0 0.8958106407752404 0.8652863135704627 0.06489298893855168 0.06402881328876202
0 0.25494958804203915 0.2377947293795072 0.05136680603027344 0.05168005136343149
0 0.4375287569486178 0.18051701325636643 0.07814906193659855 0.0772470235824585
0 0.6325833247258112 0.49267255342923677 0.03690690260667067 0.036848948552058294
0 0.8512785984919622 0.7054433822631836 0.04815351046048678 0.04822334876427284
0 0.7760946567241962 0.43357152205247146 0.0675192612868089 0.06814897977388822
0 0.1504653417147123 0.19574779730576736 0.058132868546705976 0.057864996103140026
0 0.22592425346374512 0.7268804403451773 0.047516125899094805 0.04766845703125
0 0.2106790175804725 0.810085810147799 0.04409327873816857 0.043795218834510215
0 0.783298345712515 0.23235588807326096 0.10009208092322716 0.10211115617018479
0 0.863487537090595 0.3881078866811899 0.04738763662484976 0.047055757962740384
0 0.5801295133737417 0.8260567004864032 0.04315948486328125 0.04307409433218149
0 0.9420905480018029 0.3220316446744479 0.04449169452373798 0.044145950904259317
0 0.29866475325364333 0.696996101966271 0.04327810727632963 0.04313747699444111
0 0.32827091217041016 0.8617088611309345 0.036638846764197715 0.036562552818885215
0 0.8201351165771484 0.666787367600661 0.07129082312950721 0.07164911123422477
0 0.24442691069382888 0.5814242729773889 0.057005735544057995 0.057131400475135215
0 0.2030921349158654 0.6770879305326022 0.026852167569673978 0.02675041785606971
0 0.31940922370323765 0.32596298364492565 0.05255963252140926 0.05256249354435848
0 0.90870424417349 0.8000233723567083 0.04184634868915264 0.041215016291691706
0 0.9396109947791467 0.7373889776376578 0.02664947509765625 0.026611915001502402
0 0.10759300452012283 0.8143873948317307 0.03627540515019344 0.03619238046499399
0 0.8342770062960111 0.3535705346327562 0.046325390155498795 0.04622855553260216
0 0.5711080110990084 0.2974417209625244 0.02477895296536959 0.024929523468017578
0 0.8099788519052359 0.47974076637854945 0.03203450716458834 0.0317231691800631
0 0.4808464050292969 0.07383333719693698 0.05278462630051833 0.05255288344163161
0 0.3444606340848483 0.9485329848069411 0.026181147648737982 0.026216947115384616
0 0.9161082047682542 0.5576174442584698 0.021855721106896035 0.02214842576246995
0 0.9835941608135517 0.5077275496262771 0.019643636850210335 0.022627757145808294
0 0.06221465881054218 0.314913272857666 0.02697911629310021 0.02730707021859976
0 0.8158619220440204 0.3071660812084491 0.060218517596905045 0.06104054817786583
0 0.2676551892207219 0.3274686886714055 0.04325239474956806 0.043290284963754505
0 0.022192388772964478 0.941340079674354 0.034074063484485335 0.046040901770958535
0 0.419706784761869 0.7159650509174054 0.019395754887507513 0.019342422485351562
0 0.7398788745586689 0.1735234627356896 0.054083604079026446 0.054047767932598405
0 0.8786240357619065 0.7865846340472882 0.026493072509765625 0.026077710665189303
0 0.349977970123291 0.2996370242192195 0.030521979698768027 0.030723718496469352
0 0.382965638087346 0.7383955441988431 0.026721074030949518 0.026560123150165264
0 0.522130379310021 0.20916139162503755 0.03306784996619591 0.03276487497182993
0 0.3819776681753305 0.7741323617788461 0.018359991220327523 0.01833519568810096
0 0.427483998812162 0.7487547947810247 0.039606461158165567 0.04011095487154447
0 0.3310723671546349 0.6769128946157602 0.03409004211425781 0.03367321307842548
0 0.15616620503939116 0.034209453142606296 0.03365318591778095 0.03338341529552753
0 0.3404678564805251 0.8385356022761419 0.02983372028057392 0.030059374295748197
0 0.5496106147766113 0.8553204903235803 0.27773468311016375 0.2687374995304988
0 0.9086776880117563 0.6935462951660156 0.020672431358924277 0.020909822904146634
0 0.37796592712402344 0.10899142118600699 0.028011175302358773 0.02814336923452524
0 0.8249739133394681 0.7389788994422326 0.04364512516902043 0.043241647573617786
0 0.43984387471125674 0.24564233193030724 0.025188959561861478 0.025243355677678034
0 0.3518829712500939 0.8163490295410156 0.02721720475416917 0.027013045090895433
0 0.4886785653921274 0.3415537614088792 0.025709005502554085 0.02570651127741887
0 0.026061424842247598 0.09251682574932392 0.04477632962740385 0.07158992840693547
0 0.20768121572641227 0.4099921446580153 0.02984963930570162 0.03007360605093149
0 0.4964141478905311 0.7238382926354041 0.035181559049166165 0.035402884850135215
0 0.6887065447293795 0.2452243658212515 0.04570315434382512 0.04548300229586088
0 0.3757349161001352 0.8408892704890325 0.0414277590238131 0.04143817608173077
0 0.1404507068487314 0.9672740055964544 0.052385348540086016 0.053691864013671875
0 0.6631249647874099 0.6537095583402194 0.01976468012883113 0.020003685584435098
0 0.2846214771270752 0.12633653787466195 0.025414026700533353 0.025650904728816107
0 0.2936923870673546 0.6068282494178185 0.05037061984722431 0.051365045400766224
0 0.8766451615553635 0.6790692989642804 0.029320643498347357 0.029490837684044473
0 0.866581550011268 0.652161011329064 0.025494502140925482 0.02573541494516226
0 0.47374483255239636 0.6681110675518329 0.02553587693434495 0.025786473200871393
0 0.42820189549372745 0.3737100087679349 0.03541785020094652 0.03542760702279898
0 0.9117989173302283 0.29719409575829137 0.03654920137845553 0.03662868646474985
0 0.7943423344538763 0.8233114389272836 0.022387284498948317 0.02239095247708834
0 0.825556388268104 0.4519355847285344 0.02821218050443209 0.027847950275127705
0 0.453948241013747 0.5251662914569561 0.030204919668344352 0.029921311598557692
0 0.8669982323279748 0.9356244160578802 0.034576416015625 0.03468601520244892
0 0.021677826459591206 0.5613579750061035 0.031733957620767445 0.0363154778113732
0 0.6371346987210788 0.13158115973839393 0.02971678513746995 0.02959134028508113
0 0.8532904845017654 0.8063495342548077 0.0217587397648738 0.021805689885066107
0 0.09765823070819561 0.5080561637878418 0.027352663186880257 0.02730861076941857
0 0.09029282056368314 0.04027073199932392 0.040837686795454756 0.04061442155104417
0 0.5384747431828425 0.15937610772939828 0.022621741661658652 0.0224992403617272
0 0.9830350875854492 0.5796220485980694 0.016930653498722956 0.02009274409367488
0 0.2594305185171274 0.6238842010498047 0.02425523904653696 0.02440481919508714
0 0.4364058788006122 0.17954589770390436 0.01985014401949369 0.018477733318622295
0 0.9435944190392127 0.8733086219200721 0.030857086181640625 0.03151908287635216
0 0.6967756564800556 0.40759607461782604 0.04307776231032152 0.04248369657076322
0 0.8340626496535081 0.9501885634202224 0.030377901517427884 0.030889364389272835
0 0.34516173142653245 0.6268961979792669 0.016977603618915264 0.01705507131723257
0 0.8763250204233023 0.5493585146390475 0.043310899000901446 0.04346201970027043
0 0.5241361764761118 0.5129812680757962 0.02804389366736779 0.02808526846078726
0 0.87737670311561 0.23644711421086237 0.024168014526367188 0.024419124309833232
0 0.8050388923058143 0.7710809707641602 0.028832362248347357 0.029023390549879808
0 0.6442180780264047 0.661175801203801 0.24467570965106672 0.2416988886319674
0 0.10567742127638596 0.6965654813326322 0.02350766842181866 0.02305735074556791
0 0.17220346744243914 0.363978752723107 0.035389056572547324 0.03596188471867488
0 0.7772520505464994 0.582680188692533 0.02179718017578125 0.021788817185621995
0 0.20505721752460188 0.30536361841055065 0.035639212681696966 0.03572544684776893
0 0.35853022795457107 0.18657335868248573 0.024924058180588942 0.024858731489915114
0 0.3740094625032865 0.6231022614699143 0.021952702448918268 0.022395794208233174
0 0.7505013392521784 0.9215884575477014 0.017940667959359977 0.01786011915940505
0 0.8651912395770733 0.4821618153498723 0.020557990440955527 0.020686809833233174
0 0.7515931496253381 0.8219181207510141 0.027796378502478965 0.027919182410606973
0 0.4310422677260179 0.4255220706646259 0.02526268592247596 0.025161596444936898
0 0.8088703155517578 0.95459534571721 0.028073824368990384 0.02801366952749399
0 0.9407757245577298 0.4518620417668269 0.029747449434720553 0.029995551476111777
0 0.6620335945716271 0.6707068223219651 0.016809463500976562 0.016559307391826924
0 0.3946679188654973 0.6674710787259616 0.03665315187894381 0.03682033832256611
0 0.8592621729924128 0.32313926403339094 0.024886498084435098 0.024653801551231973
0 0.9646842663104718 0.9688213054950421 0.017987471360426683 0.017795562744140625
0 0.5781538303081806 0.8890019196730393 0.021470289963942308 0.02128439683180589
0 0.9410569851215069 0.267699278317965 0.035936795748197116 0.0359187492957482
0 0.2109243136185866 0.9477704121516302 0.020371290353628304 0.020229192880483773
0 0.13436323862809402 0.3359664770273062 0.018205936138446514 0.018207256610576924
0 0.9537373322706956 0.6651171170748197 0.017034530639648438 0.017169952392578125
0 0.178312008197491 0.5122808309701773 0.024241814246544473 0.0244900630070613
0 0.5177909410916842 0.6180666410006009 0.028492047236515924 0.028773931356576774
0 0.5937272218557504 0.8691444396972656 0.028345181391789362 0.02841802743765024
0 0.27156639099121094 0.0901047816643348 0.06386925623967098 0.06334429979324341
0 0.568994742173415 0.3796701431274414 0.061136612525353067 0.060198270357572116
0 0.25454280926631045 0.670170417198768 0.021132139059213493 0.020553001990685098
0 0.24544536150418794 0.9912332388070914 0.015541736896221455 0.01388256366436298
0 0.8885316115159255 0.36439682887150693 0.028948270357572116 0.028902200552133415
0 0.10595908531775841 0.45250368118286133 0.01975591366107647 0.020394031818096455
0 0.8624571286714994 0.6165023950430063 0.01946390592134916 0.019269209641676683
0 0.37110053575955904 0.8075001056377704 0.019542620732234076 0.019566756028395433
0 0.050338066541231595 0.9764475455650916 0.06000683857844426 0.04261941176194411
0 0.9700734798724835 0.42797125302828276 0.027425179114708535 0.027802393986628607
0 0.833336169903095 0.9877818180964544 0.02233123779296875 0.01946097153883714
0 0.2929669893704928 0.25964172069843 0.04687969501201923 0.0464783448439378
0 0.6843087856586163 0.352543097275954 0.01750784653883714 0.017338679387019232
0 0.163451781639686 0.9090303274301382 0.020217152742239144 0.020665095402644232
0 0.33228621116051305 0.770573249230018 0.029337736276479866 0.029149715717022236
0 0.7835071270282452 0.9837169647216797 0.02627988962026743 0.025186685415414665
0 0.2520214594327487 0.4945025077232948 0.027053246131310098 0.02715726999136118
0 0.2330800203176645 0.7777905097374549 0.03733187455397386 0.036523085374098554
0 0.309507076556866 0.655679335960975 0.019150660588191107 0.019080382127028245
0 0.10331489489628719 0.9850496145395132 0.04803279729989859 0.027436183049128607
0 0.9518162653996394 0.4010647993821364 0.02319159874549279 0.023183235755333535
0 0.5062922697800857 0.6653470259446365 0.020108956557053786 0.020304313072791465
0 0.16083884239196777 0.5167898764977088 0.0677187259380634 0.0652631612924429
0 0.49513970888577974 0.30742260125967175 0.01687137897198017 0.01707619887131911
0 0.471949944129357 0.5244650473961463 0.07014876145582932 0.07532427861140324
0 0.5059482134305514 0.568031017596905 0.029680985670823317 0.029527664184570312
0 0.11284887790679932 0.9309661571796124 0.040136245580819935 0.040669954740084134
0 0.146984888957097 0.3512287139892578 0.01666886989886944 0.016512944148137018
0 0.360990597651555 0.9043099330021784 0.022535324096679688 0.022480304424579326
0 0.2995439859536978 0.8708128562340369 0.01979838884793795 0.020139694213867188
0 0.14378694387582633 0.5645228165846604 0.024841785430908203 0.02485311948336088
0 0.18633341789245605 0.8857625814584585 0.040445144359882064 0.040900010329026446
0 0.8860993018517127 0.7459818033071665 0.014957134540264424 0.014833450317382812
0 0.7736594860370343 0.8351025948157678 0.02297034630408654 0.02294026888333834
0 0.44869547623854417 0.3265387828533466 0.036141395568847656 0.03571385603684645
0 0.4680175047654372 0.46470579734215367 0.02671021681565505 0.0267184330866887
0 0.7455461942232572 0.7913117041954627 0.0245364262507512 0.02450385460486779
0 0.23177286294790414 0.8841692117544321 0.044994244208702676 0.04379947368915264
0 0.2687202050135686 0.9716698573185847 0.03053452418400691 0.03055396446814904
0 0.5043767782358023 0.6444132878230169 0.019133787888746995 0.018542949969951924
0 0.8098484186025766 0.41910516298734224 0.017015897310697116 0.01696498577411358
0 0.6598644256591797 0.884005986727201 0.032746388362004206 0.033201364370492786
0 0.15862325521615836 0.5307530256418082 0.04050093430739183 0.040546417236328125
0 0.011287182569503784 0.25546913880568284 0.014354825019836426 0.020493103907658503
0 0.5423597922691932 0.5283352778508112 0.02053979726938101 0.02040686974158654
0 0.9151273874136118 0.7820301055908203 0.026104560265174277 0.025150592510516826
0 0.3453817367553711 0.5584912666907678 0.02094122079702524 0.021099677452674277
0 0.1112526930295504 0.8859924903282752 0.02233270498422476 0.022158696101262018
0 0.6295404434204102 0.36026851947490984 0.02056605999286358 0.020465263953575723
0 0.36826562881469727 0.9770521750816932 0.02033864534818209 0.02027761019193209
0 0.18039193520179161 0.9171053813054011 0.05199109590970553 0.05180153479942909
0 0.03645317600323604 0.12519164268787092 0.015294162126687856 0.015222384379460262
0 0.2504145548893855 0.01809923923932589 0.06338251554048978 0.03504506441263052
0 0.6978613046499399 0.8293187801654522 0.02829742431640625 0.02838560251089243
0 0.3714613180894118 0.6690668692955604 0.015531466557429386 0.01570466848520132
0 0.6994740412785456 0.9923117710993841 0.026746163001427285 0.013899876521183895
0 0.9169700329120343 0.4605519954974835 0.022295731764573317 0.022412740267240085
0 0.9685957981989934 0.9435027195857122 0.02774179898775541 0.028040078970102165
0 0.3231076460618239 0.9196586608886719 0.01660757798414964 0.016333359938401442
0 0.18810811409583458 0.8370530055119441 0.021039522611177884 0.021502861609825723
0 0.8980445861816406 0.7470775017371545 0.01839138911320613 0.018696124737079326
0 0.11841276975778434 0.9134171559260442 0.03218643481914814 0.030017999502328727
0 0.4374446135300856 0.7098559599656326 0.015003351064828726 0.014678514920748197
0 0.36075305938720703 0.8769440284142127 0.02805922581599309 0.028780717116135817
0 0.4679704812856821 0.23396911987891564 0.026428369375375602 0.026296432201678935
0 0.15141929112947905 0.6359546367938702 0.01442249004657452 0.014333578256460337
0 0.39171879108135516 0.18779800488398626 0.014527100783128005 0.014482388129601112
0 0.6491555434006911 0.44511890411376953 0.032174917367788464 0.03244942885178786
0 0.9130614354060247 0.4100437897902269 0.05223288902869591 0.05322001530573918
0 0.1884611203120305 0.5448376949016864 0.019691834082970254 0.019815665024977464
0 0.2934031853309044 0.9199783618633564 0.014646163353553185 0.014618213360126201
0 0.15339843126443717 0.9414105048546424 0.04713735213646522 0.04730136577899639
0 0.1250126178448017 0.40524908212515026 0.03176802855271559 0.03202907855694111
0 0.864934334388146 0.9229733393742487 0.019496330848106973 0.018825824444110576
0 0.24648607694185698 0.1955417119539701 0.03751659393310547 0.03772955674391527
0 0.11208152770996094 0.9366189516507663 0.033447907521174505 0.03215349637545072
0 0.13412256424243635 0.6448140511145959 0.026226520538330078 0.026932643010066107
