0 0.6775533235990084 0.8364744919996995 0.17110267052283654 0.17342992929311898
0 0.7559264256403997 0.43800940880408656 0.09740858811598557 0.0980672836303711
0 0.1526354276216947 0.36750111213097203 0.13684921998244065 0.13765225043663612
0 0.49953482701228213 0.41854176154503453 0.1127780033991887 0.11269085223858173
0 0.687128653893104 0.04702429588024433 0.09647193321814904 0.09170255294212928
0 0.8019643196692834 0.6188991986788236 0.06511218731219952 0.06498498183030349
0 0.5232201356154221 0.1452107521203848 0.05375509995680589 0.053242004834688626
0 0.2726444464463454 0.6769900688758264 0.0481111819927509 0.04819077711838942
0 0.8699701749361478 0.1329581829217764 0.09187170175405648 0.09148496847886306
0 0.7736291151780349 0.08522365643427922 0.12947845458984375 0.13079412166888899
0 0.0748562766955449 0.9321537751417893 0.06383375938122089 0.06382369995117188
0 0.5388387166536771 0.5356308863713191 0.07583449437068059 0.07469529371995193
0 0.9379851267887995 0.479764461517334 0.032805222731370196 0.032666793236365683
0 0.49390411376953125 0.7628407111534705 0.09785659496600811 0.09863017155573918
0 0.6090188393226037 0.21845113314115083 0.05623201223520132 0.056232599111703724
0 0.8075410402738131 0.5059876075157752 0.03228407639723558 0.03235054016113281
0 0.25105918370760405 0.5592123178335336 0.02262276869553786 0.02272620567908654
0 0.5208880351139948 0.5876080439640925 0.055342454176682696 0.055433420034555286
0 0.2521396233485295 0.8153368142934946 0.033691773047814004 0.033621567946213946
0 0.701803940993089 0.38514041900634766 0.02342048058143029 0.023418426513671875
0 0.7010044684776893 0.5838346848121057 0.038206247182992786 0.0388032473050631
0 0.7187059842623197 0.6363408015324519 0.02672752967247596 0.026879530686598558
0 0.9090634859525241 0.06516093474168044 0.03099999060997596 0.030897800738994893
0 0.9159020643967849 0.5655254217294546 0.025275450486403245 0.025385636549729567
0 0.43226341100839466 0.5480472491337702 0.07197049947885367 0.07193147219144382
0 0.4266455356891339 0.652344850393442 0.0273435299213116 0.02755253131573017
0 0.5829482812147874 0.5903519850510818 0.05772678668682392 0.05842458284818209
0 0.7939950502835788 0.5513679064237155 0.025889176588792067 0.026130162752591647
0 0.7665314307579627 0.3178514333871695 0.023946615365835335 0.024164933424729567
0 0.9429915501521184 0.8317868892963116 0.020365201509915866 0.019919615525465745
0 0.7434470836932843 0.3595223060021034 0.024471282958984375 0.024897648737980768
0 0.4519674227787898 0.6357314770038311 0.0269468014056866 0.026761568509615384
0 0.7978919102595403 0.9477420220008264 0.02962317833533654 0.02989783653846154
0 0.4261480478140024 0.07981446156134972 0.018747769869290866 0.01859624569232647
0 0.4267176848191481 0.05223229298224816 0.024938436654897835 0.025270351996788613
0 0.905295885526217 0.46671045743502104 0.017657059889573317 0.017643121572641227
0 0.21469697585472694 0.8247591165395883 0.019307870131272536 0.019394507774939902
0 0.39455769612238956 0.6375524080716647 0.041167259216308594 0.04146986741286058
0 0.18067345252403846 0.2903188375326303 0.020978927612304688 0.020943164825439453
0 0.7802694760836087 0.5930395859938401 0.026941739595853366 0.027128953200120192
0 0.4489323542668269 0.46000033158522385 0.018434817974384014 0.018182020920973558
0 0.11860495347243089 0.5775569769052359 0.018002400031456582 0.01778866694523738
0 0.9305860079251803 0.5809812178978553 0.018834921029897835 0.018544123722956732
0 0.5487962869497446 0.6836591133704553 0.050563958974984974 0.0511479010948768
0 0.318296689253587 0.732058231647198 0.01726084489088792 0.017300532414362982
0 0.6067178432758038 0.1524335787846492 0.023733139038085938 0.023900802318866435
0 0.9003191727858323 0.6590991387000451 0.016147026648888223 0.0162051274226262
0 0.6068572998046875 0.0910968413719764 0.029505069439227764 0.029614943724412184
0 0.3967007123506986 0.9926410088172326 0.02117186326246995 0.01287548358623798
0 0.881054951594426 0.8854981935941256 0.06682674701397236 0.06680532602163461
0 0.5377575434171237 0.29836155818058896 0.12200348193828876 0.1269495303814228
0 0.7166837545541617 0.4927377700805664 0.014937180739182692 0.015080965482271634
0 0.10929272725031926 0.4013818960923415 0.021227103013258714 0.02115601759690505
0 0.4923203174884503 0.698088132418119 0.06618558443509616 0.0639049823467548
0 0.9311325366680439 0.330315846663255 0.017078986534705527 0.01706805595984826
0 0.5065445899963379 0.09971792881305401 0.09642659700833835 0.09587271396930401
0 0.23663783073425293 0.9059061637291541 0.0199586061330942 0.01993252680851863
0 0.8143177032470703 0.3362084168654222 0.015540489783653846 0.015545038076547476
0 0.7565265068641076 0.5629273194533128 0.0213778569148137 0.021439478947566107
0 0.8565720778245193 0.022207723214076117 0.030411940354567308 0.030374737886282113
0 0.6167931189903846 0.26370822466336763 0.036513108473557696 0.03620206392728365
0 0.755169941828801 0.3873628102816068 0.01953741220327524 0.019623242891751803
0 0.8996056776780349 0.6086430916419396 0.03981282160832332 0.039571908804086536
0 0.8387012481689453 0.304042412684514 0.017226585975060098 0.01690512437086839
0 0.9154178912823017 0.11325979232788086 0.015555308415339543 0.015548302577092098
0 0.8826600588285006 0.36194507892315203 0.015921666071965143 0.01564627427321214
0 0.18551067205575797 0.19423363758967474 0.04410274212176983 0.04353831364558293
0 0.11417571397928092 0.21281873262845552 0.05262941580552321 0.052000999450683594
0 0.9131796910212591 0.313474361713116 0.017101287841796875 0.01709571251502404
0 0.6824684143066406 0.15537056556114784 0.04165297288161058 0.04157198392427885
0 0.7809465848482572 0.6783687884990985 0.01770943861741286 0.017723963810847357
0 0.826057874239408 0.7594083639291617 0.17131600013146034 0.17734762338491586
0 0.14572570874140814 0.1852748027214637 0.033834017240084134 0.03379660386305589
0 0.4723722751323993 0.06279259461622971 0.07688595698429988 0.07509156373830941
0 0.13701600294846755 0.9008139096773587 0.016277093153733473 0.015971844012920674
0 0.9490143702580378 0.7347653462336614 0.017212941096379206 0.02892479529747596
0 0.91521483201247 0.03967165029965914 0.015611795278695913 0.015360648815448467
0 0.3098171674288236 0.4705922053410457 0.015922968204204854 0.015871194692758415
0 0.20987749099731445 0.32027706733116734 0.017482610849233773 0.017580325786884014
0 0.7039012175339919 0.18147945404052734 0.02285898648775541 0.02282260014460637
0 0.26292696365943324 0.08464563809908353 0.0809630614060622 0.08089025203998272
0 0.6392366702740009 0.7147348844088041 0.017845740685096152 0.01790442833533654
0 0.6143828905545748 0.6562023162841797 0.02165559621957632 0.021973243126502402
0 0.6102050634530874 0.744205694932204 0.0213314936711238 0.021202234121469352
0 0.6145609342134916 0.04136952987084022 0.06999837435208835 0.07069604213421161
0 0.27904165708101714 0.6430449852576623 0.02030834784874549 0.020206157977764424
0 0.40696415534386265 0.34045300116905797 0.052899947533240683 0.05393519768348107
0 0.6049528488746057 0.7012375318087064 0.03246710850642277 0.032376656165489785
0 0.22863461421086237 0.35517179048978365 0.025409111609825723 0.025113619290865384
0 0.471342160151555 0.0178423122717784 0.06375767634465145 0.03413242789415213
0 0.1650230701153095 0.08544640357677753 0.021541302020733174 0.021365587527935322
0 0.35146456498366135 0.6954448406512921 0.04334053626427284 0.044088510366586536
0 0.8509869942298303 0.06754246124854454 0.0561519035926232 0.05707557384784405
0 0.10487868235661434 0.6702239696796124 0.014993557563194862 0.014613518348106971
0 0.3893927794236403 0.8046804574819711 0.03690030024601863 0.036767812875600964
0 0.5151702440701998 0.01251060229081374 0.030583895169771634 0.023666780728560228
0 0.20914793014526367 0.6002560395460862 0.016727740948016826 0.016679763793945312
0 0.9468525373018705 0.4168527309711163 0.014303354116586538 0.014552776630108174
0 0.3307507588313176 0.43106467907245344 0.027960997361403245 0.028467178344726562
0 0.06597424011964065 0.20794054178091195 0.04313721106602596 0.0435785880455604
0 0.06713143678811881 0.8530340928297776 0.02230972510117751 0.022377894474909857
0 0.9408202538123498 0.02107347662632282 0.014683209932767428 0.01460513243308434
0 0.49378042954664964 0.8922411111684946 0.036189886239858776 0.03565714909480168
0 0.41331027104304385 0.01093685168486375 0.030340121342585638 0.02057527578794039
0 0.7964214911827674 0.6710929870605469 0.014696414654071514 0.014554977416992188
0 0.20079686091496393 0.920745116013747 0.033342801607572116 0.03371752225435697
0 0.37376990685096156 0.4867952053363507 0.024643971369816706 0.025509760929987982
0 0.4070409628061148 0.2767217709467961 0.07785767775315505 0.0776201394888071
0 0.52624695117657 0.6572752732496995 0.04318912212665264 0.043022449199969955
0 0.4854873510507437 0.9100532531738281 0.016818119929387018 0.01678320077749399
0 0.8202333450317383 0.40262776154738206 0.0150910891019381 0.01481019533597506
0 0.5933634317838229 0.75634582226093 0.02280763479379507 0.02323003915640024
0 0.5050236628605769 0.49648479314950794 0.023457820598895732 0.023438380314753607
0 0.373722846691425 0.8643260368934045 0.05952262878417969 0.05967389620267428
0 0.9242496490478516 0.22711807030897874 0.018834921029897835 0.018700012793907754
0 0.5476718315711389 0.010621904180600094 0.03440651526817909 0.019946426153182983
0 0.8982222630427434 0.2811278930077186 0.014668684739332933 0.014607722942645732
0 0.6379131170419546 0.19684421099149263 0.017353057861328125 0.01694319798396184
0 0.591191291809082 0.8320501767672025 0.041998056265024036 0.04199717595027043
0 0.12221290515019344 0.7087425818810096 0.027466810666597806 0.027363410362830527
0 0.9248323440551758 0.224121460547814 0.023261583768404447 0.02304216531606821
0 0.557857843545767 0.9832270695612981 0.06177337353046124 0.030163398155799277
0 0.8271928933950571 0.7479058779202975 0.013974703275240384 0.014202117919921875
0 0.9210290908813477 0.632363539475661 0.01620938227726863 0.016406426062950723
0 0.9466428756713867 0.3250196897066556 0.015554428100585938 0.015709950373722956
0 0.6136679282555213 0.6126852035522461 0.03487748366135817 0.03557909451998197
0 0.5471979287954477 0.6253641568697416 0.027505214397723857 0.027738131009615384
0 0.892359733581543 0.03375764076526348 0.04695951021634615 0.04664065287663387
0 0.5408788827749399 0.3110227584838867 0.014366443340594951 0.013884617732121395
0 0.6742644676795373 0.8555666116567758 0.014579332791841947 0.01424701397235577
0 0.614347898043119 0.649173956650954 0.01671776404747596 0.015875596266526442
0 0.3454907490656926 0.6508661416860727 0.0171053226177509 0.01692537161020132
0 0.2586260392115666 0.9234751187838041 0.05018061857957106 0.04964505709134615
0 0.7252396803635818 0.5416061694805439 0.016872699444110576 0.016686659592848558
0 0.8725558060866135 0.9140026385967548 0.024865077092097357 0.024927286001352165
0 0.31216742442204404 0.5925853435809796 0.04524942544790415 0.04453145540677584
0 0.33671221366295445 0.893556154691256 0.016243641193096455 0.016199405376727764
0 0.0851754958813007 0.2751211386460524 0.01655783561559824 0.016509276169996995
0 0.288018666780912 0.16206007737379807 0.01582930638239934 0.016198231623722956
0 0.8017952258770282 0.28481252376849836 0.0144500732421875 0.014491411355825571
