0 0.2921964388627272 0.9179136569683368 0.24482136506300706 0.16182723412146935
0 0.6078807757450984 0.9638140018169696 0.07893422933725211 0.06639774029071514
0 0.35924731768094575 0.548070870912992 0.06784857236422025 0.06797027587890625
0 0.14810006435100848 0.903018437899076 0.03611876414372371 0.035187794612004206
0 0.19338767345135027 0.29583237721369815 0.06400555830735427 0.06360252086932842
0 0.7815984579233023 0.7717518439659705 0.03760851346529447 0.037697131817157455
0 0.8897889944223257 0.26400160789489746 0.0323034433218149 0.03235571201031025
0 0.6125264167785645 0.6467185387244592 0.027347638056828424 0.027676508976862982
0 0.12184665753291203 0.9881105422973633 0.020241480607252855 0.019258645864633415
0 0.36852821936974156 0.6752169682429388 0.055907029371995196 0.05620853717510517
0 0.4696925970224234 0.41621817075289214 0.028508479778583232 0.028561225304236777
0 0.17472529411315918 0.09253310240232028 0.0928952143742488 0.09667497414809006
0 0.5615086188683143 0.02763612912251399 0.02393003610464243 0.023929330018850472
0 0.5782760840195876 0.8210261418269231 0.023322398845966045 0.023174579326923076
0 0.4322132697472206 0.7808182056133564 0.02889427771935096 0.029208256648137018
0 0.3532026731050931 0.7341090715848483 0.025299659142127402 0.025145310621995192
0 0.26784810653099644 0.6961609033437876 0.047742256751427285 0.0474094977745643
0 0.5308286226712741 0.8734817504882812 0.018925886887770433 0.019080528846153848
0 0.31808919173020583 0.5902503820566031 0.044589849618765026 0.04454363309420072
0 0.8391314286452073 0.9513116983266977 0.025620387150691107 0.026010953463040866
0 0.20346362774188703 0.18163431607759917 0.02154379624586839 0.021880296560434196
0 0.3195363191457895 0.686215327336238 0.045226097106933594 0.0448760986328125
0 0.4230953730069674 0.7635939671443059 0.02538020794208233 0.025601313664362982
0 0.4430732727050781 0.7280525794396033 0.024634434626652643 0.024718064528245192
0 0.13509129560910738 0.25799936514634353 0.02146741060110239 0.02164151118351863
0 0.7996460841252253 0.11179217008443978 0.026293534498948317 0.026614941083467923
0 0.09683262384854831 0.08996855295621432 0.06932614399836613 0.07020003979022686
0 0.25741925606360805 0.19949597578782302 0.02165963099553035 0.021901717552771933
0 0.3813341214106633 0.5838140340951773 0.019691614004281852 0.019545261676494893
0 0.24455096171452448 0.1202459793824416 0.023025879493126504 0.023148885140052207
0 0.03588563662308913 0.5644760131835938 0.02237532689021184 0.022405477670522835
0 0.7048282623291016 0.21973646604097807 0.034057910625751205 0.03405350905198317
0 0.4005049191988431 0.7686876150277945 0.020163462712214544 0.019939129169170674
0 0.9409329341008112 0.29065818053025466 0.01903533935546875 0.018900137681227464
0 0.3746397311870868 0.3578173564030574 0.016521600576547477 0.016584102924053486
0 0.3307277239285983 0.7576711361224835 0.03086060744065505 0.03084696256197416
0 0.8231059587918795 0.9658107023972732 0.019857259897085335 0.019551497239332933
0 0.13295652316166803 0.14371367601247934 0.043713973118708685 0.04370667384221004
0 0.46651436732365537 0.14089303750258225 0.018247457650991585 0.018045792212853067
0 0.5077072290273813 0.35950150856604945 0.017316524799053486 0.017573136549729567
0 0.7052348210261419 0.5689070774958684 0.016911726731520433 0.016701624943659857
0 0.42595856006328875 0.15578748629643366 0.016349058884840745 0.016360026139479417
0 0.2963553942166842 0.656947869520921 0.047102708082932696 0.046845656174879804
0 0.437467281634991 0.3101782431969276 0.05558850215031551 0.0563352841597337
0 0.12142852636484 0.30781159034142125 0.016335175587580755 0.016020683141855094
0 0.47565020047701323 0.7886990767258865 0.02090762211726262 0.0211789057804988
0 0.24036286427424505 0.04847109776276808 0.049828676077035755 0.0501478176850539
0 0.5009893270639273 0.8194195674015925 0.041407291705791764 0.041043795072115384
0 0.9345930539644681 0.8109537271352915 0.018799415001502402 0.018824944129356973
0 0.7226653465857873 0.5988642619206355 0.017641067504882812 0.01770503704364483
0 0.23049328877375677 0.848284281217135 0.01615568307729868 0.01606295658991887
0 0.8673507983867939 0.7482500809889573 0.016893826998197116 0.016856560340294473
0 0.43034040010892427 0.05225155903742863 0.017611210162823018 0.017779166881854717
0 0.4635719886192909 0.08425226578345665 0.016221266526442308 0.0162506837111253
0 0.41188680208646333 0.6998153833242563 0.016992715688852165 0.016991101778470553
0 0.6624924586369441 0.5710371090815618 0.017297891470102165 0.01767906775841346
0 0.17783271349393404 0.24468363248384917 0.017132905813363884 0.01721814962533804
0 0.04276772187306331 0.3717596714313214 0.035111849124615006 0.0353087645310622
0 0.925423108614408 0.5923628440270057 0.016237258911132812 0.016318688025841348
0 0.9136552810668945 0.32270123408390927 0.018148128802959736 0.0181277348445012
0 0.3831651760981633 0.4739423164954552 0.03197068434495192 0.032088133004995495
0 0.8635493058424729 0.47226810455322266 0.01641229482797476 0.016351626469538763
0 0.5795638011052058 0.5870876312255859 0.018689962533804085 0.018947087801419772
0 0.5030706845797025 0.17974061232346755 0.015781402587890625 0.015810232896071214
0 0.32305970558753383 0.7971084301288311 0.020085774935208835 0.02007440420297476
0 0.6782831045297476 0.7093304854172927 0.08019652733435997 0.08424318753756009
0 0.8573028857891376 0.9588557756864108 0.015978299654447116 0.016129273634690505
0 0.7722603724553034 0.8553469731257513 0.017063140869140625 0.017037171583909255
0 0.03324805314724262 0.834978983952449 0.026857146849999063 0.035181485689603366
0 0.05735577069796049 0.44126228185800404 0.05182279073275053 0.05156517028808594
0 0.8952489266028771 0.956024903517503 0.018737352811373197 0.018665020282451924
0 0.7753360454852765 0.5643206376295823 0.016536125769981973 0.016421391413762018
0 0.45778751373291016 0.7519135841956506 0.016662157498873197 0.016340255737304688
0 0.8179307350745568 0.9375883249136118 0.024137496948242188 0.024272331824669473
0 0.1099706613100492 0.2428125234750601 0.0202640019930326 0.020581538860614482
0 0.24660411247840294 0.29362674859853893 0.0152131594144381 0.015216387235201322
0 0.5878011630131648 0.36577243071336013 0.016699790954589844 0.01662782522348257
0 0.7682634500356821 0.28071253116314226 0.023953657883864183 0.024137056790865384
0 0.7566710985623873 0.6261678842397836 0.01574530968299279 0.015694544865534857
0 0.5184286924508902 0.2662339393909161 0.01464381584754357 0.014559415670541616
0 0.9034065833458533 0.4148863278902494 0.020748431865985576 0.020682848416841947
0 0.14562337215130144 0.1738890501169058 0.01759499769944411 0.017450516040508565
0 0.5586685033944937 0.28223536564753604 0.017758589524489183 0.017574346982515775
0 0.9439073709341196 0.09811593936039852 0.015346820537860576 0.015321988325852614
0 0.03404079950772799 0.30524393228384167 0.02192576114947979 0.0296172362107497
0 0.6551823982825646 0.8274420224703275 0.01981661869929387 0.01998314490685096
0 0.18414675272428072 0.4324212441077599 0.0223234983590933 0.02252644758958083
0 0.6811670890221229 0.44252593700702375 0.015929295466496393 0.015764383169320915
0 0.07557245401235727 0.2368755157177265 0.023033618927001953 0.02295710490300105
0 0.158951447560237 0.22297494228069598 0.01987901100745568 0.019470838400033805
0 0.606784673837515 0.6026924573458158 0.016063690185546875 0.016373854417067308
0 0.8426237106323242 0.9783330330481896 0.020829127385066107 0.020451178917518027
0 0.947766377375676 0.02824053856042715 0.015910808856670674 0.015829122983492337
0 0.314146482027494 0.6199571902935321 0.03743698046757625 0.03755877568171574
0 0.2696956671201266 0.14987112925602838 0.015133490929236779 0.015673197232759915
0 0.26453590393066406 0.3161822465749887 0.056723594665527344 0.05661333524263822
0 0.5865671451275165 0.8913393020629883 0.017409544724684495 0.017540564903846152
0 0.4905812190129207 0.5556279329153208 0.02028201176570012 0.020267559931828424
0 0.8964098416841947 0.6934883411114032 0.014470173762394832 0.014504652756911058
0 0.5951526348407452 0.26579044415400577 0.024296100323016826 0.024355594928448018
0 0.49748868208665115 0.04407359086550199 0.017183450552133415 0.017302549802339993
0 0.4457708505483774 0.4371882952176608 0.02438222444974459 0.024487422062800482
0 0.16464789097125715 0.36398957325862 0.03898697633009691 0.04032157017634465
0 0.6933966416579026 0.83624267578125 0.02713159414438101 0.027333479661207933
0 0.8867152287409856 0.90038328904372 0.01804205087515024 0.018253473135141227
0 0.4087064449603741 0.5045613508958083 0.02085421635554387 0.02063897939828726
0 0.3344315015352689 0.11556414457467887 0.016416549682617188 0.016802531022291917
0 0.9203284336970403 0.922489753136268 0.017902080829326924 0.017978081336388223
0 0.11798482674818772 0.32718225625845104 0.01671743392944336 0.01663809556227464
0 0.1928225297194261 0.027293952611776497 0.08261764966524564 0.052277170694791354
0 0.7758864622849685 0.5981595332805927 0.016043736384465143 0.015625513516939603
0 0.6574744444627029 0.25292539596557617 0.031068068284254808 0.03155253483698918
0 0.770390143761268 0.6472231057974008 0.01504810039813702 0.015226217416616587
0 0.6555078213031476 0.14451223153334397 0.03584362910344051 0.03544972493098332
0 0.31518848125751203 0.3225232637845553 0.014781951904296875 0.014673086313100962
0 0.45650691252488357 0.8023456426767203 0.01621239001934345 0.016235498281625602
0 0.28679205821110654 0.03133237820405226 0.019133714529184196 0.019765294515169583
0 0.7350876147930439 0.9552457516009991 0.018123920147235576 0.017839725200946514
0 0.3948505108173077 0.41175101353571963 0.04231717036320613 0.04254003671499399
0 0.6128869423499475 0.038846144309410684 0.07559277461125301 0.07355049940255973
0 0.0791174265054556 0.7003317612868089 0.01408083622272198 0.01382739727313702
0 0.7536458235520583 0.3406553268432617 0.041472214918870196 0.041031910822941706
0 0.1527547836303711 0.2308343740609976 0.015348067650428185 0.015115664555476261
0 0.6597237220177283 0.5969321177555964 0.014190086951622596 0.014221411484938402
0 0.3664734913752629 0.8080412057729868 0.026027532724233773 0.026188190166766826
0 0.5219680712773249 0.15465749227083647 0.015399859501765324 0.015398098872258114
0 0.9088228665865384 0.1540511938241812 0.01495067889873798 0.014697881845327524
0 0.9605079064002404 0.8025732774000901 0.013899876521183895 0.014092078575721154
0 0.9022025328416091 0.8313440909752479 0.017376532921424277 0.017512981708233174
0 0.6370136554424579 0.2769659115717961 0.03642566387469952 0.03641227575448843
0 0.5619711509117713 0.8320896442119892 0.014375833364633413 0.014069043673001803
0 0.47678096477801984 0.8398182208721454 0.016502013573279746 0.0165252685546875
0 0.6052928337684045 0.8456770823552058 0.014141449561485877 0.014161330003004808
0 0.2675014092372014 0.5195591266338642 0.014178606180044321 0.014163824228140024
0 0.06007888683905968 0.9688458075890174 0.014929092847383939 0.014829782339242788
0 0.18380295313321626 0.4810053018423227 0.015000343322753906 0.014986331646259014
0 0.05338844886192909 0.3432972247783954 0.02369994383591872 0.0241854741023137
0 0.13668522467980018 0.27677161876971906 0.016363070561335638 0.016014539278470553
0 0.6546473869910607 0.6482502130361704 0.014807774470402645 0.014997335580679087
0 0.40692138671875 0.5011702317457932 0.026987515963040866 0.02657039348895733
0 0.136262086721567 0.7548814920278696 0.013553142547607422 0.013654855581430288
0 0.4346192433283879 0.3418305837191068 0.026573768028846152 0.027012091416579027
0 0.4983137570894681 0.976108404306265 0.08075127234825721 0.04614609938401442
0 0.5668574479910043 0.11653531514681302 0.015073556166428786 0.015255414522611178
0 0.12555129711444563 0.1865542851961576 0.029352444868821364 0.029447005345271185
0 0.21329817405113807 0.839877935556265 0.018047479482797477 0.018694364107572116
0 0.5156687956589919 0.474735480088454 0.01452790773831881 0.014528788053072415
0 0.0826202447597797 0.10083567179166354 0.0153046938089224 0.015123440669133114
0 0.46492708646334135 0.6090862567608173 0.04011741051307091 0.04010772705078125
0 0.8031515708336463 0.4730200400719276 0.01457977294921875 0.01443774883563702
0 0.042539578217726484 0.15792138759906477 0.027307897806167603 0.02751812568077674
0 0.4273396271925706 0.3817591300377479 0.016828536987304688 0.016390580397385817
0 0.10913732418647179 0.9375695448655349 0.17710639880253717 0.1220857180081881
