0 0.7415284376878005 0.7410081716684195 0.08050096951998197 0.0808868408203125
0 0.45412118618304914 0.9539031982421875 0.05911335578331581 0.058948516845703125
0 0.37314642392672026 0.3562617668738732 0.08124644939716046 0.08266874460073617
0 0.15933667696439302 0.31375829990093523 0.0812599567266611 0.08243656158447266
0 0.38624807504507214 0.18729429978590745 0.05933380126953125 0.058866720933180586
0 0.2783401929415189 0.472202337705172 0.08605626913217398 0.085997434762808
0 0.8593490307147686 0.6527574979341947 0.042715806227463946 0.04222429715670072
0 0.8583441514235276 0.5315098395714393 0.032310192401592545 0.03231503413273738
0 0.4033260712256798 0.8899349799522986 0.033325488750751205 0.03370461097130409
0 0.3900607916025015 0.09825546924884503 0.0333251953125 0.0330498401935284
0 0.3653318698589618 0.48656463623046875 0.025739082923302285 0.025817504295935996
0 0.3383061335637019 0.8613157272338867 0.033378307635967545 0.032995370718149036
0 0.8251801270705003 0.09481453895568848 0.029586938711313102 0.029308869288517878
0 0.8120862520658053 0.7194828620323768 0.03613765423114483 0.03597200833834135
0 0.3536375485933744 0.40852649395282453 0.04783718402569111 0.04766552264873798
0 0.8679221226618841 0.39614633413461536 0.019436469444861777 0.01947755080003005
0 0.2314914923447829 0.6661828848031851 0.020975259634164665 0.020843359140249398
0 0.7387916858379657 0.031122095309771024 0.07657681978665866 0.06040645104188185
0 0.8698841975285456 0.332698601942796 0.024137350229116585 0.024143072275015023
0 0.44048162607046276 0.1444386335519644 0.04155393747182993 0.04165829144991361
0 0.45232824178842396 0.09578307775350717 0.021735338064340446 0.02173473284794734
0 0.43984090364896333 0.04417044382828932 0.04663526094876803 0.04684929664318378
0 0.7199839812058669 0.6343038999117337 0.017392818744365986 0.01741629380446214
0 0.8314716632549579 0.7495015951303335 0.021038055419921875 0.021197979266826924
0 0.8328616802509015 0.5187355188223032 0.020305926983173076 0.020431078397310697
0 0.8859817798321064 0.7095617147592398 0.021721473106971152 0.021817133976862982
0 0.4942810352032001 0.7864278646615835 0.04596915611853966 0.045719000009390026
0 0.7734537124633789 0.06948222105319683 0.07231066777155949 0.07282630296853873
0 0.75249510544997 0.5327705236581656 0.03749759380634014 0.03777812077448918
0 0.8286269261286809 0.6073435636667105 0.023050308227539062 0.023326360262357272
0 0.212419711626493 0.6327362060546875 0.018503335806039665 0.018571120042067308
0 0.8060358487642728 0.9792887614323542 0.04254297109750601 0.03714341383713942
0 0.40726815737210786 0.15279772648444542 0.026120699368990384 0.02595096368056077
0 0.7429491189809946 0.8463133298433744 0.016688126784104567 0.016768822303185098
0 0.33748450646033656 0.8252765215360202 0.03296514657827524 0.032709561861478366
0 0.8096404442420373 0.8833857316237229 0.020550654484675482 0.020649543175330527
0 0.6010384926429162 0.5096326974722055 0.040349520169771634 0.04054406973031851
0 0.46083934490497297 0.3073247029231145 0.07037573594313401 0.0703439712524414
0 0.21094542283278245 0.9406529206496018 0.027239579420823317 0.02752069326547476
0 0.6685721324040339 0.8322382706862229 0.0168612553523137 0.016839247483473558
0 0.6434022463285006 0.20111153675959662 0.049216930682842545 0.049049744239220254
0 0.8675859891451322 0.5772377527677096 0.015835101787860576 0.015929368826059196
0 0.1868314926440899 0.7250584822434646 0.06636722271259014 0.06676395122821514
0 0.85565185546875 0.26438456315260667 0.0268405033991887 0.027011577899639424
0 0.09743191645695613 0.17460977114163911 0.015765960399921123 0.0154571900000939
0 0.25235843658447266 0.7980853594266452 0.015603432288536659 0.0155790769136869
0 0.6226672392625076 0.015167541228807889 0.016882969782902643 0.016965989883129414
0 0.39879560470581055 0.8559918036827674 0.02217256105863131 0.022269028883713942
0 0.0981122163625864 0.6830008580134466 0.015266014979435848 0.015274781447190505
0 0.26561806752131534 0.571253409752479 0.016103194310114935 0.016360062819260817
0 0.5663671493530273 0.9245630411001352 0.016202193040114183 0.016044029822716348
0 0.8390003351064829 0.6420269012451172 0.014815110426682692 0.015271847064678486
0 0.4190378922682542 0.25737850482647234 0.07929244408240685 0.07709987346942608
0 0.8100861035860502 0.22951951393714318 0.09066699101374699 0.08908433180588943
0 0.8241043090820312 0.6929527429433969 0.025980729323167067 0.026089008037860576
0 0.489318114060622 0.09520105215219352 0.02125439277062049 0.021821315471942607
0 0.7757855928861178 0.49962689326359677 0.015616783728966346 0.015394357534555288
0 0.5847380344684308 0.20820883604196402 0.05924797058105469 0.059163570404052734
0 0.8912698305570163 0.6022086510291467 0.017510340763972357 0.017064021183894232
0 0.6765920198880709 0.618100092961238 0.01585534902719351 0.0157776245704064
0 0.593719849219689 0.06163145487125103 0.015911249014047477 0.016080370316138633
0 0.4001470712515024 0.8359003800612229 0.023864159217247598 0.024424919715294473
0 0.5969221408550556 0.5619118030254657 0.018566278310922477 0.01861110100379357
0 0.703347426194411 0.03738108506569496 0.019344623272235576 0.019585361847510703
0 0.3802657494178185 0.8249136851384089 0.020914517916165866 0.02074300325833834
0 0.371984995328463 0.30276889067429763 0.05033463698167067 0.04939592801607572
0 0.6041203645559458 0.1474329141470102 0.020916498624361478 0.020809063544640176
0 0.36762112837571365 0.7330038364116962 0.10556807884803185 0.10790179325984074
0 0.6672237102801983 0.1667646628159743 0.01869054941030649 0.018529818608210638
0 0.842983392568735 0.8206787109375 0.021938910851111777 0.022141089806189902
0 0.17097062330979568 0.4205485123854417 0.01676001915564904 0.01685494642991286
0 0.7248733227069561 0.09794263656322773 0.020691504845252402 0.020583978066077598
0 0.6800038264347956 0.016686026866619404 0.01607513427734375 0.015814208067380466
0 0.8572012094350961 0.7569169264573318 0.015555455134465145 0.01580223670372596
0 0.25388204134427583 0.6517703716571515 0.015064239501953125 0.015343592717097355
0 0.633461438692533 0.4676765295175406 0.015700707068810098 0.015578416677621694
0 0.8954619627732497 0.6749142133272611 0.017734234149639424 0.01810279259314904
0 0.7055928156926081 0.5132265457740197 0.06394063509427585 0.06373339432936448
0 0.11762415445767917 0.09241746022151066 0.07236810830923227 0.1296709500826322
0 0.3702775515042819 0.8866161933312049 0.015692637516902044 0.015164008507361779
0 0.5420287205622747 0.6797175040611854 0.08360070448655349 0.08383794931265023
0 0.6363170330341046 0.3729842992929312 0.035185593825120196 0.03528859065129207
0 0.6983893467829778 0.8745601360614483 0.015370002159705529 0.015545478233924279
0 0.8628434401292068 0.7311050708477314 0.01650384756234976 0.01674828162560096
0 0.4387155312758226 0.5932430854210486 0.04932865729698768 0.04853351299579327
0 0.6716273381159856 0.27033031903780425 0.06724284245417668 0.06792376591609074
0 0.6480905092679538 0.32065215477576625 0.0178067133976863 0.017850875854492188
0 0.2351511808542105 0.49178350888765776 0.015538949232835036 0.015634976900540866
0 0.6308253361628606 0.5384389803959773 0.024071766779972956 0.024248563326322116
0 0.15543607565072867 0.18467061336223894 0.09259034120119534 0.09128882334782527
0 0.5121472432063177 0.6087587796724759 0.05115670424241286 0.05200474078838642
0 0.7092687166654147 0.3993853422311636 0.014893751878004808 0.014929477985088643
0 0.5294051537146935 0.49779385786790115 0.015226951012244591 0.01536090557391827
0 0.41907691955566406 0.9192038315993089 0.017880659836989183 0.01787875248835637
0 0.8466052275437576 0.7174685551570013 0.017102168156550482 0.016414348895733174
0 0.5912697865412786 0.1665338369516226 0.017163716829740085 0.01716026893028846
0 0.08631427471454327 0.99402038867657 0.016294332650991585 0.011002760667067308
0 0.3775597352247972 0.02717223992714515 0.016056060791015625 0.01606413836662586
0 0.7248601179856521 0.09554978517385629 0.024985093336838942 0.02434879082899827
0 0.8268900651198167 0.19794984964224008 0.021309485802283652 0.02134990692138672
0 0.5954959575946515 0.9655322294968826 0.016972468449519232 0.01695412855881911
0 0.5171844775860126 0.06449809899696937 0.023198054387019232 0.022904597795926608
0 0.5980130342336801 0.33782122685359073 0.05675235161414513 0.05691953805776743
0 0.9031644967886118 0.6165019548856295 0.019814124474158652 0.01987002446101262
0 0.5846507732684796 0.3708726442777194 0.045351395240196817 0.04530796637901893
0 0.258540520301232 0.9379763236412635 0.015205163222092848 0.015333028940054087
0 0.10181461847745456 0.25676520054156965 0.014188363001896786 0.014434521014873799
0 0.5782358829791729 0.20852257655217096 0.046192242549015924 0.04856571784386268
0 0.828945306631235 0.8578558701735276 0.026156205397385817 0.02611541748046875
0 0.3634932591364934 0.5446740297170786 0.1262201345883883 0.1284657991849459
0 0.5197951977069561 0.06679582137327927 0.025675406822791465 0.025846380453843337
0 0.5923627706674429 0.26626298977778506 0.040677584134615384 0.041717932774470404
0 0.28895832942082333 0.96075439453125 0.01747468801645132 0.017762404221754808
0 0.8451737623948318 0.7127333420973557 0.0227963374211238 0.022719309880183294
0 0.30041204966031587 0.563636853144719 0.013634901780348558 0.01375286395733173
