0 0.31763557287362904 0.565186280470628 0.10515587146465595 0.10524676396296574
0 0.2117766967186561 0.4072914123535156 0.027269803560697116 0.027453862703763522
0 0.5930434740506686 0.47327243364774263 0.1367649665245643 0.13667554121751052
0 0.23583900011502779 0.9376101127037635 0.03206656529353215 0.03200589693509615
0 0.2733652408306415 0.6358227362999549 0.13681595142071062 0.13769065416776216
0 0.22719408915593073 0.9604612497182993 0.019982631389911357 0.019848750187800482
0 0.5178017249474158 0.2456798920264611 0.02545767564039964 0.025358933668870192
0 0.3469210404616136 0.026999748670137845 0.022549849290114183 0.022699814576369066
0 0.7364597320556641 0.25536548174344575 0.08387462909405048 0.08402105478140023
0 0.27260886705838716 0.9779650614811823 0.019911472613994893 0.02013426560621995
0 0.33014928377591646 0.7207284340491662 0.018899184006911058 0.018972250131460335
0 0.19635398571307844 0.5317339163560134 0.04499406080979567 0.05198251284085787
0 0.3261729020338792 0.9849372276893029 0.020772787240835335 0.020188258244441107
0 0.37226317479060245 0.738920651949369 0.02097936776968149 0.02069825392503005
0 0.4792368228618915 0.4777401043818547 0.020574569702148438 0.020665095402644232
0 0.7038583755493164 0.6008835939260629 0.02184457045335036 0.021852933443509616
0 0.3478524868304913 0.7670580056997446 0.05305128831129808 0.0529779287484976
0 0.49838964755718523 0.27399081450242263 0.019785367525540866 0.019474029541015625
0 0.3930548887986403 0.8506599572988657 0.01984060727632963 0.019484299879807692
0 0.558901493365948 0.18770731412447417 0.02534147409292368 0.02573981651893029
0 0.18045408909137434 0.6685063288762019 0.019574091984675482 0.023211552546574518
0 0.3965137555049016 0.3262872329125038 0.01665386786827674 0.01649130307711088
0 0.3770621373103215 0.446103939643273 0.15638190049391526 0.15569525498610276
0 0.20872169274550217 0.8943303915170523 0.017810784853421725 0.01806053748497596
0 0.3594537881704477 0.7927284240722656 0.022651525644155648 0.02237085195688101
0 0.20815383470975435 0.7298882557795598 0.02178786351130559 0.021595588097205527
0 0.7640906113844651 0.9282798767089844 0.017920860877403848 0.01791205772986779
0 0.6719465989332932 0.6744013566237229 0.08976921668419471 0.09068709153395432
0 0.18544259438147911 0.6063555203951322 0.01650370084322416 0.016455870408278245
0 0.3637966742882362 0.5006147898160495 0.016017840458796576 0.016208135164701022
0 0.21763255045964167 0.6739344963660607 0.01768981493436373 0.017488626333383415
0 0.7781254695012019 0.7654078556941106 0.09744761540339543 0.10351738562950721
0 0.642117426945613 0.9380164513221154 0.026627173790564902 0.02619347205528846
0 0.5330114364624023 0.5027691767765925 0.015371762789212741 0.015318797184870793
0 0.33042078751784104 0.6776554401104267 0.07812323937049279 0.07753871037409855
0 0.4212983204768254 0.9513157331026517 0.061373197115384616 0.061881725604717545
0 0.2267320339496319 0.44607001084547776 0.05334744086632362 0.05258325430063101
0 0.3900743631216196 0.6128375713641827 0.06040529104379507 0.06059984060434195
0 0.42890189244196963 0.5752649674048791 0.048786236689640924 0.04848744319035457
0 0.809870353111854 0.11825120449066162 0.018247604370117188 0.018256939374483548
0 0.21027568670419547 0.8081987821138822 0.015273424295278696 0.015138772817758413
0 0.6843866201547476 0.867280519925631 0.09355427668644832 0.0972592280461238
0 0.5549707779517541 0.9189709883469802 0.1465291976928711 0.14702400794396034
0 0.6172941648043119 0.30982465010422927 0.01703786849975586 0.01694627908559946
0 0.22352908207820013 0.6844896169809195 0.017331636868990384 0.017435807448167067
0 0.5863503309396597 0.6733902417696439 0.08748942155104417 0.08852547865647536
0 0.65137452345628 0.5883320661691519 0.07953262329101562 0.07756988818828876
0 0.39066586127647984 0.7215342888465295 0.03521317702073317 0.034986055814302884
0 0.2354593276977539 0.9832621354323167 0.015504983755258413 0.015720660869891826
0 0.22560860560490534 0.3342383091266339 0.025061680720402643 0.025341033935546875
0 0.34389371138352615 0.8744167914757361 0.015565725473257212 0.015357677753155049
0 0.18979424696702224 0.46997844255887544 0.031572782076322116 0.04132975064791166
0 0.28496357110830456 0.9659938078660232 0.015361419090857873 0.015128649198091947
0 0.6846383901742789 0.1841405721811148 0.08187044583834134 0.08179993812854473
0 0.5250348311204177 0.41407100970928484 0.03405688359187199 0.034055269681490384
0 0.37534405634953427 0.03891878861647386 0.01503753662109375 0.01491258923824017
0 0.30143574567941517 0.8558913744412936 0.030862184671255257 0.031416819645808294
0 0.7357199742243841 0.47577542525071365 0.053955078125 0.05422628842867338
0 0.22383741232065055 0.9081351940448468 0.016542948209322415 0.016490642841045674
0 0.29082767780010516 0.40721739255464995 0.028214784768911507 0.028529827411358174
0 0.70995176755465 0.06363279544390164 0.015404481154221755 0.015349562351520244
0 0.26680102715125453 0.24982929229736328 0.04320067625779372 0.04337384150578426
0 0.27671982691838193 0.8918433556189904 0.057829636793870196 0.05681301997258113
0 0.33613916543813854 0.8398001744196966 0.020273355337289665 0.020050929142878607
0 0.24454219524676984 0.7313957214355469 0.016306583697979268 0.016917595496544473
0 0.2674814737760104 0.3569418467008151 0.05668995930598332 0.05652457017164964
0 0.2275239871098445 0.48678016662597656 0.025072097778320312 0.02489603482759916
0 0.34241386560293346 0.6358225895808294 0.015267005333533654 0.014997629018930288
0 0.20910613353435809 0.03435196097080524 0.01473694581251878 0.014640794350550724
0 0.18322163361769456 0.9403599225557767 0.015774360069861777 0.015630135169396035
0 0.6309983180119441 0.9406328934889573 0.1303423001216008 0.11608945406400241
0 0.629459601182204 0.957855958205003 0.11463238642765926 0.07930476848895733
0 0.7869294973520132 0.24203949708205003 0.014465918907752404 0.014142183157113882
0 0.6390823217538687 0.08476371031541091 0.07111226595365085 0.07122179636588463
0 0.3778885327852689 0.9785358722393329 0.046385765075683594 0.03845655001126803
0 0.3023713735433725 0.4746520702655499 0.02825505916888897 0.028341293334960938
