0 0.879878410926232 0.7240547767052283 0.12444422795222355 0.12494248610276443
0 0.3697653550368089 0.20871848326462966 0.16482411898099458 0.16832623114952674
0 0.7199013049785907 0.1642454954294058 0.07200769277719352 0.0721883040208083
0 0.803833374610314 0.507628110738901 0.07127204308143029 0.07113486069899339
0 0.5793810624342698 0.7788319220909705 0.0414732419527494 0.0411828848031851
0 0.5939975151648889 0.33048424353966344 0.09196912325345553 0.09169463010934684
0 0.12526974311241737 0.767483271085299 0.03722179852999174 0.03736246549166166
0 0.23460087409386268 0.26818068210895246 0.0501104501577524 0.04952052923349234
0 0.5596606914813702 0.5829189740694486 0.035190582275390625 0.03531998854417067
0 0.72882080078125 0.7527724045973557 0.04038385244516226 0.04073656522310697
0 0.21227317589979905 0.4691171646118164 0.04508840120755709 0.045381912818321817
0 0.12534733002002424 0.3960478122417743 0.04962827609135555 0.04918685326209435
0 0.22016235498281625 0.16524700018075797 0.05570631760817308 0.0556180660541241
0 0.19099341906034029 0.39190285022442156 0.04647629077617939 0.046643770658052884
0 0.26579002233651966 0.47757603571965146 0.045449256896972656 0.04594340691199669
0 0.1510379589520968 0.2544539524958684 0.0422972349020151 0.04168158311110277
0 0.8391633400550256 0.06217877222941472 0.022359407865084134 0.022396518633915827
0 0.11833812640263484 0.8957615632277268 0.02127416317279522 0.021282342764047477
0 0.18400975374075082 0.27711870120121884 0.03721534288846529 0.03735784383920523
0 0.38766743586613583 0.04706001281738281 0.0201567869919997 0.020146736731896035
0 0.4947503896859976 0.3011625179877648 0.024744547330416165 0.02485814461341271
0 0.6934344951923077 0.7733192443847656 0.03881982656625601 0.038811757014347956
0 0.23773391430194563 0.4427499771118164 0.021990849421574518 0.021604244525615986
0 0.6961487990159255 0.41919825627253604 0.0378729013296274 0.038157096275916465
0 0.6746459374060998 0.7401105440579928 0.04503895686222957 0.04502413823054387
0 0.5271164087148813 0.5693586056049054 0.03307415888859676 0.03305963369516226
0 0.3791632652282715 0.019076478022795457 0.019271997305063102 0.019274569474733792
0 0.36790356269249547 0.5573490582979642 0.019401403573843148 0.019560813903808594
0 0.2648109289316031 0.14427880140451285 0.034427569462702826 0.03442221421461839
0 0.7481620495135968 0.35072847513052136 0.016777478731595553 0.01673096876878005
0 0.08283130939190204 0.0792697759775015 0.025818531329815205 0.02538600334754357
0 0.6534824371337891 0.7014677341167743 0.01713107182429387 0.017131218543419473
0 0.4895679767315204 0.17899487568781927 0.08515079204852764 0.08484921088585487
0 0.3815286342914288 0.3865207525400015 0.02042080805851863 0.020174760084885817
0 0.13679044980269212 0.15637372090266302 0.024448413115281325 0.02444142561692458
0 0.39420223236083984 0.14234482325040376 0.06962027916541466 0.07020279077383187
0 0.12397428659292367 0.27033127271212065 0.02860430570749136 0.02869264896099384
0 0.6075027172382061 0.37021798353928786 0.06014853257399339 0.05926425640399639
0 0.31891151574941784 0.9070372948279748 0.030153641333946817 0.030120849609375
0 0.23290179325984076 0.19991683959960938 0.02620873084435096 0.026256267841045674
0 0.18709010344285232 0.24551725387573242 0.03234782585730919 0.032348266014685996
0 0.4302996121920072 0.8856500478891226 0.017303320077749398 0.017537483802208535
0 0.10672943408672626 0.06808705513293926 0.03643233959491436 0.03643488883972168
0 0.18512912896963266 0.10202428927788368 0.03318698589618389 0.03261714715224046
0 0.32591834435096156 0.5164571175208459 0.01685303908128005 0.016493577223557692
0 0.7538842421311599 0.7480678558349609 0.01696924062875601 0.016970707820012018
0 0.21284046539893517 0.32707515129676235 0.023601385263296273 0.023116258474496696
0 0.36313563126784104 0.24031595083383414 0.022808148310734674 0.02287116417518029
0 0.2750994792351356 0.1677864514864408 0.0334174449627216 0.03309879853175236
0 0.043569784898024336 0.9730664766751803 0.016550357525165264 0.016182092519906852
0 0.13455898945148176 0.4396951381976788 0.016982537049513597 0.01674021207369291
0 0.49897245260385364 0.7908404423640325 0.0651385967548077 0.06583756666917068
0 0.3483286637526292 0.49564178173358625 0.015251086308405949 0.015331855187049279
0 0.7395877838134766 0.927987318772536 0.3292236694922814 0.14206724900465745
0 0.9059432836679312 0.852173585158128 0.015510118924654447 0.015624119685246395
0 0.5171916668231671 0.4136348504286546 0.017650457528921273 0.017608642578125
0 0.30685593531681943 0.2834783700796274 0.01726708045372596 0.01721338125375601
0 0.47441889689518857 0.3016361456650954 0.01708529545710637 0.01679090353158804
0 0.44513845443725586 0.505287243769719 0.02426939744215745 0.024477445162259616
0 0.712301987868089 0.6296329498291016 0.015264951265775241 0.015188950758713942
0 0.13801738849053016 0.3226476816030649 0.01763000855079064 0.017776635976938102
0 0.7336480067326472 0.5317006477942834 0.014916346623347355 0.014688418461726261
0 0.9025407937856821 0.05805841317543617 0.014927497276893029 0.014857759842505822
0 0.05056882821596586 0.9562643491304837 0.015118708977332482 0.014882161067082332
0 0.5297473760751578 0.632323485154372 0.025278678307166465 0.025225125826322116
0 0.0857923672749446 0.7600440979003906 0.021942560489361104 0.022462111253004808
0 0.4111311985896184 0.8707584967980018 0.01737697307880108 0.017387977013221152
0 0.1554734340080848 0.3344580943767841 0.02295974584726187 0.02293117229755108
0 0.09511078321016751 0.34769491048959583 0.021384605994591348 0.021646499633789062
0 0.8572962834284856 0.5482983955970178 0.029015320997971755 0.02877470163198618
0 0.35431047586294323 0.667638191810021 0.02182432321401743 0.021990262545072116
0 0.22650535290057844 0.7166186112623948 0.022947934957650993 0.02332481971153846
0 0.18460570848905122 0.3421334119943472 0.02748900193434495 0.02703395256629357
0 0.6458446796123798 0.6442235799936148 0.023920499361478366 0.02365537790151743
0 0.5866242188673753 0.05291541723104624 0.023989090552696817 0.024364471435546875
0 0.21627081357515776 0.06231545484983004 0.01633908198429988 0.016814470291137695
0 0.17366897142850435 0.30011785947359526 0.024071913499098558 0.024402765127328727
0 0.48101990039532 0.2273423855121319 0.0713511246901292 0.07274429614727314
0 0.24979055844820464 0.548212821667011 0.05885931161733774 0.05917505117563101
0 0.1565857667189378 0.5589777873112605 0.013890495667090783 0.013687427227313701
0 0.5613007912269006 0.7391935495229868 0.018496146568885215 0.018429976243239183
0 0.0476983143733098 0.6299021794245794 0.0258406584079449 0.026372175950270433
0 0.19196557998657227 0.5095389439509466 0.020928089435283955 0.021113248971792366
0 0.9182523580697867 0.9212276752178485 0.014082541832557091 0.014083568866436299
0 0.5041243479802058 0.6132764082688552 0.043648793147160456 0.04388735844538762
0 0.04437607526779175 0.11667059018061711 0.017936220535865195 0.019220572251539964
0 0.6797064267672025 0.8689331641564002 0.021376389723557692 0.021445054274338942
0 0.9118326627291166 0.006489552557468414 0.01612267127403846 0.012200391063323388
0 0.08273768424987793 0.5309565617487981 0.018715413717123177 0.018743221576397236
0 0.11595458250779372 0.30803086207463193 0.027388315934401292 0.027745925463162936
0 0.15584197411170372 0.05954269262460562 0.014065045576829176 0.014140642606295072
0 0.4764091051541842 0.4433730198786809 0.021175677959735576 0.02084937462439904
0 0.11636750514690693 0.19734958501962516 0.024335090930645283 0.024509209852952223
0 0.4629223163311298 0.459893666780912 0.03169470566969652 0.031223590557391826
0 0.8845004301804763 0.8626201336200421 0.015412550706129808 0.015581717857947716
0 0.3835029602050781 0.9375136448786809 0.016295433044433594 0.016448974609375
0 0.3382746623112605 0.009802561539870042 0.018223689152644232 0.017258148926955003
0 0.13323293282435492 0.21575408715468186 0.023959911786592923 0.023875860067514274
0 0.21575278502244216 0.5201261593745306 0.027302962083082933 0.0277405518751878
0 0.7807133014385517 0.7882470350999099 0.017072237454927884 0.017119187575120192
0 0.425627378317026 0.8151651529165415 0.02693946544940655 0.026684394249549277
0 0.8413915634155273 0.3020029618189885 0.05489613459660457 0.055898262904240534
0 0.5069806392376239 0.7775660294752854 0.015858870286207933 0.016447800856370192
0 0.43842557760385364 0.9901567605825571 0.023146409254807692 0.015577463003305288
0 0.04094592424539419 0.6063186938946064 0.016801666754942674 0.02801968501164363
0 0.2679873246413011 0.7152868417593149 0.019589974330021784 0.020174466646634616
0 0.9156356224646935 0.12398398839510404 0.01731256338266226 0.017367436335637018
0 0.41038901989276594 0.648096671471229 0.019025069016676683 0.018863531259390023
0 0.1740886614872859 0.8791477496807392 0.015357200915996846 0.015669896052433893
0 0.4985301677997296 0.25342398423414964 0.014092078575721154 0.014481324415940505
0 0.3994864317087027 0.8006178048940805 0.018694950984074518 0.0187832758976863
0 0.40874261122483474 0.5833574074965256 0.016050338745117188 0.01650839585524339
0 0.3674441851102389 0.21851161810067984 0.0237428958599384 0.023270680354191706
0 0.7634522364689753 0.04693628274477445 0.016438704270582933 0.016363877516526442
0 0.5297693105844351 0.3473084523127629 0.026902125431941107 0.02698824955866887
0 0.41549851344181943 0.9567957658034104 0.015938978928786058 0.015752058762770433
