0 0.3844330861018254 0.23554523174579328 0.18657244168795073 0.185362669137808
0 0.35483231911292445 0.8713741302490234 0.12647306002103365 0.12719609187199518
0 0.3989576193002554 0.6578583350548377 0.13408220731295073 0.13549481905423677
0 0.5527323942918044 0.4583171330965482 0.035936795748197116 0.03589630126953125
0 0.4460029602050781 0.5979939974271334 0.0244903564453125 0.024091060344989482
0 0.31571021446814906 0.37575663053072417 0.02586968128497784 0.025929964505709134
0 0.45491878802959734 0.9821531589214618 0.026700680072490986 0.02672268794133113
0 0.6908814356877253 0.13326934667734 0.06371366060697116 0.10647432620708759
0 0.5367541313171387 0.9449464357816256 0.11464654482327975 0.1091452378493089
0 0.6202595784113958 0.22861480712890625 0.03830161461463341 0.038503206693209134
0 0.5334604703463041 0.4959536332350511 0.02044046842134916 0.02037811279296875
0 0.4826491429255559 0.5168143052321214 0.020320892333984375 0.020458074716421273
0 0.4689222482534555 0.8549187733576848 0.01955252427321214 0.019841414231520433
0 0.61840453514686 0.47652042829073393 0.05161725557767428 0.05194994119497446
0 0.5499309393075796 0.6802542026226337 0.016826776357797477 0.016666412353515625
0 0.6534985028780423 0.4687029031606821 0.02471762437086839 0.024640009953425482
0 0.4724695865924542 0.6618561377892127 0.02102961907019982 0.0210723876953125
0 0.46279434057382435 0.033702572950950034 0.0608984873845027 0.060178944697746865
0 0.4209774090693547 0.5673627853393555 0.01939817575307993 0.01918367239145132
0 0.5537528258103591 0.7131607349102314 0.025194314809945915 0.025251241830679085
0 0.6036437107966497 0.5183953505295974 0.05710513775165264 0.056514886709359974
0 0.4980637843792255 0.7169308295616736 0.028399540827824518 0.02833703848031851
0 0.3538070458632249 0.5562244562002329 0.01727184882530799 0.01728204580453726
0 0.5877373768733098 0.09316890056316669 0.0162661625788762 0.016649668033306416
0 0.6082933132465069 0.5720683611356295 0.056473805354191706 0.05594451610858624
0 0.6890772306002103 0.8384323120117188 0.01804938683143029 0.017987177922175482
0 0.6527463472806491 0.44995524333073544 0.02394866943359375 0.023745170006385215
0 0.4959246562077449 0.7394337287315955 0.01662789858304537 0.016504434438852165
0 0.5851844640878531 0.09128157909099872 0.08336507357083835 0.0811160527742826
0 0.29778240277216983 0.21725841668935922 0.031389713287353516 0.030889511108398438
0 0.3443769308236929 0.7522698915921725 0.017032916729266826 0.017180369450495794
0 0.653939100412222 0.7436783863947942 0.015696158775916465 0.015692930955153245
0 0.38083487290602464 0.4017184697664701 0.01583275428185096 0.015880584716796875
0 0.5367089051466721 0.7104459909292368 0.06372349078838642 0.06425886887770432
0 0.3989126132084773 0.8142666449913611 0.015828719505896933 0.016016740065354567
0 0.6630306243896484 0.9276558802678034 0.13471629069401667 0.14298365666316107
0 0.6373085608849158 0.9716967069185697 0.02162346473106971 0.021191523625300482
0 0.44638978517972505 0.5686361606304462 0.03564775907076322 0.03496243403508113
0 0.5819191565880408 0.6826309057382437 0.01647156935471755 0.016552558312049277
0 0.5399928459754357 0.978550177354079 0.061240856464092545 0.04252815246582031
0 0.6732664841871995 0.3611792784470778 0.10332606388972355 0.12096896538367638
0 0.5812084124638484 0.7959016653207632 0.01962434328519381 0.01949457021859976
0 0.615670424241286 0.8410332753108098 0.020042859590970553 0.02003302940955529
0 0.6793171809269831 0.6938671698937049 0.019171934861403245 0.019402724045973558
0 0.4182416842533992 0.5050794528080866 0.014575371375450721 0.014646310072678786
0 0.46961248837984526 0.6919470566969651 0.019856379582331732 0.020060906043419473
0 0.6257990323580228 0.9867086410522461 0.02683888948880709 0.02352567819448618
0 0.6491069793701172 0.3823164426363431 0.0444488525390625 0.043938856858473554
0 0.3112814243023212 0.5217258013211764 0.0148924497457651 0.014884361853966346
