0 0.6786802732027494 0.8761130112868089 0.020203223595252402 0.020142041719876803
0 0.5505843896132249 0.348728400010329 0.023292027986966647 0.023132764376126803
0 0.6966970883882962 0.8355557368351862 0.0179598881648137 0.018078437218299277
0 0.46469600384051984 0.1626604153559758 0.029730576735276442 0.029596411264859714
0 0.6042984815744253 0.4942747996403621 0.02361891819880559 0.023450558002178486
0 0.6063572810246394 0.28133861835186297 0.027918008657602165 0.02808035337007963
0 0.702448478111854 0.9022579193115234 0.018709622896634616 0.01873603233924279
0 0.7211255293626052 0.43582945603590745 0.022065382737379808 0.022060981163611777
0 0.5896219840416541 0.33711572793813854 0.018733391394981973 0.018763395456167366
0 0.47331949380727917 0.5993515894963191 0.018004417419433594 0.01815377748929537
0 0.43921305583073544 0.8854824212881235 0.09673551412729117 0.09690548823429988
0 0.745419795696552 0.3067172490633451 0.020641326904296875 0.020899479205791768
0 0.5228746120746319 0.3621036089383639 0.015451577993539663 0.01537022223839393
0 0.5241688581613394 0.3879871368408203 0.01540690201979417 0.015364573552058293
0 0.5515212279099685 0.7815431448129507 0.01531080099252554 0.015286665696364183
0 0.3957726772014911 0.5362000465393066 0.016083423907940205 0.01577612069936899
0 0.7053810999943659 0.3432866610013522 0.015437492957481971 0.015215726999136118
0 0.5395610515887921 0.42084283095139724 0.0163882328913762 0.01614981431227464
0 0.6007321431086614 0.4583728130047138 0.01564451364370493 0.015411743750939002
0 0.5415841616117038 0.484582387484037 0.016943858220027044 0.017023673424353965
0 0.5042237501878005 0.8558665055495042 0.023866800161508415 0.02371054429274339
0 0.32497442685640776 0.8138891366811899 0.015191298264723558 0.015284905066856971
0 0.5182649539067194 0.31925729604867786 0.014967918395996094 0.01485457787146935
0 0.5940316273615911 0.4414178408109225 0.015492512629582332 0.015500582181490384
0 0.7298470277052659 0.3264771975003756 0.01490490253155048 0.014600020188551683
0 0.6632015521709735 0.6646615541898288 0.018009039071890023 0.018298809344951924
0 0.5776429909926194 0.2922085982102614 0.015018316415640024 0.014960875877967248
0 0.5472690875713642 0.32931093069223255 0.014573464026817909 0.014321253849909855
0 0.618505257826585 0.3561258316040039 0.021153963529146634 0.021608792818509616
0 0.6941861372727615 0.295100945692796 0.014545293954702524 0.01477674337533804
0 0.4645844973050631 0.5859576738797702 0.015102166395920973 0.015258495624248799
0 0.5232595663804275 0.507510258601262 0.022053278409517728 0.021774438711313102
0 0.4574447044959435 0.7208920258742112 0.015385114229642428 0.015245731060321514
0 0.6142639747032752 0.33055936373197115 0.015744135929987982 0.016093327448918268
0 0.6566263345571665 0.9291899020855243 0.014063615065354567 0.014360868013822116
0 0.30449461936950684 0.2880056087787335 0.015282300802377554 0.015290773831881009
0 0.6070136290330154 0.37169885635375977 0.014798384446364183 0.014926837040827824
0 0.6214182193462665 0.35596121274507964 0.025356439443734977 0.02565618661733774
