0 0.11006487332857572 0.7450527778038611 0.08311176300048828 0.08337901188777043
0 0.5019413141103891 0.878872798039363 0.211577635544997 0.2165835453913762
0 0.22985144761892465 0.24892994073721078 0.04004995639507587 0.03985258249136118
0 0.6002108867351825 0.6306558755727915 0.21852515294001654 0.21710707591130182
0 0.9004146869365985 0.5736641517052283 0.17652364877554086 0.17858534592848557
0 0.633757077730619 0.8517106129572942 0.06708277188814603 0.06702731205866887
0 0.4730374629680927 0.4651604432326097 0.08766651153564453 0.08913979163536659
0 0.020419936913710374 0.8436624086820163 0.04072482769305889 0.053146655742938705
0 0.4860375477717473 0.3459640649648813 0.027341842651367188 0.027538592998798076
0 0.6879521149855393 0.3873772621154785 0.0258786128117488 0.02577979748065655
0 0.23030550663287824 0.1444387069115272 0.03595751982468825 0.0363922119140625
0 0.6479514195368841 0.5592936002291166 0.01844934316781851 0.018666707552396335
0 0.13134926099043626 0.29050005399263823 0.04664496275094839 0.04651282383845402
0 0.30932287069467396 0.394896177145151 0.050051634128277116 0.04934068826528696
0 0.4160921023442195 0.5988206129807693 0.03634907649113582 0.0361028817983774
0 0.06580244577847995 0.5276591227604792 0.037156911996694714 0.037113336416391224
0 0.34442776900071365 0.6805152893066406 0.027699690598707933 0.027794764592097357
0 0.7165153209979718 0.9802799958449143 0.043191763070913464 0.0344844231238732
0 0.03475321714694683 0.9869497739351712 0.022460176394535944 0.0209963871882512
0 0.5053521303030161 0.9642818157489483 0.019162471477801982 0.01900658240685096
0 0.41712603202232945 0.9383956469022311 0.01985777341402494 0.02001777062049279
0 0.9290726001446064 0.34947505364051235 0.01724521930401142 0.017215435321514424
0 0.7602401880117563 0.6261354593130258 0.026736332820012018 0.02631528560931866
0 0.2565953181340144 0.33614466740534854 0.12207229320819561 0.11903999401972844
0 0.41505109346829927 0.6644494716937726 0.027836432823768027 0.027772023127629206
0 0.06091768008012038 0.5710031802837665 0.0335080807025616 0.03371165348933293
0 0.4503669005173903 0.9388550978440505 0.017698287963867188 0.017772087684044473
0 0.206665956057035 0.6029907373281626 0.07808758662297176 0.07770142188439003
0 0.9527375881488507 0.7265836275540866 0.04029992910531851 0.04033866295447716
0 0.06343824588335477 0.4518880844116211 0.023611903190612793 0.023923360384427585
0 0.7704706925612229 0.058093676200279824 0.017467498779296875 0.017494953595674954
0 0.8672148631169245 0.3999762535095215 0.024831331693209134 0.02497269557072566
0 0.5106748434213492 0.5820109294011042 0.03932336660531851 0.0392307868370643
0 0.99219300196721 0.5946543033306415 0.015426342303936299 0.04456285329965445
0 0.7622085718008188 0.5942732370816745 0.019476963923527643 0.019513863783616286
0 0.3895665682279147 0.15724581938523513 0.01810000492976262 0.01815172342153696
0 0.8698772283700796 0.7291863514826848 0.025728665865384616 0.025440362783578727
0 0.2608807270343487 0.1445137904240535 0.022901241595928486 0.022963964022122897
0 0.6155370565561148 0.8047884427584134 0.02535218458909255 0.02528806833120493
0 0.8175477247971755 0.25012751726003796 0.029835040752704326 0.029639060680682842
0 0.74158448439378 0.9272599587073693 0.0266876220703125 0.027041508601262018
0 0.8061640812800481 0.23113795427175668 0.020224791306715745 0.02088609108558068
0 0.22045273047227126 0.7922623707697942 0.01828608146080604 0.01832272456242488
0 0.2706295526944674 0.8547851122342623 0.03348266161405123 0.03364020127516527
0 0.5996725375835712 0.9654971636258639 0.01577274615948017 0.01581294719989483
0 0.19333850420438325 0.743504157433143 0.015177580026479868 0.015156965989332933
0 0.2448277473449707 0.12219408842233512 0.021013810084416315 0.020802754622239333
0 0.8306585458608774 0.7188898233266977 0.02421437777005709 0.024138670701246995
0 0.4095038634080153 0.46205652677095854 0.02126598358154297 0.021249917837289665
0 0.7355446448692908 0.7528365208552434 0.023768058189978965 0.02380649860088642
0 0.4472830112163837 0.9109664330115685 0.02154651054969201 0.021474691537710335
0 0.33521542182335484 0.33424267402062047 0.020433792701134317 0.020368135892427884
0 0.281984439262977 0.5449839371901292 0.01683220496544471 0.01659569373497596
0 0.44892047001765323 0.8607069162222055 0.019228495084322415 0.019355627206655648
0 0.049850372167734 0.4227141600388747 0.017789373031029336 0.017960621760441706
0 0.6186392123882587 0.7400934512798603 0.02001527639535757 0.020034203162560098
0 0.31496774233304536 0.21247298900897688 0.027889104989858773 0.027673684633695163
0 0.058403730392456055 0.47067103019127476 0.023005247116088867 0.02354269761305589
0 0.01369148951310378 0.7831368813147912 0.026447883019080527 0.027553851787860576
0 0.1650217863229605 0.3291006088256836 0.017494348379281852 0.017450772798978366
0 0.8656140107374924 0.8890465956467849 0.017305374145507812 0.0172122075007512
0 0.2993929936335637 0.4398055076599121 0.017447251539963942 0.017369637122521035
0 0.5362441356365497 0.7513509897085336 0.0491330807025616 0.04951565082256611
0 0.8191408010629507 0.5955801010131836 0.020930070143479567 0.020932417649489183
0 0.41174675868107724 0.5356261913592999 0.016451468834510215 0.016454183138333835
0 0.504184942979079 0.766024296100323 0.027013191810021035 0.02732687730055589
0 0.6256014750554011 0.817042717566857 0.023325993464543268 0.02426734337439904
0 0.39431194158700794 0.8766702505258414 0.02214160332312951 0.022029583270733174
0 0.7444474146916316 0.5777638141925519 0.01949339646559495 0.019786834716796875
0 0.5874117337740384 0.696686524611253 0.019352546105018027 0.01897401076096755
0 0.057497235444875866 0.9855742821326623 0.018037851040179912 0.017789107102614183
0 0.8346314063439002 0.990456801194411 0.01840371351975661 0.015734745905949518
0 0.5180033170259916 0.35173709575946516 0.016739331758939303 0.01685612018291767
0 0.045093490527226374 0.40058469772338867 0.018990250734182503 0.01894356654240535
0 0.7738265991210938 0.6483992063082181 0.02595373300405649 0.025766519399789665
0 0.08526809398944561 0.4670500388512245 0.029621018813206598 0.02910922123835637
0 0.3974519142737755 0.9742436042198768 0.022936894343449518 0.022766700157752402
0 0.3290305504432091 0.8719356977022611 0.025269141564002402 0.025369644165039062
0 0.7873957707331731 0.238864201765794 0.01829704871544471 0.01855131296011118
0 0.5739184526296762 0.5432034272413987 0.014576545128455529 0.014581973736102764
0 0.7343799884502704 0.6008823834932767 0.01903871389535757 0.019129826472355768
0 0.3415374755859375 0.38719602731557995 0.01631795443021334 0.015790205735426683
0 0.8234783319326547 0.7320348299466647 0.021663372333233174 0.02178353529710036
0 0.41994553345900315 0.9746919778677133 0.01612721956693209 0.016184880183293268
0 0.40758800506591797 0.10513899876521184 0.018941292395958535 0.019054522881141074
0 0.3924548075749324 0.700631361741286 0.02343588608961839 0.0236355708195613
0 0.06599900355705848 0.062008986106285684 0.025909057030310996 0.026142982336191032
0 0.8029612761277419 0.3966933763944186 0.024323683518629808 0.02379263364351713
0 0.5408953153170072 0.061971077552208535 0.019191595224233773 0.019566756028395433
0 0.5879786197955792 0.9204315772423377 0.01940022982083834 0.019516871525691107
0 0.589840448819674 0.431947818169227 0.05435327383188101 0.05535741952749399
0 0.9450739347017728 0.9061841231126052 0.023859170766977165 0.023920792799729567
0 0.2043787149282602 0.5086933282705454 0.022465045635516826 0.02231759291428786
0 0.43690945551945615 0.29144741938664365 0.017888435950646035 0.01795203869159405
0 0.9410005716177133 0.1085370870736929 0.017796149620643027 0.017773811633770283
0 0.1012881535750169 0.7238523043118991 0.014532676109900841 0.013995830829326924
0 0.5325399545522836 0.7081744854266827 0.0276638911320613 0.027511156522310697
0 0.6393743661733774 0.015756698755117562 0.017625075120192308 0.01782516332773062
0 0.4881614538339468 0.7489761205819937 0.02058550027700571 0.02066524212176983
0 0.7175372197077825 0.6352833967942458 0.014985598050631009 0.014826261080228366
0 0.5141433202303373 0.42648040331327 0.016513310945951022 0.0167085941021259
0 0.7550323926485502 0.6064872741699219 0.018102645874023438 0.018474432138296273
0 0.15486357762263372 0.057272727672870345 0.014991466815655049 0.015121175692631649
0 0.6287190363957331 0.750278326181265 0.019493689903846152 0.019341102013221152
0 0.8316839658297025 0.6430059579702524 0.01615142822265625 0.016203660231370192
0 0.6268397111159104 0.7159995299119216 0.01662269005408654 0.016959410447340745
0 0.3590113933269794 0.3992120669438289 0.04863306192251352 0.047522544860839844
0 0.8427909704355093 0.03335528190319355 0.03268579336313101 0.03239324459662804
0 0.23878944837130034 0.7346404148982122 0.018410095801720254 0.018461080697866585
0 0.47913525654719424 0.14063193247868463 0.016438044034517728 0.016454641635601338
0 0.4678533994234525 0.7247891059288611 0.016740798950195312 0.017033943763146035
0 0.3524697743929349 0.23483705520629883 0.046439757713904746 0.04599145742563101
0 0.2802321727459247 0.5659159146822416 0.015859237084021933 0.01586143787090595
0 0.022785301391895 0.7176808577317458 0.015528191740696248 0.015541663536658654
0 0.9031925935011643 0.6828934596135066 0.016844969529371995 0.016762513380784255
0 0.602237921494704 0.9805738742534931 0.018470910879281852 0.01882333021897536
0 0.411311516394982 0.03781867027282715 0.19045198880709135 0.07400109217717098
0 0.3405959422771747 0.31989325009859526 0.046251076918381914 0.0475007754105788
0 0.3726816910963792 0.42238360184889573 0.01651895963228666 0.016041682316706732
0 0.0087709163243954 0.7007823357215295 0.01761015561910776 0.031729478102463946
0 0.09705896560962383 0.9193917787992038 0.02420190664438101 0.024552565354567308
0 0.4397600614107572 0.8303973858173077 0.02098538325383113 0.020861405592698317
0 0.4219706608698918 0.9593420762282151 0.02603325477013221 0.02632874708909255
0 0.5711021790137658 0.0970458984375 0.020848861107459433 0.020708560943603516
0 0.7524235065166767 0.694091063279372 0.014476482684795674 0.014458289513221154
0 0.4194942987882174 0.7237513615534856 0.021062117356520433 0.02203545203575721
0 0.8165310346163236 0.18500225360576922 0.015053529005784255 0.01519027123084435
0 0.15463900566101074 0.4686861038208008 0.014724217928372897 0.014865288367638221
0 0.9741019469041091 0.8343670184795673 0.01723905710073618 0.017121535081129808
0 0.6876782637376052 0.8323955535888672 0.015048687274639424 0.015069227952223558
0 0.3634220270010141 0.83177977341872 0.019626470712515023 0.019667698786808893
0 0.1607816952925462 0.6924187586857722 0.017402172088623047 0.01745018592247596
0 0.40321918634267956 0.35950220548189604 0.01702543405386118 0.016872699444110576
0 0.6130700844984788 0.07960158128004807 0.015180220970740685 0.015233553372896634
0 0.11243262657752404 0.9772806901198167 0.01692826931293194 0.017145303579477165
0 0.11128144997816819 0.9503645530113807 0.015850103818453275 0.015851681049053486
0 0.846406863285945 0.40857777228722203 0.017025580772986777 0.01697987776536208
0 0.9282762087308444 0.6607604393592248 0.016273645254281852 0.0161740229679988
0 0.3751212266775278 0.4329817845271184 0.01532283196082482 0.015289600078876201
0 0.06381731766920823 0.14042633313399094 0.014572785450862004 0.014679046777578501
0 0.02485026763035701 0.930306654710036 0.02590484802539532 0.025705777681790866
0 0.381314937884991 0.9110531440147986 0.018886272723858174 0.01884915278508113
0 0.42501537616436297 0.9575952383188101 0.020073670607346755 0.02051573533278245
0 0.9073417370135968 0.9921500866229718 0.01671600341796875 0.013916895939753605
0 0.4554606217604417 0.26406273475060094 0.01718873244065505 0.0172727291400616
0 0.01930887194780203 0.3220077661367563 0.014812854620126577 0.014829048743614784
0 0.34086355796227086 0.0937802057999831 0.19643292060265174 0.18228725286630484
0 0.9705071082481971 0.967346925001878 0.024437097402719352 0.02480462881234976
0 0.49216461181640625 0.26224178534287673 0.34432337834284854 0.34197715612558216
0 0.7184542142427884 0.593086316035344 0.014746445875901442 0.014903875497671274
0 0.30970441378079927 0.34291912959172177 0.01621847886305589 0.016274085411658652
0 0.9846334457397461 0.7794259878305289 0.030459770789513223 0.04353625957782452
0 0.24710688224205604 0.4008228595440204 0.01742685758150541 0.017871269812950723
0 0.5423370874845065 0.08729382661672738 0.023366708021897536 0.023691085668710563
0 0.854609122643104 0.8126649122971755 0.02095794677734375 0.02098538325383113
0 0.8415466455312876 0.6555445010845478 0.01447296142578125 0.014484845674954928
0 0.09534711104172927 0.8744751856877253 0.015179193936861478 0.015008486234224759
0 0.00836549699306488 0.4231450007512019 0.016760915517807007 0.058732032775878906
0 0.4753922682542067 0.7342259333683894 0.015624413123497596 0.016071906456580527
0 0.8992016865656927 0.3682867930485652 0.015285932100736178 0.01568016639122596
0 0.22296615747305062 0.310398688683143 0.0181731444138747 0.018466637684748724
0 0.33879921986506534 0.4259761663583609 0.01856407752403846 0.01851815443772536
0 0.2245185925410344 0.4071611991295448 0.016676976130558893 0.01650370084322416
0 0.6925770686222956 0.530605462881235 0.013879776000976562 0.013962965745192308
0 0.32351193061241734 0.28921926938570464 0.01667000697209285 0.016864189734825723
0 0.9586078937237079 0.1291878131719736 0.024678156926081732 0.02462601661682129
0 0.44617608877328724 0.9626868321345403 0.020990811861478366 0.02119724567119892
0 0.8476715087890625 0.734593024620643 0.018555567814753607 0.01851477989783654
0 0.3488630148080679 0.7997528956486628 0.015332588782677284 0.015188657320462741
0 0.31790300515981823 0.2738050314096304 0.017146770770733174 0.017122195317195013
0 0.7790007958045373 0.6883844962486854 0.018807044396033652 0.018747329711914062
0 0.6197759188138522 0.772398435152494 0.017522665170522835 0.017174353966346152
0 0.9650154847365159 0.543833695925199 0.04217250530536358 0.04241107060359074
0 0.2546707300039438 0.5779987848722018 0.023331055274376504 0.022554984459510215
0 0.8039258810190054 0.8876719107994666 0.021893427922175482 0.02273222116323618
0 0.7149599515474759 0.4659582284780649 0.016468194814828727 0.01693586202768179
0 0.9334627298208383 0.5304134442256048 0.03315118642953726 0.03329805227426382
0 0.49765623532808745 0.8896575340857873 0.01679684565617488 0.016905564528245192
0 0.7359786400428185 0.5608839255112869 0.015683394211989183 0.01603273245004507
0 0.7803563338059646 0.34199729332557094 0.014190380389873799 0.014052170973557692
0 0.3402965252216046 0.8885031480055589 0.021380791297325723 0.02159881591796875
0 0.24926335995013899 0.4014238944420448 0.02318088824932392 0.02328667273888221
0 0.39548573127159703 0.940285169161283 0.0213015629695012 0.021290412315955527
0 0.708047133225661 0.7481029217059796 0.02472657423753005 0.02467008737417368
0 0.007364951074123383 0.04357962883435763 0.014780990206278287 0.06025153857011061
0 0.584804314833421 0.42444691291222203 0.045312147874098554 0.046384371243990384
0 0.7872714996337891 0.03240100007790785 0.015409029447115384 0.015504804941324087
0 0.4851997815645658 0.8670820089486929 0.01413257305438702 0.014135507436899038
0 0.5016323236318735 0.7632660498985877 0.02881006094125601 0.02769162104679988
0 0.143540254006019 0.12832065728994516 0.01562657723060021 0.015792369842529297
0 0.19506080334003156 0.4590585415179913 0.017172886775090143 0.017760863670935996
0 0.7790820782001202 0.7748738068800706 0.02142920860877404 0.021581503061147835
0 0.3661894431480995 0.7270680941068209 0.014507440420297476 0.01405041034405048
0 0.9893264770507812 0.7455582985511193 0.020846146803635817 0.034413704505333535
0 0.40728572698739857 0.9879221549400916 0.018191190866323616 0.017796883216271035
0 0.6553946274977464 0.9717860588660607 0.014448312612680288 0.014691866361177884
0 0.8501882553100586 0.704157829284668 0.022083429189828727 0.021531178401066706
0 0.6234171940730169 0.9114952087402344 0.016741092388446514 0.017003866342397835
0 0.16294358326838568 0.6935791602501502 0.015864152174729567 0.016077481783353366
0 0.22096657752990723 0.31027793884277344 0.02164767338679387 0.021728350565983698
0 0.8515118819016677 0.6638654562143179 0.015625586876502402 0.015359878540039062
0 0.7375142024113581 0.5087385177612305 0.020787899310772236 0.020797582773061898
0 0.7827262144822341 0.3212475043076735 0.029982933631310098 0.030468573937049277
0 0.45687051919790417 0.20278380467341497 0.014808948223407451 0.014667657705453726
0 0.7899222007164588 0.4702932651226337 0.021275153526893027 0.021333694458007812
0 0.8209984119121845 0.29917104427631086 0.017322687002328727 0.017356432401216947
