0 0.5958377397977389 0.5687481440030612 0.1419501671424279 0.14470239786001352
0 0.33926156850961536 0.17174951846782976 0.08011993995079628 0.08031291228074294
0 0.3698070232684796 0.9362050569974459 0.06392581646259014 0.06441820584810697
0 0.3783270028921274 0.06285432668832633 0.16130674802339995 0.12382305585421048
0 0.625950446495643 0.846853989821214 0.04697832694420448 0.04637351402869591
0 0.4839082131019005 0.8676638970008264 0.10262254568246695 0.1037738506610577
0 0.4725046157836914 0.9732916905329778 0.10170716505784255 0.05302693293644832
0 0.5395712852478027 0.09571613715245174 0.05802139869103065 0.05673582737262432
0 0.4609707318819486 0.2791866155771109 0.07874708909254807 0.07877503908597507
0 0.6851808107816256 0.9097656836876502 0.0719921405498798 0.09692778954139122
0 0.47397180703970104 0.3965579546414889 0.04319961254413311 0.04233697744516226
0 0.5459728240966797 0.9173768850473257 0.05121465829702524 0.050519503079927884
0 0.31139197716346156 0.07728851758516751 0.02387655698336088 0.023852825164794922
0 0.3257127541762132 0.616921644944411 0.05092554826002855 0.05227334682758038
0 0.6414391444279597 0.7340585268460788 0.021015754112830527 0.020963228665865384
0 0.6516458071195163 0.013766687649946947 0.019429133488581732 0.019910363050607536
0 0.6030477377084585 0.9451222052940955 0.019579080434945915 0.01965053264911358
0 0.6893042784470779 0.5580281477708083 0.015423261202298678 0.015446736262394832
0 0.4906900112445538 0.2367376180795523 0.017797470092773438 0.017827254075270433
0 0.4834566849928636 0.6026285244868352 0.021651634803185098 0.021775465745192308
0 0.6987706697904147 0.30289279497586763 0.024936969463641826 0.024832652165339544
0 0.4522834924551157 0.8195235912616436 0.020041465759277344 0.02024709261380709
0 0.35511302947998047 0.04549269034312321 0.023436619685246393 0.023500992701603815
0 0.6552606729360727 0.6432971220750076 0.12703994604257438 0.18200243436373198
0 0.5443107164823092 0.040173507653749906 0.15634610102726862 0.07895327531374417
0 0.49566808113685024 0.3155674567589393 0.01650091317983774 0.01648083099952111
0 0.34291784579937273 0.8881596785325271 0.12891307243934044 0.2159274174616887
0 0.5923243669363168 0.08800405722398025 0.019571891197791465 0.019764790168175332
0 0.3797181569612943 0.09671721091637245 0.061248485858623795 0.06109138635488657
0 0.5999560722937951 0.6758877680851862 0.01637136019193209 0.016078802255483773
0 0.325287232032189 0.05079194215627817 0.028686670156625602 0.028512175266559307
0 0.44092552478496844 0.9485362126277044 0.040331547076885514 0.039816049429086536
0 0.5536942848792443 0.10912150603074294 0.015493539663461538 0.01495669438288762
0 0.6273693671593299 0.09584546089172363 0.015110309307391826 0.015088741595928486
0 0.5725183120140662 0.04447570672402015 0.015746410076434795 0.015827224804804876
0 0.4113175318791316 0.21529179352980393 0.12447254474346454 0.12616351934579703
0 0.6401962133554312 0.6372393094576322 0.021756538977989785 0.021754044752854567
0 0.7065913127018855 0.07656771403092605 0.01314838115985577 0.018407729955819938
0 0.6560175969050481 0.835074938260592 0.015107668363131009 0.014914585993840145
0 0.5345238905686599 0.9684159205510066 0.01656180161696214 0.01641390873835637
0 0.626188718355619 0.9080743056077224 0.014442737285907451 0.014696561373197116
0 0.3797792654771071 0.30884647369384766 0.014309516319861779 0.014267774728628306
0 0.6167725783128005 0.49523412264310396 0.027411790994497445 0.027362970205453727
0 0.611939943753756 0.9241927220271184 0.020915985107421875 0.020948263315054085
0 0.5918978177584134 0.9908883021428034 0.05573228689340445 0.01764678955078125
0 0.619687007023738 0.6710737668550931 0.02060875525841346 0.020756941575270433
0 0.45469221701988805 0.730385266817533 0.017342787522536058 0.01742069537823017
0 0.691284546485314 0.8546208601731521 0.02022068317119892 0.0201416015625
0 0.5452907268817608 0.9889137561504657 0.04313527620755709 0.021888146033653848
0 0.3567337989807129 0.6260376710158128 0.01416609837458684 0.014242465679462139
0 0.4662284851074219 0.16076153975266677 0.01455996586726262 0.014905195969801683
0 0.6848388084998498 0.043068995842566855 0.015230178833007812 0.015284464909480168
0 0.6752574627216046 0.7678381846501277 0.036668043870192304 0.03769625150240385
0 0.5951821620647724 0.3826292478121244 0.015034895676832933 0.015180147611177884
0 0.4560396854694073 0.09231658165271465 0.0399469228891226 0.03891510229844313
0 0.6342580501849835 0.8158629490778997 0.02904671889085036 0.028784531813401442
0 0.6968859892625076 0.26049267328702486 0.03889758770282452 0.05582703076876127
0 0.4906259316664476 0.3504173939044659 0.02053092076228215 0.0206758792583759
0 0.6982060945951022 0.13336031253521258 0.02839352534367488 0.0294954960162823
0 0.5719602291400616 0.2877125373253456 0.04723402170034555 0.04753809708815355
0 0.5549647991473858 0.6663242486807016 0.08506481464092548 0.08588218688964844
0 0.5125816418574407 0.23130853359515852 0.016632446875939004 0.017159168536846455
0 0.3371636684124286 0.2958091222322904 0.02684893974891076 0.026727749751164362
0 0.30756770647489107 0.11922897742344783 0.04566133939302885 0.07208506877605732
0 0.6384528967050406 0.3305487265953651 0.09371889554537259 0.09132753885709323
