0 0.47369725887592024 0.9733326985285833 0.06408251248873197 0.053116871760441706
0 0.5079786227299616 0.4698610305786133 0.045836228590745196 0.04549261239858774
0 0.3791653926555927 0.8787404573880709 0.09709614973801833 0.09817945040189303
0 0.3664369583129883 0.6667641859788161 0.06785084651066707 0.06742389385516827
0 0.3647201978243314 0.9642050082866962 0.10152552678034855 0.06873130798339844
0 0.4285273551940918 0.6818078848031851 0.02938109177809495 0.029040409968449518
0 0.5356387358445388 0.3764926470243014 0.02494944058931791 0.02464925325833834
0 0.23008064123300406 0.8492142603947566 0.029771951528695915 0.03760469876802885
0 0.24998004619891828 0.619227042564979 0.03380995530348558 0.03347440866323618
0 0.5376770679767315 0.4927199437068059 0.020164049588716947 0.02008980971116286
0 0.6883751795842097 0.7882333168616662 0.021388714130108174 0.02168728755070613
0 0.698338508605957 0.732016343336839 0.017784705528846152 0.017892837524414062
0 0.6102444942180927 0.18314983294560358 0.01759683168851412 0.01783293944138747
0 0.24419116973876953 0.17949949778043306 0.026651382446289062 0.028499713310828574
0 0.3930838658259465 0.6862999842717097 0.019694401667668268 0.01949897179236779
0 0.5947695878835825 0.25173354148864746 0.020285973182091348 0.02030159876896785
0 0.26140689849853516 0.7818091465876653 0.023714138911320612 0.023691764244666465
0 0.3189336336576022 0.8666232182429388 0.03629667942340557 0.036409818209134616
0 0.3265107595003568 0.44374502622164214 0.03603487748366136 0.0357202383188101
0 0.37720093360314 0.8142644442044772 0.02986291738656851 0.030083876389723558
0 0.626002678504357 0.7693462371826172 0.03228000494150015 0.03222568218524639
0 0.5641794938307542 0.5676983319796048 0.04506962115948017 0.04441642761230469
0 0.6079576932466947 0.4713312295766977 0.02338556142953726 0.023354163536658652
0 0.3773968403155987 0.5827654691842886 0.01665210723876953 0.016471129197340745
0 0.3800038557786208 0.45694861045250523 0.016684898963341348 0.01661095252403846
0 0.2247929939856896 0.9099592795738807 0.01942726281973032 0.020931243896484375
0 0.7204065322875977 0.9564316089336689 0.030802359947791465 0.0308529780461238
0 0.498567691216102 0.9402261880727915 0.026999987088716947 0.026744989248422477
0 0.2868318190941444 0.9466445629413311 0.0743265151977539 0.0750575432410607
0 0.7023886900681716 0.6466054182786208 0.02779080317570613 0.027949993426983174
0 0.31958605692936826 0.640890488257775 0.017629109896146335 0.017441236055814303
0 0.2768763028658353 0.9128285187941331 0.021326872018667366 0.021338682908278245
0 0.6778424336360052 0.39960824526273286 0.019806788517878607 0.02010976351224459
0 0.31282663345336914 0.5102194639352652 0.11000625903789814 0.11000941349909855
0 0.6528370197002704 0.8760141225961539 0.017508580134465143 0.017369637122521035
0 0.6873569488525391 0.841194592989408 0.03350962125338041 0.033399728628305286
0 0.5696784532987155 0.5958260022676908 0.042104941148024336 0.04207405677208534
0 0.6860718360314002 0.5176655695988581 0.015240302452674279 0.01511691166804387
0 0.6572169523972732 0.8549963144155649 0.032903084388146035 0.03366499680739183
0 0.6122000767634466 0.3642631677480844 0.035115608802208535 0.0349119626558744
0 0.30821539805485654 0.11161417227524978 0.017657353327824518 0.01727907474224384
0 0.2254186960367056 0.886479010948768 0.017182533557598408 0.017284099872295674
0 0.7505086018488958 0.8795664127056415 0.017344254713792067 0.017159682053786058
0 0.35467925438514125 0.0727038887830881 0.05457100501427284 0.055804701951833874
0 0.5559345392080454 0.3572364953848032 0.024463506845327523 0.02442756065955529
0 0.6388447834895208 0.31304095341609073 0.06571608323317307 0.06535132114703839
0 0.30081695776719314 0.7923051393949069 0.02060563747699444 0.02073082557091346
0 0.6140110676105206 0.976901127741887 0.01641075427715595 0.016117095947265625
0 0.5802679061889648 0.3292848880474384 0.049413901108961836 0.04768883264981783
0 0.5857836649968073 0.42974163935734677 0.0925750732421875 0.09209728240966797
0 0.4967078429002028 0.5124997725853553 0.015733718872070312 0.015504690317007212
0 0.5393564517681415 0.2678360205430251 0.039905694814828724 0.04018614842341496
0 0.2716378432053786 0.5337069584773138 0.03225920750544621 0.03189981900728666
0 0.27156752806443435 0.9752809084378756 0.015659845792330228 0.015510852520282451
0 0.7144873692439153 0.7098977015568659 0.024241227370042067 0.024288764366736777
0 0.6451782813439002 0.16308835836557242 0.030236170842097357 0.030099171858567458
0 0.7641096848707932 0.5987668404212365 0.02652564415564904 0.036151739267202526
0 0.3457918900709886 0.7631714160625751 0.039591422447791465 0.039038584782527044
0 0.22908456508929914 0.7290017054631159 0.01571545234093299 0.015610914963942308
0 0.6875728460458609 0.8089700111976037 0.014628923856295072 0.014449486365685096
0 0.603667662693904 0.9140248665442834 0.06882586845984826 0.06607979994553786
0 0.6019549369812012 0.9105640558096079 0.017263045677771933 0.017306694617638223
0 0.754054069519043 0.9674625396728516 0.058735040517953724 0.05741383479191707
0 0.39051496065579927 0.6224550834068885 0.01580971937913161 0.015972430889423076
0 0.666299086350661 0.4451137689443735 0.02280572744516226 0.022578973036545973
0 0.7180902040921725 0.3603306550246019 0.06863711430476262 0.0668485348041241
0 0.37291277371920073 0.7337662623478816 0.04386403010441707 0.043923598069411054
0 0.3252855080824632 0.03216910362243652 0.06319647568922776 0.0608816330249493
0 0.5380128713754507 0.8914731099055364 0.021055074838491585 0.021030132587139424
0 0.3073158264160156 0.31722252185528094 0.014848048870380107 0.014749380258413462
0 0.5353434269244854 0.393098391019381 0.01576548356276292 0.015485470111553486
0 0.5604158548208383 0.39017149118276745 0.01959360562838041 0.019735189584585335
0 0.44433234288142276 0.47379339658297026 0.015107228205754207 0.015139506413386418
0 0.6968730046198919 0.9921503067016602 0.019060868483323317 0.014619973989633413
0 0.2295645016890306 0.7636273457453802 0.024459105271559495 0.03851230327899639
0 0.2885582263653095 0.63719419332651 0.019919688885028545 0.020050635704627402
0 0.41974698580228365 0.7482103201059195 0.016901456392728366 0.016942831186147835
0 0.6897764939528245 0.46292877197265625 0.018380385178786058 0.018382145808293268
0 0.6318714435283954 0.6159483102651743 0.0904094989483173 0.0892323714036208
0 0.6997136336106521 0.4248383962191068 0.027222560002253607 0.027339421785794772
0 0.641142698434683 0.6266417870154748 0.01670499948354868 0.017601893498347357
0 0.23537276341364935 0.6544424203725961 0.03037885519174429 0.033834017240084134
0 0.6949342580942007 0.598551713503324 0.015369415283203125 0.015225923978365384
0 0.7300158280592698 0.4115239656888522 0.034337557279146634 0.03436367328350361
0 0.25993849680973935 0.08180005733783428 0.03184164487398588 0.03145729578458346
0 0.7684491964486929 0.6327247619628906 0.017916752741887018 0.01923032907339243
0 0.7438929631159856 0.2984761458176833 0.024638542762169473 0.024685786320612982
0 0.6504344940185547 0.7383984785813552 0.014205345740685096 0.014245253342848558
0 0.41298580169677734 0.5225424399742713 0.024056507990910456 0.024582496056189902
0 0.5243032162006085 0.8026776680579553 0.07614825322077824 0.07363656850961539
0 0.5771018174978403 0.36926717024583083 0.026655123783991888 0.027347858135516826
0 0.45029412783109224 0.8941615178034856 0.03691189105694111 0.037271352914663464
0 0.24485367995042068 0.719906366788424 0.055810048029972956 0.057198744553786054
0 0.5307385004483737 0.5292126215421237 0.03821644416222206 0.038009276756873496
0 0.6996421813964844 0.9721452272855319 0.02679619422325721 0.027010991023137018
0 0.6923228043776292 0.4942014400775616 0.024993896484375 0.025267967810997598
