0 0.19103138263408953 0.4116365726177509 0.0872639876145583 0.08695352994478665
0 0.10686585536369911 0.9351407564603366 0.0371389572436993 0.03706565270057091
0 0.7197241416344275 0.9672523645254282 0.06483679551344651 0.06167734586275541
0 0.05799629138066219 0.567426168001615 0.1156153678894043 0.20345629178560698
0 0.9666676154503455 0.3840336432823768 0.03222568218524639 0.03191317044771635
0 0.9528790987454928 0.6047139901381272 0.03958452664888822 0.03925140087421124
0 0.9201155442457932 0.2852133604196402 0.05919441810021034 0.05917439093956581
0 0.7854637732872596 0.5666028536283053 0.0718374985914964 0.07131092364971454
0 0.6841178307166467 0.12263210920187143 0.05425937359149639 0.054515490165123574
0 0.960141108586238 0.54755005469689 0.06975027231069711 0.07017869215745193
0 0.13392501610976 0.48936091936551607 0.022731230809138372 0.022837198697603665
0 0.05636494434796847 0.5897192588219275 0.025133692301236667 0.024596581092247598
0 0.815193616426908 0.8377395776601938 0.027499859149639424 0.027534044705904447
0 0.34689000936654896 0.7276172637939453 0.02227915250338041 0.02238611074594351
0 0.4892251674945538 0.25431297375605655 0.024019681490384616 0.024012345534104567
0 0.6138051106379583 0.1954207053551307 0.02237730759840745 0.0221861692575308
0 0.4137125748854417 0.026940251772220317 0.022481331458458535 0.022474531943981465
0 0.6339827317457932 0.06069194353543795 0.03081644498384916 0.030846449045034554
0 0.13861843255849984 0.6636534470778245 0.040505445920504056 0.04099552447979267
0 0.975903217609112 0.8757943373460036 0.03669430659367488 0.03646703866811899
0 0.4991609866802509 0.4118574582613431 0.0462190187894381 0.046736643864558294
0 0.2702332093165471 0.6255501233614408 0.032448071699876055 0.03283133873572716
0 0.9771484961876502 0.1288255636508648 0.022602374737079326 0.02250392620380108
0 0.9833413637601413 0.7976301633394681 0.03315441425030048 0.04493566659780649
0 0.6836696037879357 0.761862534743089 0.0388946533203125 0.03936679546649639
0 0.8795758760892428 0.4212030264047476 0.018283257117638223 0.018063471867487982
0 0.9004939152644231 0.6548439172598032 0.030450087327223558 0.03089567331167368
0 0.5823490069462702 0.011779060730567345 0.01883565462552584 0.018582064371842604
0 0.038469044061807484 0.5091373003446139 0.01859121139232929 0.01843687204214243
0 0.9314666161170373 0.7279426134549655 0.037607633150540866 0.03775097773625301
0 0.4732920206510104 0.5678571187532865 0.0904386226947491 0.09093724764310397
0 0.9922789793748122 0.6326866883497971 0.015117791982797476 0.02533751267653245
0 0.9853286743164062 0.6730696604802058 0.018053788405198317 0.018206963172325723
0 0.8556347626906174 0.19473816798283503 0.055390578049879804 0.054964542388916016
0 0.8122001794668344 0.2867732598231389 0.028798029972956732 0.028813802278958835
0 0.6055475748502291 0.7668919196495643 0.017795562744140625 0.0175784184382512
0 0.8956778599665716 0.9407026584331806 0.024544935960036058 0.024729802058293268
0 0.885223755469689 0.5430613664480356 0.023862545306865986 0.02382968022273137
0 0.8265317770150992 0.2424775637113131 0.0437921377328726 0.043596047621506914
0 0.5877201373760517 0.9581414736234225 0.03609818678635817 0.03653717041015625
0 0.939427742591271 0.4970523027273325 0.01672084514911358 0.0166166012103741
0 0.1344755612886869 0.6190398289607122 0.06157552278958834 0.061380239633413464
0 0.9894143618070163 0.24771662858816293 0.02086786123422476 0.028895011314978965
0 0.855040036714994 0.592704332791842 0.022426605224609375 0.02247164799616887
0 0.7326821547288161 0.4892286520737868 0.015543424166165866 0.015421647291917067
0 0.23054731809175932 0.90472228710468 0.01630511650672326 0.016402611365685098
0 0.7153648963341346 0.13336058763357309 0.0201876713679387 0.019972709509042594
0 0.7702526679405799 0.16357863866365874 0.016544048602764424 0.016519766587477464
0 0.8930545220008264 0.20011340654813325 0.04424329904409555 0.043390934283916764
0 0.2753333862011249 0.8554512904240534 0.015539279350867638 0.015558682955228366
0 0.7953583643986628 0.7930673452524039 0.016158177302433893 0.01609978309044471
0 0.341525884775015 0.06755269490755521 0.017627862783578727 0.017571651018582858
0 0.7590896899883564 0.8304047217735877 0.08763533372145432 0.08845666738656852
0 0.5888443359961877 0.17678444202129656 0.015554574819711538 0.015517454880934495
0 0.43137062512911284 0.3989243507385254 0.016876587500939004 0.01706094008225661
0 0.6164710705096905 0.3894749421339769 0.015806051400991585 0.015832020686222956
0 0.6165752410888672 0.08589469469510592 0.05194858404306265 0.051391817056215726
0 0.6052397581247183 0.022151589393615723 0.027067111088679388 0.026978556926433857
0 0.7839672382061298 0.05859573070819561 0.06759350116436298 0.06831800020658053
0 0.7736045397244967 0.13737494211930495 0.048483628493088946 0.04895549554091234
0 0.34582130725567156 0.8471375978910006 0.027666532076322116 0.027992688692533053
0 0.8041166158822867 0.7743093784038837 0.015783163217397835 0.01573357215294471
0 0.8454963977520282 0.5048090861393855 0.030579493596003607 0.03089273892916166
0 0.7292828193077674 0.04740467896828285 0.04370733407827524 0.04375105637770433
0 0.9160977143507737 0.22931726162250227 0.03145804772010216 0.03170339877788837
0 0.7405708753145658 0.09909363893362191 0.015091675978440505 0.015346307020920973
0 0.4284122907198392 0.4886707892784706 0.015723595252403848 0.015755873460036058
0 0.41631353818453276 0.3912407068105844 0.016004635737492487 0.01577920180100661
0 0.4607718541071965 0.6350749089167669 0.014677121089054989 0.014567741980919471
0 0.40512811220609224 0.13957259288200966 0.01752780033991887 0.01786692325885479
0 0.6071430719815768 0.17727246651282677 0.015724769005408652 0.01589334928072416
0 0.21364795244657075 0.7846561578603891 0.04167952904334435 0.0413354726938101
0 0.6687412261962891 0.2816482323866624 0.016283768873948317 0.01627694643460787
0 0.22046962151160607 0.49596280318040115 0.01658182877760667 0.01656502943772536
0 0.3286394706139198 0.05680230947641226 0.018770658052884616 0.018976734234736517
0 0.06872974909268893 0.06265091896057129 0.020139327416053183 0.020206671494704027
0 0.23560883448674128 0.9157710442176232 0.015516941363994893 0.01569219735952524
0 0.6937959377582257 0.9020979954646184 0.018239828256460335 0.018221635084885817
0 0.1737541785606971 0.7324950878436749 0.01959683344914363 0.019530663123497598
0 0.9351303394024189 0.8049612778883714 0.016184293306790866 0.016161405123197116
0 0.3708006418668307 0.12550784991337702 0.015106641329251803 0.01498724864079402
0 0.35592262561504656 0.4688730973463792 0.015151757460374098 0.015205676739032451
0 0.5452105815594013 0.029970439580770638 0.06460395226111779 0.05802390208611122
0 0.4570457018338717 0.11229179455683781 0.16901647127591646 0.1769278232867901
0 0.19137982221750113 0.2842442439152644 0.01885234392606295 0.019012011014498197
0 0.7101314251239483 0.2705689943753756 0.05865185077373798 0.05921261127178486
0 0.4419089464040903 0.48546820420485276 0.016577867361215446 0.016983472383939303
0 0.26460495361915004 0.06760689845451942 0.0251009647662823 0.025617617827195387
0 0.5906285506028396 0.7520489325890174 0.01689485403207632 0.01668401864858774
0 0.550393324631911 0.09890731481405404 0.03310805100661058 0.03319936532240648
0 0.91411619919997 0.16037607192993164 0.03305200430063101 0.03247488462007963
0 0.1851965097280649 0.71593504685622 0.01683660653921274 0.016841301551231973
0 0.6525755662184495 0.6673656610342172 0.016036106989933893 0.016034639798677884
0 0.2021756905775804 0.35944271087646484 0.016141524681678183 0.016471129197340745
0 0.2869729995727539 0.7066185290996845 0.013600789583646335 0.013481727013221154
0 0.5443770335270808 0.30822211045485276 0.014395347008338341 0.014370423096876878
0 0.3085594177246094 0.5213930790240948 0.01401505103478065 0.01411129878117488
0 0.7715182671180139 0.9356824434720553 0.07483364985539363 0.07589398897611178
0 0.03729900259238023 0.10802525740403396 0.07513762895877545 0.21112221937913161
0 0.5076013344984788 0.9272805727445163 0.05980741060697115 0.059179452749399036
0 0.9939330174372747 0.10337791993067814 0.012041091918945312 0.08439454665550819
0 0.48333344092735875 0.21768709329458383 0.014336512638972355 0.014478610112116886
0 0.9959961817814753 0.6515592428354117 0.007812793438251201 0.014748206505408654
0 0.5519824394812951 0.22773533601027268 0.013630060049203726 0.013780520512507511
0 0.07348004212746254 0.19170790452223557 0.08733886021834153 0.08842119803795448
0 0.3994024350092961 0.2938575744628906 0.04491828038142277 0.04506118480975811
0 0.4224853515625 0.22011426778940055 0.030854151799128607 0.029781048114483174
0 0.5680139248187726 0.18293134982769305 0.021351154033954326 0.022041907677283652
0 0.4612586681659405 0.359194462115948 0.014823326697716346 0.015064826378455529
0 0.3770116659311148 0.055340785246628985 0.01571068396935096 0.015741751744196966
0 0.15162044305067796 0.2685491121732272 0.060544564173771784 0.0606236091026893
0 0.2453579719250019 0.7325245783879206 0.09704417448777419 0.09517787053034855
0 0.5719409355750451 0.22937763654268706 0.014397401076096755 0.01432338127723107
0 0.37105501615084135 0.7003436455359826 0.0538029303917518 0.05298555814302885
0 0.8294870670025165 0.4869188161996695 0.014306288499098558 0.014454474815955529
0 0.9015960693359375 0.33196621674757737 0.03438362708458534 0.03406341259296124
0 0.5217946125910833 0.26914453506469727 0.016570604764498197 0.01669737008901743
0 0.035000188992573664 0.3257480034461388 0.02313754650262686 0.023195560161884014
