0 0.7273095937875601 0.5628621028019831 0.07346960214468148 0.0737460209773137
0 0.298480565731342 0.168794008401724 0.07038076107318585 0.07115430098313552
0 0.22642021912794846 0.8714849031888522 0.04648164602426382 0.046127612774188705
0 0.7086256467379056 0.8169323114248422 0.05690266535832332 0.05691953805776743
0 0.7069159287672776 0.6838703155517578 0.04384906475360577 0.044067089374248795
0 0.7303837996262771 0.32506524599515474 0.050664461576021634 0.05057048797607422
0 0.6820901724008414 0.8925115145169772 0.055206005389873795 0.055359180157001205
0 0.32762776888333833 0.9787116417518029 0.04619424159710224 0.03834621722881611
0 0.3125142317551833 0.6817442087026743 0.03664530240572416 0.03623889042780949
0 0.45041319040151745 0.9549214289738581 0.04271609966571514 0.042850494384765625
0 0.45825855548565203 0.41959689213679385 0.03610317523662861 0.036108163686899036
0 0.2227501502403846 0.6387992272010217 0.03507790198692909 0.035062936636117786
0 0.599031008206881 0.9203136150653546 0.03578758239746094 0.03550397432767428
0 0.3090009322533241 0.4851341247558594 0.043209222646859974 0.04323445833646334
0 0.34479119227482724 0.5266706026517428 0.03988339350773738 0.03992623549241286
0 0.7542219161987305 0.6757431030273438 0.0342558347261869 0.03428972684420072
0 0.1708707442650428 0.5803179374107947 0.031017193427452676 0.03169529254619892
0 0.5232553482055664 0.8875177823580228 0.030436149010291465 0.030873518723707933
0 0.7866290165827825 0.6453264676607572 0.023325993464543268 0.023316016564002402
0 0.6773693378155048 0.7947300397432767 0.03216963547926683 0.0320587158203125
0 0.8064668361957257 0.6235813727745643 0.028430792001577523 0.028635611900916465
0 0.1689453675196721 0.6153719975398138 0.028713703155517578 0.03410500746506911
0 0.178727388381958 0.8682226034311148 0.03377048785869892 0.03357344407301683
0 0.6540886805607722 0.054969957241645225 0.052625802847055286 0.05252668490776649
0 0.22825103539686936 0.4335622053879958 0.022697962247408353 0.022663996769831732
0 0.26560574311476487 0.5670406634990985 0.031173265897310697 0.030819526085486777
0 0.524375475369967 0.6880984673133264 0.03307621295635517 0.033193734975961536
0 0.6713325060330905 0.9796747060922476 0.02241369394155649 0.022426605224609375
0 0.7679424285888672 0.817897209754357 0.031556936410757214 0.031647902268629804
0 0.2694736627432016 0.7948596660907452 0.0286405269916241 0.028447811420147236
0 0.6398855356069711 0.9799707852877103 0.02182799119215745 0.022122309758112982
0 0.5324735274681678 0.37331639803372896 0.02190428513746995 0.02224562718318059
0 0.16867593618539664 0.9713822878324069 0.02055659660926232 0.021243462195763223
0 0.6141607944781964 0.8413738837608924 0.02704935807448167 0.027251610389122598
0 0.29938541925870454 0.5770527766301081 0.04860463509192833 0.0483709482046274
0 0.6340415661151593 0.5680969678438627 0.026032374455378607 0.026322291447566107
0 0.7302891657902644 0.6364623583280123 0.020496368408203125 0.020544785719651442
0 0.26997835819537824 0.7645435333251953 0.022903845860407904 0.023018470177283652
0 0.5772129939152644 0.9692233158991888 0.023473446185772236 0.023968916672926683
0 0.469700446495643 0.5080313682556152 0.02617990053617037 0.026072575495793268
0 0.6042870741624099 0.5065831771263709 0.03032831045297476 0.030013671288123496
0 0.5626129737267127 0.31585476948664737 0.029345585749699518 0.02947411170372596
0 0.5470991868239182 0.7978929372934195 0.020285312946026143 0.020552855271559495
0 0.5056706575246958 0.537615702702449 0.019625223599947415 0.019591771639310397
0 0.5207820672255296 0.9484132620004507 0.025298118591308594 0.02519079355093149
0 0.7340565461378831 0.43057361015906703 0.023869441105769232 0.024065751295823317
0 0.6210961708655725 0.42389532235952526 0.01898501469538762 0.019109579233022835
0 0.29152169594397914 0.9710153432992789 0.03108369387113131 0.030939248891977165
0 0.45736169815063477 0.6872233610886794 0.030040154090294473 0.030161344088040866
0 0.46594484035785383 0.8839009358332708 0.021350860595703125 0.021510197566105768
0 0.46413891132061297 0.15671478785001314 0.024926479046161357 0.024811818049504206
0 0.3771508290217473 0.501548326932467 0.024577874403733473 0.024726720956655648
0 0.18384625361515924 0.5293539120600774 0.024452576270470254 0.02472826150747446
0 0.26037951616140514 0.449221500983605 0.0207822506244366 0.020769412700946514
0 0.6476535797119141 0.744718991793119 0.020923027625450723 0.020867274357722357
0 0.7462767821091872 0.4620064955491286 0.019529342651367188 0.019457303560697116
0 0.3002743721008301 0.8230769817645733 0.02796312478872446 0.028255462646484375
0 0.30214892900907075 0.45144015092116135 0.022762078505295973 0.023181841923640326
0 0.5755601662855881 0.6127862196702224 0.01877293219933143 0.018564664400540866
0 0.74799134181096 0.8749556908240685 0.02001028794508714 0.020300938532902643
0 0.5372734069824219 0.7570337148813101 0.01861572265625 0.018613081711989183
0 0.22387330348675066 0.7559358156644381 0.024072867173414964 0.024204547588641826
0 0.575439819922814 0.4366367780245267 0.01797969524676983 0.018128028282752402
0 0.33638609372652495 0.06801049067423894 0.03648669903094952 0.03642846070803129
0 0.20456809263962966 0.807926764855018 0.02246577923114483 0.02295538095327524
0 0.5264843427217923 0.7176755758432242 0.021250357994666465 0.0211639404296875
0 0.7485936971811148 0.2781994526202862 0.02915059603177584 0.02916409419133113
0 0.43454500345083386 0.5385690102210412 0.028792748084435098 0.02883148193359375
0 0.3499466089101938 0.4506393579336313 0.021753604595477764 0.021927246680626504
0 0.7393160599928635 0.7709290431096003 0.02739686232346755 0.027538006122295674
0 0.5338101387023926 0.5041000659649189 0.024734130272498496 0.024785261887770433
0 0.3383042262150691 0.3464898696312538 0.024907478919396035 0.024949000431941107
0 0.662199827340933 0.41092183039738583 0.018819808959960938 0.018721653864933893
0 0.6537375083336463 0.27720941030062163 0.04043036240797777 0.039756518143873945
0 0.40712785720825195 0.6229490133432242 0.02427981450007512 0.024225931901198167
0 0.4086443827702449 0.5300214474017804 0.023184556227463942 0.023364140437199518
0 0.6595000487107497 0.8564900618333083 0.047801971435546875 0.04718575110802284
0 0.608524542588454 0.5349762256328876 0.029591193565955527 0.02945987994854267
0 0.17678620265080378 0.8295917510986328 0.02954255617581881 0.02993950477013221
0 0.3421630125779372 0.9249345339261569 0.027397889357346755 0.02729371877817007
0 0.35370481931246245 0.5613627066979041 0.01657999478853666 0.016762219942533053
0 0.4892421135535607 0.5659964634821966 0.019309410682091348 0.018966234647310697
0 0.22563585868248573 0.5076825802142804 0.024681458106407754 0.024578387920673076
0 0.18443683477548453 0.4655799132127028 0.020757088294396035 0.02074769827035757
0 0.5452392284686749 0.5619728748614972 0.02313393812913161 0.022922809307391826
0 0.5308041939368615 0.4666854418241061 0.018528278057391826 0.018584471482496995
0 0.6532098329984225 0.6703970248882587 0.0328668447641226 0.03218430739182692
0 0.5128534757173978 0.34904648707463193 0.03886956434983473 0.038368591895470254
0 0.5923339036794809 0.37236210016103893 0.025128804720365085 0.025272369384765625
0 0.5590459750248835 0.34421924444345325 0.016835359426645134 0.016758478604830228
0 0.5272381489093487 0.4065364690927359 0.016046744126539964 0.016131180983323317
0 0.8318923069880559 0.6039766164926382 0.016806675837590143 0.016598041240985576
0 0.49960811321551984 0.9398458920992337 0.01830570514385517 0.01811702434833233
0 0.17856388825636643 0.7085320399357722 0.019837599534254808 0.019713475153996393
0 0.4839874781095065 0.5846703602717473 0.029604251568134014 0.029670275174654447
0 0.4401493806105394 0.24646764535170335 0.020711458646334134 0.020708781022291917
0 0.43941219036395734 0.5684221707857572 0.03159684401292067 0.031203416677621696
0 0.5467116282536433 0.526588146503155 0.02834019294151893 0.02807763906625601
0 0.17818377568171576 0.5037310306842511 0.0179901123046875 0.018122452955979567
0 0.3827493740962102 0.8164867987999549 0.027172235342172477 0.02714714637169471
0 0.49442771764901966 0.7068663377028245 0.01778543912447416 0.01753410926231971
0 0.28028396459726185 0.028050152155069206 0.027972881610576924 0.027891975182753343
0 0.6884039365328275 0.7696694594163161 0.031304579514723554 0.03249652569110577
0 0.7839994430541992 0.586213992192195 0.019435882568359375 0.019260699932391826
0 0.7441240457388071 0.8072672623854417 0.022343562199519232 0.02270331749549279
0 0.48299327263465297 0.45952444810133714 0.028214674729567308 0.02857369642991286
0 0.5137800069955679 0.5759407190176157 0.027537712684044473 0.02752406780536358
0 0.6593725497906024 0.7637208791879507 0.029144727266751803 0.02903923621544471
0 0.802860846886268 0.575161860539363 0.018916496863731973 0.018633915827824518
0 0.6445085085355319 0.6416524740365835 0.022247901329627402 0.022556891808143027
0 0.37256871736966646 0.8865476754995493 0.01609494135929988 0.01604608389047476
0 0.23955726623535156 0.3935075539809007 0.016263301555926982 0.016037354102501504
0 0.27177022053645206 0.9219190157376803 0.027754563551682692 0.027758084810697116
0 0.48622960310715896 0.4775812075688289 0.03135967254638672 0.03191720522367037
0 0.24503430953392616 0.8135161766639123 0.020738638364351712 0.020955745990459736
0 0.760409428523137 0.9059110788198618 0.020832942082331732 0.021219987135667067
0 0.6236315507155198 0.220705142387977 0.03173978512103741 0.031452362353985124
0 0.42944761422964245 0.7476054705106295 0.017832389244666465 0.017753014197716348
0 0.37820133796105015 0.6528786879319411 0.01807682330791767 0.01786965590256911
0 0.16703875248248762 0.5524102724515475 0.02175279764028696 0.022337913513183594
0 0.2751142061673678 0.4608175571148212 0.016335707444411058 0.01629330561711238
0 0.46240740555983323 0.32402808849628156 0.029518714317908652 0.029785889845628005
0 0.24268363072321966 0.9237625415508564 0.015819549560546875 0.015931349534254808
0 0.3925892389737643 0.8637874309833233 0.019393187302809495 0.018964620736929085
0 0.27704567175645095 0.20389456015366775 0.015650419088510368 0.015536895165076623
0 0.21154236793518066 0.39738141573392427 0.017523692204402044 0.017826667198768027
0 0.540801818554218 0.6449715540959284 0.018882604745718148 0.018665313720703125
0 0.6030956415029672 0.5507573347825271 0.018611321082481973 0.018654016348031852
0 0.26628699669471156 0.389155754676232 0.016527175903320312 0.01671182192288912
0 0.40178456673255336 0.4143208357004019 0.02100959190955529 0.020733393155611478
0 0.30884533662062424 0.3852104040292593 0.01584603236271785 0.0161132078904372
0 0.4289232400747446 0.8585893190824069 0.01837011483999399 0.018059217012845553
0 0.5816111197838416 0.48003589189969575 0.015750298133263223 0.015613189110389123
0 0.5444581692035382 0.6113667854895959 0.043491216806265026 0.042594616229717545
0 0.43922930497389573 0.010480449749873234 0.016688420222355768 0.01665403751226572
0 0.3087951953594501 0.33924190814678484 0.01995114179757925 0.02065878648024339
0 0.5958097898043119 0.6967739692101111 0.015163201552170973 0.014929844782902645
0 0.20870647063622108 0.28766180918766904 0.015192655416635366 0.015224860264704777
0 0.16030505987314078 0.20721585933978742 0.014547274662898136 0.01790589552659255
0 0.3949231734642616 0.9845188581026517 0.050513120797964245 0.02718690725473257
0 0.6234600360576923 0.6024480232825646 0.014981489915114183 0.014929991502028245
0 0.43370624688955456 0.8905095320481521 0.025853377122145433 0.025483351487379808
0 0.6980797694279597 0.28165191870469314 0.01592254638671875 0.015863785376915567
0 0.25355151983407825 0.515990844139686 0.02043430621807392 0.020433425903320312
0 0.75787353515625 0.8924245100754958 0.017397660475510817 0.017342200646033652
0 0.4405107864966759 0.11318815671480618 0.02022376427283654 0.02041183985196627
0 0.6141849297743577 0.5815350459172175 0.023732332082895134 0.023867680476262018
0 0.33776110869187576 0.6527742239145132 0.019097034747783955 0.018861917349008415
0 0.3110931469843938 0.3533755449148325 0.0199740483210637 0.020426163306603067
0 0.49555455721341646 0.5060730347266564 0.030783726618840143 0.031031168424166165
0 0.5114239179171048 0.5536626669076773 0.016201019287109375 0.016248556283804085
0 0.4525812589205228 0.8257091228778546 0.019264074472280648 0.0195767329289363
0 0.41759729385375977 0.9048613034761869 0.02418980231651893 0.02425721975473257
0 0.31768534733698917 0.37108788123497594 0.018984281099759616 0.019091092623197116
0 0.6685796150794396 0.5946851877065805 0.023020084087665264 0.023078184861403245
0 0.44217527829683745 0.38736486434936523 0.0354608389047476 0.03535930926983173
0 0.24673975431002104 0.033465252472804144 0.028892370370718148 0.02922976016998291
0 0.583311337691087 0.33123331803541917 0.015346893897423377 0.015492879427396335
0 0.38762694138746995 0.5408507860623873 0.017470726600060098 0.017515035775991585
0 0.32758411994347203 0.9430511181171124 0.021669681255634014 0.021964439978966348
0 0.4867957922128531 0.9251371530386118 0.021935022794283353 0.021666893592247598
0 0.4152264961829552 0.8765390836275541 0.021402652447040264 0.021347926213191107
0 0.37631115546593297 0.3066895374884972 0.04125697796161358 0.04066030795757587
0 0.614144545335036 0.7370580526498648 0.018361605130709134 0.01831993689903846
0 0.24217565243060774 0.7945128220778245 0.019282707801231973 0.019175309401292067
0 0.29848010723407453 0.9926520861112155 0.02029074155367338 0.013260181133563701
0 0.4031034983121432 0.37097960252028245 0.029002042917104866 0.028673758873572715
0 0.41382598876953125 0.33206679270817685 0.02607859097994291 0.026142267080453727
0 0.7209237172053411 0.8550638052133414 0.02395791273850661 0.024004275982196514
0 0.20319637885460487 0.7826353219839243 0.016308931203988884 0.016742853017953727
0 0.5388024036700909 0.20254102120032677 0.026842630826509915 0.026932202852689303
0 0.5192901171170748 0.5183205971351037 0.02306028512807993 0.023106941810021035
0 0.6998346768892728 0.8564943166879507 0.018737206092247598 0.018685560960036058
0 0.44645140721247745 0.4479528573843149 0.023184702946589544 0.023227985088641826
0 0.32828943546001726 0.13346420801602876 0.033514169546274036 0.03338285592886118
0 0.833488024198092 0.3564219841590294 0.016094354482797477 0.01619118910569411
0 0.6877763454730694 0.4738816481370192 0.014658854557917668 0.014874825110802284
0 0.2757316002478966 0.49635608379657453 0.0156252200786884 0.015616270212026743
0 0.8045393870427058 0.5913594319270208 0.015725355881911058 0.01565830524151142
0 0.24944092677189753 0.95703125 0.01753653012789213 0.017505792471078727
0 0.39963828600369966 0.1409592078282283 0.029202754680926982 0.029104196108304538
0 0.5466781029334435 0.941039305466872 0.016685045682466947 0.016675802377554085
0 0.2737957514249362 0.316862363081712 0.014785033005934495 0.014644842881422777
0 0.3976951745840219 0.9427749927227314 0.023492813110351562 0.023509685809795674
0 0.6444977246798002 0.5113972150362455 0.015142147357647236 0.014987578758826623
0 0.4538257305438702 0.23717183333176833 0.01766542287973257 0.01758546095628005
0 0.2244286170372596 0.7992741511418269 0.021624418405386116 0.022388164813701924
0 0.5787712977482722 0.7239464979905349 0.014884655292217549 0.015117058387169471
0 0.3802514443030724 0.3547989038320688 0.020331162672776442 0.020626214834359977
0 0.5059931094829853 0.4983996611375075 0.015632482675405648 0.015788151667668268
0 0.2360203082744892 0.1517969828385573 0.022620127751277044 0.022876996260422926
0 0.7674219424907978 0.5951172755314753 0.018598116361177884 0.018808364868164062
0 0.32909136552077073 0.4534095617441031 0.016162285437950723 0.015808545626126803
0 0.6771423633282001 0.34473254130436826 0.018474872295673076 0.018712190481332634
0 0.5583504163301908 0.5472886012150691 0.019379395705003005 0.01955135052020733
0 0.2934714830838717 0.37107709737924427 0.017730199373685397 0.017192547137920674
0 0.5697474846473107 0.2781491463000958 0.02459878187913161 0.024343087122990534
0 0.5338113491351788 0.5908802105830266 0.041969592754657455 0.04002857208251953
0 0.5990486878615159 0.6013579735389123 0.01490314190204327 0.015157406146709736
0 0.2968125343322754 0.6492711580716647 0.017018978412334736 0.017255342923677884
0 0.7435348217303936 0.970114487868089 0.01504223163311298 0.014711233285757212
0 0.8261633652907151 0.3025793662438026 0.01642183157113882 0.01636673853947566
0 0.4933346234835111 0.6057409873375525 0.01946287888746995 0.019660362830528848
0 0.3632241395803598 0.9796019334059495 0.016962711627666768 0.01677557138296274
0 0.39121561784010667 0.87926695897029 0.021957837618314303 0.022002293513371393
0 0.6441242511455829 0.9074528033916767 0.019027123084435098 0.01883726853590745
0 0.8189646647526667 0.31560509021465594 0.016395715566781852 0.016051200719980094
0 0.24092677923349234 0.4474804217998798 0.015137819143442007 0.01512454106257512
0 0.8189142667330228 0.37979859572190505 0.015927828275240384 0.015877797053410456
0 0.7806196946364182 0.7310309776893029 0.015806051400991585 0.015844051654522236
0 0.7040606278639573 0.041717121234306924 0.03503124530498798 0.0351029267677894
0 0.23171443205613357 0.7181886526254507 0.014730453491210938 0.01480572040264423
0 0.6824911557711087 0.5697696392352765 0.015081845797025241 0.015064532940204326
0 0.39905298673189604 0.7686742635873648 0.017217342670147236 0.01751122107872596
0 0.49332494002122146 0.9801717904897836 0.016303429236778848 0.016274378849909857
0 0.7703318962684045 0.576361766228309 0.015424288236177884 0.015578490037184495
0 0.4216230832613431 0.28823041915893555 0.016969827505258415 0.017037244943472054
0 0.18917593589195839 0.48647433060866135 0.016676572652963493 0.016425352830153245
0 0.6270734346829928 0.2622984372652494 0.023600028111384466 0.023839363685021035
0 0.684517346895658 0.621218754695012 0.019287109375 0.019397882314828727
0 0.4499926200279823 0.5151658424964318 0.02009714566744291 0.02075371375450721
0 0.29255170088547927 0.4184121351975661 0.01497180645282452 0.015111042903019832
0 0.3002745188199557 0.5560976908757136 0.02313709259033203 0.02361473670372596
0 0.5706082490774301 0.6795635223388672 0.02155157235952524 0.02098420950082632
0 0.2771743994492751 0.4944423528817984 0.016898081852839544 0.017252701979417067
0 0.5971932777991662 0.9019857553335336 0.017626102154071514 0.01695853013258714
0 0.45681931422306943 0.5807024148794321 0.024030685424804688 0.023579524113581732
0 0.6281147003173828 0.9478677602914664 0.013892834003155049 0.013784702007587139
0 0.4347091087928185 0.43441126896784854 0.01720267075758714 0.01705301724947416
0 0.6591972937950721 0.5566213681147649 0.019048544076772835 0.019532056955190804
0 0.3532584630526029 0.36561136979323167 0.019570424006535456 0.01985344519981971
0 0.4965794269855206 0.6670202108529898 0.02465028029221755 0.025039085975060098
0 0.5946284807645358 0.6771429502047025 0.01610403794508714 0.016082763671875
0 0.28159431310800404 0.06272448943211482 0.015514153700608473 0.015758165946373574
0 0.6570767622727615 0.5584390346820538 0.01976952185997596 0.02013573279747596
0 0.2961992850670448 0.8475576547475961 0.01849996126615084 0.018485436072716348
0 0.7417467557466947 0.2335050106048584 0.02799371572641226 0.02783547914945162
0 0.7322681133563702 0.04760571168019222 0.019501319298377402 0.02002551922431359
0 0.7845935087937576 0.9914528039785532 0.02062562795785757 0.015053235567533053
0 0.4031529793372521 0.5140781402587891 0.020775721623347357 0.020667149470402643
0 0.7335746471698468 0.7449301206148587 0.015514373779296875 0.015659185556265023
0 0.1648738017449012 0.7632083159226638 0.015976392305814303 0.026763329139122598
0 0.16451769608717698 0.988598896906926 0.016321255610539362 0.01873926016000601
0 0.5446070157564603 0.4081558447617751 0.014540305504432091 0.014877099257249098
0 0.27520618071922887 0.4156329815204327 0.01623252721933218 0.01663384070763221
0 0.6293095808762771 0.48694064066960263 0.01760071974534255 0.017496402447040264
0 0.20203929681044358 0.07749561163095328 0.0994727428142841 0.10588491879976712
0 0.16341495513916016 0.5233438931978666 0.01542355464054988 0.015844418452336237
0 0.6553514920748197 0.5604202197148249 0.017033797044020433 0.016806309039776143
0 0.6653498136080228 0.6418341123140775 0.014198890099158654 0.014542799729567308
0 0.25634453846858096 0.4010439652663011 0.02086338630089393 0.019945291372445915
0 0.3594780701857347 0.8758090826181265 0.01967782240647536 0.019676355215219352
0 0.3787042177640475 0.3744798806997446 0.020693412193885215 0.020881065955528848
0 0.3487461530245267 0.9442497400137094 0.015464489276592549 0.01616389934833233
0 0.4286941381601187 0.8352991250845102 0.015130556546724759 0.014777843768780049
0 0.5646147727966309 0.56569425876324 0.014777403611403245 0.014771241408128005
0 0.6261847569392278 0.20153071330143854 0.025492411393385667 0.025125943697415866
0 0.6286918199979342 0.6890579370351938 0.022181584284855768 0.02241677504319411
0 0.29326279346759504 0.03874152440291185 0.03403762670663687 0.03289261001806993
0 0.25697803497314453 0.6791597513052133 0.014382105607252855 0.01444244384765625
0 0.35112204918494594 0.8522344735952524 0.02527016859788161 0.025125943697415866
0 0.19649289204524115 0.5540560575631949 0.013742373539851261 0.014171967139610877
0 0.26451565669133115 0.9597013180072491 0.014038562774658203 0.013822408822866587
0 0.46326109079214245 0.7074263646052434 0.01640488551213191 0.016277019794170674
0 0.2497090926537147 0.8348896320049579 0.018353058741642878 0.018557915320763223
0 0.7623224992018479 0.6480946907630334 0.02123891390286959 0.020681234506460335
0 0.5674507067753718 0.6798434624305139 0.015966121967022236 0.01738915076622596
0 0.5740959827716534 0.7114370052631085 0.014246500455416165 0.014092078575721154
0 0.6179617368257962 0.7773421360896184 0.020152495457575872 0.020108736478365384
0 0.4376263985267052 0.8906757648174579 0.017712226280799277 0.021010472224308893
0 0.25976969645573544 0.4038344163161058 0.023119743053729717 0.02239652780386118
0 0.19083301837627703 0.48381383602435774 0.01635580796461839 0.016517125643216647
0 0.6810750961303711 0.3827407176677997 0.018375250009390023 0.018427922175480768
0 0.6527063663189228 0.8084810697115384 0.015836275540865384 0.015946461604191706
0 0.2121133070725661 0.474579224219689 0.014649354494535007 0.014937327458308293
