0 0.8357861592219427 0.8937551058255709 0.11167115431565505 0.11325396024263822
0 0.14561353279994085 0.27130759679354155 0.11729964843163124 0.11713853249183068
0 0.8082703810471755 0.20607541157649115 0.06415645892803486 0.0637204830463116
0 0.57727417579064 0.8327981508695163 0.15722069373497596 0.15887055030235878
0 0.42037046872652495 0.45882118665255034 0.09413535778339092 0.09395041832557091
0 0.16890511145958534 0.13422406636751616 0.05608997895167424 0.05572979266826923
0 0.7420895649836614 0.7292832594651443 0.19053958012507513 0.1802693880521334
0 0.22904460246746355 0.9158608363224909 0.0471643667954665 0.04660591712364784
0 0.6916525180523212 0.15456115282498872 0.06025901207557091 0.060013835246746354
0 0.14178651112776536 0.5936184296241174 0.044009777215810925 0.044037232032189004
0 0.5633441851689265 0.5105876922607422 0.0508729494535006 0.05013583256648137
0 0.8888649573692908 0.8334933060866135 0.058490753173828125 0.058297964242788464
0 0.5197891088632437 0.020430541955507718 0.04688218923715445 0.03894117245307335
0 0.09131379310901348 0.6832521878756009 0.09412255653968224 0.15225164706890398
0 0.6360662900484525 0.2788192308866061 0.04193614079402043 0.04219370621901292
0 0.06503062981825608 0.6549560840313251 0.025409478407639723 0.025504185603215143
0 0.6330077831561749 0.6728685819185697 0.054588574629563555 0.054534912109375
0 0.7566688244159405 0.20928030747633714 0.04406180748572716 0.044183584359975964
0 0.5035121257488544 0.5108491457425631 0.020347448495718148 0.01999077430138221
0 0.6752090454101562 0.2340246347280649 0.03779337956355168 0.0378108391394982
0 0.7347792111910306 0.6132733271672175 0.01956602243276743 0.019623976487379808
0 0.4515807078434871 0.2719217813931979 0.05571790841909555 0.0544278805072491
0 0.23721575736999512 0.4855731450594388 0.020210449512188252 0.02017387977013221
0 0.2673150942875789 0.3966960173386794 0.034211232112004206 0.03424204312838041
0 0.17391140644366926 0.06921968093285194 0.029630697690523587 0.029682452862079326
0 0.8125403477595403 0.24865062420184797 0.021211917583759014 0.02127537360558143
0 0.12267816983736478 0.03532921809416551 0.026791132413423978 0.02651810646057129
0 0.5905251869788537 0.43775092638455904 0.035092867337740384 0.03494673508864183
0 0.5043784655057467 0.5056131803072416 0.10968853877140926 0.11038266695462741
0 0.2520583959726187 0.5566641734196589 0.03045793680044321 0.030376360966609076
0 0.17640020297123835 0.6389226913452148 0.07660040488609901 0.07769951453575721
0 0.27356369678790754 0.10732692938584548 0.019721508026123047 0.01977381339439979
0 0.9240593543419471 0.0393635814006512 0.025746859036959134 0.02561607727637658
0 0.25285656635577863 0.36488547691932094 0.019111046424278848 0.01912542489858774
0 0.5687857407789964 0.18679215357853815 0.021675476661095254 0.021509830768291768
0 0.843606215256911 0.5500193009009728 0.018305851862980768 0.018112989572378304
0 0.42969879737267125 0.730162107027494 0.020043006310096152 0.019960843599759616
0 0.5964821668771597 0.097062165920551 0.019990040705754206 0.01992651132436899
0 0.6744021635789138 0.0479740913097675 0.0644541520338792 0.0638881463270921
0 0.38528178288386417 0.2102022904616136 0.019284615149864785 0.019345503586989183
0 0.06295757110302265 0.3893351921668419 0.03281386081988995 0.03710864140437199
0 0.5633542721088116 0.3563811962421124 0.04008293151855469 0.04019429133488582
0 0.24988134090717024 0.4272971520057091 0.03591603499192458 0.03615482036884014
0 0.30673962372999924 0.9195820001455454 0.04974167163555439 0.05039200415978065
0 0.7019319534301758 0.20473841520456168 0.04182214003342848 0.041928584759051986
0 0.08472189536461464 0.5483985680800217 0.07120993962654701 0.07154604104849008
0 0.37912808931790865 0.1291124912408682 0.021248670724722054 0.021431482755220853
0 0.522663740011362 0.12535489522493803 0.022589830251840446 0.022384093357966497
0 0.6706218719482422 0.8692367260272686 0.06676248403695914 0.06830567580003005
0 0.3756909737220177 0.04993477234473595 0.019048690795898438 0.019184121718773477
0 0.642369637122521 0.2536018261542687 0.02156859177809495 0.021550435286301833
0 0.3246733592106746 0.16239764140202448 0.037019894673274115 0.03706700985248272
0 0.912100938650278 0.6810377561129056 0.017308601966271035 0.017338972825270433
0 0.6061254648061899 0.3603354233961839 0.02200625492976262 0.02213712838979868
0 0.0641171382023738 0.07637627308185284 0.01807715342595027 0.01815194350022536
0 0.18894617374126726 0.6258511176476111 0.01934198232797476 0.019385117750901442
0 0.7274777339054987 0.17999656383807844 0.04233873807466947 0.041596522698035605
0 0.3425470498891977 0.08815294962662917 0.02313071030836839 0.023050344907320462
0 0.6231456169715295 0.32721856924203724 0.016544342041015625 0.01668438544640174
0 0.3440966239342323 0.23347047659067008 0.021169369037334736 0.021368100092961237
0 0.16031045180100661 0.021778345108032227 0.015849773700420674 0.01571989174072559
0 0.20547338632436898 0.5572082446171687 0.021966273968036357 0.022380975576547477
0 0.5997602756206806 0.38935191814716047 0.05237711392916166 0.052245066716120794
0 0.4192946507380559 0.21756322567279524 0.016074107243464544 0.01621044599092924
0 0.4915155264047476 0.4186518742487981 0.023571307842548076 0.023748397827148438
0 0.4313127077542819 0.27043648866506725 0.015263924231896034 0.015494786776029147
0 0.8464993696946365 0.31684237260084885 0.0169677734375 0.0167847413283128
0 0.8655999257014348 0.6268120545607346 0.030532690194936898 0.030863395104041465
0 0.21595973234910232 0.8733651821429913 0.020828100351186898 0.02076119642991286
0 0.513470356280987 0.27873809521014875 0.023230919471153848 0.02300570561335637
0 0.8527714655949519 0.4565753936767578 0.015321584848257212 0.015173251812274639
0 0.5588119946993314 0.011470782069059519 0.0319825685941256 0.021594237822752733
0 0.2928308156820444 0.2101285641009991 0.03256038519052359 0.03248104682335487
0 0.6242269369272085 0.9866485595703125 0.03336965120755709 0.024019241333007812
0 0.5951033738943247 0.13804824535663313 0.015439326946551982 0.01528787612915039
0 0.8725750262920673 0.21864927732027495 0.015923426701472357 0.015900245079627402
0 0.22663578620323768 0.6197379919198843 0.01587376227745643 0.01614658649151142
0 0.15174124791071966 0.42284466670109677 0.017763431255634014 0.017929957463191107
0 0.6914527599628155 0.4854618952824519 0.0697634770320012 0.0696092752309946
0 0.5159756587101862 0.13880032759446365 0.016041095440204326 0.015924380375788763
0 0.12997336571033186 0.15982899299034706 0.02379765877356896 0.024276137351989746
0 0.39223304161658656 0.1796742952786959 0.016858761127178486 0.016565983112041768
0 0.2601940081669734 0.20274503414447492 0.030653660113994893 0.03073743673471304
0 0.5146397077120267 0.3598668025090144 0.01596802931565505 0.01574288881742037
0 0.29590760744535005 0.5351298405573919 0.016587550823505107 0.016589531531700723
0 0.07268265577463004 0.017663604938066922 0.025741485448984 0.02582476230768057
0 0.8133586003230169 0.39987996908334583 0.014942169189453125 0.015012080852801982
0 0.4755668640136719 0.3538821660555326 0.020407456618088942 0.020492406991811898
0 0.5109685017512395 0.9255810517531174 0.15236942584698016 0.14339373661921576
0 0.2233293973482572 0.1792912850013146 0.016463059645432692 0.016521380497859076
0 0.49895928456233096 0.7183682368351862 0.018740067115196817 0.01880029531625601
0 0.79566713479849 0.05478881872617281 0.047949717595027044 0.04720036800091083
0 0.6261971547053411 0.3140397805434007 0.019159757173978366 0.01952538123497596
0 0.1606747553898738 0.8242994455190805 0.017627495985764723 0.017470139723557692
0 0.36592212090125453 0.52065948339609 0.014778577364408053 0.014731260446401743
0 0.1593172733600323 0.7171107805692233 0.01495052300966703 0.014864261333759014
0 0.39429385845477766 0.7370466085580679 0.016893533559945915 0.01693857633150541
0 0.31902232536902797 0.20775624421926644 0.015290480393629808 0.01523901866032527
0 0.4191705263577975 0.017743511841847345 0.015418126032902645 0.0154763414309575
0 0.8210246746356671 0.5605422533475436 0.014688785259540264 0.014703750610351562
0 0.31734272149892956 0.9885653715867263 0.040006784292367786 0.021469996525691107
0 0.2569888555086576 0.7432990440955529 0.015299210181603065 0.015254680926983174
0 0.3713832635145921 0.23605750157282904 0.028325814467210036 0.02765046633206881
0 0.6288939255934495 0.9060475276066706 0.03263150728665865 0.03295634343073918
0 0.6738271713256836 0.8118400573730469 0.03983262869027945 0.04080493633563702
0 0.5257609440730169 0.10072508225074181 0.019334059495192308 0.0195767696087177
0 0.8258335406963642 0.01654771314217494 0.031552828275240384 0.03023641613813547
0 0.10942621414478008 0.6623995854304388 0.020226680315457858 0.0208132817195012
0 0.6098527908325195 0.4501532774705153 0.016364611112154447 0.01625339801494892
0 0.6309801248403696 0.45459996736966646 0.01653319138746995 0.016386765700120192
0 0.0701073224727924 0.8039877231304462 0.019737372031578652 0.019852711604191706
0 0.8680617992694561 0.23541694421034592 0.014681009145883413 0.014405580667349009
0 0.6420116424560547 0.5195072614229642 0.05148872962364784 0.05178744976337139
0 0.3682099855863131 0.23649938289935774 0.022756136380709134 0.024114462045522835
0 0.41271191376906174 0.5390402720524714 0.0227506344134991 0.0229950684767503
0 0.13830324319692758 0.8586608446561373 0.01897736696096567 0.01897577139047476
0 0.16183218589195839 0.9405295298649714 0.019481879014235277 0.01956455524151142
0 0.4788790482741136 0.5671800466684195 0.017958714411808893 0.018247017493614785
0 0.7184568551870493 0.09200343718895546 0.014003460223858174 0.01398328634408804
0 0.19668135276207557 0.3565218998835637 0.015361895928016076 0.01549075200007512
0 0.14986863503089318 0.7776836982140174 0.022932749528151292 0.02268248337965745
0 0.5823787909287673 0.3300259296710675 0.016828390268179085 0.016681817861703727
0 0.2825577442462628 0.49816707464364857 0.015467570378230168 0.01553051288311298
0 0.2285425479595478 0.5287515200101413 0.014936997340275692 0.014697735126201924
0 0.9083114037146935 0.31952747931847203 0.08452459482046273 0.0873416020320012
0 0.6502788250262921 0.05976351407858042 0.025330176720252402 0.02501962735102727
0 0.7642879486083984 0.32429614433875453 0.013682145338792067 0.013873026921198918
0 0.2360992064842811 0.7555087162898138 0.02636850797213041 0.0263369633601262
0 0.6636673120351938 0.5483215772188627 0.017467352060171273 0.01760409428523137
