0 0.4546213150024414 0.7939936564518855 0.22212820786696214 0.22014163090632513
0 0.55016539647029 0.3896027344923753 0.06819666348970853 0.06826488788311298
0 0.6227136758657602 0.2830625313978929 0.09226505572979267 0.09116407541128305
0 0.28426232704749477 0.5462783666757437 0.06817692976731521 0.06826444772573617
0 0.37824315291184646 0.343012993152325 0.06106758117675781 0.06121217287503756
0 0.3367156248826247 0.05839827427497277 0.03797707190880409 0.037830242743858926
0 0.7922100654015174 0.5449180603027344 0.03642771794245793 0.03677705618051382
0 0.7955778562105619 0.8152067477886493 0.06318928645207332 0.0852953103872446
0 0.5096140641432542 0.4236166293804462 0.03371136005108173 0.033854117760291465
0 0.5658757870013897 0.285823235144982 0.027480345505934495 0.026987222524789665
0 0.7968622354360727 0.9605416517991286 0.06503824087289664 0.0695483867938702
0 0.3714903317964994 0.9885443173922025 0.03484021700345553 0.022447586059570312
0 0.7468524345984826 0.7131600013146033 0.028745504525991585 0.028722029465895433
0 0.7738270392784705 0.09741733624384953 0.018214886005108174 0.01843540485088642
0 0.7948216658372146 0.5216894883375901 0.027558400080754206 0.027729034423828125
0 0.7379652170034555 0.12389162870553824 0.03283016498272236 0.033227700453538164
0 0.7863187056321365 0.03680690893760094 0.03723819439227764 0.0369499738399799
0 0.714578261742225 0.6308059692382812 0.019718757042518027 0.01967767568734976
0 0.7420869973989633 0.06395081373361441 0.03258866530198317 0.03273540276747484
0 0.6761514223538913 0.017982173424500685 0.027040921724759616 0.026456232254321758
0 0.8017000051645132 0.7537296001727765 0.04783542339618389 0.04842318021334135
0 0.7410003955547626 0.08576620542086087 0.03594295795147236 0.0366785663824815
0 0.7767568001380334 0.7158396794245794 0.03400406470665565 0.03372060335599459
0 0.27532350100003755 0.8900139882014348 0.029384466317983773 0.02930934612567608
0 0.6550427216749924 0.5179631893451397 0.0697329594538762 0.06909693204439603
0 0.6969198080209585 0.028512665858635537 0.01889947744516226 0.018893158206572898
0 0.4791374206542969 0.12953785749582145 0.16898096524752104 0.17682673380925104
0 0.6748632284311148 0.9049031184269831 0.017849555382361777 0.017946830162635215
0 0.4427958268385667 0.1941696313711313 0.0647596212533804 0.06470881975614108
0 0.22536351130558893 0.4703521728515625 0.01989115201509916 0.01992482405442458
0 0.49519839653602016 0.21821126571068397 0.021408961369441107 0.021062337435208835
0 0.7662897843580979 0.1843714530651386 0.09518285898061898 0.13019836865938628
0 0.7848224639892578 0.6445630146906927 0.019922696627103366 0.01992034912109375
0 0.3352545958298903 0.3984860273507925 0.020159501295823317 0.020101400522085335
0 0.6880976603581355 0.9313564300537109 0.019264367910531852 0.01921815138596755
0 0.7260178052462064 0.9405010663546048 0.021329439603365384 0.021401331974909857
0 0.7032944605900691 0.6959350292499249 0.017316378079927884 0.0169979975773738
0 0.7335716394277719 0.5404836948101337 0.01952787546011118 0.019892179048978366
0 0.7652989167433518 0.9142568294818585 0.021109654353215143 0.021117430466871995
0 0.7394260993370643 0.6377167334923377 0.023095350999098558 0.022797804612379808
0 0.7476013623751127 0.8671254378098708 0.022827001718374398 0.022634359506460335
0 0.33509052716768706 0.5422764191260705 0.02633777031531701 0.02598989926851713
0 0.7531519669752854 0.5256148851834811 0.023381453294020433 0.023652370159442607
0 0.36317304464486927 0.9491773018470178 0.01862313197209285 0.018790318415715143
0 0.24397776677058294 0.7730931502122146 0.017125496497521035 0.017480996938852165
0 0.6630790417010968 0.9133779085599459 0.015312781700721154 0.015120579646183895
0 0.5487907849825345 0.3329913799579327 0.030020640446589544 0.030144177950345553
0 0.5234627356896033 0.04561236271491417 0.042808826153094955 0.04251678173358624
0 0.447819342980018 0.4204742725078876 0.02493917025052584 0.025168492243840143
0 0.6967924558199369 0.8830919999342698 0.020882533146784857 0.020839984600360576
0 0.6574586721567007 0.3916131533109225 0.01769109872671274 0.01776577876164363
0 0.25696842487041766 0.6580285292405349 0.02730222848745493 0.027361943171574518
0 0.7745849169217623 0.7404645773080679 0.02046658442570613 0.020928602952223558
0 0.4408930264986478 0.4527422098013071 0.021773925194373496 0.021711349487304688
0 0.43534711691049427 0.2818868893843431 0.09725269904503456 0.09639523579524113
0 0.22293736384465143 0.4940333733191857 0.02002429962158203 0.020357792194073018
0 0.45946557705218977 0.9815678229698768 0.04256776662973257 0.03416765653170072
0 0.25290241608252895 0.676844596862793 0.01613158446091872 0.016036547147310697
0 0.6649771470289964 0.5639352064866286 0.04207258958082933 0.042009133559006914
0 0.29965587762685925 0.36917818509615385 0.02779395763690655 0.02790407034067007
0 0.7298955183762771 0.6934730823223407 0.016890599177433893 0.01677879920372596
0 0.4072819489699144 0.40314505650446963 0.04546040755051833 0.045624806330754206
0 0.2878129849067101 0.301936516394982 0.017038382016695462 0.017232087942270134
0 0.681645760169396 0.1324695165340717 0.016880182119516227 0.016319880118736856
0 0.30278422282292294 0.3726525673499474 0.03336679018460787 0.03361071073091947
0 0.7642214848445013 0.8517685670119065 0.02212700477013221 0.02215708219088041
0 0.3859124550452599 0.46388846177321214 0.020718941321739785 0.021072974571814902
0 0.8149463947002704 0.6510178492619441 0.020206451416015625 0.02748694786658654
0 0.4207951839153583 0.2690567236680251 0.014696267934945913 0.014563046968900241
0 0.8041145618145282 0.47337788801926833 0.021775172306941107 0.02200596149151142
0 0.8031277289757361 0.5734177002540002 0.03473105797400841 0.03708700033334585
0 0.7191379987276517 0.1432713270187378 0.017390617957481973 0.017046469908494215
0 0.6528185330904447 0.22011602841890776 0.014236010037935697 0.014098754295935998
0 0.5790967207688552 0.5003046989440918 0.016904023977426384 0.016911800091083232
0 0.3239632019629845 0.9032148214486929 0.05675455240102915 0.05694726797250601
0 0.7679927532489483 0.8537769317626953 0.026912102332481973 0.026047339806189902
0 0.3285965552696815 0.29714589852553147 0.021255639883188102 0.021802278665395882
0 0.7557849150437576 0.7305535536545974 0.01976644075833834 0.02021026611328125
0 0.6736356295072116 0.47532198979304385 0.019486060509314902 0.01933435293344351
