0 0.7714902437650241 0.6830897698035607 0.08850699204664964 0.09015097984900841
0 0.6318890498234675 0.15712868250333345 0.06765160193810096 0.06761682950533353
0 0.8014621734619141 0.8098440903883714 0.056692270132211536 0.05667525071364183
0 0.07888984680175781 0.2660392614511343 0.09054334347064678 0.09053421020507812
0 0.49014652692354643 0.979535543001615 0.03215738443227915 0.032095835759089544
0 0.4813813062814566 0.596182603102464 0.04528493147629958 0.044600266676682696
0 0.4157083217914288 0.2444937779353215 0.04874764955960787 0.048799368051382214
0 0.9272955380953275 0.6372893406794622 0.0244448735163762 0.024396749643179085
0 0.10405066380133995 0.5394783020019531 0.030067939024705153 0.03009796142578125
0 0.4157710442176232 0.18526146962092474 0.03884564913236178 0.03892208979679988
0 0.586143053494967 0.5180931091308594 0.02135746295635517 0.021438011756310098
0 0.14755423252399152 0.16252506696260893 0.028177884908822868 0.02817227290226863
0 0.3160392321073092 0.08917670066540058 0.040091294508713946 0.03974164449251615
0 0.3005820787869967 0.3397313631497897 0.036349003131573014 0.0361628899207482
0 0.1377557424398569 0.08315448577587421 0.03334470895620493 0.033382379091702975
0 0.3368987670311561 0.34521719125600964 0.026834707993727464 0.02687806349534255
0 0.23722201127272385 0.6716175812941331 0.02564246837909405 0.02559515146108774
0 0.14803667251880354 0.5692346279437726 0.023483404746422402 0.023658899160531852
0 0.36092893893902117 0.12176366952749398 0.030236024122971755 0.03028392791748047
0 0.543636101942796 0.02232826902316167 0.03894849923940805 0.03811959578440739
0 0.25175063426677996 0.22053131690392128 0.03186519329364483 0.031842745267427884
0 0.6066225492037259 0.29581568791316104 0.01969484182504507 0.019852124727689303
0 0.8511829376220703 0.8781752219566932 0.02962640615609976 0.029683479895958535
0 0.11119250150827262 0.1551069846520057 0.025330506838285007 0.025279934589679424
0 0.5283680328956017 0.7347344618577224 0.018798241248497598 0.018695537860576924
0 0.39647894639235276 0.08168182006249061 0.035047677847055286 0.03562315152241634
0 0.7405383770282452 0.8052247854379507 0.023741502028245192 0.023989457350510817
0 0.6438432840200571 0.05896274860088642 0.03407889146071214 0.03430416033818172
0 0.837733635535607 0.8624957158015325 0.032933601966271035 0.03264573904184195
0 0.6363452764657828 0.2200935253730187 0.06602111229529747 0.06392739369319035
0 0.9360032448401818 0.8446360367995042 0.02332481971153846 0.02342957716721755
0 0.81310484959529 0.9295722521268405 0.03376902066744291 0.03363389235276442
0 0.056772406284625716 0.4005729235135592 0.020540319956265964 0.020388970008263223
0 0.5987800451425406 0.5925111770629883 0.023708636944110576 0.023957325862004206
0 0.5745317752544696 0.22434627092801607 0.032400864821213946 0.032471253321721
0 0.13169892017657941 0.4829239478478065 0.02291239224947416 0.022884222177358773
0 0.8893994551438552 0.8819338725163386 0.030331978431114785 0.03044289809006911
0 0.29092913407545823 0.18961651508624738 0.0333406741802509 0.033100274892953724
0 0.3800082573523888 0.9141787015474759 0.05585890549879808 0.05565951420710637
0 0.46277801807110125 0.7517717801607572 0.05156766451322115 0.051042996920072116
0 0.7036124009352464 0.7962851157555213 0.03582910391000601 0.036271902231069714
0 0.45023566025954026 0.9863948088425857 0.03410559434157152 0.023059258094200723
0 0.10811967116135818 0.44017865107609677 0.026945077455960788 0.02699896005483774
0 0.39735130163339466 0.3214989442091722 0.018066773047814004 0.0181276614849384
0 0.949480937077449 0.18460297584533691 0.018903145423302285 0.018775389744685247
0 0.5731337987459623 0.6658099247859075 0.018332261305588942 0.018290006197415866
0 0.9397408412053034 0.9549783559945914 0.0173794673039363 0.01712652353140024
0 0.7060279112595779 0.3184337615966797 0.01664557823768029 0.016579261192908652
0 0.44564423194298375 0.14073399397043082 0.01915579575758714 0.018908280592698317
0 0.5381301733163687 0.2700059230511005 0.045801749596228965 0.045317649841308594
0 0.9764762291541467 0.586234606229342 0.015431770911583534 0.02485025846041166
0 0.2261519432067871 0.24405827889075646 0.03563147324782152 0.035938116220327526
0 0.7534334476177509 0.2594961386460524 0.0469355949988732 0.04781154485849234
0 0.11739403467911941 0.8928048060490534 0.022563695907592773 0.02253576425405649
0 0.3142386216383714 0.3712617433988131 0.020455011954674356 0.02037987342247596
0 0.8949410365178034 0.8497091440054086 0.018262423001802884 0.018312894381009616
0 0.10582487399761493 0.38944743229792667 0.025754781869741585 0.025835770827073317
0 0.05483092711522029 0.9367619294386643 0.0255280641409067 0.025463691124549277
0 0.04654026948488676 0.6614862588735727 0.02969002494445214 0.02980980506310096
0 0.8428815694955679 0.558597234579233 0.022620274470402643 0.02247964418851412
0 0.23239407172569862 0.20311627021202674 0.021433059985821065 0.02128256284273588
0 0.15952132298396185 0.513520387502817 0.02338442435631385 0.023230479313777044
0 0.891262934758113 0.11859495823199932 0.030971233661358174 0.030297242678128757
0 0.16272781445429876 0.5562504254854642 0.016241183647742637 0.016302989079402044
0 0.03267682515657865 0.31974011201124924 0.04592117896446815 0.05034197293795072
0 0.062146902084350586 0.03539555347882784 0.09220952254075271 0.0678783838565533
0 0.40982730572040266 0.5291292483990009 0.021887559157151442 0.021664546086237982
0 0.38025812002328724 0.252469356243427 0.027382483849158652 0.027444179241473857
0 0.25083094376784104 0.889849589421199 0.023380793057955228 0.02349119919996995
0 0.4763542322012094 0.23816792781536394 0.024606851431039665 0.024617671966552734
0 0.7687895848200872 0.8973912459153396 0.022347670335036058 0.022512289193960335
0 0.22292403074411246 0.4588272754962628 0.026280586536114033 0.026111456064077523
0 0.5561117025522085 0.202730288872352 0.02609414320725661 0.02663282247690054
0 0.2812794722043551 0.3389137341425969 0.06467265349168044 0.06443632566011868
0 0.691000718336839 0.09906388246096097 0.027994889479417067 0.027969176952655498
0 0.25293416243333083 0.2856612939100999 0.04611983666053185 0.04626318124624399
0 0.7727346420288086 0.81982055077186 0.01745766859788161 0.0173794673039363
0 0.0510335243665255 0.5913948645958533 0.01642909416785607 0.016131034264197715
0 0.34914368849534255 0.1430356319134052 0.019147726205679085 0.01921954521766076
0 0.05156325376950777 0.4560986298781175 0.02371362539438101 0.023473006028395433
0 0.9772096780630258 0.612091798048753 0.012632076556865986 0.014869396503155049
0 0.3708332135127141 0.06733585779483502 0.016855826744666465 0.017310004967909593
0 0.7402970974261944 0.8368822244497446 0.016268363365760215 0.016306950495793268
0 0.8756958888127253 0.9256241138164814 0.024449275090144232 0.02411064734825721
0 0.9203507350041316 0.455655941596398 0.015780522273137018 0.015874862670898438
0 0.8393418238713191 0.8986443739670974 0.017522078294020433 0.017197535588191107
0 0.5965426518366888 0.6240180822519156 0.019634246826171875 0.01955281771146334
0 0.44179776998666614 0.26381687017587513 0.028022619394155648 0.028193180377666768
0 0.8752741446861854 0.8956840221698468 0.01905543987567608 0.019260993370643027
0 0.08525091868180495 0.5132205669696515 0.029370766419630785 0.02916409419133113
0 0.0345661067045652 0.3560255490816556 0.03801499421779926 0.03799115694486178
0 0.35254749884972203 0.08232014912825364 0.03321354205791767 0.03379302758436937
0 0.920069694519043 0.2513215725238507 0.015578049879807692 0.015410423278808594
0 0.29896061237041766 0.27805779530451846 0.01806163787841797 0.017986591045673076
0 0.804649646465595 0.8830997760479267 0.019829383263221152 0.019516578087439902
0 0.32161760330200195 0.3044381875258226 0.047789426950307995 0.04747698857234074
0 0.5421759532048152 0.8399143218994141 0.014502011812650241 0.014541039100060096
0 0.12711038039280817 0.496403327355018 0.016579224513127253 0.016112914452185996
0 0.7933954092172476 0.9535834239079402 0.030177189753605768 0.030707432673527643
0 0.23768813793475813 0.3939665280855619 0.01597873981182392 0.016344804030198317
0 0.9569901686448318 0.7662454018226037 0.017135033240685098 0.017133125892052285
0 0.1685629441187932 0.41118966616117036 0.03891310325035682 0.038942190317007214
0 0.6876699741070087 0.33316641587477464 0.04220360975999098 0.04312427227313702
0 0.20928533260638899 0.3785649079542894 0.021039375892052285 0.020799636840820312
0 0.10017226292536809 0.21769022941589355 0.019104370704064004 0.019275995401235726
0 0.7691545486450195 0.45023298263549805 0.043495471660907455 0.043277593759390026
0 0.7202085348275992 0.11855123593257023 0.023184556227463942 0.023099092336801384
0 0.9411043020395132 0.10792860618004432 0.015144054706280049 0.015099818889911357
0 0.8521622877854568 0.770577650803786 0.020059732290414665 0.019895113431490384
0 0.6645224644587591 0.020040489160097562 0.015218001145582933 0.015125540586618276
0 0.2686594266157884 0.006849864354500404 0.023256265200101413 0.013082669331477238
0 0.8338864399836614 0.12565323939690223 0.025367149939903848 0.025513960764958307
0 0.07885571626516488 0.2985374744121845 0.06299185752868652 0.06394430307241586
0 0.24401048513559195 0.9542819536649264 0.016151868380033053 0.016147613525390625
0 0.27172242678128755 0.1275019829089825 0.02746427976168119 0.026755846463716947
0 0.855168709388146 0.5801838361299955 0.019571744478665866 0.01964407700758714
0 0.3008403227879451 0.9654395763690655 0.08008791850163387 0.06423245943509616
0 0.05658815457270695 0.14786267280578613 0.019157978204580452 0.018961612994854268
0 0.549613879277156 0.09314318803640512 0.01754144521859976 0.017451102917010967
0 0.8082097860483023 0.12804880509009728 0.0170443608210637 0.016997043903057393
0 0.8216450030987079 0.3130641350379357 0.021344991830679085 0.021506254489605244
0 0.6437777005709134 0.2702842675722562 0.029805110051081732 0.02908776356623723
0 0.025231386606509868 0.26587601808401257 0.02999337361409114 0.04911019251896785
0 0.7880009137667142 0.289061216207651 0.04012357271634615 0.03929460965670072
0 0.9650981609637921 0.2625804314246544 0.02032323983999399 0.020194200369027946
0 0.6703944573035607 0.8418462459857647 0.016348618727463942 0.016443692720853366
0 0.4687782434316782 0.2866784425882193 0.015269792996920072 0.015374183654785156
0 0.5071870730473444 0.9567081011258639 0.014417501596304087 0.014123916625976562
0 0.0794825003697322 0.8855668581449069 0.024526554804581862 0.02493902353140024
0 0.9265090502225436 0.2194984325995812 0.01623711219200721 0.015982994666466348
0 0.05287685302587656 0.8694553375244141 0.030241773678706244 0.030033991887019232
0 0.6212152334359976 0.09946048259735107 0.056621404794546276 0.05580650843106783
0 0.08075534380399264 0.4457611304063063 0.019474249619704027 0.019614806542029746
0 0.31630446360661435 0.17873945603003868 0.01631641387939453 0.016528973212608926
0 0.38695265696598935 0.5609563680795523 0.016201019287109375 0.016249363238994893
0 0.7202642880953275 0.8749143160306491 0.0196530268742488 0.019846696120042067
