0 0.515316339639517 0.5418863296508789 0.08524527916541466 0.08484825721153846
0 0.33769614879901594 0.9633026123046875 0.03163777864896334 0.03152260413536659
0 0.661761210514949 0.14224413725046012 0.04116968008188101 0.04122781753540039
0 0.2804773220649132 0.9613226377047025 0.034128849322979264 0.03404074448805589
0 0.5425288860614483 0.6585720502413236 0.01881247300368089 0.018621151263897236
0 0.5243554482093225 0.44852810639601487 0.01982424809382512 0.019676868732158955
0 0.4507870307335487 0.3740704609797551 0.03954315185546875 0.039261891291691706
0 0.43799767127403844 0.4091949462890625 0.04306719853327824 0.04260591360238882
0 0.7421239706186148 0.6243842198298528 0.019614586463341348 0.0193633666405311
0 0.3717738665067233 0.8946829575758714 0.01674791482778696 0.016765887920673076
0 0.5376360966609075 0.6347758953387921 0.02790377690241887 0.02795835641714243
0 0.35989020420954776 0.22457372225247896 0.07134598952073318 0.07250815171461839
0 0.3181743255028358 0.5553841224083533 0.0363768797654372 0.036646549518291764
0 0.5736147073599008 0.21526340337900016 0.017949030949519232 0.01806325178879958
0 0.5898354236896222 0.5598822373610276 0.060243973365196817 0.05994606018066406
0 0.6007241469163161 0.6508657748882587 0.026465195875901442 0.026113069974459134
0 0.5358365132258489 0.3826181705181415 0.1480891887958233 0.15384657566363996
0 0.2052452931037316 0.14553101246173566 0.02814325919518104 0.04004621505737305
0 0.22667360305786133 0.9904698591965896 0.01830299084003155 0.017306401179387018
0 0.3968101648183969 0.07705473899841309 0.023223363436185397 0.023398105914776143
0 0.6815036626962515 0.7723978482759916 0.015904793372521035 0.016171088585486777
0 0.2908046795771672 0.03224531733072721 0.029344852154071514 0.02960145014982957
0 0.6474417172945462 0.20345082649817833 0.033903855543870196 0.03432897421029898
0 0.5326907818134015 0.22433847647446853 0.015591768118051382 0.01558986076941857
0 0.3440713148850661 0.28924842981191784 0.031962101276104264 0.03229977534367488
0 0.5336366066565881 0.12954230491931623 0.04208065913273738 0.04238504629868727
0 0.31424225293673 0.9521428621732272 0.015427295978252705 0.015071282019981971
0 0.6891948993389423 0.855955930856558 0.03196158775916466 0.031721995427058294
0 0.6525958134577825 0.28110201542194074 0.05176529517540565 0.05134226725651668
0 0.4631818624643179 0.2526746346400334 0.1164999741774339 0.11777257919311523
0 0.2851439072535588 0.5706524482140174 0.018065856053278997 0.01823249230018029
0 0.27338658846341646 0.3715517704303448 0.015380419217623197 0.015259082500751201
0 0.5942320456871619 0.34569608248197115 0.0225979731633113 0.02226704817551833
0 0.39301278040959287 0.5114680803739108 0.03287550119253305 0.03357857924241286
0 0.2886271843543419 0.011461964020362267 0.027761569389930137 0.020419244582836445
0 0.7680581899789664 0.05640202302199144 0.059117683997521035 0.05875888237586388
0 0.37948131561279297 0.3843396260188176 0.02640533447265625 0.026196406437800482
0 0.31787718259371245 0.5513624044565054 0.030185772822453424 0.02952913137582632
0 0.47509512534508336 0.1103524428147536 0.028545673076923076 0.028232611142672025
0 0.2654781708350548 0.1303098201751709 0.02093968024620643 0.020351886749267578
0 0.6876726884108323 0.8541940542367789 0.027535658616286058 0.025664109450120192
0 0.2674540739793044 0.50935880954449 0.09563688131479117 0.09357166290283203
0 0.7184523802537185 0.7589479593130258 0.031612542959359974 0.031021705040564902
0 0.7149289204524114 0.9599541884202224 0.07920206510103665 0.07766195443960336
0 0.4290012212900015 0.6060731594379132 0.0962373293363131 0.09536464397723858
0 0.515163935147799 0.7469171377328726 0.029501841618464544 0.028666276198167067
0 0.5342992635873648 0.9389962416428786 0.02214842576246995 0.02240136953500601
