0 0.6265566899226263 0.130722871193519 0.052476149338942304 0.05275289828960712
0 0.5598998436560998 0.15601092118483323 0.05500947512113131 0.055740686563345104
0 0.3551765588613657 0.34833750357994664 0.05606372539813702 0.055495262145996094
0 0.6548871994018555 0.2442905352665828 0.04525478069598858 0.045219678145188555
0 0.6723951193002554 0.042553333135751575 0.0435028076171875 0.043429282995370716
0 0.5347074361947867 0.2582479990445651 0.03761731661283053 0.03737236903263973
0 0.6320501474233774 0.07491791248321533 0.03421346957866962 0.03431032254145695
0 0.41673784989577073 0.16088386682363656 0.037479547353891224 0.03760220454289363
0 0.3481721878051758 0.09157407283782959 0.033852797288161054 0.03427019486060509
0 0.4759156887347882 0.2665834426879883 0.053413097675030045 0.05339600489689754
0 0.3637247452369103 0.844180180476262 0.031610268812913164 0.03154197105994591
0 0.41327755267803484 0.08728219912602352 0.030463658846341647 0.0301209229689378
0 0.5894041794996995 0.8896523989163913 0.02992674020620493 0.02991485595703125
0 0.2960971685556265 0.9335690278273362 0.02295684814453125 0.0227969242976262
0 0.3427308155940129 0.920503176175631 0.040526316716120794 0.04031093303973858
0 0.3291947291447566 0.22574479763324445 0.03042441148024339 0.030281507051908053
0 0.5539108423086313 0.9587315779465896 0.02138203840989333 0.021450042724609375
0 0.4009066361647386 0.01644438046675462 0.0363469490638146 0.02987837791442871
0 0.6663627624511719 0.08160278430351844 0.03171216524564303 0.03151792746323805
0 0.6719427842360276 0.2680806013254019 0.03737640380859375 0.037457979642427884
0 0.4325611407940204 0.11633528195894681 0.03717657235952524 0.03711553720327524
0 0.33896735998300404 0.16510633321908805 0.019170027512770433 0.019311024592472956
0 0.35188011022714466 0.14540960238530085 0.02801029498760517 0.027882869427020732
0 0.6785829984224759 0.8476170759934646 0.024263822115384616 0.024205721341646634
0 0.4523310294518104 0.03309991038762606 0.026364839993990384 0.026812649690187894
0 0.6876380626971905 0.891941657433143 0.022754669189453125 0.022915473351111777
0 0.3162560829749474 0.5637997113741361 0.03107146116403433 0.030834784874549277
0 0.3208419359647311 0.8946448106032151 0.02126473646897536 0.021294227013221152
0 0.48063212174635667 0.1769579924069918 0.024550951444185697 0.025051703819861777
0 0.46205652677095854 0.11826785711141732 0.02657450162447416 0.02671526028559758
0 0.38305275256817156 0.04961992227114164 0.021540421705979567 0.02178823030911959
0 0.6126081393315241 0.8947906494140625 0.02250781426062951 0.022424844595102165
0 0.31087457216702974 0.8362657840435321 0.022748580345740683 0.023004825298602764
0 0.5853179051325872 0.058529133980090804 0.030900074885441706 0.03017734564267672
0 0.6535988587599534 0.971792954664964 0.05568636380709135 0.051253098707932696
0 0.4406588627741887 0.19793024429908165 0.02978383577786959 0.03025682155902569
0 0.6488361358642578 0.8183649503267728 0.016787015474759616 0.01672539344200721
0 0.5439958572387695 0.06735850297487699 0.01838845473069411 0.018439036149245042
0 0.43093446584848255 0.5184957797710712 0.023813614478478067 0.02405555431659405
0 0.32555426084078276 0.07141061929556039 0.020557990440955527 0.02058065854586088
0 0.6327963608961839 0.7157555360060471 0.0215609623835637 0.02185513423039363
0 0.4053945541381836 0.8109772021953876 0.040716391343336836 0.041493929349459134
0 0.46846224711491513 0.0677791558779203 0.017991065979003906 0.018051019081702598
0 0.33841918064997745 0.4968356719383827 0.025739303001990683 0.026038976816030648
0 0.6069158407358023 0.04747859789774968 0.019075540395883415 0.019229375399076022
0 0.4533209800720215 0.15315163135528564 0.023731158329890326 0.023343508060161885
0 0.5275776936457708 0.06167003741631141 0.02230658897986779 0.02182289270254282
0 0.7218954379741962 0.7924776810866135 0.02911039499136118 0.03025230994591346
0 0.32731334979717547 0.6498744671161358 0.03285672114445613 0.03221482496995192
0 0.4780887090242826 0.8278675812941331 0.018392269427959736 0.0184323237492488
0 0.34600045130803037 0.8781296656681941 0.02060112586388221 0.02039483877328726
0 0.4639114233163687 0.8513717651367188 0.02904363778921274 0.028663048377403848
0 0.31920587099515474 0.9758801093468299 0.01952780210054838 0.01927977341871995
0 0.37247965886042667 0.875515864445613 0.021860416118915264 0.0217892573429988
0 0.5791294391338642 0.02024000883102417 0.028240717374361478 0.028810721177321214
0 0.42413065983698917 0.5903076758751502 0.026760101318359375 0.026804263775165264
0 0.6850806016188401 0.7736346905048077 0.017287621131310098 0.0174102783203125
0 0.4825315475463867 0.06220366404606746 0.016628118661733773 0.01659525357759916
0 0.5037031173706055 0.43871050614577073 0.21607178908128005 0.21636185279259315
0 0.6109166878920335 0.26782978498018706 0.034933310288649336 0.035044156588040866
0 0.4243352963374211 0.2543183106642503 0.021003282987154447 0.021001889155461237
0 0.6900267967810998 0.8109990633451022 0.01905676034780649 0.01896843543419471
0 0.570626478928786 0.31341174932626575 0.025130712068997897 0.02514963883620042
0 0.30640732325040376 0.6335072150597205 0.04530169413639949 0.044209993802584134
0 0.682467533991887 0.7497200599083533 0.020248266366811898 0.020262498121995192
0 0.32721317731417143 0.4522632085360013 0.06316096966083233 0.06320637923020583
0 0.3017073411207933 0.9675790346585788 0.018507003784179688 0.0183258056640625
0 0.5301083051241361 0.017613636759611275 0.023059258094200723 0.02335458306165842
0 0.5809251345120944 0.9237041473388672 0.021203261155348558 0.02177267808180589
0 0.6027942070594201 0.8654502721933218 0.020981861994816706 0.020910996657151442
0 0.6120504232553335 0.9186154879056491 0.025370231041541465 0.025087503286508415
0 0.5560930692232572 0.1982449201437143 0.025151546184833232 0.02553569353543795
0 0.40259761076707107 0.12194201579460731 0.02783379187950721 0.02802593891437237
0 0.40131356165959287 0.05927169322967529 0.019806495079627402 0.01965638307424692
0 0.6177880213810847 0.8749187176044171 0.02023036663348858 0.01998725304236779
0 0.6738356076754056 0.18000243260310247 0.015507331261268029 0.015543644244854268
0 0.3096646528977614 0.5304493170518142 0.023922480069673978 0.02472510704627404
0 0.3549379568833571 0.7378603128286508 0.13151939098651594 0.13281690157376802
0 0.6364513543935922 0.7337450614342322 0.016365784865159255 0.016463353083683893
0 0.5167457507206843 0.09345718530508187 0.021786029522235576 0.02182346123915452
0 0.43602741681612456 0.8436467097355769 0.030812190129206732 0.03082451453575721
0 0.46120364849384016 0.2189016158764179 0.036796863262469955 0.03777584662804237
0 0.3681870974027194 0.9258289337158203 0.02799224853515625 0.027356074406550482
0 0.6408574764545147 0.8780155181884766 0.023229452279897835 0.02288231482872596
0 0.707089717571552 0.7871203789344201 0.02327302786020132 0.02329078087439904
0 0.34184921704805815 0.9911086742694561 0.023828506469726562 0.015001737154447116
0 0.2884754217587985 0.5784868460435134 0.016435623168945312 0.01656825725848858
0 0.3851644442631648 0.17091641059288612 0.01946126497708834 0.019384457514836237
0 0.2772960296043983 0.8894332005427434 0.014947084280160757 0.01491091801570012
0 0.5633521446814904 0.3356027969947228 0.015431037315955529 0.01496718480036809
0 0.39777491642878604 0.21770394765413725 0.02112858112041767 0.021373418661264274
0 0.5267759103041428 0.07782411575317383 0.015317109914926382 0.01574096312889686
0 0.5206562188955454 0.12317147621741661 0.018137711745042067 0.018123076512263372
0 0.5932665604811448 0.8511320260854868 0.01609978309044471 0.016068531916691706
0 0.5983271965613732 0.12203289912297176 0.01570760286771334 0.015894211255587064
0 0.47687347118671125 0.1535177964430589 0.027191015390249398 0.026836175184983473
0 0.7187427374032828 0.7265293414776142 0.027836726262019232 0.02945093008188101
0 0.6107177734375 0.957812235905574 0.02692868159367488 0.02725850618802584
0 0.7269145525418795 0.9038661076472356 0.027586863591120794 0.029963860144981973
0 0.5431245657113882 0.09335668270404522 0.026108668400691107 0.02577653298011193
0 0.6902231803307166 0.08009564876556396 0.022651819082406852 0.025794781171358548
0 0.309997191795936 0.3227670376117413 0.042876170231745794 0.05206108093261719
0 0.6484782879169171 0.9127655029296875 0.05172524085411659 0.05090801532451923
0 0.32373868502103365 0.13582482704749474 0.030506207392765924 0.029870253342848558
0 0.3723650345435509 0.9024958977332482 0.019661903381347656 0.019704378568209134
0 0.58362183204064 0.9233913421630859 0.02512014829195463 0.025505946232722357
0 0.5709709754356971 0.8658235990084134 0.016193389892578125 0.01612707284780649
0 0.3155560860267052 0.49185463098379284 0.017599032475398138 0.017568368178147536
0 0.5696322367741511 0.08998628763052133 0.027000794043907754 0.0276684073301462
0 0.5786649630619929 0.9788091366107647 0.05367961296668419 0.04203664339505709
0 0.32045987936166614 0.1896977608020489 0.04552437708928035 0.046279503748967096
0 0.5582722883958083 0.9210592416616586 0.01665775592510517 0.016819293682391826
0 0.47515238248384917 0.09153885107774001 0.027295039250300482 0.027419273669903096
0 0.6122874480027419 0.9867879427396334 0.05163852985088642 0.026424701397235576
0 0.6884749485896184 0.39063541705791766 0.029033954326923076 0.029286017784705527
0 0.5779545857356145 0.18975334901076096 0.020029801588792067 0.02010958011333759
