0 0.5008867337153509 0.2328782448401818 0.046497198251577526 0.04575986128586989
0 0.4745349150437575 0.5117233716524564 0.038396468529334433 0.03860282897949219
0 0.5644686038677509 0.07585513591766357 0.02866334181565505 0.028487700682419997
0 0.5285722292386569 0.8978135769183819 0.03352576035719652 0.033733514639047474
0 0.4094999386714055 0.44505669520451474 0.021869512704702523 0.022108078002929688
0 0.5561325366680439 0.4701417042658879 0.023131297184870794 0.022864855252779447
0 0.5832938414353591 0.28413121516887957 0.030067884005033053 0.030042611635648288
0 0.5225241367633526 0.3856631792508639 0.021643638610839844 0.021571232722355768
0 0.4948564676138071 0.9166636833777795 0.03537266071026142 0.03525631244365986
0 0.4367561340332031 0.24136686325073242 0.02014644329364483 0.020136613112229567
0 0.6855179713322566 0.6765511586115911 0.026497474083533652 0.026548092181865986
0 0.40255091740534854 0.9653318845308744 0.021776419419508714 0.021698584923377402
0 0.6566420335036057 0.16121464509230393 0.023035196157602165 0.0230257694537823
0 0.3503756523132324 0.7575235366821289 0.018497173602764424 0.01856261033278245
0 0.3800012515141414 0.36070610926701474 0.0190126712505634 0.019058887775127705
0 0.6007335369403546 0.10182375174302322 0.019286375779371995 0.019139619973989632
0 0.6785898942213792 0.2745611300835243 0.022450373722956732 0.022386550903320312
0 0.6984367370605469 0.14531517028808594 0.019408446091871995 0.020085738255427435
0 0.46312691615178037 0.6598048576941857 0.024943131666917067 0.02507752638596755
0 0.4375801086425781 0.5296306243309608 0.01746823237492488 0.017450919518103965
0 0.35880807729867786 0.7836143787090595 0.03155092092660757 0.031375885009765625
0 0.6359115013709435 0.6113655383770282 0.030147699209359977 0.029950508704552285
0 0.6698510830218976 0.7447440807635968 0.019474322979266826 0.01939978966346154
0 0.6587448120117188 0.4875150460463304 0.025769453782301683 0.025607916025015023
0 0.31014596498929536 0.30586950595562273 0.01855600797213041 0.01876354217529297
0 0.680907102731558 0.0347666098521306 0.01968207726111779 0.019725588651803825
0 0.4767340880173903 0.8894855792705829 0.025151399465707634 0.025093958928034857
0 0.3431216019850511 0.08002242675194374 0.019809869619516227 0.019857851358560417
0 0.2980734935173622 0.4953165787916917 0.016097435584435098 0.01941989018366887
0 0.4367166299086351 0.6654222194965069 0.017166724571814902 0.01725622323843149
0 0.44826881702129656 0.4728648845966046 0.01768156198354868 0.017671731802133415
0 0.30804861508882964 0.663878294137808 0.018839340943556566 0.01880807142991286
0 0.3153693492595966 0.18236329005314753 0.02536913064809946 0.025652078481820915
0 0.6570185147798978 0.9542325826791617 0.021043924184945915 0.021175677959735576
0 0.3107624053955078 0.14737488673283503 0.026950249305138223 0.027276369241567757
0 0.4164840258084811 0.5140016262347882 0.01861396202674279 0.018650275010329027
0 0.46045494079589844 0.9883741232065054 0.026372762826772835 0.019519219031700723
0 0.6596631270188552 0.4278682562021109 0.02095970740685096 0.020543318528395433
0 0.6457086709829477 0.4698603703425481 0.023840977595402643 0.023791679969200723
0 0.6779642105102539 0.838064927321214 0.028004279503455527 0.027713482196514424
0 0.4781405742351825 0.5367178916931152 0.022240418654221755 0.022017258864182692
0 0.4450999039870042 0.17131614685058594 0.017206632173978366 0.017165550818810098
0 0.4504855229304387 0.9526291627150315 0.038657115055964544 0.03856937701885517
0 0.5233825903672439 0.5125769835252029 0.01789716573861929 0.01792320838341346
0 0.6890196433434119 0.8477268218994141 0.016738451444185697 0.016750335693359375
0 0.6053385367760291 0.36731430200430065 0.017269721397986777 0.017095198998084433
0 0.5131449332604041 0.8452681027925931 0.018389188326322116 0.01821107130784255
0 0.6064035342289851 0.7673788804274339 0.017750886770395134 0.017483344444861777
0 0.38697169377253604 0.337589483994704 0.01781595670259916 0.018116290752704326
0 0.32869808490459734 0.09318188520578238 0.01566035930926983 0.015659497334406927
0 0.4630448268010066 0.053818730207589954 0.015785950880784255 0.015894431334275465
0 0.5856942396897536 0.24993126208965594 0.017901787391075723 0.018155758197490986
0 0.6088648209205041 0.7102743295522836 0.020468711853027344 0.02039366502028245
0 0.4597747876093938 0.6958362872783954 0.015865546006422777 0.015805464524489183
0 0.4217541034405048 0.100029312647306 0.020171385544996995 0.020167222389808066
0 0.49415115209726185 0.8454915560208834 0.016272764939528245 0.016073080209585335
0 0.6776891855093149 0.8038671200092022 0.021814493032602165 0.021859095646784857
0 0.5505542021531326 0.8268435551570013 0.015906407282902643 0.015742081862229567
0 0.45998507279616135 0.028437829934633695 0.016503407404972956 0.016394881101754997
0 0.4930980388934796 0.6302911318265475 0.016406426062950723 0.016437823955829326
0 0.4495250995342548 0.04481894694841825 0.021691248967097357 0.021532893180847168
0 0.5791962696955755 0.5473906443669245 0.016906224764310397 0.01682442885178786
0 0.46312886018019456 0.9013008704552283 0.01777964371901292 0.01788506141075721
0 0.49312598888690656 0.36726727852454555 0.015503516564002404 0.01533955794114333
0 0.47342491149902344 0.26645421981811523 0.015932083129882812 0.015804437490609977
0 0.2960478892693153 0.15828846051142767 0.01440723125751202 0.021847284757173978
0 0.596804692195012 0.5045005358182467 0.02071556678185096 0.020552855271559495
0 0.5942249664893517 0.13703177525446966 0.016879741962139424 0.016852378845214844
0 0.3778888995830829 0.7358024303729718 0.016530477083646335 0.016342016366811898
0 0.3763119257413424 0.6451688913198618 0.01637121347280649 0.016463059645432692
0 0.683245952312763 0.7669661595271184 0.016136316152719352 0.016248556283804085
0 0.33688493875356823 0.007862444107349102 0.025118607741135817 0.014895546894807082
0 0.5440109693087064 0.8509596311129056 0.020971298217773438 0.020508399376502402
0 0.3313754888681265 0.018939554691314697 0.015804437490609977 0.015622427830329308
0 0.33327381427471453 0.3725264622614934 0.015158286461463341 0.015123514028695913
0 0.5400401995732234 0.8383915240948017 0.014834037193885216 0.014519031231219951
0 0.5024474217341497 0.809944592989408 0.014850249657264123 0.014816871056189904
0 0.6338440088125376 0.4109964370727539 0.014796770535982572 0.014462544367863582
0 0.3288191281832181 0.5342878194955679 0.014532235952524038 0.014431293194110576
0 0.3283601173987755 0.3011925403888409 0.01671629685621995 0.01713694058931791
0 0.6905232943021334 0.10158553490271935 0.01538379375751202 0.015159533574030949
0 0.3549228814932016 0.30802337939922625 0.014574784498948317 0.01467119730435885
0 0.3636288276085487 0.2749662399291992 0.016492110032301683 0.01627511244553786
0 0.569031495314378 0.322719537294828 0.01601857405442458 0.015745823199932393
0 0.6977194272554837 0.7055769700270432 0.013967954195462741 0.01780275198129507
0 0.40964038555438703 0.10737251318418063 0.017240377572866585 0.017187980505136344
0 0.31507572760948765 0.3731298813453087 0.014660321749173678 0.014705437880295973
0 0.5906471105722281 0.08583593368530273 0.015313662015474759 0.01531832034771259
0 0.5210839051466721 0.31658546741192156 0.015163054833045373 0.015152270977313701
0 0.6274940784160907 0.18639766252957857 0.01451580341045673 0.014427992013784556
0 0.6635217666625977 0.9819799569936899 0.014911945049579326 0.014979142409104567
0 0.5918956903310922 0.055899711755605846 0.013985120333158053 0.013853971774761494
0 0.4889579186072716 0.7386024915255033 0.01599297156700721 0.01574883094200721
0 0.6420134764451247 0.4460619412935697 0.013943011944110576 0.014150326068584736
0 0.4249494992769681 0.9182027670053335 0.01569021665132963 0.015462728647085337
0 0.4476396120511569 0.04889753690132728 0.018078143780048076 0.018246678205636833
0 0.3561036770160382 0.9268904465895432 0.015183081993689904 0.015219174898587741
0 0.376341306246244 0.468806633582482 0.014758917001577524 0.014722530658428486
0 0.6378060854398288 0.7221720768855169 0.016648219181941107 0.017140021690955527
0 0.38311397112332857 0.9107255935668945 0.015622579134427585 0.015419886662409855
0 0.4699077606201172 0.8703832626342773 0.015044138981745793 0.015104733980618991
0 0.41244847957904524 0.10613652376028207 0.02000295198880709 0.020718867962176982
0 0.5811857810387244 0.9495411652785081 0.014458876389723558 0.014421903170072116
0 0.6419160549457257 0.7109674307016226 0.02043768075796274 0.020549920889047477
0 0.6257429856520432 0.7092087085430439 0.015132904052734375 0.015062185434194712
0 0.43885201674241286 0.4819085414593036 0.014089731069711538 0.013851239131047176
0 0.387721978701078 0.8995018005371094 0.0164791987492488 0.01694649916428786
0 0.3335828414330116 0.30622515311607945 0.016895367549015924 0.01726231208214393
0 0.5911572162921612 0.37412309646606445 0.014586742107684795 0.014637580284705529
0 0.6406566913311298 0.3529226229741023 0.014790168175330529 0.015137745783879207
0 0.3045814954317533 0.4624687341543344 0.01460574223445012 0.014581680297851562
0 0.4787750977736253 0.029643359092565682 0.014201677762545072 0.014348364793337308
0 0.694951424231896 0.9298868912916917 0.014032657329852764 0.014703897329477163
0 0.6899484487680289 0.18581265669602615 0.014214882483849159 0.014440022982083835
0 0.6111175830547626 0.33116259941687953 0.0142363034761869 0.014464378356933594
0 0.5626057111299955 0.8786681248591497 0.013421865609975962 0.013680384709284855
0 0.5229095679063064 0.8266749015221229 0.014108217679537259 0.01383223900428185
0 0.6556989229642428 0.5095089398897611 0.015799889197716348 0.015682807335486777
