0 0.4254880685072679 0.5267771940964919 0.11282708094670223 0.11248573890099159
0 0.523431447836069 0.6325956491323618 0.09692852313701923 0.09783378014197716
0 0.5513032032893255 0.8834026043231671 0.0752110114464393 0.07463777982271634
0 0.734652592585637 0.2538824998415433 0.10176555926983173 0.1006617546081543
0 0.8548862750713642 0.8171199651864859 0.026462261493389424 0.026581250704251803
0 0.169187252338116 0.9535724933330829 0.04464830802037166 0.04468888502854567
0 0.6364563428438627 0.9559798607459435 0.05319683368389423 0.05351697481595553
0 0.6719578963059646 0.31639421903170073 0.026193912212665264 0.026108961838942308
0 0.24775151106027457 0.6472902297973633 0.03603447400606596 0.03579007662259615
0 0.49140724769005406 0.5179289304293119 0.028142488919771634 0.027817652775691107
0 0.2545923453110915 0.02325731974381667 0.02567709409273588 0.025433998841505785
0 0.5860820916982797 0.657496819129357 0.021476158728966348 0.021280435415414665
0 0.8022858546330378 0.4119396943312425 0.02220315199631911 0.022429979764498197
0 0.22577223410973182 0.6717624664306641 0.03297497675969051 0.03283427311823918
0 0.6489383990948017 0.1961644062629113 0.019414755014272835 0.019164525545560397
0 0.8003077873816857 0.07992604145636925 0.01833930382361779 0.0182037170116718
0 0.7269836572500376 0.04867212588970478 0.018346786499023438 0.018405675888061523
0 0.6697007692777194 0.702479362487793 0.020630763127253607 0.020618292001577523
0 0.1724863052368164 0.7273018176739032 0.019444722395676833 0.019486647385817308
0 0.2611437210669884 0.5934973863454965 0.019704451927771933 0.019659702594463643
0 0.3136717356168307 0.9757345639742337 0.041910685025728665 0.041799105130709134
0 0.3328261375427246 0.020315903883713942 0.01911640167236328 0.018982859758230355
0 0.22319448911226714 0.22279101151686448 0.01839476365309495 0.018458219674917366
0 0.3785525835477389 0.4135351547828087 0.017360613896296576 0.017487305861253005
0 0.8186454772949219 0.923334708580604 0.01762522183931791 0.017711345966045674
0 0.12726049239818865 0.8288120856651893 0.06673367206866924 0.06737474294809195
0 0.13403605497800386 0.6022980029766376 0.02474658305828388 0.024274679330679085
0 0.6031789046067458 0.4590805493868314 0.026393303504356973 0.02641120323768029
0 0.8961150096012995 0.7829789381760818 0.022464752197265625 0.02265137892503005
0 0.6861363190871018 0.6417898764977088 0.055426377516526446 0.056647080641526446
0 0.13579491468576285 0.38699949704683745 0.030931986295259915 0.030960963322566107
0 0.36597391275259167 0.38210997214684117 0.027988433837890625 0.02806428762582632
0 0.5866321417001578 0.9808882199800931 0.02077645521897536 0.02121866666353666
0 0.46660738724928635 0.9877953162560096 0.024501947256234977 0.021209716796875
0 0.253508054293119 0.11666385944073017 0.026288912846491888 0.026061168083777793
0 0.2937350639930138 0.26822554148160493 0.02947836655836839 0.029289392324594352
0 0.7607720448420598 0.8055675946749173 0.016318101149338942 0.016174756563626803
0 0.664032716017503 0.3397214596088116 0.019393480741060697 0.01934337615966797
0 0.237671081836407 0.19026945187495306 0.027114207927997295 0.02668604483971229
0 0.4400840172400841 0.38156920212965745 0.03843615605280949 0.03782954582801232
0 0.7384674365703876 0.6507134070763221 0.016388379610501803 0.01634979248046875
0 0.3782167067894569 0.9862427344689002 0.024592839754544772 0.022954940795898438
0 0.26356977682847244 0.7072046720064603 0.015412514026348408 0.015297376192533053
0 0.17217683792114258 0.4026255974402794 0.017639783712533805 0.0177157475398137
0 0.42298133556659406 0.11646747589111328 0.018315461965707634 0.018374846531794622
0 0.22965236810537484 0.5966287759634165 0.03498062720665565 0.03488936791053185
0 0.6587170820969802 0.18123193887563852 0.01577905508188101 0.015677892244779147
0 0.44048309326171875 0.8437250577486478 0.02310767540564904 0.023312495304987982
0 0.10429055874164288 0.9831273739154522 0.029901486176710863 0.029456065251277044
0 0.18701806435218224 0.7895895150991586 0.015974668356088493 0.015822337223933294
0 0.19459020174466646 0.3802501605107234 0.01746845245361328 0.017127257127028245
0 0.13364166479844314 0.6197991004356971 0.021795089428241435 0.021633991828331582
0 0.4159110876230093 0.987824219923753 0.032920543964092545 0.02216485830453726
0 0.10301397396967961 0.20894338534428522 0.020543611966646634 0.020409363966721755
0 0.4089539601252629 0.41364662463848406 0.016680203951322116 0.016357568594125602
0 0.1746972707601694 0.10346019268035889 0.018628560579740085 0.01839736791757437
0 0.25529773418719953 0.2063901791205773 0.019386438223031852 0.01942619910606971
0 0.20019956735464242 0.6312268330500677 0.026057866903451774 0.02534910348745493
0 0.37381663689246547 0.8027876340425931 0.032830238342285156 0.03322513286884014
0 0.5361510056715745 0.5244349699753982 0.015732985276442308 0.01571515890268179
0 0.15344716952397272 0.3542176026564378 0.030562877655029297 0.03082730219914363
0 0.5112126423762395 0.42815736623910755 0.024362564086914062 0.02481812697190505
0 0.8221364388099084 0.49000024795532227 0.014771241408128005 0.015012594369741587
0 0.22908313457782453 0.7051552992600661 0.019450554480919473 0.01944116445688101
0 0.21110101846548227 0.21263621403620794 0.01595148673424354 0.015724732325627253
0 0.721631123469426 0.5208529692429763 0.026476933405949518 0.026615289541391227
0 0.2762914070716271 0.7410454383263221 0.018870793856107272 0.01885223388671875
0 0.4131729052617 0.33768441126896787 0.02126282912034255 0.021254686208871696
0 0.18908761097834662 0.5460340059720553 0.021080457247220553 0.021180226252629206
0 0.10318530522860013 0.1290004803584172 0.022868816669170674 0.02309307685265174
0 0.20888944772573617 0.5328583717346191 0.023889761704664964 0.023817722613994893
0 0.33509085728571963 0.9160771736731896 0.03229449345515324 0.031219042264498197
0 0.48019864008976865 0.20722561616163987 0.01873016357421875 0.018731117248535156
0 0.346434813279372 0.040007673777066745 0.02775720449594351 0.02790528994340163
0 0.14981511922983023 0.2770531177520752 0.043492610637958236 0.04433642900907076
0 0.6810528681828425 0.28707067783062273 0.017802898700420674 0.0179898555462177
0 0.7446170220008264 0.08968709065363957 0.015380565936748799 0.015384564032921424
0 0.4286542305579552 0.817499747643104 0.02617946037879357 0.02631348830003005
0 0.8262836749737079 0.531218015230619 0.023671370286207933 0.023748471186711237
0 0.25185467646672177 0.16130682138296273 0.019610845125638522 0.01971281491793119
0 0.7934397183931791 0.6620820852426382 0.028058859018179085 0.02813867422250601
0 0.4573192596435547 0.2451764620267428 0.03936334756704477 0.03954997429480919
0 0.13320495532109186 0.1752040936396672 0.016783494215745192 0.016630246089054987
0 0.8503086383526142 0.1052539715400109 0.014461077176607572 0.014492034912109375
0 0.3267063727745643 0.9015103120070237 0.023661173306978665 0.02362060546875
0 0.09444190905644344 0.6651165301983173 0.0192416264460637 0.01975074181189904
0 0.14876726957467887 0.40926522475022536 0.01731252670288086 0.017036584707406852
0 0.4394250282874474 0.30270939606886643 0.0394596686730018 0.03993995373065655
0 0.5676723626943735 0.5463529366713303 0.02393487783578726 0.02399576627291166
0 0.5679108913128192 0.794770020705003 0.029257700993464544 0.02948790330153245
0 0.5745709859407865 0.4291163958035983 0.018162653996394232 0.018138005183293268
0 0.626830321091872 0.7540188569288987 0.018601050743689902 0.018648881178635817
0 0.21714375569270208 0.4065395868741549 0.017235462482158955 0.0173642085148738
0 0.5643596282372108 0.8371169750507061 0.02065416482778696 0.020603179931640625
0 0.09134492507347694 0.2450549419109638 0.0220792293548584 0.032592479999248795
0 0.1534994382124681 0.7868649409367487 0.039029708275428183 0.03913380549504207
0 0.21231277172382063 0.03136029151769785 0.014356539799616886 0.014043551224928636
0 0.7456870445838342 0.711922865647536 0.05219122079702524 0.05211140559269832
0 0.15847277641296387 0.3968031956599309 0.016652767474834736 0.0167694091796875
0 0.7146469996525691 0.8228431114783654 0.03472416217510517 0.034347827617938705
0 0.7172176654522235 0.9394898047814002 0.03895025986891527 0.03818511962890625
0 0.7924947738647461 0.7229115412785456 0.014723264254056491 0.014573610745943509
0 0.8602557549109826 0.8420259769146259 0.014573023869441105 0.014767133272611178
0 0.5987717555119441 0.2566507046039288 0.017287034254807692 0.0175173832820012
0 0.25666854931758 0.3358363371628981 0.017594337463378906 0.017487159142127402
0 0.08769525014437161 0.8504782456618089 0.02187666526207557 0.031154045691856973
0 0.40849135472224307 0.13671244107759917 0.023723749014047477 0.023812110607440654
0 0.10050897414867695 0.4226234876192533 0.04499996625460111 0.049873058612530045
0 0.38918223747840297 0.9578421666071966 0.016875267028808594 0.017103048471304085
0 0.18175292015075684 0.5606166766240046 0.021150845747727614 0.021168342003455527
0 0.3060445785522461 0.06347466432131253 0.01423197526198167 0.014020296243520884
0 0.19705471625694862 0.15909448036780724 0.021173403813288763 0.021261352759141188
0 0.23109898200401893 0.1598828939291147 0.016402684725247897 0.016527542701134317
0 0.14015402243687555 0.9886404184194711 0.026890883078941934 0.019509535569411058
0 0.6397145344660833 0.2771712083082933 0.014962269709660457 0.01513965313251202
0 0.5216061151944674 0.5006360640892615 0.016249950115497295 0.016617334806002103
0 0.7362637153038611 0.7151856789222131 0.035500746506911054 0.03561533414400541
0 0.4208277922410231 0.8014295284564679 0.020612569955679085 0.020843065701998197
0 0.31433644661536586 0.12156925751612736 0.018202855036808893 0.01837046329791729
0 0.19385510224562424 0.4071808594923753 0.028925015376164362 0.029471764197716348
0 0.6237693933340219 0.8328245603121244 0.018883778498722956 0.019015092116135817
0 0.8008851271409255 0.692248271061824 0.017239790696364183 0.017721029428335335
0 0.22659653883713943 0.8915949601393479 0.023772203005277194 0.023768204909104567
0 0.15773967596200797 0.6176511324368991 0.022455802330603965 0.022952886728140023
0 0.3267811995286208 0.5972700852614182 0.022632012000450723 0.02265768784743089
0 0.37865704756516677 0.598634279691256 0.018990296583909255 0.019023308387169473
0 0.7407584557166467 0.7131013870239258 0.04341477614182692 0.044571949885441706
0 0.09477427372565636 0.35873933938833386 0.015035574252788838 0.015195406400240384
0 0.22534812413729155 0.8922717754657452 0.01940642870389498 0.019981971153846152
0 0.5647229047921988 0.36711832193227917 0.01656165489783654 0.016927425677959736
0 0.5691379400400015 0.14704001866854155 0.021832099327674277 0.02212700477013221
0 0.6781859764685998 0.5067063111525315 0.014090317946213942 0.013975730309119591
0 0.4101136280940129 0.5048213371863732 0.01989599374624399 0.01908419682429387
0 0.33028679627638596 0.9504097425020658 0.01806193131666917 0.01837583688589243
0 0.21084765287546012 0.6900342794565054 0.02146321076613206 0.021572699913611777
0 0.7114318700937124 0.32075925973745495 0.034612215482271634 0.034929642310509317
0 0.877778566800631 0.39708210871769833 0.01442718505859375 0.014441343454214243
0 0.10357782473930946 0.6213967249943659 0.017889022827148438 0.018056722787710335
0 0.21164604333730844 0.6160601102388822 0.020570755004882812 0.0202182256258451
0 0.37959630672748274 0.28775455401493955 0.08907318115234375 0.09063071470994216
0 0.19455462235670823 0.9190513904278095 0.014270929189828726 0.014268875122070312
0 0.27762181942279524 0.7977121793306791 0.022136688232421875 0.022075946514423076
