0 0.5223316412705642 0.5229167938232422 0.07807056720440204 0.07787587092472957
0 0.6379250746506911 0.27834004622239333 0.022026942326472357 0.02234818385197566
0 0.5885477799635667 0.09455646918370174 0.025092051579402044 0.02483395429757925
0 0.5799176142765925 0.22869410881629357 0.027115895197941706 0.027270683875450723
0 0.5848758404071515 0.07324824883387639 0.02065123044527494 0.020157062090360202
0 0.3382571293757512 0.23099165696364182 0.047201303335336536 0.04696746972891001
0 0.6638097029465896 0.16045504349928635 0.03077551034780649 0.030867640788738545
0 0.5275710179255559 0.9843160189115084 0.01663340055025541 0.016661717341496393
0 0.3853976543133075 0.1377100027524508 0.0187991215632512 0.018676574413592998
0 0.5734131152813251 0.04952046962884756 0.0182192875788762 0.018527672840998724
0 0.781354390657865 0.1339329847922692 0.022980323204627402 0.022286140001737155
0 0.27416383303128755 0.41034306012667143 0.03417348861694336 0.034146749056302585
0 0.4361111200772799 0.33545406048114484 0.017461483295147236 0.01762551527756911
0 0.42622811977679914 0.29785046210655797 0.016747181232158955 0.016756351177509014
0 0.34577494401198167 0.37354454627403844 0.03173740093524639 0.03130259880652794
0 0.5778300945575421 0.5958884312556341 0.04889678955078125 0.04935440650353065
0 0.6011161437401404 0.7578057509202224 0.01523890862098107 0.01538394047663762
0 0.7000951033372146 0.15142215215242827 0.12706727247971755 0.12939585172213042
0 0.3288710667536809 0.6964731216430664 0.25327328535226673 0.33167428236741286
0 0.5993150564340445 0.028760002209590033 0.018451397235576924 0.018342572909135085
0 0.5896450923039362 0.8155042941753681 0.06933226952185997 0.06940841674804688
0 0.277968351657574 0.9667480908907377 0.015652179718017578 0.015948662391075723
0 0.7975210776695838 0.11434915432563195 0.01647773155799279 0.01657412602351262
0 0.429350522848276 0.8459193889911358 0.1458448996910682 0.1403028048001803
0 0.5647784013014573 0.33043575286865234 0.028991552499624398 0.028724083533653848
0 0.4231532170222356 0.22932879741375262 0.027312205387995794 0.027383070725661058
0 0.3485904840322641 0.3737992506760817 0.026840650118314303 0.02632625286395733
0 0.7383243854229267 0.07373941861666165 0.10343757042518029 0.10433110823998085
0 0.6533883168147161 0.2034451044522799 0.05453975384051983 0.05503485752986027
0 0.44379340685330904 0.9308622800386869 0.06461392916165866 0.06566971998948318
0 0.6214582736675556 0.12911594831026518 0.014133306650015024 0.014664393204909105
0 0.38898181915283203 0.10112305787893441 0.014412953303410457 0.01440587410560021
0 0.6802404110248272 0.02094949667270367 0.06453660818246695 0.041020604280325085
0 0.7821639134333684 0.21942479793842024 0.01990332970252404 0.019809686220609225
0 0.6232699614304763 0.05729172321466299 0.01447002704326923 0.0141526827445397
0 0.6036478189321665 0.04310485032888559 0.016338201669546273 0.01638634388263409
0 0.5871667861938477 0.06041818398695726 0.015592575073242188 0.015271938764131986
0 0.2409969109755296 0.8364405265221229 0.015179193936861478 0.014960949237530049
