0 0.20263250057513899 0.6490311989417443 0.1647024154663086 0.17406419607309195
0 0.6170781942514273 0.6305674772996169 0.1002493638258714 0.09759888282189003
0 0.47815319207998425 0.40474979694073016 0.12557667952317458 0.1263606731708233
0 0.14529030139629656 0.8034879977886493 0.04936651083139273 0.07603175823505108
0 0.2546321428739108 0.3103077228252704 0.06492115901066707 0.06517716554495004
0 0.22762326093820426 0.42958523676945615 0.1333323625417856 0.13254869901216948
0 0.47860453679011417 0.9413755857027494 0.022259638859675482 0.022071985098031852
0 0.7316310589130108 0.8867056919978216 0.05879123394305889 0.059232858511117786
0 0.2700506357046274 0.4502790891207181 0.09081598428579477 0.0908963130070613
0 0.7921519646277795 0.12483937923724835 0.04764116727388822 0.04716168917142428
0 0.29705920586219203 0.6708092322716346 0.04310468526986929 0.04306807884803185
0 0.4139551382798415 0.5671667685875525 0.020970491262582634 0.021021916316105768
0 0.8022610591008112 0.08403853269723746 0.04782427274263822 0.04716264743071336
0 0.6705934817974384 0.7437405219444861 0.045769764826847956 0.045651949368990384
0 0.4551874307485727 0.7010300709651067 0.025310442997859076 0.025427891657902643
0 0.20608373788686898 0.548857542184683 0.019155208881084736 0.018985895010141227
0 0.5249737959641677 0.6224312415489783 0.02707510728102464 0.02689977792593149
0 0.33728482173039365 0.4865254989037147 0.09272281940166767 0.09435484959528996
0 0.7534159880418044 0.10341901045579177 0.0423742441030649 0.04208726149338942
0 0.38408642548781174 0.3207838718707745 0.01839278294489934 0.01830900632418119
0 0.46776426755464995 0.7737935873178335 0.019420036902794473 0.01952053950383113
0 0.6913893773005559 0.6672649383544922 0.04374430729792668 0.04332292996920072
0 0.8579213069035456 0.06432426892794095 0.018500694861778848 0.018356855099017803
0 0.2798336836007925 0.11760678658118615 0.04605366633488582 0.04534644346970778
0 0.18724733132582444 0.06988240205324613 0.025919437408447266 0.025942912468543418
0 0.13789989398075983 0.8648997086745042 0.024335567767803486 0.024074261005108174
0 0.15362383769108698 0.019302521760647114 0.03702761576725887 0.035620226309849665
0 0.55383117382343 0.9132823944091797 0.02710833916297326 0.027096088115985576
0 0.268766843355619 0.5269999137291541 0.040590946490948014 0.04090096400334285
0 0.4239978790283203 0.87608946286715 0.029954910278320312 0.02996488717886118
0 0.5581386639521673 0.7858789884127103 0.024861849271334134 0.02485832801231971
0 0.602571597466102 0.8704170813927283 0.02123862046461839 0.02132269052358774
0 0.39293744013859677 0.5422446177555964 0.04270091423621544 0.043337308443509616
0 0.2368911596444937 0.781093377333421 0.01908984551062951 0.018676904531625602
0 0.25635741307185245 0.5565750415508564 0.0209806148822491 0.02084776071401743
0 0.32458760188176083 0.7399000021127554 0.020085701575646035 0.020099933330829326
0 0.16097428248478815 0.838043946486253 0.0191040405860314 0.019688239464393027
0 0.8504069401667669 0.6442756652832031 0.04718736501840445 0.04708656897911659
0 0.4155631432166466 0.5186389409578763 0.02889222365159255 0.02861169668344351
0 0.5093590663029597 0.11788272857666016 0.0970774430495042 0.09621572494506836
0 0.8576619074894831 0.147551206442026 0.028266319861778848 0.04213417493380033
0 0.13609508367685172 0.8961548438439002 0.018225853259746846 0.018054668719951924
0 0.30211415657630336 0.9895077485304612 0.03571033477783203 0.01967033973106971
0 0.3044002973116361 0.21478717143719012 0.0404503895686223 0.04059952955979567
0 0.7403158041147085 0.06339555520277756 0.04286751380333534 0.042838059938870944
0 0.3138629106374887 0.8016112400935247 0.026868380033052884 0.026843144343449518
0 0.45873627295860875 0.7446410839374249 0.016721285306490384 0.016544048602764424
0 0.37943267822265625 0.9087879474346454 0.039223891038161054 0.03902640709510216
0 0.1788303301884578 0.3730275080754207 0.11131331553825966 0.17841859964224008
0 0.4669032463660607 0.718954453101525 0.01758091266338642 0.017566974346454326
0 0.2749157135303204 0.08750743132371169 0.04171932660616361 0.04090516383831318
0 0.34488311180701625 0.8824838491586539 0.024642797616811898 0.024882683387169473
0 0.14738218600933367 0.138151242182805 0.038965702056884766 0.0396425540630634
0 0.7247434762807993 0.4521742600661058 0.016407306377704326 0.016344363872821514
0 0.14433596684382513 0.8815050858717698 0.017492294311523438 0.01783899160531851
0 0.6633397615872897 0.7057544268094577 0.022633185753455527 0.023061605600210335
0 0.2884144416222206 0.8716685221745417 0.043138283949631914 0.042790926419771634
0 0.1535809957064115 0.11582172833956204 0.057430193974421576 0.08901581397423378
0 0.7761096954345703 0.9016343630277194 0.08050933251014122 0.08109078040489784
0 0.669212634746845 0.8149271744948167 0.016331892747145433 0.016119736891526442
0 0.710046988267165 0.025700619587531455 0.018764202411358174 0.019067255350259635
0 0.8240542778602014 0.1529388794532189 0.035766308124248795 0.03514770361093374
0 0.21557008303128755 0.41776583744929385 0.015339191143329326 0.015548119178185096
0 0.4550008773803711 0.6796418703519381 0.016260147094726562 0.016313993013822116
0 0.22191128363976112 0.07232423012073223 0.01811049534724309 0.01828140478867751
0 0.8672191913311298 0.24439070774958685 0.01089947040264423 0.015332955580491286
0 0.8389896979698768 0.5749312547536997 0.07872155996469352 0.08627972236046424
0 0.2510222655076247 0.9698771696824294 0.02257691896878756 0.02248529287484976
0 0.4729169698861929 0.9838143862210788 0.026700313274676982 0.027620755709134616
0 0.4786227299616887 0.704592778132512 0.014878346369816707 0.015115297757662259
0 0.22187247643103966 0.7145432692307693 0.06214695710402269 0.06229870135967548
0 0.4303192358750563 0.6202618525578425 0.06479996901292068 0.06472334494957557
0 0.20061522263746995 0.9864855546217698 0.04563984504112831 0.025402655968299277
0 0.3256691052363469 0.4194334837106558 0.03937574533315805 0.03912779001089243
0 0.4961079817551833 0.04697255904857929 0.060650018545297474 0.0610960997067965
0 0.40424864108745867 0.942012199988732 0.03075577662541316 0.03275211040790264
0 0.7643139178936298 0.18341697179354155 0.016772343562199518 0.016714829664963942
0 0.3946986565223107 0.23248470746553862 0.021127774165226862 0.020777482252854567
0 0.5988073715796838 0.9016741239107572 0.019597933842585638 0.019372940063476562
0 0.8123340606689453 0.26398645914517915 0.030887897198016826 0.030817068540132962
0 0.20440064943753755 0.8524621816781851 0.016423592200646035 0.016264842106745794
0 0.17443205760075495 0.19176827944242036 0.017885721646822415 0.01798530725332407
0 0.47916632432204026 0.747215564434345 0.021317481994628906 0.02049108651968149
0 0.7680286260751578 0.22875076073866624 0.018125093900240384 0.018290299635667067
0 0.8148968036358173 0.9698814978966346 0.024167427649864785 0.023760868952824518
0 0.13287953230050895 0.9200542156512921 0.02554523027860201 0.03464185274564303
0 0.392057858980619 0.7938285974355844 0.0150910891019381 0.01493057837853065
0 0.573064033801739 0.4268763615534856 0.013878675607534556 0.013941764831542969
0 0.3965614759005033 0.5006318459144006 0.028020858764648438 0.0283047602726863
0 0.48281310154841495 0.9884226872370794 0.039515128502478965 0.021452977107121393
0 0.5531541017385629 0.9311469151423528 0.01586129115178035 0.01596670884352464
0 0.5722290919377253 0.7469567518967849 0.016897935133713942 0.017464270958533652
0 0.12892992679889387 0.5846672791701096 0.014560937881469727 0.01748378460223858
0 0.7654273693378155 0.7501409970797025 0.22350399310772234 0.223999757033128
0 0.23641201166006234 0.3489230229304387 0.016363840836745042 0.016747548029972956
0 0.4365985210125263 0.5917897591224084 0.016767281752366286 0.01707304441011869
0 0.7830567726722131 0.1636335849761963 0.030630992009089544 0.030444988837608926
0 0.6872463226318359 0.470641356248122 0.029290125920222357 0.02990575937124399
0 0.4155281507051908 0.5281784351055439 0.09267440209021935 0.09283109811636117
0 0.7752951108492337 0.9646739959716797 0.03528037438025841 0.03516857440655048
0 0.4782830018263597 0.985897577725924 0.03846872769869291 0.02634121821476863
0 0.3434239901029147 0.7620462270883414 0.02280594752385066 0.02277520986703726
0 0.3450585145216722 0.4262071756216196 0.08751680300785945 0.08369702559251052
0 0.1779184891627385 0.8782113148615911 0.014365196228027344 0.014715194702148438
0 0.8517131071824294 0.8688421249389648 0.025626402634840745 0.02562845670259916
0 0.26501046694242036 0.8623869969294622 0.03511362809401292 0.03682151207557091
0 0.8391968653752253 0.9354161482590896 0.06662999666654147 0.06429320115309495
0 0.1958012397472675 0.1905675301185021 0.019814564631535456 0.019893939678485576
0 0.21155194135812613 0.20615115532508263 0.1741805076599121 0.20224908682016227
0 0.5180303133451022 0.7541905916654147 0.014509054330679087 0.014350597675030049
0 0.7258811363807092 0.9516076308030349 0.06306692270132211 0.06295570960411659
0 0.3115433913010817 0.9010672936072717 0.03554608271672176 0.03469349787785457
0 0.3302250642042894 0.45850324630737305 0.1316355008345384 0.13604068756103516
0 0.41075765169583833 0.19924957935626691 0.019551497239332933 0.019465226393479567
0 0.5212797384995681 0.9510408548208383 0.014342234684870793 0.014312744140625
0 0.40911197662353516 0.9432047330416166 0.021273979773888223 0.022438196035531852
0 0.2416856839106633 0.7952195681058444 0.014776963454026442 0.01416485126201923
0 0.2723686878497784 0.20737637006319487 0.02100849151611328 0.021113762488731973
0 0.28194548533513 0.87108824803279 0.054343223571777344 0.050886300893930286
0 0.8250230642465445 0.9249262442955604 0.03852374737079327 0.038892305814302884
