0 0.1788192712343656 0.9042152258066031 0.146056211911715 0.18310913672814003
0 0.8442005744347205 0.13147252339583176 0.07273424588716947 0.07483630913954514
0 0.5347191370450534 0.3895509426410382 0.09444141387939453 0.09356043888972355
0 0.763709728534405 0.062442004680633545 0.051877535306490384 0.05163118472466102
0 0.2954230308532715 0.5613842744093674 0.05574578505295973 0.056124320397010215
0 0.5869584450354943 0.20154056182274452 0.04399857154259315 0.04407178438626803
0 0.271110332929171 0.9610762962928185 0.033171543708214395 0.032845717210036054
0 0.2989232906928429 0.8868685502272385 0.032693679516132064 0.03300182635967548
0 0.3124991930448092 0.015138798035108127 0.029210732533381537 0.025820342394021843
0 0.553980093735915 0.5615567427415115 0.04605249258188101 0.046437556927020736
0 0.3625914500309871 0.5530900221604568 0.07633253244253305 0.07686438927283654
0 0.4202541938194862 0.8854827880859375 0.020973792442908652 0.021003136268028848
0 0.34544933759249175 0.8542502476618841 0.02964327885554387 0.029274867131159857
0 0.4878854017991286 0.04604989748734694 0.023463029127854567 0.023359117599634025
0 0.39184929774357724 0.26918708361112154 0.024274165813739482 0.02451302455021785
0 0.6030833170964167 0.8719084813044622 0.025557738084059495 0.025557297926682692
0 0.7557847683246319 0.10812714466681847 0.039861092200646035 0.039959925871628985
0 0.8052555964543269 0.031229170469137337 0.02855858435997596 0.028442547871516302
0 0.7640782136183518 0.37214081103985125 0.017247860248272236 0.017138114342322715
0 0.13591037346766546 0.01648781505914835 0.024869515345646784 0.029617298107880812
0 0.3741750717163086 0.8508088772113507 0.018653282752403848 0.018400925856370192
0 0.4911816670344426 0.48250741225022536 0.022202711838942308 0.022215769841120794
0 0.2618401050567627 0.22707388951228216 0.019092633174015924 0.019116621751051683
0 0.6577088282658503 0.06589693289536697 0.03854164710411659 0.03907177998469426
0 0.7044494335467999 0.23146902597867525 0.03061852088341346 0.030744075775146484
0 0.8456530937781701 0.04981464606065016 0.024318695068359375 0.024280612285320576
0 0.2569249776693491 0.7842512864332932 0.01742106217604417 0.017371251032902643
0 0.8681760934682993 0.07262611389160156 0.0165707514836238 0.01752196825467623
0 0.3728795418372521 0.4353214410635141 0.0503845948439378 0.05151499234713041
0 0.6866760987501878 0.9133563408484826 0.030764946570763223 0.03063055185171274
0 0.36351567048292893 0.3819114611699031 0.03229530041034405 0.032132588900052585
0 0.3712042295015775 0.20929519946758562 0.025740550114558294 0.025475061856783353
0 0.5000642629770132 0.19794519131000227 0.06962101276104267 0.06847660358135517
0 0.20281573442312387 0.06864679776705228 0.021347669454721305 0.021534809699425332
0 0.7801401431743915 0.5478283075185922 0.02745217543381911 0.02723209674541767
0 0.240568784567026 0.5597911614638108 0.05717134475708008 0.057180037865271933
0 0.49382158426138073 0.9264501424936148 0.022061274601862982 0.02250847449669471
0 0.3773312201866737 0.8340999896709735 0.017038492056039665 0.017255196204552285
0 0.8343501457801232 0.5448526969322791 0.08066866948054387 0.07966848520132211
0 0.25807721798236555 0.9852820176344651 0.02750220665564904 0.024826783400315505
0 0.295098744905912 0.4888706940871019 0.020795088547926683 0.02105551499586839
0 0.5565188481257513 0.6023789185744065 0.043546236478365384 0.04304005549504207
0 0.6573370420015775 0.10029480090508094 0.048791151780348554 0.049445317341731146
0 0.758979870722844 0.46088284712571365 0.05608514639047476 0.05515157259427584
0 0.3564315209021935 0.8281857417179987 0.021016340989332933 0.02059760460486779
0 0.5219367100642278 0.5086515866793119 0.033477783203125 0.03364064143254207
0 0.19356896327092096 0.13964222027705267 0.05901175278883714 0.05789679747361403
0 0.1416588563185472 0.18294468292823204 0.019338479408851035 0.019625773796668418
0 0.5236460979168231 0.044454143597529486 0.018494239220252402 0.018297424683204062
0 0.41594475966233474 0.08549849803631122 0.030396681565504808 0.030108603147359993
0 0.5785554005549505 0.5274721292349008 0.03502097496619591 0.0357671884390024
0 0.6225628486046424 0.06440225472817054 0.015607980581430288 0.015459473316486064
0 0.6913804274338943 0.028445115456214316 0.020203517033503607 0.0205539006453294
0 0.6721544999342698 0.23301339149475098 0.025043194110576924 0.02518804256732647
0 0.8279553193312424 0.010040157116376437 0.03773351816030649 0.01868626246085534
0 0.21886378068190354 0.24761306322537935 0.03069151364839994 0.030548976017878607
0 0.15906557670006385 0.5386510995718149 0.04709269450261043 0.04673209557166466
0 0.1332388657789964 0.1676479853116549 0.0258179077735314 0.028812619356008675
0 0.12738381899320161 0.19375140850360578 0.015163715069110576 0.016217818626990683
0 0.4190420370835524 0.20223650565514198 0.07829805520864633 0.08020445016714242
0 0.657289064847506 0.02711062477185176 0.0195614741398738 0.0196764010649461
0 0.47011441450852615 0.8991127747755784 0.020946209247295674 0.02111684359036959
0 0.39648547539344203 0.8678440680870643 0.015023891742412861 0.014851203331580529
0 0.6906868861271784 0.9647629077617939 0.028921860914963942 0.029099244337815505
0 0.4052482751699594 0.9171928992638221 0.015292534461388221 0.015329507681039663
0 0.40288378642155576 0.4645413618821364 0.017140828646146335 0.01731285682091346
0 0.2800618135012113 0.4299602141747108 0.03909987669724684 0.038296992962176986
0 0.7635502448448768 0.5255387746370755 0.03167108389047476 0.031310081481933594
0 0.8000368705162635 0.5917148590087891 0.014565541194035457 0.014369524442232572
0 0.14229386586409348 0.5906124848585862 0.017627624364999626 0.01737697307880108
0 0.29470286002525914 0.5202438281132624 0.04235759148230919 0.041971646822415866
