0 0.2804782207195575 0.2960313650277945 0.06847117497370793 0.06837279979999249
0 0.45963393724881685 0.911493888268104 0.0522456535926232 0.05223641028771034
0 0.722800768338717 0.9084490262545072 0.04701790442833534 0.046988267164963946
0 0.7734505580021784 0.5640539022592398 0.053849440354567304 0.05592610285832332
0 0.43142399421105015 0.8159407102144681 0.04401999253493089 0.043668893667367786
0 0.5687775978675256 0.9437621189997747 0.043974876403808594 0.0438696054311899
0 0.7700135157658503 0.6113956157977765 0.04898775540865385 0.04945931067833534
0 0.6647814237154447 0.7347495739276593 0.038736783541165866 0.03855455838716947
0 0.29904948748075044 0.8252511391272912 0.040470049931452826 0.04056710463303786
0 0.5053797868581918 0.8195667266845703 0.04257957751934345 0.042484430166391224
0 0.3385793979351337 0.7812212430513822 0.04340685330904447 0.04355841416579027
0 0.7698469895582932 0.4956677510188176 0.03140170757587139 0.03161136920635517
0 0.47492507787851185 0.6564765343299279 0.03751505338228666 0.037979419414813705
0 0.28808709291311413 0.9827333597036508 0.04053677045381986 0.028542445256159857
0 0.6027656335097092 0.4626300518329327 0.02833857903113732 0.028305934025691107
0 0.5564754926241361 0.9821941669170673 0.03255866124079777 0.03168047391451322
0 0.6465404950655423 0.5716123947730432 0.043001761803260215 0.04310182424692007
0 0.3972163567176232 0.7985396018395057 0.03337287902832031 0.032979378333458535
0 0.31873629643366885 0.9549498924842248 0.029600803668682393 0.029471470759465143
0 0.5852544491107647 0.9855230037982647 0.021656036376953125 0.02100064204289363
0 0.35974564919104945 0.9825631655179538 0.022349797762357272 0.022682043222280648
0 0.6334584309504583 0.7790244175837591 0.04518274160531851 0.045203869159405045
0 0.54883546095628 0.24225502747755784 0.03847004817082332 0.03815467541034405
0 0.39482630216158354 0.25170157505915713 0.022119668813852165 0.022223472595214844
0 0.4024534592261681 0.29714731069711536 0.03329152327317458 0.033422029935396634
0 0.3004933320558988 0.9158985431377704 0.025418831751896784 0.02533384469839243
0 0.6673254599938025 0.9541279719426081 0.028197361872746393 0.028062086838942308
0 0.5104238069974459 0.5734525827261118 0.02675658005934495 0.026936897864708535
0 0.69847899216872 0.6318990267240084 0.024070299588716947 0.023912869966947116
0 0.3900637993445763 0.6863734905536358 0.040472910954402044 0.040161426250751205
0 0.32656511893639195 0.7016337468073919 0.04455419687124399 0.044759310208834134
0 0.7171175296490009 0.7256736755371094 0.024365938626802884 0.02478614220252404
0 0.7006838871882513 0.4478050378652719 0.016925224891075723 0.016937989455003005
0 0.6229837857759916 0.99060425391564 0.02386812063363882 0.01684394249549279
0 0.4169756815983699 0.24149839694683367 0.04463679973895733 0.04421428533700796
0 0.5529529864971454 0.4845727040217473 0.030501145582932692 0.030306155865009014
0 0.7681366847111628 0.1085513371687669 0.03251339839054988 0.03299137262197641
0 0.560643562903771 0.729240344120906 0.024353174062875602 0.02441127483661358
0 0.2453471697293795 0.25653138527503383 0.020876701061542217 0.021044584421011116
0 0.70312683398907 0.9319446270282452 0.022634212787334736 0.022492041954627402
0 0.5180639853844275 0.7099414972158579 0.018824210533728965 0.01835940434382512
0 0.7136040467482346 0.8624133330125076 0.028772354125976562 0.02879054729755108
0 0.3376473646897536 0.2808278523958646 0.026996025672325723 0.02670706235445463
0 0.5869692288912259 0.8102761782132663 0.02096278850848858 0.020923614501953125
0 0.4344771458552434 0.9379852735079252 0.034401233379657455 0.035022735595703125
0 0.3781404495239258 0.9786836183988131 0.019553257868840143 0.020035376915564902
0 0.6457384549654447 0.6670560103196365 0.01736274132361779 0.017450479360727165
0 0.646086179293119 0.8715445445134089 0.02169183584359976 0.021596468411959134
0 0.5567078223595252 0.8427907503568209 0.022533563467172477 0.022549262413611777
0 0.7044332944429837 0.14420542350182167 0.028866694523737982 0.028778626368596003
0 0.3681473365196815 0.8139674846942608 0.02235104487492488 0.02228399423452524
0 0.2488126021165114 0.9195831738985502 0.03800326127272386 0.03930502671461839
0 0.4908136954674354 0.9888420104980469 0.017313296978290264 0.01638970008263221
0 0.5775524652921237 0.8006241138164814 0.019249329200157754 0.019137162428635817
0 0.6445183387169471 0.5937785368699294 0.022129939152644232 0.02217997037447416
0 0.6240981908944937 0.8683402721698468 0.018394616933969352 0.01875129112830529
0 0.5005880869351901 0.7770024079542893 0.019387465256911058 0.019423411442683294
0 0.4121337670546312 0.6571143223689153 0.04041414994459886 0.040517366849459134
0 0.5443102763249323 0.5675681187556341 0.01804359142596905 0.018151209904597357
0 0.6014823913574219 0.7904900770920974 0.024170508751502402 0.023655231182391826
0 0.588210289294903 0.8899750342735877 0.01872737591083233 0.018891554612379808
0 0.2891212059901311 0.7271178318903997 0.054913777571458086 0.05490376399113582
0 0.2783732781043419 0.5085299565241888 0.02448580815241887 0.024222594041090745
0 0.5969043144812951 0.8670008732722356 0.02029286898099459 0.020384861872746393
0 0.4340166678795448 0.5704121956458459 0.03326225280761719 0.03384619492750902
0 0.624458386347844 0.6365322699913611 0.026561590341421273 0.027204513549804688
0 0.430663695702186 0.788784907414363 0.033272082989032455 0.03458844698392428
0 0.785675415625939 0.6724269573505108 0.018732070922851562 0.018919871403620794
0 0.4503428019010104 0.2989490582392766 0.02538270216721755 0.02524229196401743
0 0.49965429306030273 0.7485640599177434 0.017432506267841045 0.017113612248347357
0 0.26927898480341983 0.6664359752948468 0.029420999380258415 0.029672769399789665
0 0.7748461503248948 0.9118309020996094 0.025271195631760817 0.02529481741098257
0 0.3009471526512733 0.8679459645197942 0.016423372121957634 0.01625545208270733
0 0.4515828352708083 0.9579014411339393 0.019437423119178183 0.019025069016676683
0 0.27863372289217436 0.9518742194542518 0.021158475142258864 0.021359663743239183
0 0.6746799028836764 0.8493712498591497 0.021494498619666465 0.021554213303786058
0 0.3941918153029222 0.9193134307861328 0.018930435180664062 0.018662085899939902
0 0.24241282389714167 0.08654360587780292 0.03652763366699219 0.03641440318180965
0 0.24369353514451247 0.7511649498572717 0.024042056157038763 0.024287590613731973
0 0.6288846822885367 0.798836194551908 0.02746438980102539 0.02712279099684495
0 0.35823917388916016 0.8486090440016526 0.020182682917668268 0.020482870248647835
0 0.7118888268103967 0.8312989748441256 0.02078863290640024 0.0207217289851262
0 0.5370566294743464 0.783780024601863 0.015978152935321514 0.015809132502629206
0 0.7732175680307242 0.8734585688664362 0.017136353712815505 0.017053750845102165
0 0.31262962634746844 0.7998958000769982 0.02745347756605882 0.027190575232872598
0 0.25223596279437727 0.9672613877516526 0.02593825413630559 0.026455218975360576
0 0.34460082420936 0.3476998989398663 0.017806273240309495 0.018021803635817308
0 0.416813667003925 0.9212000920222356 0.017456861642690804 0.017748612623948317
0 0.65216431250939 0.9826648418719952 0.021256373478816107 0.020436507004957933
0 0.7939266791710486 0.9167870741624099 0.01913906977726863 0.019578200120192308
0 0.42658695807823765 0.7272046162531927 0.02565464606651893 0.025822859544020433
0 0.2243334146646353 0.9857535729041467 0.017431992750901442 0.016857440655048076
0 0.6408902681790866 0.5541916627150315 0.022372025709885817 0.02257823944091797
0 0.4958290686974159 0.27212949899526745 0.016912020169771634 0.016824942368727464
0 0.5813606702364408 0.8311004638671875 0.016237405630258415 0.016267042893629808
0 0.6224018243642954 0.8986577987670898 0.02618070749136118 0.026304244995117188
0 0.39672481096707857 0.8327708611121545 0.016548303457406852 0.016143652108999398
0 0.46806731590857875 0.7948932647705078 0.02395776601938101 0.02336854201096755
0 0.48477473625769985 0.550399376795842 0.016367252056415264 0.01644141857440655
0 0.2366516773517315 0.6744231444138747 0.04196240351750301 0.04246300917405348
0 0.5616987301753118 0.462585082420936 0.02059349646935096 0.02037987342247596
0 0.5470043329092172 0.13783591527205247 0.0449375739464393 0.04440892659700834
0 0.5352091422447791 0.8479110277616061 0.017946683443509616 0.017657353327824518
0 0.27424333645747256 0.930663695702186 0.01717794858492338 0.016957503098707933
0 0.7724647521972656 0.057085660787729114 0.030358534592848558 0.03049019666818472
0 0.3812846403855544 0.7528397486760066 0.018088854276216947 0.01784339317908654
0 0.32796316880446214 0.2618544651911809 0.02685121389535757 0.026876082787146933
0 0.25591318423931414 0.8732447257408729 0.017111924978402946 0.017421869131234977
0 0.46827147557185245 0.24269034312321588 0.018777847290039062 0.018748650184044473
0 0.35275360254141 0.9306758000300481 0.019422384408804085 0.01921257605919471
0 0.6663640829233023 0.9007970369779147 0.01640481215256911 0.016489322368915264
0 0.290343321286715 0.3866432630098783 0.018345099229079027 0.0186920166015625
0 0.2607615911043607 0.22743500196016753 0.021594414344200723 0.022119448735163763
0 0.7922835716834435 0.8424282073974609 0.015854321993314303 0.015743255615234375
0 0.4251052416287936 0.8517277057354267 0.025774002075195312 0.026212252103365384
0 0.6049762138953576 0.575137395125169 0.025558911837064303 0.025316605201134317
0 0.7922368416419396 0.9683959667499249 0.017071944016676683 0.017112145057091348
0 0.3812284469604492 0.9256898439847506 0.021693596473106973 0.021962092472956732
0 0.5870029742901142 0.7071049030010517 0.016549037053034857 0.016556959885817308
0 0.680696047269381 0.7976789474487305 0.01712652353140024 0.017064021183894232
0 0.3767222257760855 0.7722578782301682 0.019465886629544772 0.019997670100285456
0 0.751981074993427 0.447967162499061 0.015065853412334736 0.015302511361929087
0 0.20352550653310922 0.9384538210355319 0.018115116999699518 0.023484450120192308
0 0.527797478895921 0.7683712885929987 0.016831324650691107 0.016756497896634616
0 0.6587559626652644 0.8413330958439753 0.015401693490835337 0.015528458815354567
0 0.6523173405573919 0.8024095388559195 0.017058739295372598 0.01719489464393029
0 0.6968606802133414 0.015127651966535129 0.03417117779071514 0.027874955764183633
0 0.23026029880230242 0.8403775141789362 0.01876178154578576 0.018480741060697116
0 0.799069331242488 0.9536700615516076 0.012508685772235576 0.0157467768742488
0 0.5438154660738431 0.47148953951322115 0.017315791203425482 0.017708338223970853
0 0.4285702705383301 0.7620939108041617 0.020557256845327523 0.020586453951322116
0 0.5211549172034631 0.6968488693237305 0.01801476111778846 0.01744666466346154
0 0.43456477385300857 0.6937704819899339 0.03726665790264423 0.03764783419095553
0 0.42696908804086536 0.28366980185875523 0.023688536423903245 0.02410301795372596
0 0.7599474099966196 0.9045526064359225 0.024944305419921875 0.024416116567758415
0 0.3261367357694186 0.2427213375384991 0.021912354689378005 0.02151012420654297
0 0.5345580761249249 0.6148236348078802 0.01925028287447416 0.019426639263446514
0 0.4298545030447153 0.7458058870755709 0.015725355881911058 0.015442187969501201
0 0.23604644261873686 0.7877371861384466 0.029930554903470553 0.0299227787898137
0 0.45781968190119815 0.7255675976092999 0.03874485309307392 0.03946773822490986
0 0.42001885634202224 0.34404956377469575 0.016544488760141227 0.016417283278245192
0 0.5374670762282151 0.8633472736065204 0.015466543344350962 0.015004964975210337
0 0.7329062681931716 0.9647978269136869 0.01676001915564904 0.01666113046499399
0 0.7084793677696815 0.7636846395639273 0.015793433556189902 0.015926214364858773
0 0.6419990979708158 0.70989256638747 0.01588131831242488 0.015870314378004808
0 0.3722477692824144 0.8649855393629807 0.014293670654296875 0.014734708345853366
0 0.33530572744516224 0.37690074627216047 0.01934682405911959 0.019322321965144232
0 0.7911243438720703 0.9387441781850961 0.017397660475510817 0.01771369347205529
0 0.7346432025615985 0.9629413898174579 0.020168891319861777 0.020028334397536058
0 0.25848957208486706 0.8745819972111628 0.018809135143573467 0.018616749690129206
0 0.6339978438157302 0.3776665467482347 0.03189761822040264 0.032713083120492786
0 0.5477002950815054 0.7051309438852164 0.019679876474233773 0.019837599534254808
0 0.3676729935866136 0.7095571664663461 0.021309485802283652 0.0213168217585637
0 0.30298636509821963 0.7815823188194861 0.014905416048490085 0.015162834754356971
0 0.4585414299598107 0.7328683412992038 0.02944608835073618 0.028693419236403245
0 0.6864666571983924 0.6493471585787259 0.01803720914400541 0.01799187293419471
0 0.3390244704026442 0.7362213134765625 0.015088594876802884 0.015001737154447116
0 0.4818153381347656 0.7446233309232272 0.018775132986215446 0.01870140662560096
0 0.3190421691307655 0.4448799720177284 0.04929835979755108 0.049991460946890026
0 0.4246025819044847 0.28133473029503453 0.02925696739783654 0.02913078894981971
0 0.5756368270287147 0.7815383764413687 0.01482376685509315 0.014640367948091947
0 0.43207982870248646 0.25862937707167405 0.022263453556941107 0.02215708219088041
0 0.6775944049541767 0.9072837095994216 0.016124431903545674 0.016067945040189303
0 0.6200645153339093 0.6862961695744441 0.014298328986534705 0.014367617093599759
0 0.7172624147855319 0.45224908682016224 0.015674737783578727 0.01570892333984375
0 0.3063577138460599 0.4026039930490347 0.019586783189039964 0.019919395446777344
0 0.38630210436307466 0.9239692687988281 0.02913981217604417 0.02869562002328726
0 0.5589304337134728 0.5253274624164288 0.02521815666785607 0.02547792287973257
0 0.6032054240886981 0.8942450009859525 0.015308306767390324 0.014962122990534855
0 0.21952326481158918 0.2758067204402043 0.016512430631197415 0.016234764685997598
0 0.6353909419133112 0.9486079582801232 0.017281165489783652 0.017826373760516826
0 0.796879034775954 0.8686926915095403 0.014865581805889424 0.016362116887019232
0 0.7581188495342548 0.9014249948354868 0.0276486323429988 0.027227255014272835
0 0.5320027424738958 0.496094116797814 0.018147395207331732 0.017809501061072715
0 0.5592859708345853 0.29071699655972993 0.057933807373046875 0.05760739399836613
0 0.52611754490779 0.20599621992844802 0.021742600661057692 0.02220740685096154
0 0.3929139650785006 0.9865530454195462 0.027248235849233773 0.022902562068058893
0 0.7216399266169622 0.04570014201677763 0.0163116455078125 0.01632691346682035
0 0.6021301562969501 0.6472115149864783 0.018854141235351562 0.019038273737980768
0 0.45684631054218 0.7839634235088642 0.015903546259953424 0.01591623746431791
0 0.362248053917518 0.199005860548753 0.014837338374211239 0.014702613537128154
0 0.6712133701031024 0.8891412294827975 0.015670629648061898 0.014953173123873197
0 0.44639880840594953 0.27812756024874175 0.02039344494159405 0.021192037142240085
0 0.5120541499211237 0.9158672186044546 0.01910884563739483 0.01923531752366286
0 0.6285931513859675 0.8938305194561298 0.03600355295034555 0.034834054800180286
0 0.5569549340468186 0.19028735160827637 0.018582490774301384 0.018475936009333685
0 0.7518988389235276 0.8926440018873948 0.022232495821439303 0.021000201885516826
0 0.7181052428025466 0.7812932821420523 0.016727300790640023 0.016672867995042067
0 0.6644237224872296 0.6847340510441706 0.017371397752028245 0.017345281747671273
0 0.32899929926945615 0.21986191089336687 0.022374373215895433 0.022118348341721755
0 0.5101660581735464 0.49121328500600964 0.022719383239746094 0.02301025390625
0 0.3648482836209811 0.24422430992126465 0.015606953547551082 0.015811369969294622
0 0.46181568732628453 0.6866447008573092 0.02091040978064904 0.02149053720327524
0 0.47035848177396333 0.7658229241004357 0.016057674701397236 0.015865472646859977
0 0.7548056382399339 0.8985889141376202 0.02952267573429988 0.031036523672250602
