0 0.2415767266200139 0.09562133825742282 0.09877230570866512 0.09930032950181228
0 0.07238547618572529 0.40628759677593523 0.09369237606342022 0.09280197436992939
0 0.35691033876859224 0.5710017130925105 0.08143175565279447 0.08144158583420974
0 0.7673169649564303 0.7824203784649189 0.09575491685133714 0.09600331233097957
0 0.9385320223294772 0.7855139512282151 0.09003272423377404 0.09829110365647536
0 0.06087330671457144 0.8212087337787335 0.07457890877356896 0.07502409128042367
0 0.1599748134613037 0.2558766144972581 0.06991870586688702 0.07053749377910908
0 0.6023432658268855 0.5447265184842623 0.10874132009652945 0.1085507319523738
0 0.1891172115619366 0.6470168187068059 0.04564109215369591 0.04592044536884014
0 0.23987058492807242 0.6616741327139047 0.05250138502854567 0.052402643057016224
0 0.21427341607900766 0.9234145237849309 0.049055979802058294 0.04839016841008113
0 0.44866092388446516 0.7297998575063852 0.019894233116736777 0.019863128662109375
0 0.1858382775233342 0.34224568880521333 0.050253097827617936 0.05040887685922476
0 0.3990971491887019 0.28703638223501354 0.05822005638709435 0.057967185974121094
0 0.4843493608328012 0.07251419929357675 0.08801981119009164 0.08817853377415584
0 0.32001917178814226 0.45786718221811146 0.07536734067476712 0.0761250715989333
0 0.49945435157189 0.39883995056152344 0.05470085144042969 0.05470437269944411
0 0.31517799084003156 0.7730314548198993 0.10865081273592435 0.11017975440392128
0 0.18011001440194938 0.6871794187105619 0.03316020965576172 0.03289354764498197
0 0.7643280762892503 0.23351517090430626 0.035783034104567304 0.035939510052020736
0 0.4094484035785382 0.6770308567927434 0.024405259352463942 0.024334834172175482
0 0.2902972331413856 0.5748454607450045 0.05306863784790039 0.053966522216796875
0 0.20029917130103478 0.5561768458439753 0.04113483428955078 0.040676263662484974
0 0.6525287628173828 0.18409288846529448 0.02881622314453125 0.028885621290940505
0 0.6825188856858474 0.3172026780935434 0.07284956711989182 0.0720834732055664
0 0.3256078133216271 0.9388506229107196 0.02286368149977464 0.022915766789362982
0 0.4292777134821965 0.07144565765674298 0.02427247854379507 0.02430422489459698
0 0.524693855872521 0.20790730989896333 0.06078558701735277 0.06109267014723558
0 0.9514067723200872 0.6717036320612981 0.0582281259390024 0.059073228102463946
0 0.04788810473221999 0.7104016083937424 0.06899780493516189 0.08060352618877704
0 0.4060081335214468 0.6988236353947566 0.016187080970177285 0.016211876502403848
0 0.530732301565317 0.5800397579486554 0.04456754831167368 0.04451458270733173
0 0.690356181218074 0.6149096855750451 0.06466396038348858 0.06523939279409555
0 0.6223872258112981 0.4535621496347281 0.08423629173865685 0.08380743173452523
0 0.2750910979050856 0.24346672571622407 0.057783933786245495 0.05840154794546274
0 0.837036866408128 0.7800246752225436 0.039544325608473554 0.03963925288273738
0 0.8129331148587741 0.4534046466533954 0.07301976130558895 0.07362196995661809
0 0.8726479456974909 0.20712804794311523 0.020993452805739183 0.020916058466984674
0 0.31185340881347656 0.9084636981670673 0.198152835552509 0.18361429067758414
0 0.6135324331430289 0.3179938242985652 0.05251664381760817 0.05398831000694862
0 0.132630494924692 0.3129157286423903 0.07837530282827523 0.07717293959397536
0 0.8771989528949444 0.3298221734853891 0.020885320810171273 0.021007684560922477
0 0.3018217086791992 0.3019954791435829 0.05276753352238582 0.052985154665433444
0 0.3995497776911809 0.8095516791710486 0.10465372525728665 0.1044604961688702
0 0.6214134509746845 0.12528582719656137 0.07223848196176383 0.07160084064190204
0 0.9339837294358474 0.3532127600449782 0.05979449932391827 0.06032276153564453
0 0.8775306114783654 0.4111147660475511 0.053773733285757214 0.05420523423414964
0 0.2753716982327975 0.5393711970402644 0.04578715104323167 0.046422518216646634
0 0.12019918515132023 0.1989277142744798 0.027370452880859375 0.027066964369553786
0 0.23470937288724458 0.8180747398963342 0.027826455923227165 0.02800295903132512
0 0.4155462705172025 0.5901286785419171 0.028601573063777044 0.02874301030085637
0 0.03112438779610854 0.1569233490870549 0.03977099290260902 0.04208172284639799
0 0.07512259483337402 0.9286123422475961 0.030513671728280876 0.03035560021033654
0 0.9267550248366135 0.13021302223205566 0.0177001953125 0.017522518451397236
0 0.6790489783653846 0.6673277341402494 0.016556373009314902 0.01670690683218149
0 0.18377054654634917 0.41917481789222133 0.04539849207951473 0.044182924123910755
0 0.8610873589148889 0.35256316111638 0.03652044442983774 0.03751798776479868
0 0.17068030284001276 0.5817342904897836 0.023995399475097656 0.02382835975060096
0 0.5993525798504169 0.26744813185471755 0.04927363762488732 0.048731363736666165
0 0.2977474286006047 0.6676577054537259 0.04172391157883864 0.04274793771597055
0 0.5774722099304199 0.38745564680833083 0.0437005116389348 0.04341257535494291
0 0.9008384851308969 0.6290664672851562 0.07324732266939603 0.07162185815664437
0 0.8109447772686298 0.2513143466069148 0.05734751774714543 0.05710161649263822
0 0.8281357104961689 0.7178200941819411 0.028102874755859375 0.028377239520733174
0 0.03228279718985924 0.7469040797306941 0.0175248751273522 0.017536750206580527
0 0.8032937416663537 0.2042997800386869 0.015174132127028245 0.015182201678936299
0 0.5921781613276556 0.1598510558788593 0.036669290982759915 0.03708839416503906
0 0.29784910495464617 0.15504064926734337 0.06939037029559796 0.0695036007807805
0 0.4999641271737906 0.5567802282480093 0.03705024719238281 0.03693947425255409
0 0.4943523406982422 0.6703287271352915 0.014975767869215745 0.014842987060546875
0 0.8325157165527344 0.5995649191049429 0.0705252427321214 0.06924790602463943
0 0.5589390901418833 0.14260345238905686 0.01934227576622596 0.019469041090745192
0 0.563998295710637 0.18430016590998724 0.05955035869891827 0.06008691054124098
0 0.2514000672560472 0.836007338303786 0.02253444378192608 0.02254310021033654
0 0.08777677095853366 0.5414745991046612 0.027616606308863714 0.027374707735501803
0 0.9366840215829703 0.04337573509949904 0.017554356501652643 0.017625973774836615
0 0.2768176518953763 0.5029321450453538 0.015842767862173226 0.015839870159442607
0 0.9717614100529597 0.22655853858360878 0.015359731820913462 0.015374110295222355
0 0.7524179311899039 0.9880896348219651 0.015150510347806491 0.014853257399338942
0 0.6375381763164814 0.4512739915114183 0.09907913208007812 0.09762059725247897
0 0.3524910853459285 0.1839897265801063 0.019559713510366585 0.019015055436354417
0 0.4821147918701172 0.4278751520010141 0.021985274094801683 0.022135221041165866
0 0.1348395164196308 0.45978832244873047 0.014521085298978366 0.014669858492337741
0 0.6703290205735427 0.20129836522615874 0.02977576622596154 0.029916910024789665
0 0.6668642484224759 0.8106146592360276 0.01862672659067007 0.018895956186147835
0 0.7539189412043645 0.5573325523963342 0.02078393789438101 0.020668469942533053
0 0.7832173567551833 0.18936597383939302 0.04395030095027043 0.04374394050011268
0 0.591710090637207 0.9389858245849609 0.03302412766676683 0.03278438861553486
0 0.4360770812401405 0.5738911995520959 0.027416302607609674 0.02675320551945613
0 0.16412170116718 0.7227862431452825 0.019196730393629808 0.019465813269981973
0 0.7346722529484675 0.44647106757530797 0.07882015521709736 0.08057741018442008
0 0.11872603343083309 0.10159932650052585 0.03784597837007963 0.0376287607046274
0 0.5587744346031775 0.47910411541278547 0.04739042428823618 0.04570212730994591
0 0.6702712132380559 0.5952146970308744 0.07004811213566707 0.07257828345665565
0 0.692173591026893 0.8281819270207331 0.13830155592698318 0.13910234891451323
0 0.567257441007174 0.8586288598867563 0.1144551497239333 0.11614153935359074
0 0.3724493980407715 0.9554724326500525 0.018581610459547777 0.01865240243765024
0 0.9672958667461689 0.7422008514404297 0.032416123610276446 0.03474837083082933
0 0.9765479748065655 0.029498753639367912 0.01959081796499399 0.035925631339733415
0 0.9644469481248122 0.8418744894174429 0.03985375624436598 0.06931084852952224
0 0.02426681839502775 0.965536851149339 0.022470900645622842 0.02820587158203125
0 0.10615038871765137 0.6420954190767728 0.1318514163677509 0.13518172044020432
0 0.7608027824988732 0.5068325629601111 0.06958066500150241 0.06923580169677734
0 0.2493455593402569 0.4543110774113582 0.014377373915452223 0.014493355384239784
0 0.6860218048095703 0.8195406106802133 0.018245110144981973 0.018401512732872598
0 0.5475844603318435 0.9463697580190805 0.014436281644381009 0.014168372521033654
0 0.920283317565918 0.7188698695256159 0.05139512282151442 0.050447904146634616
0 0.046049681993631214 0.3248147230881911 0.01681236120370718 0.016995796790489785
0 0.8331062610332782 0.3801595614506648 0.014537517841045674 0.014754735506497897
0 0.11838557169987605 0.33431331927959734 0.034561560704157904 0.034748077392578125
0 0.4674576245821439 0.5457863440880408 0.025118461022010215 0.024884884174053486
0 0.9170293074387771 0.3657985100379357 0.0760800288273738 0.07267687870905949
0 0.5890417832594651 0.6368525578425481 0.046423691969651446 0.04667227084820087
0 0.5704147999103253 0.8433424142690805 0.08865635211651142 0.08453193077674279
0 0.02091503831056448 0.4307518738966722 0.015936507628514215 0.02329107431265024
0 0.6480648334209735 0.8368401160606971 0.024899115929236777 0.02522894052358774
