0 0.49929967293372524 0.4551991682786208 0.2104192146888146 0.20949290348933294
0 0.31632570120004505 0.3394289016723633 0.07762351402869591 0.07752273632929875
0 0.7293046070979192 0.7462486853966346 0.22971241290752703 0.25650317852313703
0 0.3765376164362981 0.7451372880202073 0.06795707115760216 0.0684215839092548
0 0.41372291858379656 0.9091283358060397 0.09028698847844051 0.09217218252328727
0 0.8202411945049579 0.20671657415536734 0.0548095703125 0.06751456627478966
0 0.624120492201585 0.44254416685837966 0.04528588515061598 0.04615945082444411
0 0.6720215724064753 0.8857275155874399 0.06973736102764423 0.07085800170898438
0 0.5450870440556452 0.35269322762122524 0.023290047278771035 0.023443001967210036
0 0.28383665818434495 0.17828006010789138 0.07474165696364182 0.07487780314225417
0 0.717778205871582 0.48003856952373797 0.028195601243239183 0.02824225792518029
0 0.4937411821805514 0.5872665551992563 0.07659090482271634 0.0754704108605018
0 0.18341460594764122 0.07283191956006564 0.03208204416128305 0.03180933915651762
0 0.7853711935190054 0.9060190640963041 0.04766493577223558 0.0476080087515024
0 0.6689699613131009 0.14267956293546236 0.03917400653545673 0.03927935086763822
0 0.6499757033128005 0.5840622828556941 0.03386130699744591 0.03357139000525841
0 0.45652400530301607 0.24516589824969953 0.0329278065608098 0.03273421067457933
0 0.6517697114210862 0.18059378403883714 0.036864060621995196 0.03642353644737831
0 0.5461528484637921 0.08430458032167874 0.01979989271897536 0.01974659699660081
0 0.4823163839486929 0.23125729194054237 0.02911215562086839 0.028745431166428786
0 0.16871188237116888 0.9695462446946365 0.026408048776479866 0.03345533517690805
0 0.47417552654559797 0.09809306951669547 0.0386042961707482 0.03845398242657001
0 0.4689489511343149 0.8841991424560547 0.040866851806640625 0.04085394052358774
0 0.5234113473158616 0.06450894245734581 0.024341803330641527 0.024391687833345853
0 0.48859875018780047 0.7614198831411508 0.05800848740797777 0.058602553147536054
0 0.24021080824045035 0.6406596257136419 0.06276347086979793 0.06161792461688702
0 0.7209981771615835 0.8817666860727164 0.019619868351862982 0.019458477313701924
0 0.4276585212120643 0.11405211228590745 0.030791209294245794 0.03084259766798753
0 0.24456913654620832 0.21667902286236101 0.05332385576688326 0.052573864276592545
0 0.5869884857764611 0.01379632491331834 0.02533883314866286 0.024445767586047832
0 0.20649803601778471 0.11158973437089187 0.07719032581035908 0.07663281147296612
0 0.390383426959698 0.01990732092123765 0.04709185086763822 0.03830692859796377
0 0.4107632270226112 0.05233215368711031 0.041642262385441706 0.04212859043708214
0 0.6921517298771784 0.5396869365985577 0.03197523263784555 0.0321049323448768
0 0.5235512073223407 0.169770387502817 0.036635325505183294 0.03664786082047682
0 0.7649814899151142 0.9865521651047927 0.02942965580866887 0.02297049302321214
0 0.442442563863901 0.7569106175349309 0.027524287884051982 0.02753316439115084
0 0.7139405470628005 0.4392671585083008 0.016550504244290866 0.01671138176551232
0 0.7870451853825495 0.5379570447481595 0.023400233342097357 0.02344644986666166
0 0.6660028604360727 0.2525746272160457 0.026494833139272835 0.02687666966364934
0 0.6875165792611929 0.044299827172206 0.035232250507061295 0.03489265992091252
0 0.4677110818716196 0.6765382473285382 0.03453416090745192 0.03467104985163762
0 0.5868346874530499 0.24118516995356634 0.01871519822340745 0.018623755528376654
0 0.7811456827016977 0.6023300244258001 0.027069091796875 0.02653613457312951
0 0.445469489464393 0.33561413104717547 0.017418347872220553 0.017303320077749398
0 0.34460280491755557 0.06656084610865666 0.029100858248197116 0.029149587337787334
0 0.37068755810077375 0.9609545927781326 0.016185760498046875 0.016135435837965745
0 0.35618077791654146 0.45328587752122146 0.02392856891338642 0.02358700678898738
0 0.38729304533738357 0.2664768329033485 0.02642543499286358 0.02648507631742037
0 0.6593341827392578 0.26769630725567156 0.04204750061035156 0.04204515310434195
0 0.16996291967538688 0.22634044060340294 0.030313785259540264 0.031191459068885215
0 0.35250208928034854 0.6282321489774264 0.06779744074894832 0.06757926940917969
0 0.32456229283259463 0.5507895396305964 0.05512853769155649 0.05571321340707632
0 0.19266832791841948 0.6112136840820312 0.04331816159761869 0.044046842134915866
0 0.7201137542724609 0.5943208107581506 0.021334134615384616 0.02165955763596755
0 0.7325537021343524 0.38899370340200573 0.044353338388296276 0.04414030221792368
0 0.6040508563701923 0.21136098641615647 0.02159265371469351 0.020880809197059043
0 0.4151974091163048 0.676939450777494 0.055440535912146933 0.05612593430739183
0 0.8356778071476862 0.5333238014808068 0.017183743990384616 0.01753851083608774
0 0.26058600499079776 0.4960041779738206 0.0342560181250939 0.034108675443209134
0 0.7003220778245193 0.11216312188368577 0.023037543663611777 0.023331935589130107
0 0.21817915256206805 0.963413091806265 0.017786686237041768 0.017813755915715143
0 0.6605685307429388 0.4053688049316406 0.01445755591759315 0.014569649329552284
0 0.6868490072397085 0.2396691762484037 0.024454850416917067 0.024511410639836237
0 0.76799803513747 0.8592413388765775 0.015630575326772835 0.015871488131009616
0 0.6440612352811373 0.038052499294281006 0.017818157489483174 0.018102545004624587
0 0.2337652719937838 0.16838965049156776 0.04518054081843449 0.04500102996826172
0 0.21441954832810622 0.5950001936692458 0.019895076751708984 0.02022068317119892
0 0.3565245775076059 0.15971906368549055 0.018689889174241286 0.019015027926518366
0 0.18821006554823655 0.6390775533822867 0.03186354270348182 0.032503568209134616
0 0.7828053694504958 0.973655260526217 0.04542952317457933 0.0432885976938101
0 0.2564066923581637 0.5008194996760442 0.04299761698796199 0.04484998262845553
0 0.4667411950918344 0.6516339228703425 0.021338242750901442 0.021321663489708535
0 0.3099221816429725 0.2598366370567909 0.0396878902728741 0.04000502366286058
0 0.19702515235314003 0.9643434377817007 0.017440172342153695 0.017615098219651442
0 0.7274844829852765 0.1092678766984206 0.027371333195612982 0.02806428762582632
0 0.3566764318026029 0.16051622537466195 0.025093958928034857 0.024731856126051683
0 0.4203000802260179 0.07984496996952938 0.02374128194955679 0.02377131810555091
0 0.3101092485281137 0.9836919491107647 0.014955227191631611 0.015260402972881611
0 0.8323843295757587 0.2852910848764273 0.030098988459660456 0.033540578988882214
0 0.26810702910790074 0.47113902752216047 0.020116109114426833 0.02027130126953125
0 0.708038330078125 0.06012230653029222 0.02986291738656851 0.02997125112093412
0 0.5474001077505258 0.12586336869459885 0.024547576904296875 0.024527476384089544
0 0.2508533184344952 0.5073531957773062 0.04344881497896635 0.04375809889573317
0 0.6069308060866135 0.9795726629403921 0.04663540766789363 0.03817910414475661
0 0.24006909590501052 0.027476388674515944 0.0341796141404372 0.03421969597156231
0 0.218935306255634 0.9624098264254056 0.021485622112567607 0.021559495192307692
0 0.5220993482149564 0.15999702306894156 0.01610110356257512 0.015610988323505107
0 0.2474688016451322 0.5124122913067157 0.034893109248234674 0.03533744812011719
0 0.6113653916579026 0.9122602022611178 0.04960192166841947 0.049054659329927884
0 0.3812254392183744 0.6253018012413611 0.024686739994929388 0.02404165267944336
0 0.1617925350482647 0.1716132897597093 0.018544866488530085 0.02704466306246244
0 0.5094206883357122 0.7412663973294772 0.015064092782827524 0.015153444730318509
0 0.5351067689748911 0.7819297497089093 0.043622383704552285 0.04395147470327524
0 0.7131876578697791 0.608217349419227 0.014020039485051082 0.014124796940730168
0 0.18240132698645958 0.9250682684091421 0.05410267756535457 0.06858488229604867
0 0.7942262062659631 0.151695389014024 0.05563090397761418 0.0558010064638578
0 0.38817669795109677 0.18253601514376128 0.022145638099083535 0.02174487480750451
0 0.3839475925152118 0.47080546159010667 0.05298453110914964 0.054070546076847956
0 0.3185995908883902 0.6236930993887094 0.021919764005220853 0.02246548579289363
0 0.5387875116788424 0.24040643985454851 0.08605040036714993 0.08958222315861629
0 0.38794114039494443 0.5434061563931979 0.0170291020320012 0.017351884108323317
0 0.6013165987454928 0.25818527661837065 0.04504233140211839 0.04596222363985502
0 0.4854646095862755 0.5543760886559119 0.06738061171311599 0.06845929072453426
