0 0.5163846015930176 0.49617191461416393 0.06567082038292518 0.0658886249248798
0 0.2903093924889198 0.42437450702373797 0.07480298555814303 0.07431675837590145
0 0.7400211921105018 0.9589439538808969 0.04098862868088942 0.04130348792442909
0 0.7289764697735126 0.16386219171377328 0.060213675865760215 0.0602729137127216
0 0.7043740199162409 0.5315790909987229 0.05494191096379207 0.05506750253530649
0 0.4435734382042518 0.4452487505399264 0.06273240309495193 0.06232158954326923
0 0.2848330277663011 0.22257553614102876 0.056100698617788464 0.05567022470327524
0 0.6224625660822942 0.5455556282630334 0.04806591914250301 0.04785457024207482
0 0.48293172396146333 0.8554348578819861 0.06904059190016526 0.06893187302809495
0 0.6555589529184195 0.39031351529634917 0.08178080045259915 0.0818638434776893
0 0.3000708543337308 0.9219512939453125 0.05866509217482347 0.05830089862530048
0 0.2941430165217473 0.869113408602201 0.04806327819824219 0.048244329599233776
0 0.7436034862811749 0.3262916344862718 0.07238329373873197 0.07278669797457181
0 0.38656073350172776 0.7924630091740534 0.06949270688570462 0.06984182504507211
0 0.23115972372201773 0.6164134098933294 0.04476649944598858 0.04485786878145658
0 0.22120327215928298 0.17605895262498122 0.04828302676861103 0.04948733403132512
0 0.7688763691828802 0.7529800121600811 0.028652191162109375 0.028987884521484375
0 0.25355100631713867 0.841740241417518 0.06320968041053185 0.06265405508188102
0 0.32425873096172625 0.29333129295936 0.0447838856623723 0.045645713806152344
0 0.7828473311204177 0.4230640484736516 0.04881198589618389 0.06952674572284405
0 0.6788173088660607 0.6101327309241662 0.031223003680889424 0.03142767686110277
0 0.5003226353571966 0.42439409402700573 0.05639831836407001 0.05736409700833834
0 0.6813548895028921 0.5613539035503681 0.029579602755033053 0.029607332669771634
0 0.4563782765315129 0.3444532614487868 0.06545939812293419 0.06535522754375751
0 0.649470696082482 0.18305310836205116 0.023337437556340143 0.02358590639554537
0 0.3286157021155724 0.32294423763568586 0.03478651780348558 0.034769718463604264
0 0.3609808041499211 0.9334159264197717 0.03276744255652794 0.03290000328650841
0 0.6263621403620794 0.4421690794137808 0.020992572490985576 0.021044144263634317
0 0.31523752212524414 0.5244215451754056 0.02849160707913912 0.028411718515249398
0 0.7750581594613882 0.12339232518122746 0.057964324951171875 0.08741554847130409
0 0.44364254291240984 0.9710775522085336 0.05309280982384315 0.05119543809157152
0 0.6937056321364182 0.5931640771719126 0.018262716440054085 0.018186275775615986
0 0.7694109403170072 0.3787786043607272 0.05384973379281851 0.05349892836350661
0 0.42378000112680286 0.6544846754807693 0.016936742342435397 0.016876807579627402
0 0.4778264852670523 0.5029113476092999 0.021544823279747598 0.021586051354041465
0 0.6379127502441406 0.4757263477032001 0.05575440480158879 0.05654202974759615
0 0.3074755301842323 0.384881459749662 0.03946605095496544 0.03939371842604417
0 0.33368587493896484 0.21033114653367263 0.04097204941969652 0.04090169759897085
0 0.4652517025287335 0.2858320933121901 0.029761534470778245 0.029616282536433294
0 0.21194021518413836 0.5955097491924579 0.03904914855957031 0.061194199782151446
0 0.3371049440824069 0.7137355804443359 0.01690086951622596 0.016780559833233174
0 0.7457603307870718 0.6007678325359638 0.015997813298152044 0.015913963317871094
0 0.7301370180570163 0.06704628926057082 0.0646068866436298 0.0670697597356943
0 0.6760206956129807 0.04280602014981783 0.05672865647536058 0.056708152477557845
0 0.28290730256300706 0.3122404171870305 0.023576663090632513 0.02387523651123047
0 0.7706006857065054 0.5027082883394681 0.015838476327749398 0.015865912804236777
0 0.5362553229698768 0.5251841911902795 0.019531103280874398 0.019436762883112982
0 0.7460467265202448 0.7293144372793344 0.03603685819185697 0.03626236548790565
0 0.6632779928354117 0.5002231964698205 0.021700638991135817 0.02176812978891226
0 0.3529086479773888 0.5220255484947791 0.024419491107647236 0.024351853590745192
0 0.3407584703885592 0.5578151116004357 0.024868011474609375 0.024554619422325723
0 0.5655934260441706 0.5406748698307917 0.01709292485163762 0.016861988947941706
0 0.4195569111750676 0.2955901622772217 0.03269679729755108 0.03249846971951998
0 0.37260048206035906 0.9705299964317908 0.05095195770263672 0.05004471998948317
0 0.29257910068218523 0.17793941497802734 0.03427930978628305 0.03386827615591196
0 0.6732391944298377 0.5834109966571515 0.019902596106896035 0.019740178034855768
0 0.40300193199744594 0.7029396937443659 0.02589695270244892 0.025914412278395433
0 0.7882546644944411 0.34031394811776966 0.021792778602013223 0.02152589651254507
0 0.28737445978017956 0.5494721486018255 0.03157681685227614 0.03178743215707632
0 0.22463435393113357 0.2547808793874887 0.021690221933218148 0.021509647369384766
0 0.376863222855788 0.854003172654372 0.01829110659085787 0.018014174241286058
0 0.48186071102435774 0.9025541452261118 0.04002871880164513 0.040018668541541465
0 0.7259062253511869 0.2442183677966778 0.020904541015625 0.020357352036696214
0 0.23066608722393328 0.6568208841177133 0.014516390286959134 0.014742044302133413
0 0.3969230285057655 0.9390621185302734 0.038163918715256914 0.0383760012113131
0 0.5541337086604192 0.03650743456987234 0.014530475323016826 0.014554798603057861
0 0.40203101818378156 0.3462451421297513 0.03640615023099459 0.037087440490722656
0 0.7469916710486779 0.793735357431265 0.015921959510216348 0.01614555945763221
0 0.3141022462111253 0.5529116850632888 0.026383253244253304 0.02665372995229868
0 0.3832872464106633 0.6697208697979267 0.03253467266376202 0.03263400151179387
0 0.5957452333890475 0.5607401774479792 0.015760128314678486 0.01569527846116286
0 0.44711633828970104 0.4181389808654785 0.014858319209172176 0.015297742990347056
0 0.3362881220304049 0.6147782252385066 0.01683462583101713 0.016461005577674277
0 0.4031550334050105 0.4308147430419922 0.048932589017427884 0.04900404123159555
0 0.3886292530940129 0.7242767627422626 0.021770183856670674 0.02203090374286358
0 0.7606142484224759 0.0829778634584867 0.07227882972130409 0.07242275659854595
0 0.3324152139516977 0.47786653958834135 0.034372769869290866 0.033930264986478366
0 0.22920872614933893 0.35698219446035534 0.016723192655123197 0.01653737288254958
0 0.39698681464562047 0.4775213094858023 0.014479343707744893 0.0146942138671875
0 0.7612471947303185 0.21522624676044172 0.04576433621920072 0.045998573303222656
0 0.7232704162597656 0.24612918266883263 0.024467614980844352 0.02600383758544922
0 0.20548802155714768 0.6531593616192157 0.02645089076115535 0.03846535315880409
0 0.7287614528949444 0.2432118562551645 0.016943858220027044 0.017694436586820163
0 0.7112354865440955 0.20476038639362043 0.032508556659405045 0.03196257811326247
0 0.7451679523174579 0.7490413372333233 0.0173342778132512 0.01712182851938101
0 0.2648770992572491 0.2900359263786903 0.0243685062115009 0.023856309744027946
0 0.7158087950486404 0.7339938970712515 0.015685888437124398 0.015976832463191107
0 0.5145703829251803 0.977242689866286 0.04652837606576773 0.041615852942833535
