0 0.7520590562086839 0.9103282048152044 0.25755852919358474 0.18054756751427284
0 0.858088493347168 0.31304043989915115 0.08165682279146634 0.0906690450815054
0 0.44533377427321214 0.15224030384650597 0.04678667508638822 0.04689295475299542
0 0.5342257939852201 0.8892236856313852 0.06002125373253456 0.059729356032151446
0 0.8322158960195688 0.24196879680340105 0.05131193307729868 0.051380194150484525
0 0.7636721684382513 0.1938621814434345 0.026749830979567308 0.02647062448354868
0 0.20295862051156852 0.22693714728722206 0.027751335730919473 0.027640416071965143
0 0.5490359893211951 0.8376187544602615 0.024049685551570013 0.024037874661959134
0 0.8593347256000226 0.6806042744563177 0.022386844341571514 0.02254207317645733
0 0.5180146143986628 0.8182744246262771 0.031751045813927285 0.03163411067082332
0 0.21779361137977013 0.7177498157207782 0.019292758061335638 0.019328777606670674
0 0.7196605388934796 0.4964372194730319 0.019945584810697116 0.019832611083984375
0 0.2433318724999061 0.6996756333571214 0.024460719181941107 0.024332193227914665
0 0.7512631049522986 0.5038075080284705 0.018266824575570915 0.018074182363656852
0 0.8199031536395733 0.817378410926232 0.019280653733473558 0.019371179433969352
0 0.6772601787860577 0.43079522939828724 0.02549406198354868 0.025696534376878005
0 0.4075855842003456 0.8889719889714167 0.017808840825007513 0.0177609370304988
0 0.718188579265888 0.19507540189302885 0.021040843083308294 0.02136362515963041
0 0.48274905865009016 0.7141355367807242 0.016538179837740384 0.016270857590895433
0 0.31074931071354794 0.4539180168738732 0.020125755896935098 0.020282158484825723
0 0.5991756732647235 0.9367196743304913 0.024729068462665264 0.02496059124286358
0 0.5902899962205154 0.5107044073251578 0.02759684049166166 0.027071732741135817
0 0.6516981858473557 0.5837006935706506 0.029282349806565505 0.029158665583683893
0 0.5588309214665339 0.032930222841409534 0.02429786095252404 0.024385819068321817
0 0.7963123321533203 0.036574794695927546 0.022611471322866585 0.022464504608741172
0 0.12167487694666936 0.2018281496488131 0.016695150962242715 0.01660295633169321
0 0.7959967393141526 0.637916271503155 0.016427260178786058 0.0163119389460637
0 0.678562751183143 0.8343703930194561 0.016450148362379808 0.01647332998422476
0 0.4956717857947716 0.25677673633282 0.020511773916391227 0.02023454812856821
0 0.12789553862351638 0.2673674546755277 0.05309794499323918 0.05790406007033128
0 0.11918177971473107 0.030738170330341045 0.016007203322190505 0.015676085765545186
0 0.716923346886268 0.3709730001596304 0.02226682809682993 0.02262291541466346
0 0.7067055335411658 0.44815595333392805 0.017212794377253607 0.01734476823073167
0 0.6377035287710336 0.9305418454683744 0.016063103309044473 0.015921666071965143
0 0.8421283135047326 0.2778041179363544 0.05420274000901442 0.05389323601355919
0 0.8222732543945312 0.4341913369985727 0.01595922616811899 0.015664027287409857
0 0.11018507297222431 0.10840467306283805 0.01247712282034067 0.016569174253023587
0 0.2545920518728403 0.04505582956167368 0.014398574829101562 0.014534574288588304
0 0.357179751762977 0.6738950289212741 0.0311281497661884 0.03206693209134615
0 0.786720716036283 0.9563742417555589 0.015675471379206732 0.015752205481896035
0 0.2785644164452186 0.48512818263127255 0.014716881972092848 0.014635672936072716
0 0.7551847604604868 0.7620280339167669 0.016139103816105768 0.01627936730018029
0 0.7361202239990234 0.361236205467811 0.013991722693810096 0.013881536630483774
0 0.6359464205228366 0.6564363332895132 0.01887790973369892 0.018952002892127402
0 0.2203657627105713 0.4448539293729342 0.014939381526066707 0.014815330505371094
0 0.7393731337327224 0.6426366659311148 0.038085644061748795 0.0378576425405649
0 0.20073712789095366 0.11224518372462346 0.019556559049166165 0.019769870317899264
0 0.7887119880089393 0.8175216087928185 0.014899914081280049 0.014838878925030049
0 0.12707996368408203 0.606782289651724 0.015354229853703426 0.015273387615497295
0 0.8190093407264123 0.12376703665806697 0.016806969275841348 0.016948351493248574
0 0.22670379051795372 0.17829333818875825 0.016971294696514424 0.016960950998159554
0 0.6041104610149677 0.9882379678579477 0.018378477830153245 0.01779306851900541
0 0.2589998978834886 0.4798296781686636 0.014436061565692607 0.014337979830228366
0 0.8494633894700271 0.741964707007775 0.023418426513671875 0.0238955571101262
0 0.4840241212111253 0.7530116301316482 0.017825786884014424 0.01795035142164964
0 0.814552747286283 0.3986751116239108 0.10976556631234977 0.11029434204101562
0 0.5744323363670936 0.9903897505540115 0.017669017498309795 0.01635566124549279
0 0.2565261217264029 0.44313812255859375 0.014553436866173377 0.014610583965594951
0 0.5665258260873648 0.5150227913489709 0.016823841975285456 0.0167538569523738
0 0.7872191209059495 0.18654434497539812 0.02149053720327524 0.021729029141939603
0 0.7468423109788161 0.037448571278498724 0.019508948692908652 0.019796894146845892
0 0.6372206761286809 0.5647377234238845 0.014490567720853366 0.014534950256347656
0 0.20961970549363357 0.9724567853487455 0.02881035437950721 0.02707187946026142
0 0.4208656457754282 0.06348951963277963 0.0520782470703125 0.05176366292513334
0 0.5594702500563401 0.4340825447669396 0.015433678260216346 0.0153810060941256
0 0.3404211631188026 0.9332191760723407 0.018142846914438102 0.018339890700120192
0 0.8026230151836689 0.2676073404458853 0.0231173588679387 0.022959012251633864
0 0.8798185495229868 0.39141361530010516 0.037706815279447116 0.05345931419959435
0 0.1464299880541288 0.5733070373535156 0.015623954626230093 0.015798128568209134
0 0.7813020852895883 0.3358955383300781 0.017802311823918268 0.01778521904578576
0 0.6870059967041016 0.4930622394268329 0.014914145836463341 0.014996601985051082
0 0.1536120634812575 0.12999400725731483 0.015496474045973558 0.015327141835139347
0 0.40179054553692156 0.7749306605412409 0.014416694641113281 0.014481471135066105
0 0.6761135688194861 0.7919390018169696 0.01509387676532452 0.014976794903094951
0 0.12150134490086482 0.8183951744666467 0.0373833729670598 0.039112091064453125
