0 0.43319093264066255 0.4124276821429913 0.02806436098538912 0.02803318317119892
0 0.21620783439049354 0.5717433049128606 0.019027269803560697 0.01902624276968149
0 0.3721970044649564 0.8851430599506085 0.023843765258789062 0.023981387798602764
0 0.7848770435039814 0.4431943159836989 0.02140632042518029 0.021367586576021634
0 0.17081818213829628 0.6577579058133639 0.018006398127629206 0.018083572387695312
0 0.406774850992056 0.5703801741966834 0.026494172903207634 0.02646042750431941
0 0.32547969084519607 0.4654843990619366 0.022599146916316107 0.022362195528470553
0 0.8406474773700421 0.28235310774583083 0.01768640371469351 0.017735371222862832
0 0.18118902353140023 0.28359079360961914 0.02094576908991887 0.020855170029860277
0 0.09490658686711238 0.6121236360990084 0.01847241475031926 0.0185702397273137
0 0.7350238653329703 0.8429145812988281 0.018607066227839544 0.01879736093374399
0 0.07095048977778508 0.2537481968219464 0.017490460322453424 0.01760724874643179
0 0.6091315196110652 0.4416952133178711 0.017406610342172477 0.01761495150052584
0 0.36176692522489107 0.4404496413010817 0.018405840947077826 0.018404593834510215
0 0.8421715956467849 0.42331512157733625 0.01619749802809495 0.016253251295823317
0 0.30069398880004883 0.18898439407348633 0.01624613541823167 0.016432468707744893
0 0.41893298809344953 0.9905592845036433 0.026011540339543268 0.016204980703500602
0 0.451111573439378 0.5495983270498422 0.016493870661808893 0.01661051236666166
0 0.37107335604154146 0.20531729551462027 0.01660332312950721 0.016773517315204326
0 0.4158791028536283 0.17753355319683367 0.01593927236703726 0.016156856830303486
0 0.22675162095289964 0.6128300153292142 0.015053382286658654 0.015203475952148438
0 0.4938218043400691 0.8164559144240159 0.01959389906663161 0.019717289851262018
0 0.8267521491417518 0.7488773052509015 0.015257028432992788 0.01523135258601262
0 0.24524839107806867 0.2543012729057899 0.015357200915996846 0.015361345731295072
0 0.10236670420720027 0.23678086354182318 0.016260110414945163 0.016267923208383415
0 0.4274804408733661 0.6089020508986253 0.022268001849834736 0.02242147005521334
0 0.5282391034639798 0.03569286373945383 0.01538863548865685 0.015365495131565975
0 0.8904976477989783 0.98711424607497 0.015160487248347355 0.015444242037259616
0 0.7647976508507361 0.07479072075623733 0.01465606689453125 0.014983002956096943
0 0.6426749596228967 0.19822881771967962 0.015240009014423076 0.014935566828801082
0 0.4163753069364108 0.3192874468289889 0.015005111694335938 0.015078031099759616
0 0.40252872613760143 0.6195063224205604 0.014783052297738882 0.014875411987304688
0 0.3945037034841684 0.5183082360487717 0.015568219698392428 0.015369268564077524
0 0.7043773944561298 0.7937155503493089 0.014697441687950721 0.014818631685697116
0 0.47979369530311 0.7753254817082331 0.015069814828725962 0.014796623816856971
0 0.6691378079927884 0.4831189008859488 0.014198596660907451 0.014157515305739183
0 0.9502677917480469 0.38578026111309344 0.014642862173227163 0.014497610238882212
0 0.2895915691669171 0.31322622299194336 0.014511548555814303 0.014800585233248197
0 0.4572953444260817 0.4399326764620267 0.014003900381234976 0.014388011052058293
0 0.31877811138446516 0.83435792189378 0.014244519747220553 0.014235569880558895
0 0.8959653560931866 0.7827178514920748 0.014484258798452524 0.014892137967623197
0 0.4210810294518104 0.6210228846623347 0.02082369877741887 0.02042590654813326
0 0.22493485304025504 0.3360004791846642 0.013536196488600511 0.01388080303485577
0 0.558692638690655 0.5036167731651893 0.013880362877478966 0.014072271493765024
0 0.8265933990478516 0.622776618370643 0.013837814331054688 0.013755504901592549
0 0.405119382418119 0.5246202028714694 0.013593453627366286 0.01404417478121244
