0 0.4587066356952374 0.5428208204416128 0.021725581242487982 0.021347559415377103
0 0.6017370957594651 0.6287695077749399 0.019574825580303486 0.01946229201096755
0 0.11434548634749192 0.8265653756948618 0.024324582173274115 0.02429991502028245
0 0.3835760996891902 0.3750274364764874 0.020432398869441107 0.020604793842022236
0 0.44948673248291016 0.05049060399715717 0.022025328416090745 0.021924422337458685
0 0.4236653768099271 0.3212190041175255 0.02041288522573618 0.020438561072716348
0 0.5411858191856971 0.06960914226678702 0.021401625413161058 0.02139739806835468
0 0.18660987340486968 0.3337114774263822 0.021163390232966497 0.02131043947660006
0 0.5130675389216497 0.73742308983436 0.02218349163348858 0.022187012892503005
0 0.49263814779428333 0.1383496798001803 0.020554469181941107 0.02050168697650616
0 0.15265376751239484 0.2766839907719539 0.017820284916804388 0.017824172973632812
0 0.6116002522982084 0.8105390255267804 0.017107376685509317 0.016985966609074518
0 0.6113993571354792 0.7556309333214393 0.018206963172325723 0.018115997314453125
0 0.4716965601994441 0.21980692790104792 0.018866905799278848 0.018877542935884915
0 0.30438723930945766 0.4236493477454552 0.017465664790226862 0.017435514009915866
0 0.12285173856295072 0.3236273985642653 0.017696380615234375 0.01771398691030649
0 0.5969208203829252 0.6996302237877479 0.01822486290564904 0.018285457904522236
0 0.32049861321082485 0.8422092291025015 0.020415819608248197 0.02049871591421274
0 0.8648569400493915 0.21032320536099947 0.015821456909179688 0.015801759866567757
0 0.5469375757070688 0.5882124534020057 0.017422309288611777 0.017498016357421875
0 0.36523030354426456 0.8294821519118089 0.01724866720346304 0.017505939190204326
0 0.5204374606792743 0.6827112344595102 0.018295141366811898 0.018279442420372598
0 0.5107566026540903 0.6074625895573542 0.02955906207744892 0.029418064997746393
0 0.18647175568800706 0.673424060528095 0.01549838139460637 0.015686915471003607
0 0.530552864074707 0.62927796290471 0.021246690016526442 0.021403386042668268
0 0.3342721645648663 0.9621711144080529 0.01620652125431941 0.01633585416353666
0 0.5063380461472732 0.5591533367450421 0.01770672431358924 0.017795269305889424
0 0.4893377744234525 0.6212108318622296 0.01951452401968149 0.019349941840538613
0 0.38060463391817534 0.8330959906944861 0.015379098745492788 0.015740321232722357
0 0.4853339928847093 0.6762497241680439 0.01611438164344201 0.01620938227726863
0 0.5309402759258564 0.642003792982835 0.017952992365910456 0.01812744140625
0 0.5905280113220215 0.9899996243990384 0.015294441810021034 0.015085953932542067
0 0.41745769060575044 0.2685645910409781 0.014809241661658654 0.014656470372126652
0 0.4385998799250676 0.7670371715839093 0.016373854417067308 0.0163882328913762
0 0.5155892738929162 0.19727145708524263 0.014792515681340145 0.014558498676006611
0 0.5603485107421875 0.44405548389141375 0.014263153076171875 0.014163970947265625
0 0.8332950151883639 0.49178802050077 0.014383169320913462 0.014321547288161058
0 0.33635242168719953 0.8595317693857046 0.015108842116135817 0.015243823711688701
0 0.3311596650343675 0.3237432333139273 0.014320666973407451 0.014512135432316707
0 0.3611662204448993 0.9662343538724459 0.015672683715820312 0.016016446627103366
0 0.3183170465322641 0.5308297230647161 0.01411731426532452 0.01405627910907452
0 0.8854876298170823 0.07716339368086594 0.013976170466496395 0.013849790279681865
0 0.15357290781461275 0.37677497130173904 0.013675469618577223 0.013764674846942607
0 0.45786113005418044 0.7679091233473557 0.014699935913085938 0.014643155611478366
0 0.8904900184044471 0.6990905174842248 0.01358501727764423 0.013863196739783654
0 0.21053625987126276 0.4455587680523212 0.013769810016338643 0.013730269211989183
0 0.4370910937969501 0.7644343742957482 0.016756277817946214 0.01692801255446214
0 0.6785667125995343 0.6226935753455529 0.013391641470102163 0.013649573692908654
0 0.6224891956035907 0.7636909484863281 0.013508429894080529 0.01356036846454327
0 0.7203061764056866 0.014051882120279165 0.014305995060847355 0.014235413991487943
0 0.501468144930326 0.5724579737736628 0.016272471501277044 0.016733169555664062
