0 0.6165266770582932 0.04696511763792772 0.13523508952214167 0.09190143988682674
0 0.7743201622596154 0.6603537339430589 0.0755612299992488 0.07459273705115685
0 0.24857229452866775 0.3256374505849985 0.09896986301128681 0.10085678100585938
0 0.26879541690532976 0.26233680431659406 0.0498346182016226 0.05035261007455679
0 0.31392816396859974 0.45665645599365234 0.11039425776554988 0.11154321523813102
0 0.7217310391939603 0.703666246854342 0.056840163010817304 0.05655347383939303
0 0.6371827492347131 0.1741474224970891 0.03143618657038762 0.03142551275400015
0 0.47150457822359526 0.7011596239530123 0.02539194547213041 0.025282786442683294
0 0.5290062244121845 0.7639949505145733 0.02833410409780649 0.028728485107421875
0 0.3189696165231558 0.6552320627065805 0.0335082274216872 0.03354028555063101
0 0.7735534081092248 0.7808259817270132 0.026706988994891826 0.026653143075796273
0 0.5551267770620493 0.7163580380953275 0.02278005159818209 0.022503486046424277
0 0.19771260481614333 0.8410421518179086 0.05372817699725811 0.06136175302358774
0 0.7343879112830529 0.19467650927030122 0.02644524207481971 0.026610081012432393
0 0.7310830629788913 0.43901582864614636 0.03603509756234976 0.03563844240628756
0 0.2063139035151555 0.7771032039935772 0.03487997788649339 0.03473443251389723
0 0.5628608190096341 0.2539535485781156 0.031350942758413464 0.03133392333984375
0 0.33556652069091797 0.832768807044396 0.026288912846491888 0.025691105769230768
0 0.5642856084383451 0.9267885501568134 0.0314948008610652 0.031403614924504206
0 0.3282499680152306 0.30835606501652646 0.04556076343242939 0.04555480296795185
0 0.7711299015925481 0.47663109119121844 0.06255281888521634 0.06276248051570012
0 0.6444405775803786 0.3626888715303861 0.019394507774939902 0.019382256727952223
0 0.7266499445988581 0.5431131949791541 0.02637452345628005 0.026470184326171875
0 0.4138015600351187 0.7363370748666617 0.024088052602914665 0.024151728703425482
0 0.7923468076265775 0.6112618079552283 0.017218809861403245 0.017154400165264424
0 0.5303560770474948 0.9038988260122446 0.02715411553016076 0.027237525353064902
0 0.5556625219491812 0.2872791657081017 0.018315828763521634 0.018420586219200723
0 0.7879786858191857 0.4375249422513522 0.04664919926570012 0.04621535081129808
0 0.5585653598491962 0.5048179626464844 0.0197906494140625 0.0197909428523137
0 0.47751254301804763 0.23343687791090745 0.01796091519869291 0.017868995666503906
0 0.5698698850778433 0.8718249247624323 0.025983223548302285 0.02620697021484375
0 0.46509375939002406 0.530394040621244 0.02147835951585036 0.02174553504356971
0 0.22307982811560997 0.8652869004469651 0.019791383009690505 0.01968207726111779
0 0.6987274610079252 0.40324761317326474 0.022394180297851562 0.022469300490159255
0 0.4040842423072228 0.686549553504357 0.01952354724590595 0.019476670485276442
0 0.5858344298142654 0.5272374153137207 0.021764608529897835 0.021693303034855768
0 0.4666622968820425 0.7744814065786508 0.051277527442345254 0.051607572115384616
0 0.4458789091843825 0.46332935186532825 0.016823328458345853 0.016661643981933594
0 0.20544158495389497 0.12285643357496995 0.061458514286921576 0.08390052501971905
0 0.251099366408128 0.867518791785607 0.0285036380474384 0.02869591346153846
0 0.3961166235116812 0.46401243943434495 0.022823553818922777 0.022698329045222357
0 0.3051309218773475 0.5600278560931866 0.03560924530029297 0.03589182633620042
0 0.32745838165283203 0.6074511454655573 0.025817137498121995 0.025965177095853366
0 0.5907451189481295 0.5590962630051833 0.05281683114858774 0.05245692913348858
0 0.5642083974984976 0.3277404858515813 0.018310106717623197 0.018500401423527643
0 0.27861873920147234 0.7610683441162109 0.017013953282282904 0.016963812021108773
0 0.5108173076923077 0.8533263573279748 0.025964736938476562 0.026050714346078727
0 0.43703174591064453 0.5574134313143216 0.04382647000826322 0.04369310232309195
0 0.6001826799832858 0.13571524620056152 0.0173037602351262 0.01735986196077787
0 0.4380795405461238 0.8415184754591721 0.0171661376953125 0.01735657912034255
0 0.7234968038705679 0.7359746786264273 0.028268960806039665 0.027787281916691706
0 0.33423607165996844 0.17855444321265587 0.016305043147160456 0.01632411663348858
0 0.3429583035982572 0.631932625403771 0.024364618154672477 0.02417784470778245
0 0.38823802654559797 0.17875117522019607 0.02552648691030649 0.025106356694148138
0 0.22845719410822943 0.8068145605234 0.03161756808941181 0.03164115318885216
0 0.389589969928448 0.1596549107478215 0.025998335618239183 0.02598262750185453
0 0.2492059194124662 0.891257799588717 0.018649541414701022 0.01854837857759916
0 0.2896429942204402 0.6997189888587365 0.018499374389648438 0.018355883084810697
0 0.503786747272198 0.22992702630849984 0.019190568190354567 0.01952523451585036
0 0.2195126093350924 0.8866254366361178 0.022976508507361777 0.023016856266902044
0 0.3425850501427284 0.5922402968773475 0.016914807833158053 0.016823255098783053
0 0.42807223246647763 0.2610185879927415 0.01694774627685547 0.01709435536311223
0 0.7466109349177434 0.7432878934420072 0.02074403029221755 0.02053070068359375
0 0.23843084848844087 0.9551929327157828 0.03725209602942833 0.03692759000338041
0 0.49984073638916016 0.5147134707524226 0.016363877516526442 0.016351993267352764
0 0.21524495344895583 0.43127610133244443 0.022422423729529746 0.022684537447415866
0 0.474213013282189 0.9896720739511343 0.026622772216796875 0.01900790287898137
0 0.35999518174391526 0.09140615279857929 0.018037942739633415 0.017852911582359902
0 0.4526307766254132 0.6896034387441782 0.017455174372746393 0.01730214632474459
0 0.6477015568659856 0.906040044931265 0.017263265756460335 0.017207512488731973
0 0.5045040203974798 0.78033630664532 0.02401388608492338 0.024210563072791465
0 0.8027899815486028 0.46052037752591646 0.030376434326171875 0.03059695317195012
0 0.1956780323615441 0.874727909381573 0.01978914554302509 0.019943970900315505
0 0.21648251093350923 0.9737688211294321 0.019978706653301533 0.019774216871995192
0 0.1835619302896353 0.8062077302199143 0.025571676400991585 0.03239866403432993
0 0.4520761783306415 0.591915644132174 0.03325227590707632 0.0329443124624399
0 0.5083777354313777 0.08343686507298397 0.02072488344632662 0.020924714895395134
0 0.23793724867013785 0.09028088129483737 0.021525823152982272 0.021520651303804837
0 0.5632651402400091 0.9050992818979117 0.01603390620304988 0.015596243051382212
0 0.5501456627478967 0.9478278526893029 0.016228675842285156 0.01610257075383113
0 0.5601212428166316 0.7354950538048377 0.016230363112229567 0.01610726576585036
0 0.23255186814528245 0.9240110837496244 0.03729248046875 0.03584759051983173
0 0.7099182422344501 0.6042340351985052 0.015064239501953125 0.015263924231896034
0 0.6182490128737229 0.9462997729961689 0.017667476947490986 0.017818157489483174
0 0.6079442317669208 0.17320220287029559 0.018168302682729866 0.018171237065241888
0 0.6429996490478516 0.9280146085298978 0.015279769897460938 0.015240889329176683
0 0.6788596373337966 0.3987241524916429 0.018646973830003005 0.018091201782226562
0 0.6071106103750376 0.7717571258544922 0.015788151667668268 0.015853001521183893
0 0.2966328217433049 0.7605660511897161 0.016583772806020882 0.016715416541466348
0 0.42235469818115234 0.09153223037719727 0.029510938204251803 0.02950841188430786
0 0.4300172512347882 0.8924149733323318 0.01599253140963041 0.015875742985652044
0 0.8127285150381235 0.8632890261136569 0.016458658071664665 0.016564002403846152
0 0.513483817760761 0.8316041506253756 0.02420667501596304 0.024180485652043268
0 0.33313802572397083 0.4001739208514874 0.02884835463303786 0.029067479647122897
0 0.35720425385695237 0.8696233309232272 0.05231754596416767 0.052122849684495196
0 0.509307861328125 0.8107092930720403 0.032140218294583835 0.03157762380746695
0 0.6760353675255408 0.3806205162635216 0.015793726994441107 0.015667255108173076
0 0.6166439056396484 0.7886390686035156 0.015012447650615986 0.01502697284405048
0 0.18240000651432917 0.9713591795701247 0.0212709720318134 0.021563163170447715
0 0.361850591806265 0.3791339580829327 0.01994932614839994 0.019731741685133714
0 0.558615464430589 0.1634053083566519 0.02802731440617488 0.027817295147822454
0 0.5032625198364258 0.584487144763653 0.014819952157827524 0.014853844275841346
0 0.5370922088623047 0.4530832584087665 0.014932485727163462 0.015046779926006611
0 0.2341015889094426 0.8468390244704026 0.026666787954477165 0.025945223294771634
0 0.7179164886474609 0.98047241797814 0.015350048358623799 0.015232526339017428
0 0.27132736719571626 0.7345807002140925 0.034183612236609824 0.03364724379319411
0 0.781219482421875 0.16167055643521822 0.017609229454627402 0.017733060396634616
0 0.31424320661104643 0.8725327711838943 0.03560689779428335 0.036277477557842545
0 0.2851071357727051 0.6360803017249475 0.014540598942683293 0.014318319467397837
0 0.678291760958158 0.6757837442251352 0.016007056603064902 0.016057527982271634
0 0.43201274138230544 0.1106556562276987 0.016406792860764723 0.01685788081242488
0 0.5313350970928485 0.24944147696861854 0.018118638258713942 0.018295654883751504
0 0.6554324810321515 0.42433621333195615 0.030236170842097357 0.03023499708909255
0 0.4382356863755446 0.8232728517972506 0.01597463167630709 0.016220973088191107
0 0.5393193318293645 0.1360017886528602 0.028300652137169473 0.028633777911846455
0 0.6645159354576697 0.43335914611816406 0.023046493530273438 0.023734019352839544
0 0.46773741795466495 0.9740261664757361 0.022585575397198018 0.02271402799166166
0 0.3881693619948167 0.12663758718050444 0.017077812781700723 0.01689606446486253
0 0.3968625802260179 0.07131452743823712 0.0219574708205003 0.02324680181650015
0 0.4535823235144982 0.5715225293086126 0.016882676344651442 0.016916348383976862
0 0.6304145226111779 0.2687348769261287 0.014950825617863582 0.01470187994150015
0 0.17810997596153846 0.7748372004582331 0.014713654151329627 0.02256950965294471
0 0.6742156102107122 0.5955611742459811 0.014831249530498799 0.014864114614633413
0 0.18331524041982797 0.23824827487652117 0.01640004378098708 0.01927346449631911
0 0.32444194646982044 0.5751211093022273 0.016167714045597956 0.01640635270338792
0 0.4070252271798941 0.07745997722332294 0.029378817631648138 0.029853999614715576
0 0.4207466565645658 0.2025907589839055 0.014161330003004808 0.014154434204101562
0 0.2713161615224985 0.8514104989858774 0.020209019000713643 0.020094651442307692
0 0.30034542083740234 0.5973471128023587 0.01970041715181791 0.01971098092886118
0 0.283016168154203 0.09747831638042743 0.04070619436410757 0.040069910196157604
0 0.7288303375244141 0.7745141249436599 0.016076308030348558 0.01614526601938101
0 0.2894628598139836 0.10013782061063327 0.026374193338247445 0.02796026376577524
0 0.47026813947237456 0.48966305072490984 0.021487089303823616 0.02176798306978666
0 0.8108159578763522 0.0475316781264085 0.014051290658804087 0.013934612274169922
0 0.25242820152869594 0.21827272268442008 0.04074705564058744 0.04165165240948017
0 0.5667433738708496 0.4212544881380521 0.014902628385103665 0.014855751624474159
0 0.2755610392643855 0.7373512708223783 0.03285789489746094 0.03254098158616286
0 0.6596794128417969 0.4280390372643104 0.030985612135667067 0.0307467533991887
0 0.5068025588989258 0.8056099231426532 0.03277140397291917 0.03394112220177284
0 0.400756285740779 0.073421822144435 0.03059849372276893 0.02980508254124568
0 0.6154726468599759 0.3618944608248197 0.02010184067946214 0.02078071007361779
0 0.5900052877572867 0.9794275577251728 0.039053843571589544 0.037138131948617786
0 0.3511655514056866 0.8177082355205829 0.042130690354567304 0.04227638244628906
0 0.5824944422795222 0.1949631250821627 0.01602935791015625 0.015900355118971605
0 0.19369029998779297 0.24733117910531852 0.016704339247483473 0.016975989708533652
0 0.7540424053485577 0.47228031892042893 0.04034277108999399 0.04080478961651142
0 0.4346064054048978 0.5319579931405874 0.02953676077035757 0.028899706326998197
0 0.22684372388399565 0.9248214134803185 0.025875164912297174 0.026019169734074518
0 0.6459042475773737 0.8026456099290115 0.015284905066856971 0.015390836275540866
0 0.6110183642460749 0.39385447135338414 0.01628281519963191 0.016561361459585335
0 0.80327635544997 0.3962194002591647 0.019276839036207933 0.018668688260591947
0 0.396998772254357 0.8946850116436298 0.014375980083759014 0.014312450702373799
0 0.24184733170729417 0.6372434175931491 0.01683638646052434 0.017109504112830527
0 0.4520489252530612 0.06211257897890531 0.014676167414738582 0.014579277772169847
