0 0.6062211256760818 0.9153081453763522 0.0707249274620643 0.0717764634352464
0 0.7067053868220403 0.056225327345041126 0.03799702570988582 0.03751393464895395
0 0.2191134232741136 0.5531404568598821 0.03357879932110126 0.03373402815598708
0 0.32316449972299427 0.4171587137075571 0.05590629577636719 0.05634395892803486
0 0.8186412224402795 0.1292562851539025 0.06315172635591947 0.062465484325702376
0 0.4377972162686862 0.47009093944843 0.11462732461782602 0.1140284905066857
0 0.520075247837947 0.3314914336571327 0.03670450357290415 0.036969478313739486
0 0.7731939462515024 0.29637598991394043 0.04504071749173678 0.045097094315748945
0 0.8094674623929538 0.43602899404672474 0.03183071429912861 0.0318599114051232
0 0.6067507817195013 0.42799267402062047 0.028217022235576924 0.028153052696814902
0 0.6765553401066706 0.36730197759775013 0.03200120192307692 0.031935545114370495
0 0.4288291931152344 0.5318200771625226 0.02837210435133714 0.028291848989633415
0 0.6203310306255634 0.32177250201885516 0.03138659550593449 0.03143435258131761
0 0.22665652861961952 0.3436621886033278 0.01877883764413687 0.018876002385066107
0 0.11118611922630897 0.23740095358628494 0.017840825594388522 0.018983180706317607
0 0.6477446922889123 0.6190250103290265 0.11781960267287034 0.11815089445847732
0 0.4023188077486478 0.3605998112605168 0.022405184232271634 0.022284727830153245
0 0.5830135345458984 0.3093588168804462 0.029445501474233773 0.02956551771897536
0 0.8840791262113131 0.4279383145845853 0.0297549321101262 0.04218981816218449
0 0.42925607241117036 0.9240471766545222 0.025829902062049277 0.025895045353816107
0 0.5281601318946252 0.981986192556528 0.024477151724008415 0.02441861079289363
0 0.4027117215670072 0.7336714084331806 0.019683030935434196 0.01965962923490084
0 0.7939524283775916 0.32437742673433745 0.026034428523137018 0.026163321274977464
0 0.6570890866793119 0.38124645673311675 0.023648188664362982 0.02382058363694411
0 0.4522420809819148 0.02423401062305157 0.03123774895301232 0.03127141182239239
0 0.5731352292574369 0.8922625321608323 0.01640950716458834 0.016324556790865384
0 0.3678894776564378 0.3934127367459811 0.05515010540301983 0.05574673872727614
0 0.4539230786837064 0.7179667399479792 0.033401782696063705 0.03335409898024339
0 0.880825189443735 0.7766521160419171 0.022107050969050482 0.022043374868539665
0 0.5212694314809946 0.9326067704420823 0.06416775630070613 0.06455260056715745
0 0.5008586003230169 0.8657562549297626 0.016528496375450723 0.016688713660606973
0 0.843140382033128 0.07429131177755502 0.016985673170823317 0.0166166012103741
0 0.37203631034264195 0.6249050727257361 0.01907972189096304 0.019043702345628005
0 0.49741044411292445 0.6252630673922025 0.01696183131291316 0.017010908860426683
0 0.7132795774019681 0.4626293182373047 0.017580765944260817 0.017791014451246995
0 0.5517677160409781 0.2698547289921687 0.06482887268066406 0.06609381162203275
0 0.713814955491286 0.5744592960064228 0.019637621366060697 0.0197756840632512
0 0.44930237990159255 0.6073781893803523 0.016734196589543268 0.016681597783015326
0 0.7465625176062951 0.6818042168250451 0.05103859534630409 0.05132440420297476
0 0.4546489715576172 0.668030518751878 0.04022290156437801 0.040399991548978366
0 0.4883540960458609 0.5707514102642353 0.019945584810697116 0.020020264845628005
0 0.7969107994666467 0.5725894707899827 0.04097659771259014 0.0406337151160607
0 0.658276631281926 0.8510186122013972 0.015985929048978366 0.016005295973557692
0 0.6524572372436523 0.5300703782301682 0.0404205322265625 0.04079143817608173
0 0.4089516126192533 0.40259640033428484 0.01713870121882512 0.017442849966195915
0 0.4928953464214618 0.7964577308067908 0.07486827556903546 0.07474459134615384
0 0.873862046461839 0.36065842555119443 0.015746189997746393 0.015677818885216348
0 0.5086862123929538 0.5068500958956205 0.031040705167330228 0.030774776752178486
0 0.17310584508455718 0.4054188361534706 0.04895584399883564 0.04960852402907152
0 0.5699225205641526 0.6881212821373572 0.01619236285869892 0.016168594360351562
0 0.7334685692420373 0.4948858847984901 0.015591841477614183 0.015678552480844352
0 0.4292913583608774 0.6922549467820388 0.03677911024827223 0.03677925696739784
0 0.7277540060190054 0.022871159590207614 0.017014136681189902 0.01663984816807967
0 0.5021418057955228 0.677725571852464 0.04228533231295072 0.04228474543644832
0 0.5893186055696927 0.2635668607858511 0.015952257009652946 0.016037574181189902
0 0.6752687600942758 0.5585437921377329 0.015959813044621393 0.01585241464468149
0 0.7967363504263071 0.5400784932650052 0.014953906719501201 0.014764712407038761
0 0.8034710517296424 0.21726463391230658 0.015830406775841348 0.015868407029371995
0 0.7568786327655499 0.4739108452430138 0.0478059328519381 0.04823376582219051
0 0.2697153825026292 0.5125655027536246 0.02400522965651292 0.02442022470327524
0 0.3520329548762395 0.4630599388709435 0.01594411409818209 0.01555164043719952
0 0.3732600578894982 0.4293184280395508 0.051147167499248795 0.051987868088942304
0 0.28095127986027646 0.264249508197491 0.015638204721304085 0.015632445995624248
0 0.6667196567241962 0.024372864228028517 0.030112780057466947 0.029814293751349814
0 0.12003214542682354 0.21274606998150164 0.03499328173123873 0.04466115511380709
0 0.13648326580341047 0.6494174370398889 0.016636481651893027 0.016713362473707933
0 0.3827198101924016 0.5813547647916354 0.01604769780085637 0.016045423654409554
0 0.14992049107184777 0.4307398796081543 0.014522204032311073 0.014607796302208534
0 0.8706612220177283 0.6118194873516376 0.05962694608248197 0.07373501704289363
0 0.18398339931781477 0.7432459317720853 0.014603724846473107 0.014825967641977163
0 0.42547607421875 0.737763918363131 0.017289088322566107 0.017230987548828125
0 0.31021631681002104 0.8729669130765475 0.016309371361365683 0.016216864952674277
0 0.19844139539278471 0.0293733890240009 0.015924600454477165 0.01598522296318641
0 0.10797240183903621 0.8028486691988431 0.014981379875769982 0.015608274019681491
0 0.23429085658146784 0.016673230207883395 0.015620194948636569 0.016028078702779915
0 0.25713271361130935 0.4293335767892691 0.01456003922682542 0.014583734365609976
0 0.8360912616436298 0.711752671461839 0.037778267493614785 0.03759442842923678
0 0.6546492209801307 0.8202621753399189 0.01500701904296875 0.014980609600360576
0 0.6910207454974835 0.9644872225247897 0.035662137545072116 0.035178844745342545
0 0.1817652445573073 0.2579355973463792 0.015125274658203125 0.014994584597074069
0 0.8660703805776743 0.371917724609375 0.018584031325120192 0.01897423083965595
0 0.48192721146803635 0.5895812694842999 0.016453669621394232 0.016567230224609375
0 0.70618592775785 0.1553807808802678 0.018609267014723558 0.01877604998075045
0 0.5952426837040827 0.3739757537841797 0.01434949728158804 0.014138881976787861
0 0.21846250387338492 0.8228287330040565 0.015587880061222957 0.015425315270057091
0 0.5740803938645583 0.9622161571796124 0.06384790860689603 0.06371072622445914
0 0.481439076937162 0.2032645298884465 0.028065021221454326 0.028304100036621094
0 0.251586363865779 0.556614142197829 0.13137083787184495 0.13166339580829328
0 0.19509231127225435 0.543143052321214 0.01382893782395583 0.014123036311222957
0 0.4737098767207219 0.18049179590665376 0.019789475661057692 0.019718720362736628
0 0.3024447697859544 0.3715475889352652 0.014813386476956882 0.01517780010516827
0 0.7844304304856521 0.9918972895695612 0.03251559917743389 0.014716515174278846
0 0.36420216927161586 0.5736026030320388 0.01993142641507662 0.020470105684720553
0 0.7320263202373798 0.3449929677523099 0.014108657836914062 0.01412061544565054
0 0.5850655482365534 0.5865620466379019 0.026590714087853067 0.02630131061260517
0 0.4423645092890813 0.333006345308744 0.01503291496863732 0.015226510854867788
0 0.4191480049720177 0.2427076376401461 0.07413189227764423 0.07389618800236629
0 0.25168319848867565 0.7394153888408954 0.01470030271089994 0.014751727764423076
0 0.5156482183016263 0.8418460259070764 0.014496436485877404 0.01457977294921875
0 0.17580281771146333 0.8352210705096905 0.017918953528771035 0.018270052396334134
0 0.7793890146108774 0.3861038868243878 0.15257116464468148 0.14895197061391977
0 0.8451455189631536 0.6669585154606745 0.10938145564152645 0.11409642146183895
0 0.4613184562096229 0.8780805147611178 0.025443077087402344 0.025403683002178486
0 0.34537601470947266 0.18012521817133978 0.04360646467942458 0.04465568982637846
0 0.16579525287334734 0.4717634641207181 0.014840199397160457 0.014797210693359375
0 0.8034705382127029 0.7618141174316406 0.016418897188626803 0.016449854924128607
0 0.8627703006450946 0.6574235329261193 0.07236510056715745 0.07542624840369591
0 0.7329907050499549 0.2820100784301758 0.01778250474196214 0.018082178556002103
0 0.618810066810021 0.5624222388634315 0.04440439664400541 0.04377306424654447
0 0.7346388743473933 0.280932224713839 0.021652955275315505 0.021470106565035306
0 0.27396297454833984 0.2117010996891902 0.014716295095590444 0.01466963841364934
0 0.870515383206881 0.0270599929186014 0.04998427170973558 0.052636994765355036
0 0.5150165557861328 0.529480347266564 0.020450518681452826 0.02107546879695012
0 0.508035292992225 0.4528105075542743 0.015734305748572715 0.015569100013146034
0 0.7727220975435697 0.36105552086463344 0.014822739821213942 0.014740723830003005
