0 0.7074042833768405 0.15395006766686073 0.2537385500394381 0.25284708463228667
0 0.06169582330263578 0.9550146689781775 0.11002050913297214 0.08335377619816707
0 0.5784534307626578 0.5982580184936523 0.12043131314791165 0.11979396526630108
0 0.7675099006065955 0.5766356174762433 0.06594789945162259 0.06593968318058895
0 0.32831206688514125 0.8391372974102314 0.0337677001953125 0.03374539888822115
0 0.44770178428063023 0.5124468803405762 0.026756653418907754 0.02681739513690655
0 0.9058110163762019 0.31688440763033354 0.034933823805588946 0.035235038170447715
0 0.8191127777099609 0.9240953005277194 0.019542987530048076 0.019322028526893027
0 0.9082109011136569 0.9354114532470703 0.04656351529634916 0.046575106107271634
0 0.729679327744704 0.4929663951580341 0.025761237511268027 0.025766666118915264
0 0.14915858782254732 0.0756977521456205 0.02478900322547326 0.02481521092928373
0 0.4915632468003493 0.8324879866379958 0.031163655794583835 0.031637925368088946
0 0.4947096017690805 0.8383106818565955 0.09519613706148587 0.09337527935321514
0 0.8808159461388221 0.5544754541837252 0.055220383864182696 0.0552217776958759
0 0.8027822054349459 0.04072756950671856 0.02772800738994892 0.027515555803592388
0 0.7746532146747296 0.9860652043269231 0.037200634296123795 0.024526155911959134
0 0.88232421875 0.6269353719858023 0.028958247258112982 0.029146781334510215
0 0.015542130057628337 0.6477217307457557 0.019451813055918768 0.019389812762920674
0 0.09483943535731389 0.6975594300490159 0.016754150390625 0.016613593468299277
0 0.7237986051119291 0.9139417501596304 0.0209195063664363 0.021063584547776442
0 0.9580618784977839 0.14417429153735822 0.023279923659104567 0.02317052621107835
0 0.5783973473768967 0.14195915368887094 0.021411382235013522 0.02121136738703801
0 0.9599097325251653 0.8570128954373873 0.018510965200570915 0.018413396982046273
0 0.7604841085580679 0.6738737546480619 0.024822381826547477 0.024823115422175482
0 0.19844667728130633 0.9206064664400541 0.023323755997877855 0.023334649892953727
0 0.30553715045635516 0.9188166398268479 0.038215270409217246 0.038208301250751205
0 0.7214374542236328 0.36146791164691633 0.026758193969726562 0.026753058800330527
0 0.6313159649188702 0.5849902813251202 0.018651522122896634 0.018868519709660456
0 0.8052723224346454 0.5602283844581017 0.022289862999549277 0.022317812992976263
0 0.8789460108830378 0.866790771484375 0.018499227670522835 0.018692603478064902
0 0.7760698611919696 0.9041407658503606 0.033249928401066706 0.03324567354642428
0 0.6564702254075271 0.4907820774958684 0.03664720975435697 0.036944022545447715
0 0.9433743403508112 0.48291558485764724 0.018666194035456732 0.01888729975773738
0 0.9024300942054162 0.7130532631507287 0.0348811516394982 0.03491988548865685
0 0.8956642150878906 0.1167983550291795 0.017987911517803486 0.017918183253361628
0 0.6993046540480393 0.49929670187143177 0.02467038081242488 0.024674488947941706
0 0.7275499197152945 0.7663822174072266 0.021763728215144232 0.02185484079214243
0 0.3820909353402945 0.7485262063833383 0.023745610163762018 0.023624420166015625
0 0.9844121199387771 0.18273030794583833 0.02623602060171274 0.026683880732609674
0 0.17363999440119818 0.9076986312866211 0.0294342774611253 0.03011938241811899
0 0.5265811406649076 0.7443967965932993 0.0170287352341872 0.0169217036320613
0 0.7122600261981671 0.40032372107872594 0.02201227041391226 0.021855280949519232
0 0.4251655431894156 0.7598271003136268 0.03348585275503305 0.03362684983473558
0 0.028784577663128193 0.6403512221116286 0.023330972744868353 0.02275877732496995
0 0.5536117920508752 0.5042089682358962 0.017406390263484076 0.017391351553109977
0 0.6003586695744441 0.9715895285973182 0.017533228947566107 0.01761143024151142
0 0.7710772294264573 0.9165665553166316 0.01992064255934495 0.019821020273061898
0 0.5738721260657678 0.7017765045166016 0.017449452326847956 0.01735966022198017
0 0.4862502171443059 0.38454294204711914 0.04266225374661959 0.042396912207970254
0 0.3726016558133639 0.3145583959726187 0.02643717252291166 0.026938530114980843
0 0.734890130849985 0.34952871616070086 0.023440727820763223 0.02304231203519381
0 0.8584850017841046 0.6989234044001653 0.01669135460486779 0.016447800856370192
0 0.8699468465951773 0.38397777997530425 0.020747551551231973 0.020627828744741585
0 0.698304323049692 0.46526652116041917 0.01767451946551983 0.017436834482046273
0 0.10950669875511757 0.9918373548067533 0.019271410428560697 0.014786940354567308
0 0.4211708582364596 0.2916368337777945 0.019139656653771035 0.019170100872333232
0 0.781364367558406 0.030768972176771898 0.018150769747220553 0.017525948010958158
0 0.048525223365196817 0.8782901030320388 0.01588588494520921 0.01598636920635517
0 0.8085620586688702 0.5212934200580304 0.016731408926156852 0.01665218059833233
0 0.8149756651658279 0.2937168524815486 0.016154656043419473 0.01616243215707632
0 0.6220823434682993 0.9497612439669095 0.03458958405714769 0.034540763268103965
0 0.26567550805898815 0.8423501528226413 0.015392816983736478 0.015313808734600361
0 0.36430219503549427 0.7462271176851712 0.25115832915672887 0.26633508388812727
0 0.23012564732478216 0.9614058274489182 0.019760278555063102 0.0198056147648738
0 0.9421018453744742 0.6086388367872971 0.023818089411808893 0.02433498089130108
0 0.07726742671086238 0.7316257036649264 0.060766288867363565 0.06066190279447115
0 0.5106417582585261 0.3276307766254132 0.015103780306302585 0.015128649198091947
0 0.04740785635434664 0.8284024458665115 0.0160903105368981 0.016262347881610576
0 0.5182498051570013 0.47797921987680286 0.0244905765240009 0.024728995103102464
0 0.1805241474738488 0.11245781641740066 0.01589547670804537 0.015611721919133114
0 0.6478214263916016 0.9509083674504206 0.018399165226862982 0.018745569082406852
0 0.9522249515240009 0.5165433150071365 0.030413994422325723 0.03052388704740084
0 0.9732494354248047 0.843157694889949 0.016387059138371393 0.016348765446589544
0 0.5698317747849685 0.04104870099287767 0.10215685917780949 0.08006512201749362
0 0.9876235815194937 0.9906523777888372 0.014415447528545674 0.014064201941856971
0 0.4710837877713717 0.36233102358304536 0.01660889845628005 0.01674483372614934
0 0.6267001078679011 0.30855875748854417 0.016747401310847357 0.016696948271531325
0 0.4833408502432016 0.3338289260864258 0.014082395113431491 0.013953282282902645
0 0.9066606668325571 0.2876707590543307 0.015020223764272837 0.015038747053879958
0 0.7202521104079026 0.8372054466834435 0.02733788123497596 0.02729944082406851
0 0.8311189504770132 0.8188243279090295 0.028809474064753607 0.02857384314903846
0 0.6225552192101111 0.5721650857191819 0.014901051154503455 0.014829635620117188
0 0.038126782729075506 0.41225528717041016 0.019178138329432562 0.019050011268028848
0 0.6301100804255559 0.8146283076359675 0.021937150221604567 0.022128471961388223
0 0.7740053030160757 0.8294855264516977 0.015009073110727163 0.015173691969651442
0 0.9056932009183444 0.33800455240102917 0.014716808612530049 0.015165035541240986
0 0.1475832829108605 0.920628914466271 0.017729759216308594 0.01782842782827524
0 0.09390937365018405 0.8121774380023663 0.07394700783949631 0.0754231673020583
0 0.04242104750413161 0.512332035945012 0.016873985528945923 0.016908865708571214
0 0.5008407005896935 0.7976553990290716 0.01601688678448017 0.016161405123197116
0 0.584922350369967 0.7147545447716346 0.018014907836914062 0.01832433847280649
0 0.4376836923452524 0.22881254783043495 0.0665575174184946 0.06664701608511117
0 0.46927987612210786 0.9660192636343149 0.014956841102013221 0.015093583327073317
0 0.8624077576857346 0.22082550709064191 0.03539334810697115 0.03477349648108849
0 0.9175862532395583 0.5812830558189979 0.015173398531400241 0.015158579899714543
0 0.06225105432363657 0.4613951169527494 0.016509404549231894 0.017111998337965745
0 0.9398769965538611 0.41940648739154524 0.01417834942157452 0.014132132897010216
0 0.5733406360332782 0.9908457535963792 0.015540636502779447 0.014306875375600962
0 0.12668787516080415 0.3825353475717398 0.035079350838294394 0.03526511559119591
0 0.6588145035963792 0.3017416000366211 0.01659246591421274 0.016350232637845553
0 0.13771417507758507 0.7194003325242263 0.014768747182992788 0.014431146474984976
0 0.7379915530865009 0.9238235767071064 0.01655754676231971 0.01630401611328125
0 0.40337247114915115 0.15011204206026518 0.015105247497558594 0.015038343576284556
0 0.7341531606820914 0.35195486362163836 0.02840570303109976 0.027971927936260518
0 0.7528610229492188 0.3443815524761493 0.015738267164963942 0.016137196467472956
0 0.38301809017474836 0.2993877117450421 0.02223506340613732 0.022394473736102764
0 0.4729759509746845 0.2895320745614859 0.03753442030686598 0.03727883559006911
0 0.5214006717388446 0.6829276451697717 0.09644552377554086 0.09593376746544471
0 0.6944847106933594 0.4046784914456881 0.01630885784442608 0.016426526583158053
0 0.8039825146014874 0.37313226553109974 0.02042242196890024 0.020197134751539964
0 0.02015399015866793 0.17934093108543983 0.03584242325562697 0.0394750375014085
0 0.8727381779597356 0.31484710253202 0.01728674081655649 0.0174713134765625
0 0.9416601474468524 0.6125930272615873 0.020906741802509014 0.020984429579514723
0 0.42048226870023286 0.7273828799907978 0.020457927997295674 0.020409510685847357
0 0.9116918857281024 0.8792112057025616 0.01642432579627404 0.016642056978665866
0 0.7768959632286658 0.2714983316568228 0.013759906475360576 0.01386851530808669
0 0.8621908334585336 0.364467400770921 0.023531693678635817 0.023993858924278848
0 0.7538107358492337 0.9309665973369892 0.018779754638671875 0.019162104679987982
0 0.9082261599027194 0.46192869773277867 0.016022168673001803 0.01576885810265174
0 0.833060778104342 0.336179439838116 0.03348071758563702 0.0327610602745643
