0 0.9162322557889498 0.7324859912578876 0.06297522324782151 0.0633706312913161
0 0.8897630251370944 0.9018271519587591 0.05080971351036659 0.05076863215519832
0 0.6767968397874099 0.9291089864877554 0.048390902005709134 0.048139718862680286
0 0.8954477310180664 0.48901822016789365 0.0274807856633113 0.027493110069861777
0 0.9134928629948542 0.27977567452650803 0.03804441598745493 0.03809356689453125
0 0.6515273314255935 0.6915147487933819 0.050105901864858776 0.049710787259615384
0 0.7687967740572416 0.6273431777954102 0.020444429837740384 0.020404962392953727
0 0.9653761937068059 0.7581410041222205 0.03740281325120192 0.03752224261944111
0 0.8432009770320013 0.6699926669781024 0.022674560546875 0.022824947650615986
0 0.6819037657517654 0.3829131859999437 0.01988073495718149 0.019772896399864785
0 0.787646220280574 0.8562146700345553 0.0610510019155649 0.0613550039438101
0 0.7656028454120343 0.12240930703970102 0.019894819993239183 0.01985942400418795
0 0.8170884939340445 0.9443183312049279 0.026127448448768027 0.026199194101186898
0 0.8707510141225961 0.9547587908231295 0.022021366999699518 0.021994957557091348
0 0.8849403674785907 0.45400432439950794 0.016672867995042067 0.01637136019193209
0 0.9602854802058294 0.6945492671086237 0.029833573561448317 0.029804376455453727
0 0.4430703750023475 0.6577089749849759 0.0211941645695613 0.021276327279897835
0 0.22363015321584848 0.4224682587843675 0.024882756746732272 0.02488224322979267
0 0.7590657747708834 0.9622814471905048 0.027130567110501803 0.027461125300480768
0 0.8290244615994967 0.46404237013596755 0.01632558382474459 0.016375321608323317
0 0.85028259570782 0.9645391610952524 0.017365235548753005 0.017382401686448317
0 0.893680792588454 0.806008559006911 0.01774934621957632 0.017772087684044473
0 0.1529984840979943 0.9659803830660306 0.02007741194504958 0.019997523381159857
0 0.35871344346266526 0.2188585354731633 0.02312924311711238 0.02323598128098708
0 0.6349739661583533 0.760311640225924 0.06847308232234074 0.06943130493164062
0 0.5378902875460111 0.30750144444979155 0.07489439157339242 0.07647598706758939
0 0.8758192795973557 0.04010710349449745 0.018739847036508415 0.018587499856948853
0 0.4628926057081956 0.27263672535236066 0.06412535447340745 0.06439432731041542
0 0.21731382149916428 0.3878469467163086 0.020124068626990683 0.02039821331317608
0 0.7015008192795974 0.7305049896240234 0.07001642080453727 0.06958418626051682
0 0.7485421987680289 0.8601256150465745 0.017474981454702523 0.0177001953125
0 0.5811310548048753 0.4573402404785156 0.018042931189903848 0.018053421607384317
0 0.5797766905564529 0.4288496237534743 0.016941363994891826 0.01661073244535006
0 0.1799933360173152 0.5793903057391827 0.018584471482496995 0.01859254103440505
0 0.7180188985971304 0.0819853085737962 0.06830098078801082 0.06950451777531551
0 0.27781341626093936 0.3856675074650691 0.018634576063889723 0.01833945054274339
0 0.9603723379281851 0.16019232456500715 0.056905306302584134 0.0775442857008714
0 0.6427662189190204 0.38533995701716495 0.01676031259390024 0.01687900836651142
0 0.03419503111105699 0.023860812187194824 0.02195676014973567 0.021799046259659987
0 0.8008576906644381 0.9142270454993615 0.04431695204514723 0.04387738154484676
0 0.7210779190063477 0.18637569134051984 0.029048332801231973 0.02933040032019982
0 0.9406770559457632 0.8071347750150241 0.01990083547738882 0.019718170166015625
0 0.6661299191988431 0.7971082100501428 0.02070162846491887 0.021151909461388223
0 0.2360246181488037 0.376406009380634 0.017958347613994893 0.017712519719050482
0 0.5913585149324857 0.03922097499553974 0.09517706357515775 0.07428477360652043
0 0.9733194204477164 0.8510644619281476 0.022675147423377402 0.023223290076622598
0 0.7851847135103666 0.4113168716430664 0.07599287766676682 0.07523294595571664
0 0.8963303932776818 0.69488525390625 0.01807124798114483 0.018099564772385817
0 0.2974867087144118 0.18878588309654823 0.0160369139451247 0.015890194819523737
0 0.9408972813532903 0.349487121288593 0.014914439274714543 0.014918180612417368
0 0.8020320305457482 0.1963163155775804 0.022641988900991585 0.022965541252723105
0 0.11626130800980788 0.43067176525409406 0.030300708917471077 0.02934441199669471
0 0.651257221515362 0.17635818628164437 0.01552288348858173 0.015420987055851864
0 0.04744800696006188 0.40015161954439604 0.01737063664656419 0.017349389883188102
0 0.6616968008188101 0.5616241968595065 0.014850323016826924 0.014569355891301082
0 0.5263344691349909 0.1869086485642653 0.016327784611628607 0.01619859842153696
0 0.9567873294536884 0.0242385955957266 0.01719357417179988 0.017401887820317194
0 0.7052678328294021 0.8521238473745493 0.020045060377854567 0.019600061269906852
0 0.23877849945655236 0.4091792840224046 0.016833378718449518 0.016898668729341947
0 0.8692770004272461 0.17426817233745867 0.10074057945838341 0.09922504425048828
0 0.9174835498516376 0.6182091052715595 0.14010062584510216 0.1823275272662823
0 0.601352911729079 0.3118194066561185 0.03132952176607572 0.030677355252779447
0 0.557948479285607 0.5158111132108248 0.01429279033954327 0.014837558452899639
0 0.8608719752385066 0.024783767186678372 0.014304087712214543 0.014429715963510366
0 0.9324847001295823 0.6495276231032151 0.08350489689753605 0.08492396428034855
0 0.6828371194692758 0.8127607198861929 0.028566507192758415 0.028676693256084736
0 0.16402009817270133 0.5317212985112116 0.015043332026554989 0.015158579899714543
0 0.613582391005296 0.9940964625431941 0.026781815748948317 0.010969308706430288
0 0.683041866009052 0.9617379995492789 0.02309872553898738 0.022507740901066706
0 0.05318472935603215 0.2785049585195688 0.02974571631504939 0.030184158912071817
0 0.7557425865760217 0.46124821442824143 0.019261286808894232 0.019228641803448018
0 0.12222782465127799 0.5478993562551645 0.01687730275667631 0.0167086674616887
0 0.43689757127028245 0.18169696514423078 0.015100185687725361 0.014254203209510216
0 0.8407192230224609 0.6162580343393179 0.014123476468599759 0.01402132327740009
0 0.28756468112652117 0.24340185752281776 0.04000927851750301 0.04010508610652043
0 0.148957032423753 0.3473345316373385 0.0186005739065317 0.018676391014685996
0 0.8311594449556791 0.970558973459097 0.01508023188664363 0.014973713801457332
0 0.41530532103318435 0.6805687684279221 0.014609923729529748 0.014452420748197116
