0 0.6101511074946477 0.36846480002770055 0.12900213094858023 0.12908532069279596
0 0.5064198787395771 0.782626592195951 0.2698844762948843 0.2756205338698167
0 0.5503260905926044 0.25410910753103405 0.06355586418738732 0.06316276697012094
0 0.22039131017831656 0.17647752395043007 0.057186273428109974 0.05766164339505709
0 0.3734286748445951 0.7969127068152795 0.04906485630915715 0.04847306471604567
0 0.6314316529494065 0.22521195044884315 0.061096484844501205 0.05966729384202223
0 0.35604594304011417 0.7098912459153396 0.04859997675969051 0.04870913578913762
0 0.34177167599017805 0.7833477900578425 0.04174019740178035 0.041883028470552884
0 0.25250733815706694 0.6693110832801232 0.03688460129957933 0.03692274827223558
0 0.6939232165996845 0.11908745765686035 0.0243527339054988 0.02450429476224459
0 0.3035102624159593 0.562655889070951 0.05703551952655499 0.0570672842172476
0 0.450555287874662 0.2819823118356558 0.043511464045597956 0.04346106602595402
0 0.5877039249126728 0.17757591834435096 0.033243032602163464 0.033038946298452526
0 0.7505123431865985 0.3613901871901292 0.02184427701509916 0.02207609323354868
0 0.6107001671424279 0.19963220449594352 0.04656644967886118 0.04765737973726713
0 0.3986508296086238 0.8933819990891677 0.043573819673978366 0.043669627262995794
0 0.48053165582510143 0.45738609020526594 0.02839381878192608 0.028686963594876803
0 0.6872516045203576 0.171358401958759 0.04488812960111178 0.04495400648850661
0 0.7511235750638522 0.03192654481300941 0.031477121206430286 0.031885623931884766
0 0.49712177423330456 0.28772361461932844 0.039132264944223255 0.03952781970684345
0 0.7872860248272235 0.35841164222130406 0.021027491642878607 0.02087710453913762
0 0.4309527323796199 0.579096427330604 0.028650797330416165 0.028744037334735576
0 0.3455866300142728 0.09122652273911697 0.03519483713003305 0.03500094322057871
0 0.5174667285038874 0.13274221236889178 0.04229464897742638 0.04242854851942796
0 0.7975422785832331 0.7840028175940881 0.018542363093449518 0.018282376802884616
0 0.29008777324969953 0.1988061391390287 0.0332185305081881 0.03322036449725811
0 0.4243229352510892 0.12721685262826773 0.03775383875920223 0.03780812483567458
0 0.22567244676443246 0.06386501972491924 0.07881402969360352 0.12077485598050632
0 0.5015122707073505 0.5731039047241211 0.03111413808969351 0.030957588782677285
0 0.8060720883882962 0.2261369411761944 0.01809516319861779 0.02137921406672551
0 0.23040485382080078 0.8912777533897986 0.0164791987492488 0.01615759042593149
0 0.69403809767503 0.31939271780160755 0.016248556283804085 0.016213050255408652
0 0.3888855347266564 0.26843687204214245 0.034189737760103665 0.034757834214430586
0 0.1974476667550894 0.8037501115065354 0.02890616196852464 0.028332343468299277
0 0.3191518049973708 0.25003939408522385 0.03568451221172626 0.03598359914926382
0 0.3968559411855844 0.581795178926908 0.020069122314453125 0.02023902306189904
0 0.23458389135507438 0.8182492622962365 0.03228979844313402 0.03278292142427885
0 0.2791736309344952 0.3546744493337778 0.035958290100097656 0.03525565220759465
0 0.4166112679701585 0.5181212792029748 0.02445683112511268 0.024603917048527643
0 0.5938984430753268 0.03716251712578993 0.030936607947716348 0.030710096542651836
0 0.671765034015362 0.2757015595069298 0.018953616802509014 0.018673456632173978
0 0.3719282883864183 0.4972382325392503 0.01687490023099459 0.016803741455078125
0 0.19787962620074934 0.9058215801532452 0.015991797814002402 0.015843904935396634
0 0.464353267963116 0.5557702137873723 0.025680101834810697 0.025956227229191706
0 0.5217867631178635 0.3050976899953989 0.030217977670522835 0.03060781038724459
0 0.699254769545335 0.3352032808157114 0.015765850360576924 0.0158689205463116
0 0.36914898799015927 0.05451281712605403 0.02015994145320012 0.020438240124629095
0 0.388795412503756 0.6746027286236103 0.045236440805288464 0.04520900432880108
0 0.7841827686016376 0.8818891965425931 0.03210009061373197 0.031995920034555286
0 0.4916377434363732 0.1718009618612436 0.0167233393742488 0.016803814814640924
0 0.276855285351093 0.818120002746582 0.030092239379882812 0.030921495877779447
0 0.23307437163132888 0.4019581354581393 0.01680917006272536 0.01685487307035006
0 0.3918229616605319 0.10771434123699482 0.02763506082388071 0.027540023510272685
0 0.48633538759671724 0.9393141086284931 0.019446152907151442 0.019548856295072116
0 0.20978540640610915 0.6703169896052434 0.02684626212486854 0.026761861947866585
0 0.7967643737792969 0.29951051565317005 0.01639586228590745 0.016306436978853665
0 0.6302081621610202 0.30316734313964844 0.01565214303823618 0.015475933368389424
0 0.7303004631629357 0.14724344473618728 0.023471685556265023 0.02364180638239934
0 0.5605405293978177 0.9302776776827298 0.041783919701209433 0.04205542344313402
0 0.3668988668001615 0.5309099417466384 0.02751643841083233 0.02752384772667518
0 0.3551464080810547 0.5150403242844802 0.015565432035006009 0.01571479210486779
0 0.6719929621769831 0.7485551100510818 0.0226590083195613 0.02317047119140625
0 0.6630736130934495 0.267107761823214 0.016428433931790866 0.01628842720618615
0 0.5643851206852839 0.014688514746152438 0.017582820012019232 0.01796593115879939
0 0.23558941254248986 0.3849365527813251 0.021457562079796426 0.022469373849722054
0 0.22228512397179237 0.36301576174222505 0.015790279094989482 0.015772306002103366
0 0.7938073231623723 0.9645406282865084 0.05358534592848558 0.06542205810546875
0 0.7646148388202374 0.07750012324406551 0.017093511728140023 0.017264751287607048
0 0.7706639216496394 0.3622333820049579 0.014994254479041466 0.015310067396897536
0 0.5531430978041428 0.4906320571899414 0.01724353203406701 0.017082654512845553
0 0.5073853272658128 0.4286788060114934 0.017638133122370794 0.017629476693960335
0 0.31926246789785534 0.6722478132981521 0.044865901653583236 0.04546972421499399
0 0.6054726380568284 0.5349408296438364 0.11014556884765625 0.11245441436767578
0 0.5168584676889273 0.5908370384803185 0.017772967998798076 0.017620233389047477
0 0.39623311849740833 0.46674185532789964 0.024779393122746393 0.024744180532602165
0 0.7105921965378982 0.635231458223783 0.03838832561786358 0.03850232637845553
0 0.19538468580979568 0.5862009341900165 0.024974749638484076 0.02622809776893029
0 0.20990962248582107 0.29605892988351673 0.015392230107234074 0.01532734357393705
0 0.2912611227769118 0.42159971824059117 0.01607828873854417 0.016173436091496393
0 0.6707344055175781 0.49270307100736177 0.24376443716195914 0.24040721012995794
0 0.2899176891033466 0.49396302149846005 0.019507848299466647 0.019610771766075723
0 0.7655114393967849 0.9029755225548377 0.023998553936298076 0.024004422701322116
0 0.22452490146343523 0.41865037037776065 0.016036840585561898 0.01579585442176232
0 0.41068370525653547 0.5634284386268029 0.021885211651141826 0.022198603703425482
0 0.5508523354163537 0.34222551492544323 0.02559529818021334 0.02574333777794471
0 0.31477752098670375 0.6740709451528696 0.03779954176682692 0.037637563852163464
0 0.3868049474862906 0.48757450397198016 0.01827372037447416 0.018240855290339544
0 0.4352050561171312 0.5339934275700495 0.03209275465745192 0.031681060791015625
0 0.28875154715317947 0.3181303464449369 0.015529045691856971 0.015745896559495192
0 0.727129496060885 0.3790553899911734 0.014489247248722957 0.014406057504507212
0 0.5516519546508789 0.32366323471069336 0.023369862483097956 0.02359162844144381
0 0.200924616593581 0.32597787563617414 0.020554395822378304 0.020948043236365683
0 0.4993476134080153 0.9753206693209134 0.023156386155348558 0.023531987116887018
0 0.434996824998122 0.06653514275184044 0.02777994596041166 0.028034155185406025
0 0.7010553800142728 0.854496955871582 0.03333693284254808 0.03283882141113281
0 0.21471192286564753 0.8131345602182242 0.017811958606426533 0.017711345966045674
0 0.7939078991229718 0.11422750583061805 0.03983981792743389 0.040485455439640924
0 0.3585298244769757 0.2849877430842473 0.03261287395770733 0.03257421346811148
0 0.23225434009845441 0.586402966425969 0.03962146318875826 0.03931412330040565
0 0.2747432268582858 0.46883102563711315 0.023126492133507363 0.023027640122633714
0 0.5193572411170373 0.4797820311326247 0.0136871337890625 0.01366131122295673
0 0.27549112760103667 0.4412073722252479 0.014662962693434495 0.01463009760929988
0 0.7057505387526292 0.4378124750577487 0.0167233393742488 0.01709637275108924
0 0.19163837799659142 0.788142571082482 0.022439846625694863 0.024418464073768027
0 0.4486224467937763 0.024168035158744224 0.018285164466271035 0.0181729243351863
0 0.44393513752863956 0.46442607732919544 0.016374514653132513 0.017422015850360576
0 0.27522120108971226 0.6111335020798904 0.03601433680607723 0.03648112370417668
0 0.64618103320782 0.2726744321676401 0.014274303729717549 0.014192984654353214
0 0.27036230380718523 0.03526945068286015 0.15886534177339995 0.06911520316050603
0 0.21689332448519194 0.532977397625263 0.07021746268639198 0.12898137019230768
0 0.6792410337007962 0.6969439433171198 0.06634668203500602 0.06575760474571815
0 0.5014668978177584 0.9749540182260367 0.02900871863731971 0.029314774733323317
0 0.47518561436579776 0.8605522742638221 0.014801612267127404 0.014646970308743991
