0 0.39424947591928333 0.1997364117549016 0.15415147634652945 0.15271494021782508
0 0.33599505057701695 0.5844499147855319 0.06527636601374699 0.06475830078125
0 0.37955698600182164 0.22738240315363958 0.060132393470177285 0.060346089876615085
0 0.5051386539752667 0.3394157336308406 0.046622129587026745 0.04664971278263973
0 0.5144341175372784 0.8311808659480169 0.05951404571533203 0.05938251201923077
0 0.5615037771371695 0.04582946117107685 0.03799101022573618 0.03780141243567833
0 0.5394755510183481 0.5488730210524339 0.020391464233398438 0.02038427499624399
0 0.4122140957758977 0.36693264887883115 0.026720487154447116 0.027099022498497598
0 0.6860197507418119 0.967960944542518 0.08765675471379207 0.05983998225285457
0 0.5681873101454514 0.020461637240189772 0.02009245065542368 0.019868117112379808
0 0.5633439284104568 0.6911562406099759 0.11458279536320613 0.11409378051757812
0 0.33393797507652867 0.05206473974081186 0.03397970933180589 0.034142604241004355
0 0.6117783326369065 0.042238395947676435 0.020041245680588942 0.02024069199195275
0 0.5873114145719088 0.4482255715590257 0.016273058377779447 0.01637752239520733
0 0.6871745769794171 0.9228949913611779 0.08633246788611779 0.11142994807316707
0 0.3271302810082069 0.10405905430133526 0.06091880798339844 0.06168061036330003
0 0.5328419025127704 0.6672872396615835 0.18050281818096453 0.1797620699955867
0 0.5365310448866624 0.24126606721144456 0.08133932260366586 0.08243212333092323
0 0.2850679801060603 0.9706630706787109 0.03471972392155574 0.0372161865234375
0 0.36074322920579177 0.20326860134418195 0.019993415245643027 0.01980429429274339
0 0.5307516684898963 0.7545804243821365 0.06381504352276142 0.06568732628455529
0 0.6075151150043194 0.8840085543118991 0.022111159104567308 0.022342095008263223
0 0.645682114821214 0.5459137696486253 0.12833404541015625 0.13149026724008414
0 0.6821688138521634 0.4474048614501953 0.019086837768554688 0.018926620483398438
0 0.31153154373168945 0.9526265951303335 0.016743586613581732 0.016949286827674277
0 0.44832757803109974 0.29705150310809797 0.015200541569636418 0.015256294837364784
0 0.47668273632343 0.9758894993708684 0.06318928645207332 0.047988598163311295
0 0.5497374167809119 0.28450388174790603 0.03380863483135517 0.033975967994103067
0 0.4094076890211839 0.06953681432283841 0.025586054875300482 0.02553893969609187
0 0.5881575070894681 0.21748661994934082 0.03142459575946514 0.031368072216327376
0 0.5532674789428711 0.6740408677321214 0.13695878248948318 0.15670596636258638
0 0.4466819763183594 0.2128421710087703 0.015218734741210938 0.015202999114990234
0 0.548819688650278 0.28528486765347993 0.02829749767596905 0.02773904800415039
0 0.3694455440227802 0.41448545455932617 0.02094158759483924 0.021195485041691706
0 0.48230563677274263 0.13072060621701753 0.050951664264385514 0.05196499824523926
0 0.5308518776526818 0.059199947577256426 0.016220679649939902 0.01578840842613807
0 0.6815012418306791 0.9362181883591872 0.09980451143704928 0.12273436326246995
0 0.6159785344050481 0.9656164462749774 0.02414556650015024 0.023665941678560697
0 0.5506840485792893 0.2851309042710524 0.01914640573354868 0.02005760486309345
0 0.42339526689969575 0.9014533116267278 0.03143581977257362 0.031444549560546875
0 0.5899221713726337 0.8041254190298227 0.015410716717059795 0.015642166137695312
