0 0.3834421451275165 0.8755253278292142 0.023927982036884014 0.024025843693659857
0 0.4297780257004958 0.03905940055847168 0.05119587824894832 0.050203983600323014
0 0.6086402672987717 0.22381987938514122 0.01961803436279297 0.0196230961726262
0 0.6660831891573392 0.17926357342646673 0.02253385690542368 0.022752835200383112
0 0.4645208212045523 0.9253406524658203 0.020302405724158652 0.019980797400841348
0 0.6866497626671424 0.0997311151944674 0.020520870502178486 0.02108485882098858
0 0.4747224220862755 0.9542370576124924 0.027257332435021035 0.027156976553109977
0 0.6167188791128305 0.02450439563164344 0.027477117685171273 0.02758330565232497
0 0.4140790792611929 0.8833067233745868 0.04173484215369591 0.04067039489746094
0 0.6797426663912259 0.9091333242563101 0.026624239408052884 0.026651529165414665
0 0.35570394075833833 0.8792371016282302 0.022067143366887018 0.021783975454477165
0 0.48615334584162784 0.08207869529724121 0.11861955202542819 0.11994017087496243
0 0.6252222794752854 0.19229980615469125 0.025106540093055137 0.025380428020770732
0 0.6577592262854943 0.2091184396010179 0.03238384540264423 0.03266195150522085
0 0.4584313172560472 0.8905881734994742 0.03607669243445763 0.035388946533203125
0 0.529568415421706 0.053407980845524713 0.1329026589026818 0.10446739196777344
0 0.5374187322763296 0.14448759189018837 0.036612437321589544 0.03612043307377742
0 0.4533700209397536 0.8947689349834735 0.04600612933819111 0.04356090839092548
0 0.5537924399742713 0.24291330117445725 0.015229738675631009 0.0149535766014686
