0 0.887992051931528 0.7307737790621244 0.06793491656963642 0.06722729022686298
0 0.7795928074763372 0.5646495819091797 0.04544742290790264 0.04596402094914363
0 0.4509445337148813 0.10363347713763897 0.03897982377272386 0.03922000298133263
0 0.732029548058143 0.5070447188157302 0.03405908437875601 0.03391309884878305
0 0.6931808178241436 0.07175112687624417 0.025318439190204326 0.025446653366088867
0 0.34530404897836536 0.42901978125939 0.02826837392953726 0.028118426983173076
0 0.35025970752422625 0.035454896780160755 0.03490609389085036 0.034887460561899036
0 0.6086878409752479 0.9137276135958158 0.04324472867525541 0.043094488290640026
0 0.6291800278883714 0.14350131841806266 0.03865605134230394 0.03888907799353966
0 0.8695320716271033 0.030977061161628135 0.10001696073091947 0.06073483136984018
0 0.6878102375910833 0.7602242689866286 0.0504151857816256 0.05073708754319411
0 0.38852500915527344 0.36968077146089995 0.039060005774864785 0.039125295785757214
0 0.2505348645723783 0.4623272602374737 0.028154666607196514 0.027998043940617487
0 0.30237581179692197 0.821558952331543 0.036185154548058145 0.035776578463040866
0 0.37506499657264125 0.2481260483081524 0.020071763258713942 0.020074734321007363
0 0.880311525785006 0.6916754795954778 0.02835361774151142 0.028355818528395433
0 0.7883757077730619 0.11144366631141076 0.03906572782076322 0.039612384942861706
0 0.670859483572153 0.1442120992220365 0.019800773033728965 0.01962753442617563
0 0.5043502220740685 0.0419392860852755 0.025025441096379206 0.025069475173950195
0 0.7598824134239783 0.14756342080923227 0.019595219538762018 0.019521236419677734
0 0.7128328176645132 0.11314193102029654 0.024860088641826924 0.024761218291062575
0 0.7821426391601562 0.1523574132185716 0.021559641911433294 0.02169458682720478
0 0.2875778124882625 0.2502492391146146 0.05277296213003305 0.05276188483605018
0 0.41895565619835484 0.34851624415471005 0.016165659977839544 0.016644037686861478
0 0.09418966219975398 0.03636863827705383 0.04656215355946468 0.04704608825536875
0 0.7230154917790339 0.1311792226938101 0.021163206834059495 0.02130552438589243
0 0.2693109145531288 0.7787703000582181 0.02034297356238732 0.020577357365534857
0 0.48274869185227615 0.14144709477057824 0.018687908466045674 0.0183411561525785
0 0.27522861040555513 0.528926262488732 0.03940043082604042 0.03918882516714243
0 0.13911801118117112 0.5510198152982272 0.03394475350013146 0.033684950608473554
0 0.8888137523944561 0.8408569189218374 0.026104266826923076 0.026413550743689902
0 0.5254516234764686 0.8615126243004432 0.01662606459397536 0.016427113459660456
0 0.11824643611907959 0.21349629989037147 0.02777545268719013 0.028010478386512168
0 0.7699898939866286 0.08364468354445237 0.02400999802809495 0.023978123298058145
0 0.43152761459350586 0.03494582726405217 0.028525645916278545 0.028928371576162484
0 0.5245685577392578 0.03041142225265503 0.01942869333120493 0.019477037283090446
0 0.1867222052354079 0.25630767528827375 0.02879927708552434 0.028868418473463792
0 0.6764138295100286 0.6637127216045673 0.01702293982872596 0.01693901648888221
0 0.20536176974956805 0.23503952759962815 0.02310642829308143 0.02300401834341196
0 0.7731804480919471 0.5954335286067083 0.025424076960637018 0.025905902569110576
0 0.725767575777494 0.2971939306992751 0.05549152080829327 0.05520945328932542
0 0.7176167414738581 0.6052295244657077 0.022167352529672477 0.022185545701246995
0 0.46056431990403396 0.7782913354726938 0.021966934204101562 0.02209648719200721
0 0.464697214273306 0.8731803894042969 0.01604491013746995 0.01609215369591346
0 0.38703177525446963 0.7361294673039362 0.015901638911320612 0.015803703894981973
0 0.9378945277287409 0.23311343559852013 0.022839179405799277 0.02337220998910757
0 0.8698346064640925 0.9094836895282452 0.04335579505333534 0.04390041644756611
0 0.06302067408194909 0.2721852889427772 0.01862188485952524 0.01859144064096304
0 0.6704166852510892 0.2978704892672025 0.03273450411283053 0.03221621880164513
0 0.5599088668823242 0.5178608894348145 0.020251054030198317 0.02025156754713792
0 0.8530285175030048 0.48702372037447417 0.024493584266075723 0.024280328017014723
0 0.42414687230036807 0.08653887418600228 0.022591077364408053 0.022476984904362604
0 0.7297080113337591 0.16148895483750564 0.016520866980919473 0.015884252694936898
0 0.4493087621835562 0.21718852336590105 0.017702542818509616 0.018054705399733324
0 0.18669748306274414 0.3338916851924016 0.021494645338792067 0.021569252014160156
0 0.20824265480041504 0.870579352745643 0.04279180673452524 0.04249117924616887
0 0.4221355364872859 0.7110377825223483 0.03098407158484826 0.03105618403508113
0 0.8104779170109675 0.834447273841271 0.03559670081505409 0.03555385883037861
0 0.41324057945838344 0.25779051047105056 0.01994499793419471 0.019775243905874398
0 0.15581833399259126 0.03778390701000507 0.040590102855975814 0.040221599432138294
0 0.10448088095738338 0.37857917638925404 0.022660475510817308 0.02316570281982422
0 0.49650434347299427 0.8022708159226638 0.017394432654747598 0.017417320838341348
0 0.4683480996351976 0.25678157806396484 0.019065343416654147 0.019075393676757812
0 0.7119098076453576 0.16819231326763445 0.024978050818810098 0.02530523446890024
0 0.4466327153719388 0.06387999883064857 0.01807719010573167 0.017780854151799128
0 0.4496108568631686 0.9242674020620493 0.0388645758995643 0.03831393902118389
0 0.3732614517211914 0.2102478834298941 0.02914252647986779 0.028819524324857272
0 0.6854070516733023 0.2318859467139611 0.015384967510516826 0.015291947584885817
0 0.8131954486553485 0.26362144030057466 0.017148384681114785 0.01743151591374324
0 0.5017235095684345 0.183533815237192 0.01600052760197566 0.015929515545184795
0 0.16508769989013672 0.5321835004366361 0.016419043907752402 0.016425206111027643
0 0.060363636567042425 0.29344971363361066 0.0239491371008066 0.024046934567964993
0 0.4137551967914288 0.14087944764357346 0.022481624896709736 0.02260622611412635
0 0.30740697567279524 0.10997403584993802 0.025858365572415866 0.026326381243192233
0 0.5482139220604529 0.03858249921065111 0.02308309995211088 0.023005063717181865
0 0.7826189628014197 0.6065899041982797 0.016002361591045674 0.015775167025052585
0 0.3634917185856746 0.5082007188063401 0.01903959421011118 0.019251603346604567
0 0.6180495482224685 0.08677630241100605 0.02151665320763221 0.02165376223050631
0 0.3188784672663762 0.7320153163029597 0.015098058260404147 0.015077444223257212
0 0.12109740880819467 0.9456172356238732 0.01893030680142916 0.01884284386268029
0 0.8888218219463642 0.18905126131497896 0.014905195969801683 0.015118892376239482
0 0.7725024590125451 0.06532073020935059 0.029970609224759616 0.0297397100008451
0 0.7194460355318509 0.7868102880624624 0.07618038470928486 0.07672544626089242
0 0.8249229284433218 0.1557184366079477 0.0207058833195613 0.021013333247258112
0 0.1258154924099262 0.5691737395066482 0.01699090003967285 0.01727911142202524
0 0.28653695033146787 0.5225478685819186 0.06549138289231521 0.07014612051156852
0 0.6446346869835486 0.5738340157728928 0.014901381272536058 0.01482545412503756
0 0.6888596461369441 0.9660444993239182 0.0295407221867488 0.029411462637094352
0 0.5503667684701773 0.06831413507461548 0.021032406733586237 0.02043451712681697
0 0.4306176992563101 0.3621803430410532 0.037284557635967545 0.036958474379319414
0 0.3427848815917969 0.38471295283390927 0.014716808612530049 0.01445300762469952
0 0.34610564892108625 0.06558401309526883 0.01919717055100661 0.01920009576357328
0 0.054293494958143965 0.15441105915949896 0.015569714399484487 0.01701817145714393
0 0.5252865277803861 0.32461734918447643 0.015287105853740986 0.01553484109731821
0 0.18419568355266863 0.04473395530994122 0.0348212535564716 0.03487112201177157
0 0.4053054956289438 0.04314231872558594 0.017636225773737982 0.017901374743534967
0 0.29080541317279524 0.6049709686866174 0.028580078711876504 0.02858139918400691
0 0.759482163649339 0.04125473132500282 0.018048506516676683 0.017872794316365168
0 0.2569770812988281 0.6268009772667518 0.016789069542518027 0.016485947829026442
0 0.7905446566068209 0.7257672823392428 0.015645834115835335 0.015585092397836538
0 0.3609553850614108 0.4212212562561035 0.05442369901216947 0.05302150432880108
0 0.8174414267906775 0.1746813150552603 0.021216612595778245 0.021399754744309645
0 0.17972421646118164 0.2896100924565242 0.02090604488666241 0.02162280449500451
0 0.33483021075908953 0.19819523737980768 0.03119512704702524 0.03221401801476112
0 0.7365414546086237 0.14668934161846453 0.016406719501201924 0.01618796128493089
0 0.34753960829514724 0.5769220498891977 0.030251282912034255 0.03069584186260517
0 0.8310722204355093 0.24945992689866286 0.026404454157902643 0.025540718665489785
0 0.32503296778752255 0.050968711192791276 0.026431743915264424 0.026969762948843148
0 0.32051761333759016 0.7547743870661809 0.016025543212890625 0.015975365271935098
0 0.28929888285123384 0.2108767216022198 0.016581278580885667 0.01663633493276743
0 0.07984445645258977 0.3482674818772536 0.015988771732036885 0.016076014592097357
0 0.27028953112088716 0.0102624950500635 0.02212106264554537 0.01879165952022259
0 0.3822808632483849 0.19690700677724984 0.01861748328575721 0.01875752669114333
0 0.8858925012441782 0.23854976433974046 0.02049123323880709 0.020531177520751953
0 0.19207121775700495 0.42503764079167294 0.017238323505108174 0.01739788055419922
0 0.3831640023451585 0.7000714815579928 0.015296275799091045 0.015397732074444111
0 0.5089306831359863 0.2371695591853215 0.015237147991473857 0.015015602111816406
0 0.35904484528761643 0.7288426619309646 0.017267227172851562 0.017015897310697116
0 0.46816275669978213 0.3399190169114333 0.0162200194138747 0.016001334557166465
0 0.6643809538621169 0.5588210912851187 0.036946663489708535 0.036595858060396634
0 0.40407907045804536 0.3909732378446139 0.017127403846153848 0.01718425750732422
0 0.341277709374061 0.016907791678722087 0.015541956974909855 0.015676381496282723
0 0.23487435854398286 0.7194015796367939 0.01590596712552584 0.016170501708984375
0 0.42795460040752703 0.9877223968505859 0.02292948502760667 0.020304019634540264
0 0.7535350506122296 0.5909154598529522 0.019603435809795674 0.019640262310321514
0 0.23628686024592474 0.16378252322857195 0.016629512493426982 0.016785805041973408
0 0.5557471055250901 0.2708478890932523 0.015359878540039062 0.015492659348707933
0 0.7395592469435471 0.6132473578819861 0.02927677447979267 0.028847621037409857
0 0.6172237396240234 0.31200724381666917 0.018080784724308893 0.01786694159874549
0 0.3247975569504958 0.08108969835134652 0.03267588982215294 0.03321299644616934
0 0.5694316717294546 0.22250854052030122 0.016703972449669473 0.017322650322547324
0 0.5323280921349158 0.6686483529897836 0.014917373657226562 0.014990293062650241
0 0.16254153618445763 0.9065621449397161 0.01980261619274433 0.019688239464393027
0 0.6359964517446665 0.5997266035813552 0.020425062913161058 0.02061880551851713
0 0.8023598010723407 0.08320197692284217 0.03190524761493389 0.03142976760864258
0 0.5560441383948693 0.6070140691903921 0.025651051447941706 0.026377017681415264
0 0.5666088324326736 0.22272911438575158 0.02224592062143179 0.021567711463341348
0 0.35776365720308745 0.08262940553518441 0.01640796661376953 0.01643791565528283
0 0.13422725750849798 0.8159766564002404 0.020563088930570163 0.0207061767578125
0 0.47518590780404896 0.7961218907282903 0.014588282658503605 0.014284280630258413
0 0.9030388318575345 0.1408556057856633 0.015954090998722956 0.015878659028273363
0 0.11029862440549411 0.10258694795461801 0.07066112298231858 0.07355856895446777
0 0.1581580272087684 0.5851089770977314 0.01455097932081956 0.014719816354604868
0 0.7973127365112305 0.48218892170832706 0.06301072927621695 0.06316016270564152
0 0.13639145631056565 0.6109441610483023 0.03425506445077749 0.033942002516526446
0 0.4200433584359976 0.11301721059359036 0.01426528050349309 0.014158964157104492
0 0.7420783409705529 0.6108805583073542 0.023441314697265625 0.024493290827824518
0 0.8713738368107722 0.1325833247258113 0.02028039785531851 0.020592432755690355
0 0.46243983048659104 0.1288317717038668 0.013970154982346755 0.013786572676438551
0 0.9428779895489032 0.16109602267925555 0.01467426006610577 0.015473283254183255
0 0.43209450061504656 0.9230280656080979 0.01674505380483774 0.017067395723783053
0 0.4888536013089694 0.3048138985267052 0.013970008263221154 0.014007494999812199
0 0.24524551171522874 0.1738117291377141 0.016394871931809645 0.016640956585223857
0 0.416894399202787 0.0558239221572876 0.014399455143855168 0.014243639432466947
0 0.6062719638531024 0.33885005804208607 0.015923500061035156 0.015808472266564004
0 0.26923014567448544 0.16724881759056678 0.017511404477632962 0.017462987166184645
0 0.6237845054039588 0.0685585095332219 0.03040034954364483 0.029717225294846755
0 0.23970389366149902 0.6844859490027795 0.11174572431124173 0.11028524545522836
0 0.2557851718022273 0.7449581439678485 0.016611759479229268 0.01677366403432993
0 0.37162237900954026 0.30299113346980167 0.048731290377103366 0.04785442352294922
0 0.35408775623028094 0.5327939987182617 0.019101729759803183 0.019060061528132513
0 0.488282900590163 0.22864862588735727 0.025060433607835036 0.023994005643404447
0 0.8380236258873572 0.20265377484835112 0.01709321828988882 0.01706552505493164
0 0.34017573870145357 0.19672109530522272 0.041233209463266224 0.040391115041879505
0 0.8672745778010442 0.1375028628569383 0.0171661376953125 0.017209474857036885
0 0.6008410820594201 0.9424731181218073 0.015958199134239785 0.015722128061147835
0 0.8689631682175857 0.13500897700969988 0.0220486567570613 0.022078844217153695
0 0.5612258177537185 0.2365726874424861 0.015799522399902344 0.015290223635160007
0 0.22814383873572716 0.521039449251615 0.014864114614633413 0.014644769521859976
0 0.38188802278958833 0.7655451847956731 0.015425315270057091 0.015453045184795674
0 0.4738936791053185 0.21512600091787484 0.029446235069861777 0.029382008772629958
0 0.7013496985802283 0.29209188314584583 0.02335357666015625 0.023299217224121094
