0 0.41865983376136195 0.35328168135422927 0.07863888373741737 0.0797585707444411
0 0.5615547620333158 0.9291320213904748 0.0890659919151893 0.08842028104341947
0 0.583343139061561 0.21834503687345064 0.05356025695800781 0.05347901124220628
0 0.31781930189866286 0.9090069990891677 0.06342728321368878 0.06292988703801082
0 0.7763470869797927 0.9771102024958684 0.039919339693509616 0.04117995042067308
0 0.4362653952378493 0.07563977058117206 0.06378474602332482 0.06407325084392841
0 0.6384372711181641 0.21228537192711464 0.03795917217548077 0.0375824708205003
0 0.45879275982196516 0.1479822855729323 0.0995929424579327 0.1010592900789701
0 0.4434100297781137 0.5832855518047626 0.032037588266225964 0.032073681171123795
0 0.4412424380962665 0.8301215538611779 0.029598456162672777 0.029506389911358174
0 0.6838217515211839 0.6180492547842172 0.03156603299654447 0.03174781799316406
0 0.5313573983999399 0.02229580283164978 0.050641646751990683 0.041843959918388955
0 0.6488541823167068 0.11054547016437237 0.030285761906550482 0.030060254610501803
0 0.5723795890808105 0.3314661246079665 0.0174710200383113 0.017310069157527044
0 0.6155855472271259 0.5842435543353741 0.033623915452223554 0.03382418705866887
0 0.7671144925631009 0.4254300410930927 0.022708012507512018 0.02256011962890625
0 0.26220314319317156 0.12656765717726487 0.020626581632173978 0.020632193638728216
0 0.615588114811824 0.8486956082857572 0.021312970381516676 0.021418057955228366
0 0.4245085349449745 0.2929538213289701 0.04193438016451322 0.04197377424973708
0 0.6050859231215256 0.02500200500855079 0.01698640676645132 0.017011509491847113
0 0.5766369012685922 0.8404122866117038 0.018163681030273438 0.018234839806189902
0 0.39139534876896787 0.530596659733699 0.022158109224759616 0.022267708411583535
0 0.48343588755680966 0.30260265790499175 0.03380298614501953 0.03345218071570763
0 0.4147696861853966 0.4679297667283278 0.03576219998873197 0.03586035508375902
0 0.7772404597355769 0.5862980622511643 0.030297205998347357 0.030114100529597357
0 0.7223428579477164 0.8453716864952674 0.029032340416541465 0.029027792123647835
0 0.510336655836839 0.891925151531513 0.03989087618314303 0.04051369887131911
0 0.4574630077068622 0.2813374445988582 0.033444991478553183 0.03410265995905949
0 0.780061281644381 0.2830856213202843 0.025477776160606973 0.02575342471782978
0 0.6618019984318659 0.3423643112182617 0.019293858454777643 0.01918924771822416
0 0.764503552363469 0.03444444674711961 0.05211067199707031 0.05189947898571308
0 0.7071829575758714 0.988469490638146 0.01836365919846755 0.01772132286658654
0 0.7050792987530048 0.22032552499037522 0.026963160588191107 0.02673039069542518
0 0.3089048679058368 0.7052057706392728 0.03849541223966158 0.03800465510441707
0 0.650699101961576 0.5591024252084585 0.016817092895507812 0.01661506065955529
0 0.3484990413372333 0.8032674055833083 0.030228394728440505 0.030390812800480768
0 0.5344099631676307 0.4795962847196139 0.07129669189453125 0.07132471524752103
0 0.5691113105187049 0.8621879724355844 0.03883831317608173 0.03887748718261719
0 0.761411006634052 0.9168128967285156 0.017407784095177285 0.017353057861328125
0 0.36917686462402344 0.5577888488769531 0.024815926185021035 0.024916722224308893
0 0.2420816604907696 0.9709402231069711 0.04717815839327299 0.0470739511343149
0 0.41950482588547927 0.8650311690110427 0.021337289076585036 0.021183894230769232
0 0.44849116985614484 0.967896241408128 0.03494820227989784 0.03505706787109375
0 0.7456590212308444 0.8270491086519681 0.03296045156625601 0.03261771568885216
0 0.7836130582369291 0.7045514766986554 0.028370490440955527 0.030391106238731973
0 0.6346754660973182 0.13641711381765512 0.036834716796875 0.03729398433978741
0 0.5804043549757737 0.1482388973236084 0.023286819458007812 0.023132874415471003
0 0.783478516798753 0.44239300947922927 0.029229237483097956 0.0294649417583759
0 0.6335587134728065 0.3348431954017052 0.016337174635667067 0.016271444467397835
0 0.6994005349966196 0.7676536853496845 0.018060684204101562 0.018062004676231973
0 0.3947153091430664 0.9287395477294922 0.05766112987811749 0.058084341195913464
0 0.2308370150052584 0.8759676859929011 0.03500784360445463 0.03486002408541166
0 0.565608391394982 0.4141049385070801 0.015942133389986478 0.015983434823843148
0 0.7398530519925631 0.49731929485614484 0.022075946514423076 0.022068610558143027
0 0.4583210578331581 0.2613442310920128 0.016126485971304085 0.01573786368736854
0 0.23485832947951096 0.9131764632004958 0.03775218816903921 0.037845611572265625
0 0.6455421447753906 0.72839172069843 0.01819463876577524 0.018145928016075723
0 0.4736960851229154 0.9855581430288461 0.030496890728290264 0.025625082162710335
0 0.4426845403817984 0.8463274148794321 0.017412772545447715 0.017421135535606973
0 0.7558840238131009 0.35424944070669323 0.01796722412109375 0.017812288724459134
0 0.3199041439936711 0.35314802023080677 0.02669062981238732 0.026477593642014723
0 0.597748169532189 0.15703740486731896 0.01641706319955679 0.01671454539665809
0 0.35965989186213565 0.7069219442514273 0.02706762460561899 0.026737506573016826
0 0.4793277887197641 0.7794265013474685 0.016155536358173076 0.016080416165865384
0 0.7755529697124774 0.7460548694317157 0.016266015859750602 0.01630254892202524
0 0.7002543669480544 0.8800252034113958 0.032976737389197715 0.03308017437274639
0 0.6676155970646784 0.8497973221998948 0.023888367872971755 0.023900252122145433
0 0.35944461822509766 0.4718684416550856 0.031186764056865986 0.03078152583195613
0 0.3863275968111478 0.8849050081693209 0.05413744999812199 0.05408008282001202
0 0.47346819364107573 0.6396918663611779 0.20302229661207932 0.20862461970402643
0 0.4037765723008376 0.4421660349919246 0.025314184335561898 0.02530508774977464
0 0.6024215404803936 0.3628990466778095 0.017879486083984375 0.017967957716721755
0 0.23383971361013559 0.3730335602393517 0.043421305142916165 0.04362341073843149
0 0.42114866696871245 0.1875901955824632 0.038270216721754804 0.038649559020996094
0 0.6438983770517203 0.7032549931452825 0.015909341665414665 0.016070145827073317
0 0.43396546290471005 0.25789789053109974 0.02288202139047476 0.022961836594801683
0 0.7702378493088943 0.7953387773953952 0.01837774423452524 0.018158986018254206
0 0.7390121313241812 0.5562632634089544 0.016341136052058294 0.015964214618389424
0 0.6453913175142728 0.9657714550311749 0.026471064640925482 0.026734572190504808
0 0.5313793329092172 0.06534198155769935 0.029123893150916465 0.029161499096797064
0 0.27309498420128453 0.8256315084604117 0.035282281728891224 0.03515830406775841
0 0.5792295015775241 0.03396728176337022 0.030705378605769232 0.030070621233720046
0 0.7276988396277795 0.723057746887207 0.01802649864783654 0.018137565025916465
0 0.5755746547992413 0.13045196349804217 0.01978918222280649 0.019608222521268405
0 0.47794716174785906 0.9645394545335036 0.020395278930664062 0.02039190439077524
0 0.29149473630464995 0.40279513138991135 0.02348026862511268 0.02365904587965745
0 0.2108300649202787 0.1098798605111929 0.016244888305664062 0.015957208780141976
0 0.3084864983191857 0.9924057446993314 0.019119684512798604 0.013347479013296274
0 0.6543882810152494 0.16565249516413763 0.020815042349008415 0.0210416500384991
0 0.21521410575279823 0.9214539161095252 0.025445277874286357 0.03499764662522536
0 0.6464312626765325 0.47809619169968826 0.020034203162560098 0.01964393028846154
0 0.6228007536668044 0.9665319736187274 0.01691436767578125 0.01697672330416166
0 0.3105677091158353 0.7971751873309796 0.027776498060960036 0.027560307429387018
0 0.35018561436579776 0.4313545593848595 0.024198238666240986 0.02420784876896785
0 0.5732794541579026 0.10416865348815918 0.015129676231971154 0.015211802262526292
0 0.7819207998422476 0.06991339646852933 0.019982558030348558 0.01997854159428523
0 0.5672882887033316 0.25624706194950986 0.01577912844144381 0.015585899353027344
0 0.4951639542212853 0.09305822849273682 0.021275740403395433 0.021567307985745944
0 0.753755129300631 0.6352989490215595 0.01920171884390024 0.01912542489858774
0 0.6402667118952825 0.7776454045222356 0.01571200444148137 0.015537408682016226
0 0.7404776353102464 0.4626084841214694 0.015099745530348558 0.015046339768629808
0 0.38977494606604945 0.420134947850154 0.02138042449951172 0.021370814396784857
0 0.6897572737473708 0.671748161315918 0.015364720271183895 0.015482829167292668
0 0.4067805363581731 0.9802651038536658 0.047168731689453125 0.035988147442157455
0 0.6127081650954026 0.40166781498835635 0.016309151282677285 0.01660435016338642
0 0.5671057334313025 0.30738505950340855 0.023894089918870192 0.024403902200552132
0 0.5444857523991511 0.351109137901893 0.014760677631084736 0.014783712533804087
0 0.2707604995140663 0.7136906843919021 0.02861778552715595 0.027941483717698317
0 0.3159183722275954 0.2140807555272029 0.23728128579946664 0.296599058004526
0 0.6014240705049955 0.11073791063748874 0.01858975337101863 0.0186160160945012
0 0.5909112783578726 0.38996307666485125 0.0213772700383113 0.02119900630070613
0 0.6791742764986478 0.13952214901263899 0.019622215857872598 0.019297966590294473
0 0.6398572188157302 0.8615137246938852 0.02340844961313101 0.022968585674579326
0 0.3837148593022273 0.4548177352318397 0.021242141723632812 0.0213470458984375
0 0.2736095648545485 0.716121453505296 0.03436139913705679 0.03401389488807091
0 0.3904975744394156 0.5065825535700872 0.018391975989708535 0.018148348881648138
0 0.21157609499417818 0.8607163796058068 0.017789107102614183 0.019997376662034255
0 0.2933445710402269 0.6582699555617112 0.01630702385535607 0.016213637131911058
0 0.787440666785607 0.9010050846980169 0.014797210693359375 0.01472766582782452
0 0.6092138657203088 0.38004772479717547 0.01656495607816256 0.016492256751427285
0 0.4977095677302434 0.0748027150447552 0.017195774958683893 0.017310078327472393
0 0.2144627937903771 0.7711831606351413 0.025415787330040567 0.026798248291015625
0 0.22628039580125076 0.8439758740938627 0.017995320833646335 0.018115703876201924
0 0.4509285780099722 0.9450633709247296 0.01485890608567458 0.01473690913273738
0 0.6057615280151367 0.8924980897169846 0.015623166010929989 0.015387608454777645
0 0.5888959444486178 0.28904239947979266 0.01785909212552584 0.018008672274076022
0 0.6465087303748498 0.19342809457045335 0.018948481633112982 0.019211805783785306
0 0.6260907099797175 0.9345917334923377 0.014914879432091346 0.014902555025540866
0 0.31373350436870867 0.22843001439021185 0.014631344721867489 0.014475088853102464
0 0.2761688232421875 0.9665176685039814 0.018739993755634014 0.0191802978515625
0 0.7222818227914664 0.033097950311807484 0.015494566697340745 0.015275304134075459
0 0.4821764139028696 0.8961720833411584 0.020552415114182692 0.020966749924879808
0 0.7297035364004282 0.1416952793414776 0.05972598149226262 0.059436688056358926
0 0.5654823229863093 0.4547134546133188 0.02832962916447566 0.028746531559870794
0 0.3890873835637019 0.04788507865025447 0.02272620567908654 0.02241161924142104
0 0.4404291006234976 0.9912338256835938 0.02517861586350661 0.016181358924278848
0 0.3390986736004169 0.8557667365440955 0.027134015009953424 0.02641472449669471
0 0.5349222696744479 0.23203281255868766 0.022448979891263522 0.022269762479341947
0 0.4805165070753831 0.1610435155721811 0.04339159451998197 0.04291413380549504
0 0.7528663048377404 0.7615718107957107 0.014682182898888221 0.014779457679161659
