0 0.33685566828801083 0.2809845484220065 0.09823116889366737 0.0993813734788161
0 0.6378361628605769 0.11719808211693397 0.10702364261333759 0.10741178806011493
0 0.5147946431086614 0.637031995333158 0.07956152695875901 0.08006741450383113
0 0.4811557623056265 0.969883551964393 0.0960986797626202 0.060143690842848554
0 0.34510172330416167 0.17545138872586763 0.15380890552814191 0.15409454932579628
0 0.3888827837430514 0.44322696098914516 0.11990107022798978 0.11889032217172477
0 0.6497858487642728 0.5958674504206731 0.03819128183218149 0.038083443274864785
0 0.3003984964810885 0.4902029037475586 0.0627896235539363 0.06214229877178486
0 0.5032049325796274 0.2032599815955529 0.07388144273024339 0.07223892211914062
0 0.3247119096609262 0.8173059316781851 0.05451158376840445 0.054779052734375
0 0.5049127065218412 0.3413871985215407 0.03853819920466496 0.03866291046142578
0 0.30166871731097883 0.6872359055739182 0.040014487046461836 0.04005520160381611
0 0.48640023745023286 0.8465329683743991 0.03261566162109375 0.03260964613694411
0 0.3016090943263127 0.5855775246253381 0.05019998550415039 0.049653273362379804
0 0.5229260004483737 0.2871412130502554 0.03433682368351863 0.034089235159067005
0 0.45325367267315203 0.1803756860586313 0.07177895766038161 0.07089167374830979
0 0.5591583251953125 0.05614967529590313 0.026405481191781852 0.026337660275972806
0 0.2793755898108849 0.8196810208834134 0.021599622873159554 0.0216372563288762
0 0.460235228905311 0.6707371931809646 0.028607295109675482 0.028643974891075723
0 0.6863183975219727 0.30335411658653844 0.1383796105018029 0.1435247567983774
0 0.41533587529109073 0.5783222638643705 0.018250685471754808 0.018094356243426982
0 0.5179707453801081 0.7220918948833759 0.038847703200120196 0.03940773010253906
0 0.6125598687392014 0.6322917204636794 0.022858619689941406 0.022783426138070915
0 0.5149779319763184 0.028922420281630296 0.02265614729661208 0.022714798267071065
0 0.4342299241286058 0.811392930837778 0.025143256554236777 0.024989788348858174
0 0.5332617026108962 0.0338708758354187 0.019408005934495192 0.019301643738379844
0 0.6115102767944336 0.8586371495173528 0.01760277381310096 0.017321366530198317
0 0.2549582994901217 0.9805746078491211 0.037868646474984974 0.03704922015850361
0 0.520981605236347 0.7589906545785757 0.028441649216871995 0.028633704552283652
0 0.47887306946974534 0.13510933289161095 0.03723599360539363 0.0368500489455003
0 0.47601149632380557 0.3938749386714055 0.018773592435396634 0.01904450930081881
0 0.6876414372370794 0.6358919877272385 0.018419999342698317 0.018519474909855768
0 0.38899938876812273 0.7986671741192157 0.07540724827693059 0.07428477360652043
0 0.5331307924710788 0.11539257489717923 0.06787886986365685 0.06883591871995193
0 0.35338152371920073 0.9757645680354192 0.021409108088566706 0.021290999192457933
0 0.4658235770005446 0.3787960639366737 0.10894327897291917 0.10845125638521634
0 0.5151346646822416 0.07396539357992318 0.01903057098388672 0.01897718356205867
0 0.7094052388117864 0.13355963046734148 0.022804113534780648 0.022911768693190355
0 0.47624896122859073 0.5533470373887283 0.01973871084359976 0.019724259009728067
0 0.41677188873291016 0.1335118550520677 0.016759725717397835 0.016428030454195462
0 0.5056993777935321 0.8704339540921725 0.01652394808255709 0.016492403470552884
0 0.4672735654390775 0.2694852352142334 0.07945192777193509 0.07733612794142503
0 0.2653938440176157 0.01658856639495263 0.04056673783522386 0.03308542416645931
0 0.6741250845102164 0.20392346382141113 0.015610621525691105 0.015543094048133263
0 0.4072950803316556 0.7007703047532302 0.024084971501277044 0.0240475581242488
0 0.5832059566791241 0.3258987206679124 0.0157925532414363 0.015812213604266826
0 0.6135848852304312 0.28297046514657825 0.020315023568960335 0.020438194274902344
0 0.311549736903264 0.7484601827768179 0.017614071185772236 0.017636519211989183
0 0.3918980084932767 0.9562857701228216 0.048392075758713946 0.0486139150766226
0 0.5687803855309119 0.8419656753540039 0.015958199134239785 0.015908021193284255
0 0.49978212209848255 0.8256275470440204 0.02069091796875 0.02049108651968149
0 0.2908327762897198 0.014252930879592896 0.017369637122521035 0.01689590857579158
0 0.537626339839055 0.3352652329664964 0.019765560443584736 0.01994455777681791
0 0.42104706397423375 0.7439418205848107 0.06653184157151443 0.06888345571664664
0 0.7050198775071365 0.21076165712796724 0.019274051372821514 0.01962705758901743
0 0.6159667235154372 0.0537873598245474 0.0141142331636869 0.014104604721069336
0 0.738238261296199 0.12539181342491737 0.0326381096473107 0.0357824105482835
0 0.4855212064889761 0.7202033996582031 0.025164090670072116 0.024960151085486777
0 0.24743164502657378 0.6522484559279221 0.01568449460543119 0.01589819101186899
0 0.43522783426138073 0.698965806227464 0.019106204693134014 0.019074219923753005
0 0.6198189075176532 0.5444954358614408 0.01869333707369291 0.01906615037184495
0 0.44864713228665865 0.22398794614351714 0.04975759066068209 0.049809822669396035
0 0.36585407990675706 0.9150797036977915 0.07000402303842398 0.07106487567608173
0 0.42666794703556943 0.24620850269611066 0.03027769235464243 0.03004796688373272
0 0.6971655625563401 0.14835480543283316 0.02070470956655649 0.02058278597318209
0 0.4646558394798866 0.5494285730215219 0.2554469475379357 0.23981901315542367
0 0.36015892028808594 0.35403042573195237 0.08010592827430138 0.07815265655517578
0 0.587856806241549 0.4812751916738657 0.021062410794771634 0.020443549522986777
0 0.5933121901292068 0.021615482293642484 0.019103490389310397 0.019290529764615573
0 0.5829282173743615 0.012955484481958242 0.018518741314227764 0.019002937353574313
0 0.4791739537165715 0.5359645256629357 0.018416624802809495 0.019012891329251803
0 0.6052362735454853 0.32589054107666016 0.014687171349158654 0.014527394221379207
0 0.5702752333420974 0.5067411936246432 0.02685722937950721 0.026729437021108773
0 0.31687087279099685 0.66101807814378 0.019531690157376803 0.019525527954101562
0 0.702665769136869 0.4067473044762245 0.014404003436748799 0.014362848722017728
0 0.7190364690927359 0.466190558213454 0.049335479736328125 0.04819701268122746
0 0.32917539889995867 0.7428533113919772 0.014723557692307692 0.014902261587289663
0 0.5519382403447077 0.32208725122305065 0.016236525315504808 0.015999647287222054
0 0.5143213272094727 0.803875996516301 0.016808289747971755 0.016839100764347956
0 0.6442759587214544 0.5031472352834848 0.014862647423377404 0.015012227571927585
0 0.5407183720515325 0.2649516509129451 0.01667961707481971 0.01683326867910532
0 0.26206130247849685 0.3861491863544171 0.01568324749286358 0.015756900493915264
0 0.5303674110999475 0.24768798167888934 0.02072282937856821 0.021100337688739482
0 0.4274755624624399 0.4894104737501878 0.017368316650390625 0.01755391634427584
0 0.7211893521822416 0.05320872710301326 0.019649505615234375 0.019301781287560098
0 0.5845894813537598 0.5493925534761869 0.02687182793250451 0.026358531071589544
0 0.551196024968074 0.7968207872830905 0.11920606173001803 0.12174342228816105
0 0.26273001157320464 0.5166557752169095 0.017395679767315205 0.017586487990159255
0 0.5314010473398062 0.25062148387615496 0.02187655522273137 0.022701593545766976
0 0.3239932060241699 0.3996367087730995 0.016399090106670674 0.01667499542236328
0 0.3365727938138522 0.8948987814096304 0.015424288236177884 0.015572621272160457
0 0.33723156268780047 0.08899479645949143 0.016321915846604567 0.01602946794950045
0 0.58674379495474 0.13978379506331223 0.01975529010479267 0.01987317892221304
0 0.6526725475604718 0.28352572367741513 0.01905661362868089 0.019208211165208083
