0 0.858281502356896 0.6773410943838266 0.2230852567232572 0.22935324448805589
0 0.7635465768667368 0.5982590088477502 0.08788607670710637 0.08751451052152194
0 0.10134504391596867 0.502646226149339 0.073162147632012 0.0733350607065054
0 0.5950431456932654 0.4176438038165753 0.08071437248816857 0.07991548684927133
0 0.06654105736659123 0.3751052709726187 0.037985728337214544 0.03860187530517578
0 0.7645711165208083 0.4986320642324594 0.035144659189077526 0.035112234262319714
0 0.6121947948749249 0.025304400003873385 0.04836317209097055 0.0477907290825477
0 0.5895920533400315 0.12333808495448186 0.08813667297363281 0.0896906669323261
0 0.49889028989351714 0.500449327322153 0.0416876719548152 0.04192689748910757
0 0.283601137307974 0.3027961804316594 0.06593146690955529 0.06508922576904297
0 0.06407255392808181 0.4452983782841609 0.06933120580819938 0.06924277085524339
0 0.8563880920410156 0.7085091517521784 0.04213303786057692 0.04232920133150541
0 0.8660419170673077 0.3935662049513597 0.04346201970027043 0.042864432701697715
0 0.3472541662362906 0.4294990392831656 0.06708526611328125 0.0675203616802509
0 0.07655037366426908 0.3397091352022611 0.02465968865614671 0.024394842294546273
0 0.7293412135197566 0.5178591288053073 0.024014106163611777 0.02389188913198618
0 0.2969487997201773 0.8269361349252554 0.036154673649714544 0.036391918475811295
0 0.43044761510995716 0.6807818779578576 0.025203558114858773 0.025248600886418268
0 0.5558896431556115 0.017644276985755332 0.023676065298227165 0.024153503087850716
0 0.8454833397498498 0.04577553730744582 0.04290213951697716 0.043020156713632435
0 0.4443626403808594 0.08971617772028996 0.03185565655048077 0.03200686894930326
0 0.13101566754854643 0.32452099139873797 0.02062647159282978 0.02045411330003005
0 0.1275946360367995 0.16972728875967172 0.03334228809063251 0.03325850229996901
0 0.7381172180175781 0.5449384542611929 0.02404022216796875 0.02416713421161358
0 0.807430047255296 0.0591549093906696 0.026481775137094352 0.026535850304823656
0 0.13426316701448882 0.12046489348778358 0.0632768044104943 0.06190644777738131
0 0.06519530369685246 0.26933741569519043 0.018413231923029974 0.018568148979773887
0 0.9413086817814753 0.9197147075946515 0.025014143723707933 0.025293937096228965
0 0.6745361181405874 0.5779093962449294 0.02272165738619291 0.022664290208082933
0 0.6637212313138522 0.4263947560237004 0.05043117816631611 0.05093882634089543
0 0.1585530134347769 0.16666107911330003 0.04142075318556566 0.04117521872887245
0 0.9497881669264573 0.4900536903968224 0.02619625971867488 0.02617924030010517
0 0.13049688706031212 0.23399732663081244 0.023606263674222507 0.023651673243596003
0 0.7363094183114859 0.061807554501753584 0.04622239332932692 0.04670475996457613
0 0.7686902559720553 0.6861578134390024 0.018262129563551683 0.018164414625901442
0 0.9065629518949069 0.5164607854989859 0.021385779747596152 0.021542182335486777
0 0.9776441133939303 0.29171070685753453 0.018604425283578727 0.02588653564453125
0 0.3364048737746019 0.08450689682593712 0.019851831289438102 0.019867122173309326
0 0.8243230672983023 0.7098669639000525 0.017795856182391826 0.017645762516902044
0 0.5924331958477314 0.6575989356407752 0.018163681030273438 0.018001262958233174
0 0.758553725022536 0.8068552750807542 0.017615391657902643 0.0178070068359375
0 0.7362061280470628 0.43079302861140323 0.022230881911057692 0.022617413447453424
0 0.9335556030273438 0.7669099661020132 0.11066832909217247 0.14269051185021034
0 0.877850605891301 0.9676675062913161 0.03591654850886418 0.03630740825946514
0 0.9041527968186599 0.24887917591975287 0.027873699481670674 0.027999364412747897
0 0.09704232215881348 0.01839294800391564 0.016401217533991888 0.016408681869506836
0 0.1641234801365779 0.041280851914332464 0.04035678276648888 0.04046205373910757
0 0.7793888678917518 0.5476394433241624 0.018065819373497598 0.01785703805776743
0 0.33752235999474156 0.572206057035006 0.025186685415414665 0.02521852346567007
0 0.16844687095055214 0.41243791580200195 0.030458807945251465 0.03026412083552434
0 0.10613553340618427 0.19552953426654524 0.03995466232299805 0.037876129150390625
0 0.5064638577974759 0.8669436528132513 0.03391207181490385 0.03360278789813702
0 0.05983458115504338 0.42369439051701474 0.023197348301227275 0.023355777447040264
0 0.37202611336341274 0.3720901562617375 0.023285792424128607 0.0234222412109375
0 0.3000315519479605 0.1580941493694599 0.021400084862342246 0.021202234121469352
0 0.047292544291569635 0.3897889210627629 0.017709933794461764 0.017710539010854866
0 0.2418222794165978 0.10988991077129658 0.026486910306490384 0.026412872167734
0 0.5024880262521597 0.3237205652090219 0.03737823779766376 0.036873725744394154
0 0.1308141304896428 0.21712176616375262 0.024897978856013372 0.024988064399132363
0 0.6400296137883112 0.33019197904146635 0.01706519493689904 0.017182203439565804
0 0.32641396155724156 0.154157620209914 0.019152714655949518 0.01915286137507512
0 0.7656434866098257 0.3395673311673678 0.016631493201622598 0.01662445068359375
0 0.11006729419414814 0.03148126143675584 0.018120435568002555 0.017909141687246468
0 0.40572628608116734 0.06173813801545363 0.028137720548189603 0.028155803680419922
0 0.7381434807410607 0.979588875403771 0.01547710712139423 0.01505749042217548
0 0.04344414289181049 0.33954547001765323 0.016270371583791878 0.016409947321965143
0 0.8103287770197942 0.4976675327007587 0.08916018559382512 0.09003257751464844
0 0.28470303462101865 0.17237549561720628 0.023515921372633714 0.023954464839054987
0 0.5642986297607422 0.061657227002657376 0.01658036158635066 0.016854066115159255
0 0.05535643375836886 0.47005059168888974 0.01943005048311674 0.020068975595327523
0 0.5744630373441256 0.38924088844886195 0.016364024235652044 0.016473843501164362
0 0.7116417518028846 0.36504826178917515 0.017175821157602165 0.017249620877779447
0 0.6081859882061298 0.2561739958249606 0.04039955139160156 0.040202911083514876
0 0.18411684036254883 0.08191449825580303 0.018935020153339092 0.01887339812058669
0 0.020345699328642625 0.45417077724750227 0.019381596491887018 0.025510274446927585
0 0.38412174811730015 0.13618669143089882 0.03976997962364784 0.03959186260516827
0 0.29703848178570086 0.673825190617488 0.032945486215444714 0.032877555260291465
0 0.8425986950214093 0.7390628227820764 0.01609626183143029 0.016154069166917067
0 0.3435649138230544 0.44887667435866135 0.029809071467472956 0.02994258587176983
0 0.791251696073092 0.380765621478741 0.02338262704702524 0.02329283494215745
0 0.41095814338097203 0.8801128680889423 0.019828356229341947 0.019709073580228366
0 0.3392274563129132 0.6484296505267804 0.019802386944110576 0.01998446537898137
0 0.04264763226875892 0.43256502885084885 0.015352643453157865 0.015179707453801082
0 0.9521077229426458 0.03838835312769963 0.015461995051457332 0.016328619076655462
0 0.3462478197537936 0.9406211559589093 0.028582059420072116 0.028453240027794473
0 0.9784069061279297 0.5912340604341947 0.01625853318434495 0.018861917349008415
0 0.7360722468449519 0.2655499898470365 0.03889377300555889 0.038773756760817304
0 0.8678090022160456 0.24573876307560846 0.03046109126164363 0.03036631070650541
0 0.6108203301062951 0.5924739104050857 0.024297567514272835 0.02456503648024339
0 0.20756413386418268 0.01145530090882228 0.01597309112548828 0.01565762895804185
0 0.13981759548187256 0.4446202791654147 0.03325640238248385 0.032840802119328424
0 0.07429835429558387 0.17595419516930214 0.027482124475332406 0.02785381904015174
0 0.8668405092679538 0.8880283649151142 0.02350469735952524 0.0233303950383113
0 0.9100899329552283 0.9523256742037259 0.015303978553185096 0.01522533710186298
0 0.4422472440279447 0.5008847530071552 0.023607987623948317 0.023733872633713942
0 0.7246037263136643 0.9877347946166992 0.03557909451998197 0.022516837486853965
0 0.03744024267563453 0.2506679571591891 0.01508403282899123 0.015105504256028395
0 0.6325510465181791 0.46546316146850586 0.03911795982947716 0.03948512444129357
0 0.06964431817714985 0.47988147002000076 0.014883674108065091 0.015089621910682091
0 0.633339735177847 0.7404346466064453 0.018116144033578727 0.01830893296461839
0 0.07645708781022292 0.30068502059349644 0.015220422011155348 0.015251563145564152
0 0.49196903522198016 0.42323097815880406 0.05952101487379808 0.059852306659405045
0 0.1602060061234694 0.38286862006554234 0.014364535991962139 0.014571116520808293
0 0.6217619088979868 0.3488211998572716 0.014777843768780049 0.014618946955754207
0 0.5509662628173828 0.23919120201697716 0.016664945162259616 0.01663318047156701
0 0.9536806986882136 0.05178412107320932 0.06687765855055589 0.07493336384113018
0 0.31667401240422177 0.8539220369779147 0.028719095083383415 0.029089854313777044
0 0.7164507645827073 0.3832276417658879 0.017127403846153848 0.01713429964505709
0 0.9465367243840144 0.40273218888502854 0.03305317805363582 0.03286464397723858
0 0.7252263289231521 0.3532438278198242 0.014636699969951924 0.014787967388446514
0 0.5563572370089017 0.0450062293272752 0.021089993990384616 0.021058286611850444
0 0.6322545271653396 0.787742908184345 0.018115997314453125 0.018054081843449518
0 0.8016482866727389 0.7190034572894757 0.015913009643554688 0.016034933236929085
0 0.6287480867826022 0.9766930800217849 0.09297840411846454 0.04291681142953726
0 0.33754125008216274 0.963597664466271 0.018980906559870794 0.019290630634014424
0 0.05899376135606032 0.553717356461745 0.016636069004352275 0.016666559072641227
0 0.9510772411639874 0.5995305134699895 0.020334683931790866 0.02048037602351262
0 0.07184974963848408 0.17348615939800555 0.022824727571927585 0.022163024315467246
0 0.840361815232497 0.8152751922607422 0.02771935096153846 0.027822494506835938
0 0.7315349578857422 0.3196865228506235 0.015277275672325721 0.015378071711613582
0 0.288392397073599 0.5690359335679275 0.03084571544940655 0.030726212721604567
0 0.4506403849675105 0.6082747532771184 0.016396742600661058 0.01642755361703726
0 0.09743905067443848 0.7528845713688777 0.05658566034757174 0.05716984088604267
0 0.5769626910869892 0.012221540396030132 0.022707352271446817 0.021396306844858024
0 0.26027395175053525 0.12520623207092285 0.014912972083458534 0.014651738680326022
0 0.8978963998647836 0.46870858852679914 0.014867342435396634 0.015140826885516826
0 0.953398191011869 0.5998616218566895 0.016610072209284857 0.016982665428748496
0 0.5788418696476862 0.34955817002516526 0.029953589806189902 0.030229641841008112
0 0.5414635584904597 0.5381159415611854 0.02469664353590745 0.02423829298753005
0 0.6830299084003155 0.2554269570570726 0.05980829092172476 0.06063762077918419
0 0.6875212009136493 0.9377442873441256 0.015578196598933293 0.015539022592397837
0 0.3469686508178711 0.4464586331294133 0.0493475107046274 0.03358026651235727
0 0.9321726285494291 0.3416733741760254 0.03387803297776442 0.03528022766113281
0 0.6558873836810772 0.06323643372609065 0.03559948847844051 0.035227839763347917
0 0.5947129909808819 0.60466795701247 0.014410752516526442 0.014081661517803486
0 0.8806269719050481 0.2045148886167086 0.020741976224459134 0.020781223590557393
0 0.5342176143939679 0.8401813507080078 0.014387204096867489 0.014274303729717549
0 0.9471125235924354 0.8871278762817383 0.015016849224384014 0.015063799344576322
0 0.114052965090825 0.19146974270160383 0.034869065651526816 0.03020015129676232
0 0.7435072385347806 0.5146985787611741 0.10311332115760216 0.09743763850285457
0 0.5432252517113318 0.5385596201970027 0.029416377727801982 0.030196556678185098
0 0.47011316739595854 0.537359200991117 0.01985329848069411 0.020046380849984977
0 0.6309133676382211 0.4508700370788574 0.014285454383263221 0.014430412879356971
0 0.31644366337702823 0.028702726730933555 0.04704497410700871 0.04637467861175537
0 0.7279558181762695 0.51380128126878 0.03458316509540264 0.03512763977050781
0 0.23355454664963943 0.2715300780076247 0.04259505638709435 0.0422666256244366
0 0.3112986637995793 0.579188713660607 0.021111561701847956 0.021395096412071817
0 0.8768463134765625 0.207247990828294 0.22137568547175482 0.28899354201096755
0 0.18907724894010103 0.2973662339724027 0.05346345901489258 0.05398255128126878
0 0.2208264057452862 0.9501492426945612 0.01905507307786208 0.019223433274489183
0 0.3088291608370267 0.8789423429048978 0.03357615837684044 0.033502432016225964
