0 0.36945390701293945 0.9536606715275691 0.09115431858943059 0.08667491032527043
0 0.9039365328275241 0.6523215954120343 0.10401637737567608 0.10494023102980393
0 0.8705464876615084 0.3119236139150766 0.1292871328500601 0.13320680765005258
0 0.09818036739642803 0.6595010023850661 0.053475526662973255 0.05442325885479267
0 0.19708149249737078 0.3367188527033879 0.07376780876746544 0.07372254591721755
0 0.6809478172889123 0.900907956636869 0.0986341329721304 0.0998077392578125
0 0.24698118063119742 0.9573695843036358 0.11476597419151893 0.07941290048452523
0 0.10213965636033279 0.612967271071214 0.043548840742844805 0.04429714496319111
0 0.1508396313740657 0.691563239464393 0.05957678648141714 0.05884405282827524
0 0.859030503493089 0.20238867172828087 0.05257474459134615 0.05133397762592022
0 0.8486243027907151 0.5553949796236478 0.05144632779634916 0.051618722768930286
0 0.4157976737389198 0.6417880425086389 0.047271361717810996 0.04716198260967548
0 0.21907681685227615 0.8672169905442458 0.04303811146662785 0.04300484290489784
0 0.06147209497598501 0.19971752166748047 0.048537877889779896 0.053461441626915567
0 0.4815394694988544 0.5890907874474158 0.06388070033146785 0.06418272165151742
0 0.9017118307260367 0.9141486241267278 0.04821557265061598 0.04799505380483774
0 0.3365496488717886 0.6681999793419471 0.053263297447791465 0.05401904766376202
0 0.10116908183464637 0.7090043288010818 0.051197363780095026 0.050676785982572116
0 0.32372272931612456 0.844077990605281 0.061840057373046875 0.06090619013859676
0 0.25814188443697417 0.6306768564077524 0.026295808645395134 0.02656408456655649
0 0.7314384167010968 0.2688824213468112 0.06051136897160457 0.060685231135441706
0 0.46233158845167893 0.9097788150493915 0.028932571411132812 0.02906197767991286
0 0.4191588621873122 0.3704722844637357 0.08123559218186599 0.0802626243004432
0 0.3598775863647461 0.8955703882070688 0.03764827434833233 0.03762010427621695
0 0.05848965278038612 0.7032183133638822 0.030784084246708796 0.03081512451171875
0 0.053609444544865534 0.5623766825749323 0.03742842490856464 0.056818595299353965
0 0.18736765934870794 0.62371275975154 0.034936171311598554 0.034970797025240384
0 0.8307220752422626 0.36273860931396484 0.02568670419546274 0.02580422621506911
0 0.6877853686992939 0.43656598604642427 0.06084001981295072 0.06116177485539363
0 0.7633325870220478 0.6681760641244742 0.04791069030761719 0.047867114727313705
0 0.585365368769719 0.9871724202082708 0.038306823143592246 0.022433941180889424
0 0.7292132744422326 0.7468776702880859 0.02773284912109375 0.0277401850773738
0 0.36090454688439 0.8062160198505108 0.04222268324631911 0.04307013291579027
0 0.39192694884080154 0.7157395436213567 0.02971781217134916 0.02965971139761118
0 0.1341395744910607 0.908901361318735 0.024720412034254808 0.024797879732572116
0 0.9083893115703876 0.3997159004211426 0.02890190711388221 0.029187495891864482
0 0.463901739854079 0.8633039914644681 0.03947756840632512 0.03970630352313702
0 0.18541380075307992 0.4736937376169058 0.01786041259765625 0.01770753126878005
0 0.5438936673677884 0.9599491266103891 0.029817874615009014 0.029850152822641227
0 0.7183888508723333 0.810325182401217 0.03402079068697416 0.03415078383225661
0 0.29512478755070615 0.6373117887056791 0.017468782571645882 0.017306988055889424
0 0.7056707235483023 0.9347365452693059 0.04296068044809195 0.043411548321063705
0 0.4607967963585487 0.8299095447246845 0.02485517355111929 0.02477880624624399
0 0.07873438871823825 0.9681406754713792 0.030287889333871696 0.02948614267202524
0 0.6250305909376878 0.24388830478374773 0.028864347017728366 0.029135924119215745
0 0.27414364081162673 0.8888618762676532 0.02613665507389949 0.025783538818359375
0 0.9407665546123798 0.7252773871788611 0.040194144615760215 0.04014029869666466
0 0.19714993696946365 0.8438695760873648 0.03627417637751652 0.03648229745718149
0 0.9406173412616436 0.4679992382342999 0.044434767503004804 0.061015936044546276
0 0.18363604178795448 0.27633498265193057 0.030053432171161357 0.03027688539945162
0 0.6190683658306415 0.47228453709528995 0.017990699181189902 0.017937733576847956
0 0.9499433224017804 0.407556020296537 0.016745640681340143 0.017051550058218148
0 0.720762692964994 0.41755327811607945 0.0470575185922476 0.047582846421461836
0 0.5584965852590708 0.09885257941025954 0.028239103463979866 0.028418834392841045
0 0.4012597891000601 0.5868503863994892 0.05538324209359976 0.05526381272536058
0 0.08472890120286208 0.1657703656416673 0.0373041033744812 0.03713846206665039
0 0.12618409670316255 0.5741938077486478 0.024049135354849007 0.024678450364332933
0 0.8053605006291316 0.25520797876211315 0.03228011498084435 0.03189699466411884
0 0.2204740597651555 0.5015763502854568 0.04803936298076923 0.047152005709134616
0 0.09196673906766452 0.43916797637939453 0.021165994497445915 0.02114281287560096
0 0.49277466994065505 0.7547333057110126 0.023510859562800482 0.02317986121544471
0 0.8104580365694486 0.43489771622877854 0.03028737581693209 0.029637630169208232
0 0.5059153850261981 0.8365939213679388 0.03806715745192308 0.038542527418870196
0 0.8020381927490234 0.7798090714674729 0.034942920391376205 0.035369873046875
0 0.8438153633704553 0.5081998018118051 0.03494585477388822 0.03464574080247145
0 0.06635935948445247 0.7536202944242038 0.0322183920786931 0.03244840181790865
0 0.7588057151207557 0.3784202062166654 0.029576668372521035 0.02942239321195162
0 0.7935097034160907 0.8254043872539814 0.045531052809495196 0.04592631413386418
0 0.5790445254399226 0.48226242799025315 0.03350536639873798 0.03351394946758564
0 0.3585457435021034 0.585741923405574 0.026020196767953727 0.025965543893667366
0 0.5691856971153846 0.6900304647592398 0.028927142803485576 0.028983189509465143
0 0.8486693455622747 0.11132689622732309 0.030846522404597357 0.03078746795654297
0 0.5140030200664814 0.7470378875732422 0.02238611074594351 0.02283624502328726
0 0.494936649615948 0.78607727931096 0.029138565063476562 0.029233198899489183
0 0.25338238936204177 0.7598995795616736 0.01878210214468149 0.01912689208984375
0 0.0746501821738023 0.3288751748891977 0.028461061991178073 0.028847327599158652
0 0.8300920633169321 0.8226447472205529 0.02517876258263221 0.025288801926832933
0 0.5735367995042068 0.8074417114257812 0.021831732529860277 0.021544236403245192
0 0.0584037945820735 0.36203784209031326 0.04137543531564566 0.04156633523794321
0 0.428039183983436 0.7813255603496845 0.026069200955904447 0.025746272160456732
0 0.46165789090670073 0.7713147676908053 0.0346528566800631 0.03472548264723558
0 0.8144305302546575 0.15021654275747445 0.01932701697716346 0.01921708767230694
0 0.7600106459397536 0.3254853395315317 0.04856109619140625 0.048774425800030045
0 0.744361950800969 0.06217622756958008 0.021726021399864785 0.021712651619544394
0 0.8316667996920072 0.6811209458571214 0.04118699293870192 0.040027765127328724
0 0.5817294120788574 0.16507475192730242 0.02550653310922476 0.025318219111515924
0 0.5734255130474384 0.7784500122070312 0.025408231295072116 0.024966019850510817
0 0.5713396805983323 0.3231154955350436 0.022727819589468148 0.023078038142277643
0 0.9441529787503756 0.7950005164513221 0.018643746009239785 0.01885810265174279
0 0.12991483394916242 0.8213523718026968 0.02036886948805589 0.020184150108924277
0 0.7835699961735652 0.6355920204749475 0.03881131685697115 0.0389093252328726
0 0.5204685651339017 0.5989204553457407 0.0351561766404372 0.034030767587515026
0 0.8363176492544321 0.7621099031888522 0.017738489004281852 0.017785145686222956
0 0.7010026344886193 0.7222224749051608 0.032666573157677285 0.032723646897536054
0 0.5747232437133789 0.5992887937105619 0.09164810180664062 0.0938708965594952
0 0.1074972336108868 0.5327370716975286 0.04386619421151968 0.04334244361290565
0 0.6102492992694561 0.516819220322829 0.04696376507098858 0.0467376708984375
0 0.7890077737661508 0.45655206533578724 0.030489701491135817 0.029843550461989183
0 0.5500029050386869 0.26974942133976865 0.03136179997370793 0.03107173626239483
0 0.6484061021071214 0.7671462572537936 0.023778768686147835 0.023949696467472956
0 0.09508655621455266 0.7917411510760968 0.025955732052142803 0.02605467576246995
0 0.5958213072556716 0.0752365910089933 0.02794500497671274 0.027978997964125413
0 0.5749960679274339 0.2579635473398062 0.023596983689528245 0.023533967825082634
0 0.9104858545156626 0.4290001942561223 0.025962389432466947 0.025629777174729567
0 0.7640740321232722 0.630831425006573 0.07631976787860577 0.07619579021747296
0 0.13218657787029559 0.7925243377685547 0.0320434937110314 0.03217477064866286
0 0.1708515607393705 0.7590528634878305 0.03196305495042067 0.032181959885817304
0 0.8407415243295523 0.14563420185675988 0.03142254169170673 0.031469840269822344
0 0.6015483416043795 0.2224870094886193 0.029813179602989785 0.029718802525446966
0 0.34269087131206805 0.7884058585533729 0.03585610022911659 0.0358277834378756
0 0.67101683983436 0.4778159948495718 0.041733081524188705 0.041622308584359974
0 0.42609244126539964 0.6068473962637094 0.021459432748647835 0.02169946523813101
0 0.9463032942551833 0.821414067195012 0.026675004225510817 0.0259402348445012
0 0.21583766203660232 0.6276674270629883 0.022468420175405648 0.02252828157865084
0 0.5415627406193659 0.5625471701988807 0.05079019986666166 0.05069938072791466
0 0.24551244882436898 0.48093788440410906 0.039991011986365683 0.04094358590932993
0 0.06154459256392259 0.8249461834247296 0.026945792711698092 0.027130713829627402
0 0.908413813664363 0.21665107286893404 0.022174248328575723 0.02232214120718149
0 0.621288959796612 0.20972794752854568 0.025322840763972357 0.025274276733398438
0 0.12245004910689133 0.44719244883610654 0.029521355262169473 0.029984034024752103
0 0.6847818814791166 0.2105730130122258 0.0629128676194411 0.06252721639779898
0 0.5141721138587365 0.9793981405404898 0.029490544245793268 0.030132880577674277
0 0.3792285919189453 0.19166176135723406 0.016142918513371393 0.015851937807523288
0 0.621278322660006 0.6897169259878305 0.027160497812124398 0.027796525221604567
0 0.19002536626962516 0.5829789088322566 0.02238926520714393 0.022544127244215745
0 0.6199997388399564 0.35156858884371245 0.02413338881272536 0.023969283470740683
0 0.05053385404440073 0.44306259888869065 0.031652010404146634 0.04551131908710186
0 0.56024903517503 0.290321551836454 0.021392088669996995 0.021262425642747145
0 0.5271649727454553 0.9415638263408954 0.025708858783428486 0.025698735163762018
0 0.6426523648775541 0.6641979217529297 0.020479642427884616 0.020788046029897835
0 0.5419109417841985 0.6865504338191106 0.023829533503605768 0.023845379169170674
0 0.4483346205491286 0.7948678823617789 0.025678047767052285 0.025608356182391826
0 0.8563301379864032 0.5282347752497747 0.019022428072415866 0.01910884563739483
0 0.36061888474684495 0.7656421661376953 0.022211441626915567 0.022361168494591348
0 0.6678069188044622 0.9931351588322566 0.01640451871431791 0.012435619647686299
0 0.789376478928786 0.506318239065317 0.01989129873422476 0.01998417194073017
0 0.17409810653099647 0.8303102346567007 0.030952050135685846 0.030171907865084134
0 0.776978272658128 0.7943278092604417 0.033647390512319714 0.03316292395958534
0 0.4825916657081017 0.7019490462083083 0.028464904198279746 0.028406436626727764
0 0.8681564331054688 0.9732645474947416 0.025571236243614785 0.025328562809870794
0 0.4504437813392052 0.4077003919161283 0.032188708965594955 0.032055047842172474
0 0.33640329654400164 0.45261555451613206 0.01895728478064904 0.01972543276273287
0 0.6738480054415189 0.6694689530592698 0.03360176086425781 0.033548795259915866
0 0.14732649693122277 0.9738727716299204 0.09963668309725247 0.049091485830453724
0 0.728140610914964 0.5218347769517165 0.03178625840407152 0.031551287724421576
0 0.556588026193472 0.37392088083120495 0.026264484112079326 0.025871717012845553
0 0.14487563646756685 0.4073248276343712 0.01660046210655799 0.01670499948354868
0 0.9447479981642503 0.4748457395113431 0.03602746816781851 0.046930753267728366
0 0.8622484940748948 0.2643296535198505 0.0554042229285607 0.055036104642427884
0 0.1641822778261625 0.7853331932654748 0.0273898198054387 0.027403904841496393
0 0.85319761129526 0.7518647267268255 0.019424585195688102 0.019170320951021634
0 0.2798744715177096 0.38106654240534854 0.02467008737417368 0.024731929485614482
0 0.3080171805161696 0.7438502678504357 0.02389973860520583 0.023831000694861777
0 0.18845044649564302 0.8734638507549579 0.017251895024226263 0.017653832068810098
0 0.6134016330425556 0.7393663846529447 0.021108187161959134 0.02140015822190505
0 0.3851489287156325 0.532893547644982 0.03813750927264874 0.03860928462101863
0 0.7333810512836163 0.5510989702664889 0.01484372065617488 0.014682402977576623
0 0.9471673965454102 0.2077030401963454 0.02625113267164964 0.04067068833571214
0 0.5305568621708796 0.7591092769916241 0.02142986884483924 0.02154115530160757
0 0.8610660846416767 0.5941087282620944 0.017751547006460335 0.017756242018479567
0 0.9200980846698468 0.7498818911038913 0.017618326040414665 0.01755376962515024
0 0.44815569657545823 0.7333688002366286 0.021707828228290264 0.02164943401630108
0 0.22287343098567083 0.5422308995173528 0.032687994150015026 0.032593066875751205
0 0.15975495485159066 0.5670807178203876 0.017549771528977614 0.0175936772273137
0 0.9540479366595929 0.8076004615196815 0.020247679490309495 0.021870246300330527
0 0.7028980988722581 0.4715169393099271 0.015127768883338341 0.014941802391639123
0 0.5087092839754545 0.6681499481201172 0.03869328132042518 0.03905487060546875
0 0.6380370947030874 0.9778690338134766 0.04669967064490685 0.04032149681678185
0 0.9431288792536809 0.5726827107943021 0.013978224534254808 0.014325728783240685
0 0.4846040285550631 0.6989508408766526 0.03583746690016527 0.03538601215069111
0 0.20148882499107948 0.6521982046274039 0.01916657961331881 0.0191647456242488
0 0.8915946667010968 0.8007004811213567 0.14404678344726562 0.2883603022648738
0 0.2643854801471417 0.8384154393122747 0.0588531494140625 0.05898901132436899
0 0.6893848272470328 0.16676767055804914 0.02141849811260517 0.021244635948768027
0 0.1602956331693209 0.6197028526893029 0.018262312962458685 0.018718682802640475
0 0.7846912970909705 0.749270879305326 0.018576401930588942 0.018461080697866585
0 0.6625920075636643 0.5911506506112906 0.01824334951547476 0.01779482914851262
0 0.5987275196955755 0.13711072848393366 0.04190136836125301 0.04139144604022686
0 0.5504357264592097 0.6665131495549128 0.0326690673828125 0.03162428048940805
0 0.226960328909067 0.5426429601816031 0.04085273009080153 0.03960682795597957
0 0.0395811704488901 0.8247120197002704 0.014551703746502217 0.01972829378568209
0 0.5003387011014498 0.019628469760601338 0.044213368342472956 0.03795157946073092
0 0.7128482231727014 0.17073818353506234 0.015043111947866587 0.014834917508638822
0 0.32781322185809797 0.8124134357158954 0.017528313856858473 0.01728336627666767
0 0.590695674602802 0.7580617024348333 0.014537371121920072 0.014167198768028846
0 0.37660422691932094 0.6365756988525391 0.01959962111253005 0.01980429429274339
0 0.5354725764347956 0.2954975641690768 0.026677791888897236 0.02635053487924429
0 0.7928575369027945 0.3379485056950496 0.053283397967998795 0.05409504817082332
0 0.8252696990966797 0.10767762477581318 0.016483893761268027 0.016628558819110576
0 0.5513200759887695 0.042981477884145886 0.024611399723933294 0.02542594992197477
0 0.8135483081524189 0.8845349825345553 0.02160820594200721 0.021597642164963942
0 0.35191847727848935 0.5008991681612455 0.05467627598689152 0.054380563589242786
0 0.125706828557528 0.6283026475172776 0.015188382222102238 0.015297816349909855
0 0.2273716559776893 0.822003437922551 0.024995803833007812 0.02509307861328125
0 0.5512316410358136 0.0410048273893503 0.020604500403771035 0.02036279898423415
0 0.09918915308438815 0.4108605751624474 0.017564150003286507 0.017119627732496995
0 0.48630274259127104 0.9432753049410306 0.019155208881084736 0.01873955359825721
0 0.12829375267028809 0.050958917691157415 0.014832166525033804 0.014631528120774489
0 0.7820578355055589 0.6359171500572791 0.030922963069035456 0.030118942260742188
0 0.6617465386023889 0.7256190960223858 0.03907335721529447 0.03950045658991887
0 0.1718620887169471 0.5139658634479229 0.027173995971679688 0.026920832120455228
0 0.07302651038536659 0.5892796883216271 0.014349570641150841 0.014731040367713341
0 0.8801771310659555 0.37233895521897536 0.023845672607421875 0.023227398212139424
0 0.5677457589369553 0.6371941199669471 0.06216870821439303 0.06323476938100961
0 0.040030598640441895 0.8081599015455979 0.014171811250539927 0.019934434157151442
0 0.7404181407048152 0.8943922336284931 0.023520543025090143 0.02327302786020132
0 0.16904700719393218 0.43161737001859224 0.01795192865224985 0.018028112558218148
0 0.10396332924182598 0.8757049853985126 0.018685670999380257 0.018703167255108174
0 0.15004876943734977 0.9378488980806791 0.06407913794884315 0.06287178626427284
0 0.7026766263521634 0.9802782352154071 0.06090985811673678 0.035456290611853965
0 0.5052410272451547 0.99035094334529 0.04085350036621094 0.01830159700833834
0 0.1702555142916166 0.8282475838294396 0.02965523646428035 0.030909024752103366
0 0.8339680158174955 0.2923007011413574 0.029582830575796273 0.029256270481989935
0 0.14518724038050726 0.4931049346923828 0.014604513461773213 0.014782905578613281
