0 0.4103005849398099 0.4264699128957895 0.04667516855093149 0.04662124927227314
0 0.7167128049410306 0.6793559147761419 0.10659995445838341 0.1747608184814453
0 0.41912078857421875 0.5934862356919509 0.04744698451115535 0.047287354102501504
0 0.5684966674217811 0.4395256776076097 0.030834491436298076 0.03031334510216346
0 0.3619375228881836 0.13062759546133187 0.025135333721454326 0.024692058563232422
0 0.5097033427311823 0.8195187495304987 0.020241957444411058 0.02000603309044471
0 0.27576395181509167 0.8047119287344126 0.032526529752291165 0.03210595937875601
0 0.29697176126333386 0.8214468589195838 0.03243446350097656 0.03230197613055889
0 0.30455752519460827 0.1597772194789006 0.02682916934673603 0.026744292332575872
0 0.4413117995628944 0.822735859797551 0.03559112548828125 0.035173856295072116
0 0.47511863708496094 0.935332518357497 0.04320335388183594 0.042815868671123795
0 0.3751073983999399 0.27819185990553635 0.022113873408390924 0.022189800555889424
0 0.6063550068781927 0.1721944808959961 0.016120030329777643 0.01616646693303035
0 0.6866702299851638 0.5707505299494817 0.02742151113656851 0.027399796705979567
0 0.40955044673039365 0.04592317801255446 0.1885552039513221 0.09240403542151818
0 0.472812872666579 0.6188408778263972 0.018267338092510518 0.0185244266803448
0 0.34879629428570086 0.16388124686021072 0.028816956740159255 0.02899782474224384
0 0.7603618915264423 0.14474332332611084 0.01562030498798077 0.015311974745530348
0 0.2880678727076604 0.7070288291344275 0.02811409876896785 0.028361100416917067
0 0.305814999800462 0.38438995067889875 0.07740475581242488 0.07895682408259465
0 0.2758326163658729 0.8552408951979417 0.021738052368164062 0.021778693565955527
0 0.6447928502009466 0.8527095501239483 0.028693272517277643 0.028441209059495192
0 0.651876816382775 0.8315265362079327 0.015175305880033053 0.015192178579477163
0 0.3061799636253944 0.4495306381812462 0.03506660461425781 0.03481101989746094
0 0.3571425217848558 0.06881878467706534 0.0304562495304988 0.030732879271874063
0 0.2598420656644381 0.12464114335867074 0.07018632155198318 0.08872732749352089
0 0.6525703576894907 0.7565424992487981 0.03919528080866887 0.03964380117563101
0 0.24608509357158953 0.5843981229341947 0.026112116300142728 0.025952852689302884
0 0.5060600867638221 0.8811140794020432 0.023747664231520433 0.023380572979266826
0 0.6469997992882361 0.5642534035902756 0.05249874408428486 0.05152819706843449
0 0.4248510507436899 0.8943288509662335 0.03209011371319111 0.03252249497633714
0 0.6709023255568284 0.8536597031813401 0.018560409545898438 0.018207256610576924
0 0.5212879180908203 0.8667764663696289 0.017112145057091348 0.017147210928109977
0 0.3295753919161283 0.14954804457150972 0.015478280874399038 0.015187501907348633
0 0.6570066305307242 0.8890304565429688 0.018280029296875 0.0183102534367488
0 0.2434236086331881 0.8571462631225586 0.017701148986816406 0.018371728750375602
0 0.26681379171518177 0.04500161684476412 0.08754898951603816 0.08692260888906625
0 0.661961922278771 0.9454980996938852 0.02064338097205529 0.020817096416766826
0 0.3582894985492413 0.19535301281855658 0.014094279362605168 0.014224089108980618
0 0.47752893888033354 0.5468330750098596 0.016548010019155648 0.016279880817119893
0 0.5730708195612981 0.6695836874154898 0.18365111717810997 0.1843262085547814
0 0.28420838942894566 0.9751930236816406 0.019240599412184495 0.018692896916316107
0 0.35515543130727917 0.8533507127028245 0.016078948974609375 0.015821310190054085
0 0.4703539334810697 0.6123676300048828 0.09403008681077224 0.09624158419095553
0 0.588931523836576 0.768406867980957 0.01502521221454327 0.014873504638671875
