0 0.6978949033297025 0.5462435942429763 0.22298633135282075 0.2281161088209886
0 0.5386328330406775 0.9275349837083083 0.18726803706242487 0.14229554396409255
0 0.33687620896559495 0.18367782005896935 0.0684525599846473 0.06745514502892128
0 0.7074501331035907 0.7503106043888972 0.028575897216796875 0.028918046217698317
0 0.8457416387704703 0.7149137350229117 0.057068164532001205 0.05629935631385216
0 0.6806719853327825 0.8077320685753455 0.0578771737905649 0.05809519841120793
0 0.7597553546612079 0.8273357978233924 0.03195865337665264 0.031723315899188705
0 0.7729412959172175 0.9783782958984375 0.04435465886042668 0.03931221595177284
0 0.1497345154102032 0.036332201499205366 0.035863252786489636 0.035802955810840316
0 0.148684758406419 0.15212557866023138 0.05845095561100887 0.05819375698383038
0 0.9085523898784931 0.3108498133145846 0.1054697770338792 0.12708348494309646
0 0.8765231646024264 0.5305427037752591 0.03854164710411659 0.0387110343346229
0 0.8166986612173227 0.41267160268930286 0.03477155245267428 0.035041515643780045
0 0.8223799191988431 0.5947988950289212 0.05299729567307692 0.053240262545072116
0 0.8925699087289664 0.9846178201528696 0.04682452862079327 0.028836763822115384
0 0.3451976776123047 0.7966089982252854 0.019529049213115986 0.019504547119140625
0 0.31549882888793945 0.05354789587167593 0.14806094536414513 0.10525701596186711
0 0.270100685266348 0.7059933589054987 0.03909169710599459 0.03894893939678486
0 0.37038509662334734 0.910005129300631 0.0441741209763747 0.044658660888671875
0 0.8556707822359525 0.49105534186730015 0.03475379943847656 0.03472577608548678
0 0.102538879101093 0.756617179283729 0.029551175924447868 0.02953485342172476
0 0.3271666673513559 0.6656636458176833 0.018379358144906852 0.018400045541616585
0 0.31388191076425404 0.9871582618126502 0.026112703176645134 0.021690955528846152
0 0.874358397263747 0.24051204094519982 0.02991632314828726 0.02995887169471154
0 0.3625971720768855 0.8642851022573618 0.028945335975060098 0.02880272498497596
0 0.7622536879319411 0.7130820934589093 0.04797069842998798 0.04806723961463341
0 0.37749393169696516 0.5516365491426908 0.018903145423302285 0.018890967735877402
0 0.9204604809100811 0.7772171313946064 0.024997417743389424 0.02500020540677584
0 0.9438919654259315 0.23974048174344575 0.02742151113656851 0.02754365480863131
0 0.1999650735121507 0.053050265862391546 0.030520879305326022 0.030606975922217734
0 0.14412096830514762 0.534723685337947 0.035651023571307845 0.035742686345027044
0 0.7277713188758264 0.8431402353140024 0.046583909254807696 0.046989734356219955
0 0.403166991013747 0.3823743966909555 0.018819808959960938 0.0188448979304387
0 0.3330943767841046 0.9159840803879958 0.023673864511343148 0.023790799654447116
0 0.7886858720045823 0.7384275289682242 0.03951718257023738 0.040008838360126205
0 0.5753030043381911 0.6912177159236028 0.02775881840632512 0.02768252446101262
0 0.5157459332392766 0.6507861797626202 0.026205723102276143 0.0261685298039363
0 0.39365394298846906 0.18539784504817083 0.11904481741098258 0.11884763607612023
0 0.8003058800330529 0.8900434053861178 0.030009929950420674 0.030220912053034857
0 0.3595564915583684 0.7641479785625751 0.03943164532001202 0.03982896071213942
0 0.17550446436955378 0.643267558171199 0.03409026219294621 0.033869229830228366
0 0.9207393939678485 0.23072459147526667 0.017721029428335335 0.017972322610708382
0 0.7994003295898438 0.8569048368013822 0.02486390333909255 0.024843656099759616
0 0.8421718157254733 0.05741890577169565 0.13948983412522536 0.11172138727628268
0 0.24785746060884917 0.33690617634699893 0.01814688169039213 0.01824298271766076
0 0.7854260664719802 0.9539312215951773 0.01802371098445012 0.017425537109375
0 0.2776357944195087 0.6132373809814453 0.03632915936983549 0.03634995680588942
0 0.835548107440655 0.6307229262131911 0.017444610595703125 0.01721954345703125
0 0.1304666262406569 0.5955787805410532 0.052428208864652194 0.052329723651592545
0 0.08836993804344764 0.3979951051565317 0.047258225771097034 0.04689656771146334
0 0.6590882814847506 0.9316596984863281 0.01711449256310096 0.017178755540114183
0 0.6209955215454102 0.1982156496781569 0.031220216017503005 0.031128406524658203
0 0.555543459378756 0.6217466501089243 0.030375554011418268 0.030224176553579476
0 0.4658396794245793 0.378119028531588 0.01725145486684946 0.01715880173903245
0 0.05057006615858812 0.20305615205031174 0.025894623536330003 0.03767578418438251
0 0.06477018503042367 0.2655022511115441 0.05532471950237568 0.07993881519024189
0 0.3450940205500676 0.7099543351393479 0.0661327655498798 0.06587864802433895
0 0.8920112756582407 0.9583616990309495 0.019461558415339544 0.019175602839543268
0 0.4295096764197716 0.8775110978346604 0.01686991178072416 0.01651925307053786
0 0.049878019552964434 0.40363542850200945 0.029674099041865423 0.03265850360576923
0 0.7814832834097055 0.1262369155883789 0.025052584134615384 0.025359190427339993
0 0.8427000779371995 0.5251574149498572 0.016567083505483773 0.016768235426682692
0 0.4235849380493164 0.8556649134709284 0.02719424321101262 0.027344923753004808
0 0.35314464569091797 0.6854853996863732 0.01757673116830679 0.017317845271183893
0 0.14705540583683893 0.20704076840327337 0.0693206787109375 0.06921815872192383
0 0.5160718330970178 0.11504835348862869 0.04163228548490084 0.041541796464186445
0 0.3491664299598107 0.8880248436560998 0.027254104614257812 0.02733435997596154
0 0.26216336397024304 0.6669593957754282 0.03286200303297777 0.032962799072265625
0 0.8234989459698017 0.4919940141531137 0.024004716139573317 0.02410404498760517
0 0.7182155755849985 0.8876163776104267 0.029829758864182692 0.029937010544996995
0 0.5676140051621658 0.18227254427396333 0.05001119466928335 0.050721315237192005
0 0.3747230309706468 0.6450810065636268 0.0446775142963116 0.04478542621319111
0 0.8410137616671048 0.5503333898691031 0.05324847881610577 0.052102162287785456
0 0.6029714804429275 0.2766760495992807 0.045724648695725664 0.047090383676382214
0 0.5401584918682392 0.7781382340651292 0.027168714083158053 0.027168860802283652
0 0.2621778158041147 0.5177183151245117 0.016420401059664212 0.016266456017127402
0 0.2898327387296237 0.6864415682279147 0.022980690002441406 0.023108409001277044
0 0.14549176509563738 0.7747061802790716 0.034829286428598255 0.034540029672475964
0 0.3364756657527043 0.3945662791912372 0.01824166224553035 0.018289786118727464
0 0.5043486815232497 0.7516321769127479 0.02865453866811899 0.02893491891714243
0 0.4608617195716271 0.7558502784142127 0.016258899982158955 0.016095381516676683
0 0.8510662959172175 0.028185816911550667 0.016284942626953125 0.01624607122861422
0 0.6156580264751728 0.7022203298715445 0.030677208533653848 0.030627617469200723
0 0.7798797900860126 0.8406513654268705 0.017994220440204326 0.018001409677358773
0 0.6129645200876089 0.80303588280311 0.03279796013465294 0.03237284146822416
0 0.6072871868426983 0.7205046873826247 0.016931533813476562 0.017075318556565505
0 0.3927935453561636 0.9381245099581205 0.01717097942645733 0.017033503605769232
0 0.11685850070073055 0.016130871497667752 0.033279712383563705 0.030743438463944655
0 0.5803560110238882 0.07342792932803814 0.01577626741849459 0.015556399638836201
0 0.306790645305927 0.9506800724909856 0.02804741492638221 0.027989607590895433
0 0.22511150286747858 0.524716670696552 0.018740030435415413 0.018683360173152044
0 0.4726237517136794 0.33556402646578276 0.02479215768667368 0.0246121333195613
0 0.9502011079054612 0.683136719923753 0.025710912851186898 0.03644825862004207
0 0.28096576837392956 0.15593059246356672 0.023133571331317607 0.02321953956897442
0 0.31181540855994594 0.9241889073298528 0.029904658977801982 0.03031745323768029
0 0.672390864445613 0.3048579692840576 0.019540053147536058 0.019776234259972207
0 0.559140315422645 0.9336036535409781 0.03751395298884465 0.03675402127779447
0 0.18726207659794733 0.9279033954326923 0.017601490020751953 0.017735701340895433
0 0.3157470776484563 0.3014510778280405 0.01919408944936899 0.019823697897104118
0 0.48169312110314 0.12047619086045486 0.026192151583158053 0.02588378466092623
0 0.6944895524245042 0.8760959918682392 0.02107854989858774 0.020920680119441107
0 0.8296208014855018 0.8389217670147235 0.015408882727989784 0.015320997971754808
0 0.5004334082970252 0.08087610281430758 0.015727409949669473 0.015794955767118014
0 0.4452106769268329 0.9409897877619817 0.017941841712364785 0.01800874563363882
0 0.6989788642296424 0.35010770651010364 0.01942297128530649 0.019386878380408652
0 0.07763905708606426 0.011905594513966488 0.03872390893789438 0.02314606996682974
0 0.44088510366586536 0.4558859605055589 0.022567308866060697 0.02275701669546274
0 0.80071654686561 0.7727069854736328 0.018291473388671875 0.01813815190241887
0 0.12123763561248779 0.34454866556020886 0.050726853884183444 0.05108334467961238
0 0.5392480263343225 0.20973829122690055 0.027257185715895433 0.027289757361778848
0 0.21245600627018854 0.2064640888800988 0.014823620135967549 0.015020187084491435
0 0.40079410259540266 0.3358153930077186 0.01553036616398738 0.01530904036301833
0 0.7924082829402044 0.33570245596078724 0.042508492102989785 0.04253680889423077
0 0.6925833775446966 0.13762856446779692 0.04537288959209736 0.04554229516249437
0 0.3446442163907565 0.2914280524620643 0.016591292161207933 0.01649794211754432
0 0.7785811791053185 0.41974276762742263 0.03827051016000601 0.03832252209003155
0 0.13852235904106727 0.8007059830885667 0.015213617911705604 0.014943342942457933
0 0.3296166199904222 0.6859855651855469 0.021945366492638223 0.022188333364633415
0 0.5604440248929538 0.9447466776921198 0.02540727762075571 0.02621914790226863
0 0.4593387016883263 0.14020243057837853 0.03637284498948317 0.03576333706195538
0 0.9323499386127179 0.47649222153883714 0.02564723675067608 0.026194058931790866
0 0.444579711327186 0.7395347448495718 0.022026208730844352 0.02207491948054387
0 0.9025883307823768 0.1284187757051908 0.049687899076021634 0.049761478717510514
0 0.21827099873469427 0.654299809382512 0.02313885321983924 0.023476674006535456
0 0.34511536818284255 0.8334757731511042 0.01913598867563101 0.019129533034104567
0 0.2950565998370831 0.6496460254375751 0.014811442448542668 0.014956841102013221
0 0.6071172860952524 0.8392672905555139 0.026999693650465745 0.027126312255859375
0 0.3485970130333534 0.38053417205810547 0.015854762150691107 0.01585226792555589
0 0.1862622040968675 0.7764010796180139 0.02344050774207482 0.024002662071814902
0 0.926914068368765 0.5272780931912936 0.01981207040640024 0.019913159883939303
0 0.3797462903536283 0.9608388313880334 0.015861364511343148 0.015710097092848558
0 0.05379609878246601 0.8327209766094501 0.01691721035883977 0.0167233393742488
0 0.8614351566021259 0.44001707663902867 0.018606185913085938 0.018462474529559795
0 0.5924989993755634 0.04082950261922983 0.03747294499323918 0.03761750001173753
0 0.0838241852246798 0.7229686150184045 0.016542581411508415 0.016235938439002402
0 0.28393373122582066 0.8819676912747897 0.029087396768423226 0.029407501220703125
0 0.09676056641798753 0.41982349982628453 0.0400998225578895 0.0402685312124399
0 0.15415342037494367 0.1871512486384465 0.01627849615537203 0.016162285437950723
0 0.05000922313103309 0.5499561383174016 0.02743998857644888 0.02740053030160757
0 0.06370401840943557 0.8081034146822416 0.017075611994816706 0.01703497079702524
0 0.3321632972130409 0.6385452563946064 0.21009599245511568 0.21288413267869216
0 0.18850326538085938 0.776185549222506 0.028680801391601562 0.028744917649489183
0 0.9542660346397986 0.8311075063852164 0.015436319204477163 0.01555340106670673
0 0.9421854019165039 0.3168161098773663 0.03615555396446815 0.06536643321697529
0 0.7989372840294471 0.6217987353985126 0.017309922438401442 0.017195481520432692
0 0.9443900768573468 0.13600466801570013 0.03159126868614784 0.03265047073364258
0 0.10992105190570538 0.04611681057856633 0.02623136226947491 0.026175572321965143
0 0.1573914381173941 0.28323789743276745 0.017024113581730768 0.016977897057166465
0 0.7257382319523737 0.9863602564885066 0.03874764075646034 0.024388826810396634
0 0.4784762675945575 0.17470396482027495 0.016657462486853965 0.01692030980036809
0 0.3629853908832257 0.153641939163208 0.029337662916917067 0.029848282153789815
0 0.725254645714393 0.9335020505464994 0.02469488290640024 0.024456611046424277
0 0.25253976308382475 0.9535212883582482 0.015550356644850511 0.015428102933443509
0 0.611805952512301 0.09881853140317477 0.05511922102708083 0.055687977717472956
0 0.1916050910949707 0.9653899853046124 0.24004342005803034 0.06855480487530048
0 0.31331076988807094 0.5950509218069223 0.027792692184448242 0.02840269528902494
0 0.8157691955566406 0.8576024862436148 0.028691511887770433 0.027514824500450723
0 0.6149798906766452 0.16928577423095703 0.01726664029634916 0.01684915102445162
0 0.08172932037940392 0.06652715572944054 0.041067857008713946 0.03986026690556453
0 0.817965580866887 0.8575533353365384 0.023199815016526442 0.023815155029296875
0 0.3024361500373253 0.2018907253558819 0.014482828286977915 0.014400188739483174
0 0.4514770141014686 0.8533411026000977 0.018302477323091947 0.01829250042255108
0 0.1772468456855187 0.013542703711069547 0.026312901423527643 0.025133905502466056
0 0.7217305990365835 0.8053125234750601 0.023448063777043268 0.023427229661207933
0 0.6257575108454778 0.8596261831430289 0.021366669581486628 0.02167334923377404
0 0.40938685490534854 0.7975406646728516 0.038136849036583535 0.037682753342848554
0 0.46639215029202974 0.45915878736055815 0.026879090529221755 0.026944967416616585
0 0.3226647743811974 0.5466235600985013 0.021995691152719352 0.021643711970402643
0 0.44791815831111026 0.3444024966313289 0.023840684157151442 0.023339491624098558
0 0.10287013420691857 0.5181052868182843 0.02443075180053711 0.023985789372370794
0 0.7415407620943509 0.8964446141169622 0.01916357187124399 0.01923370361328125
0 0.31293648939866286 0.9271832979642428 0.025802190487201396 0.025029109074519232
0 0.25514751214247483 0.21849415852473333 0.014162393716665415 0.0142668577340933
0 0.34136354006253755 0.25582485932570237 0.027412267831655648 0.02779388427734375
