0 0.5228611872746394 0.788694821871244 0.10579226567195012 0.10662034841684195
0 0.6869352780855619 0.35586159045879656 0.055845994215745196 0.05522229121281551
0 0.36820202607374924 0.2018884145296537 0.1019275371844952 0.10144658272082989
0 0.6376019991361178 0.9101076126098633 0.06532694743229793 0.06485469524676983
0 0.46104101034311146 0.6408359821026142 0.029389454768254206 0.02923730703500601
0 0.4135478093073918 0.2547316367809589 0.03340457035945012 0.03352979513315054
0 0.48017391791710484 0.6134605407714844 0.026282090407151442 0.026399905865009014
0 0.5663601801945612 0.6153003986065204 0.06355138925405648 0.06365585327148438
0 0.2445366932795598 0.921045890221229 0.06045678945688101 0.06257130549504207
0 0.5058150291442871 0.2291897993821364 0.02225978557880108 0.022220428173358623
0 0.512413318340595 0.4075643832866962 0.019326283381535456 0.019592138437124398
0 0.42955684661865234 0.22547598985525277 0.021756832416240986 0.021563383249136116
0 0.31829173748309797 0.03760350209016066 0.04886700556828426 0.049065131407517656
0 0.5270125315739558 0.5770418460552509 0.0396729982816256 0.039684442373422474
0 0.5569266539353591 0.5544426991389348 0.02848647190974309 0.02874755859375
0 0.664450425368089 0.4066309562096229 0.05099340585561899 0.05090141296386719
0 0.5419528300945575 0.5247604296757624 0.04175567626953125 0.04185566535362831
0 0.48718045308039737 0.7243606860821064 0.03747719984788161 0.037298349233774036
0 0.4423734958355243 0.2465649934915396 0.024070152869591348 0.023929705986609824
0 0.5689773559570312 0.31523337730994594 0.04675373664269081 0.04706309391902043
0 0.4589666219858023 0.5033721557030311 0.021744654728816107 0.021956517146183893
0 0.25745076399583083 0.9767096592829778 0.07672647329477164 0.04272915766789363
0 0.4659873522244967 0.6988689716045673 0.016624597402719352 0.016818706805889424
0 0.7009394719050481 0.24208859296945426 0.031966869647686295 0.031744810251089245
0 0.24158895932711089 0.13752553096184364 0.02041772695688101 0.022318161450899564
0 0.7176196758563702 0.935814197246845 0.04276128915640024 0.04306250352125902
0 0.6828633821927584 0.851814710176908 0.04596915611853966 0.04651935283954327
0 0.622227301964393 0.5813231468200684 0.03808021545410156 0.038506727952223554
0 0.4900977061345027 0.3276954797598032 0.02112880119910607 0.020957433260404147
0 0.3619824556203989 0.08242407211890587 0.023319757901705228 0.023501836336576022
0 0.5688463357778696 0.2229599952697754 0.01723964397723858 0.017237369830791768
0 0.6059889793395996 0.1449050444823045 0.03261441450852614 0.03266105285057655
0 0.5412642038785495 0.4874255106999324 0.027104671184833232 0.027095941396859977
0 0.4615145463209886 0.2487313564007099 0.015742962176983174 0.015604019165039062
0 0.5921440124511719 0.09373258627378024 0.07172657893254207 0.06950184015127328
0 0.5007488544170673 0.39002161759596604 0.02291415287898137 0.02289551955003005
0 0.47463409717266375 0.2254816202016977 0.025503011850210335 0.026115564199594352
0 0.5373706084031326 0.26440712121816784 0.036497262807992786 0.03590862567608173
0 0.4528511487520658 0.051231251313136175 0.03745328463040865 0.038149081743680514
0 0.42929436610295224 0.17383648799015924 0.0451054939856896 0.04584370209620549
0 0.5219449630150428 0.951424085176908 0.02447025592510517 0.024086878849909857
0 0.6977028479942908 0.16857209572425255 0.02277520986703726 0.02288367198063777
0 0.3466373590322641 0.9394026536207932 0.022879967322716348 0.023037543663611777
0 0.701672627375676 0.08447490288661076 0.037236727201021634 0.03720907064584585
0 0.5373659500708947 0.4304967293372521 0.01577274615948017 0.015546651986929087
0 0.6226404630220853 0.21532850999098557 0.04601287841796875 0.04715670072115385
0 0.35802606435922474 0.9882432497464694 0.028380540701059196 0.02169946523813101
0 0.657561155465933 0.14375229065234846 0.02033057579627404 0.020224332809448242
0 0.4785642990699181 0.5163918641897348 0.020497835599459134 0.019846769479604866
0 0.28504309287438023 0.2146777739891639 0.032230303837702826 0.03213699047382061
0 0.5058320852426382 0.42809178278996396 0.01714750436636118 0.01745429405799279
0 0.3799774463360126 0.9212703704833984 0.023198787982647236 0.023099605853740986
0 0.323094001183143 0.12518490277803862 0.024116662832406852 0.023630765768197868
0 0.25902608724740833 0.219271916609544 0.01741658724271334 0.017127257127028245
0 0.6652277432955228 0.23446105076716497 0.04379595243013822 0.043628839346078724
0 0.5130912340604342 0.5971673085139348 0.024246655977689303 0.024930220383864183
0 0.2809352141160231 0.874463154719426 0.020684315608097956 0.020783351017878607
0 0.28266308857844424 0.8530873518723708 0.019411527193509616 0.019280360295222357
0 0.7380491403432993 0.3367457756629357 0.017302586482121393 0.017467792217548076
0 0.44712404104379505 0.6787123313316932 0.018038529616135817 0.018027232243464544
0 0.23843908309936523 0.5456050726083609 0.03098187079796424 0.031432005075307995
0 0.5461191030649039 0.4559475091787485 0.03391280541053185 0.03328572786771334
0 0.48073203747089094 0.41786927443284255 0.04104188772348257 0.0419154533973107
0 0.38832576458270734 0.9626629169170673 0.045111582829402044 0.04612115713266226
0 0.34384544079120344 0.1253125392473661 0.019385117750901442 0.01890855569105882
0 0.5955912883465106 0.552854978121244 0.016037794259878304 0.015813680795522835
0 0.4142771500807542 0.3428877316988431 0.019670926607572116 0.019396341764009915
0 0.5282161052410419 0.8555761483999399 0.02255850571852464 0.022725031926081732
0 0.5248807760385367 0.873074458195613 0.016592759352463942 0.016453376183143027
0 0.3640128649198092 0.8750026409442608 0.024743153498722956 0.024335127610426683
0 0.28541674980750453 0.1106024980545044 0.07403615804818961 0.07318630585303673
0 0.6031687076275165 0.18398279410142165 0.03833770751953125 0.03811436433058519
0 0.5110932130080003 0.04879075288772583 0.018187816326434795 0.01820189219254714
0 0.2764652692354642 0.8941187491783729 0.020969904386080228 0.021160272451547477
0 0.42845659989577073 0.10868902389819805 0.019361275892991286 0.01931621478154109
0 0.638663438650278 0.7151119525615985 0.018006104689378005 0.018022977388822116
0 0.7232550841111404 0.8917717566856971 0.01931425241323618 0.019179124098557692
0 0.5015263557434082 0.28150442930368275 0.017997301541841947 0.017823439378004808
0 0.5828448809110202 0.6426040942852314 0.021334721491887018 0.021162913395808294
0 0.4561950610234187 0.30631043360783505 0.01569645221416767 0.01593355032113882
0 0.43693384757408726 0.6127290358910193 0.016760972829965446 0.01662437732403095
0 0.4975326978243314 0.5593256583580604 0.023040404686560996 0.02274938730093149
0 0.3190037653996394 0.9918453509990985 0.01615252861609826 0.013556847205528846
0 0.44420491732083833 0.9897493215707632 0.014886049123910757 0.014909010667067308
0 0.6716866860022912 0.983464241027832 0.03477199261005108 0.029416891244741585
0 0.6857443589430589 0.05207215822660006 0.02162023691030649 0.021759400000939004
0 0.2777213683495155 0.7877195798433744 0.05368753579946665 0.053582998422475964
0 0.25377280895526594 0.34262426082904524 0.019511956434983473 0.019449674166165866
0 0.7764503772442157 0.8647149892953726 0.013083237868088942 0.015229591956505409
0 0.59750091112577 0.20717727220975435 0.015976465665377103 0.01613609607403095
0 0.4079316212580754 0.07099643578896156 0.021804075974684495 0.0220412566111638
0 0.3025732407203087 0.15229564446669358 0.03261903616098257 0.03189428036029522
0 0.4456207568828876 0.674526361318735 0.0263671875 0.026793553278996393
0 0.7723287435678335 0.8763213524451623 0.014608823336087741 0.014362628643329326
0 0.517794315631573 0.489350649026724 0.020708230825570915 0.02077645521897536
0 0.5493698120117188 0.4571384650010329 0.028609642615685098 0.028049395634577826
