0 0.4828418218172513 0.4304378949678861 0.195129027733436 0.19582572350135216
0 0.7884699748112605 0.9459253457876352 0.06565578167255108 0.06565182025615986
0 0.1896228056687575 0.595359362088717 0.17740986897395208 0.1757991497333233
0 0.09719036175654484 0.11165635402386005 0.06814391337908231 0.06863194245558518
0 0.68701171875 0.4861638362591083 0.07422902033879207 0.07429665785569411
0 0.8163368518535907 0.4915357002845177 0.07195546076847957 0.07196426391601562
0 0.48299584021935094 0.8592802194448618 0.08006139901968148 0.07851439255934495
0 0.7659678825965295 0.11059629000150241 0.25346169104942906 0.223206666799692
0 0.7658998782818134 0.6022165005023663 0.07377360417292668 0.07341781029334435
0 0.6814764462984525 0.39408012536855846 0.08448087252103366 0.08458966475266677
0 0.37590676087599534 0.17430954713087815 0.10600845630352314 0.10632647000826322
0 0.6748156914344201 0.32587689619797927 0.0670475592980018 0.06682412440960224
0 0.5266781586867112 0.932282961331881 0.06274766188401443 0.06295101459209736
0 0.08684376569894645 0.29379995052631086 0.07268094557982224 0.07256691272442158
0 0.09264085843012883 0.5691345655001127 0.041556280392866865 0.041521585904634915
0 0.9119609686044546 0.8600159425001878 0.04961307232196514 0.04989183866060697
0 0.4405265954824594 0.298704404097337 0.04890647301307091 0.04892407930814303
0 0.09429225554833046 0.5094735072209284 0.05544794981296246 0.05468133779672476
0 0.24507445555466872 0.11824558331416203 0.04653805952805739 0.04650163650512695
0 0.5292815061715933 0.2909128482525165 0.03342283689058744 0.03358129354623648
0 0.5002673956064078 0.568909608400785 0.0235595703125 0.023744656489445612
0 0.579429919903095 0.0228538100536053 0.025249774639423076 0.02537088210766132
0 0.1356578698525062 0.6219965127798227 0.032032984953660235 0.03215206586397611
0 0.020991852650275596 0.4344277015099159 0.03398348734929012 0.03446520291841947
0 0.20514658781198356 0.7318263420691857 0.0732418573819674 0.0737771254319411
0 0.2957910757798415 0.061662178773146406 0.03486229823185848 0.035074252348679766
0 0.8488068213829627 0.31225402538593 0.050507618830754206 0.05032554039588341
0 0.07801600602956918 0.2123400614811824 0.047642762844379134 0.0469055909376878
0 0.6477278195894681 0.6937335087702825 0.0339197012094351 0.033971346341646634
0 0.8105627206655649 0.7141669346736028 0.037192124586838946 0.03691541231595553
0 0.8037227483896109 0.5614215410672702 0.04986410874586839 0.04988641005295973
0 0.30219767643855167 0.39092034559983474 0.029915589552659255 0.029766009404109076
0 0.8824468025794396 0.26405723278339094 0.07315430274376503 0.07353393848125751
0 0.608061276949369 0.9352297416100135 0.032236686119666465 0.03231268662672777
0 0.2774044550382174 0.08420315155616173 0.02098839099590595 0.021326839923858643
0 0.5152821907630334 0.6152757497934195 0.06290626525878906 0.06463843125563401
0 0.5253213002131536 0.19797185751108023 0.021320636455829326 0.021287257854755107
0 0.8845993922306941 0.2024075801555927 0.05987636859600361 0.05919441810021034
0 0.9119456364558294 0.491606198824369 0.04182742192195012 0.0419459709754357
0 0.09509232411017784 0.15791610571054313 0.027977558282705452 0.02775075802436242
0 0.02141413321861854 0.6902806208683894 0.026389951889331523 0.026525057279146634
0 0.7788264934833233 0.11725805355952336 0.022702437180739183 0.022692496959979717
0 0.22383649532611555 0.9827051162719727 0.03376131791334886 0.0304415776179387
0 0.9097518920898438 0.5913489781893216 0.021082951472355768 0.020881212674654447
0 0.1319126716026893 0.5486513284536508 0.0538334846496582 0.053956105158879206
0 0.7379950009859525 0.6472773918738732 0.035126906174879804 0.03513629619891827
0 0.10660457611083984 0.21860588513887846 0.035597691169151895 0.03564922626201923
0 0.426424686725323 0.9619871286245493 0.020280984731820915 0.02036138681265024
0 0.9536804786095252 0.3876331402705266 0.019265394944411058 0.01908764472374549
0 0.5230872814471905 0.31875155522273135 0.05090023921086238 0.049322275015024036
0 0.4620020939753606 0.07795216487004207 0.03231679476224459 0.03233678065813505
0 0.489990601172814 0.7020637805645282 0.03597758366511418 0.03585727398212139
0 0.4615322993351863 0.9554526255680964 0.01741790771484375 0.01741761427659255
0 0.9744143852820764 0.8829972193791316 0.04749738253079928 0.05824984036959135
0 0.6609705411470853 0.9607662787804236 0.019604022686298076 0.019508801973783053
0 0.24252139605008638 0.2850993229792668 0.03179183373084435 0.03170222502488356
0 0.16143681452824518 0.6038398742675781 0.023791230641878568 0.023892622727614183
0 0.6581720205453726 0.8557115701528696 0.06874465942382812 0.06868421114408053
0 0.3200553747323843 0.1546602065746601 0.018660325270432692 0.01880469689002404
0 0.8765186896690955 0.62890625 0.051203214205228366 0.05045993511493389
0 0.9261285341702975 0.6200934190016526 0.053009033203125 0.05400228500366211
0 0.9493920252873347 0.737941521864671 0.03277323796198918 0.032627105712890625
0 0.5288452368516189 0.6664110330434946 0.02553418966440054 0.025243612436147835
0 0.30363906346834624 0.12687397920168364 0.02006358366746169 0.019866209763746995
0 0.38861934955303484 0.3174092219426082 0.04261691753680889 0.04282335134652945
0 0.1600628265967736 0.01825114167653597 0.049957871437072754 0.03491066510860737
0 0.8472052354079026 0.6053720254164475 0.029166588416466348 0.02922534942626953
0 0.1656308907728929 0.5866531958946815 0.025492512262784518 0.02563652625450721
0 0.38188714247483474 0.02282569958613469 0.062406099759615384 0.043981460424569935
0 0.9348429166353666 0.5331607965322641 0.04175582298865685 0.041606829716609076
0 0.8022642869215745 0.8224366995004507 0.020457341120793268 0.020491379957932692
0 0.2746129035949707 0.39309083498441255 0.020243241236760065 0.020490206204927884
0 0.0933077335357666 0.45113101372352016 0.0215304814852201 0.021673055795522835
0 0.7645269540640024 0.5459880095261794 0.0325769277719351 0.0330358651968149
0 0.8876303159273587 0.09655414177821232 0.02310796884390024 0.02353358268737793
0 0.06490616615001972 0.5663926051213191 0.0247042912703294 0.02459878187913161
0 0.5086979132432204 0.4054051912747897 0.019825128408578727 0.019809576181265023
0 0.20227490938626802 0.03884508976569542 0.03554241473858173 0.03550576934447655
0 0.8659836695744441 0.4125379782456618 0.028010735144981973 0.02840416248028095
0 0.8922478602482722 0.16745622341449445 0.018150916466346152 0.01804946019099309
0 0.2137759282038762 0.8887870495135968 0.05098170500535231 0.05083318857046274
0 0.056181641725393444 0.18909615736741286 0.022517626102154072 0.022497030404897835
0 0.768685560960036 0.1400605898637038 0.02222295907827524 0.022202326701237604
0 0.4487410325270433 0.5903245118948129 0.04490852355957031 0.0447389896099384
0 0.6316972145667443 0.746716572688176 0.0396124032827524 0.03943487314077524
0 0.6076399729802058 0.6389328149648813 0.03505428020770733 0.0353089846097506
0 0.015486199122208815 0.62633910545936 0.027602351628817044 0.03181721613957332
0 0.885104252741887 0.43943390479454625 0.03409899198091947 0.0340122809776893
0 0.48609080681434047 0.9844237107496995 0.019053825965294473 0.018885098970853366
0 0.8896088966956506 0.030524696295077983 0.033351751474233776 0.033734408708719105
0 0.8871306639451247 0.11557318614079402 0.023827185997596152 0.02392126963688777
0 0.3460227526151217 0.20364223993741548 0.021967667799729567 0.021957947657658503
0 0.9567014254056491 0.9770719088040866 0.017571375920222357 0.017588982215294473
0 0.52374267578125 0.7744912367600661 0.015908021193284255 0.015818669245793268
0 0.04034120302933913 0.5063483164860652 0.0175478275005634 0.017472267150878906
0 0.9667504383967473 0.43750975682185245 0.026462554931640625 0.026537381685697116
0 0.9083191798283503 0.7752232184776893 0.021503741924579326 0.0216525151179387
0 0.26412384326641375 0.32764097360464245 0.057390029613788314 0.057593272282527044
0 0.2395487198462853 0.2144938982450045 0.025456868685208835 0.025547027587890625
0 0.4330489452068622 0.5527128806480994 0.02587098341721755 0.025877879216120794
0 0.06939248855297382 0.5029904292179987 0.02087063055772048 0.020594303424541768
0 0.7947477927574744 0.8544511061448318 0.027196297278771035 0.027367518498347357
0 0.7853788229135367 0.2881700625786415 0.034000396728515625 0.03404085452740009
0 0.7344204829289362 0.8123986170842097 0.025601313664362982 0.025597498967097357
0 0.8960125262920673 0.533926743727464 0.052060640775240384 0.05188707204965445
0 0.9513947413517878 0.4101565434382512 0.029588846059945915 0.029716051541841947
0 0.19363902165339544 0.1555644915654109 0.01838548366840069 0.018422135939964883
0 0.019347649354201097 0.13425102600684533 0.022259134512681227 0.022690094434298
0 0.7102928161621094 0.026691659138752863 0.0211789057804988 0.021039907748882588
0 0.06197305826040415 0.602111449608436 0.05462030264047476 0.05510212824894832
0 0.15798091888427734 0.7021077963022085 0.025031319031348594 0.02504114004281851
0 0.7091802450326773 0.5446456395662748 0.017710465651292067 0.017271995544433594
0 0.9016720698429987 0.01228671119763301 0.015756753774789665 0.015969514846801758
0 0.37084227341871995 0.6765152124258188 0.017378586989182692 0.01712945791391226
0 0.4782229570242075 0.942562616788424 0.01593934572660006 0.016114455003004808
0 0.494291012103741 0.8592134622427133 0.015537261962890625 0.015742081862229567
0 0.4163052485539363 0.3030070891747108 0.018915469829852764 0.01868460728571965
0 0.2446761131286621 0.8116395656879132 0.07696254436786358 0.07641762953538161
0 0.9176053267258865 0.0365033195568965 0.01859004680926983 0.01864502063164344
0 0.8560729393592248 0.628741190983699 0.022136981670673076 0.022097367506760817
0 0.557311461522029 0.15974169511061448 0.018028772794283353 0.017895074991079476
0 0.8763389587402344 0.874111689054049 0.027782146747295674 0.0280154301570012
0 0.18070552899287298 0.0270308622947106 0.024364764873798076 0.02431221191699688
0 0.594242316025954 0.6018777994009165 0.020674485426682692 0.020529673649714544
0 0.6357552455021784 0.932103157043457 0.015390249399038462 0.015386874859149639
0 0.5830466563885028 0.21163599307720476 0.016593126150277946 0.016611686119666465
0 0.7753656827486478 0.8614898094764123 0.0157473637507512 0.015598590557391826
0 0.3504187510563777 0.232333440047044 0.01778103755070613 0.017516026130089395
0 0.04585582934893095 0.27509913077721226 0.0171205814068134 0.017026314368614785
0 0.9663132154024564 0.4970689920278696 0.01717538100022536 0.017325181227463942
0 0.9255605844350961 0.5555094939011794 0.017466911902794473 0.017669237576998197
0 0.9144780819232647 0.6567844977745643 0.01727148202749399 0.017456641564002402
0 0.34464916816124547 0.9848210261418269 0.01683983435997596 0.016625037560096152
0 0.014698326587677002 0.5736334874079778 0.016346096992492676 0.0165097163273738
0 0.892855717585637 0.724087641789363 0.02936407235952524 0.02908501258263221
0 0.4680030529315655 0.70727355663593 0.016231243426983174 0.016165659977839544
0 0.2187203443967379 0.9531510426447942 0.03377246856689453 0.03309557988093449
0 0.5616060403677133 0.98401062305157 0.04273502643291767 0.029935249915489785
0 0.9772781958946815 0.9746373983529898 0.016209528996394232 0.016138516939603366
0 0.4536250921396109 0.9338823465200571 0.015533153827373799 0.01564788818359375
0 0.48275962242713344 0.016135807220752422 0.030724452092097357 0.028949852173145
0 0.8946886796217698 0.1325096167050875 0.029310079721304085 0.028645111964299128
0 0.10286366022550143 0.9473667144775391 0.037183908315805286 0.03720797025240385
0 0.8266462179330679 0.6689869807316706 0.046526542076697715 0.046140817495492786
0 0.12798047065734863 0.6911120781531701 0.03111468828641451 0.03127024723933293
0 0.5785613426795373 0.163851994734544 0.05982222923865685 0.060025655306302585
0 0.6504617837759165 0.588974402501033 0.023567786583533652 0.023468164297250602
0 0.8560348657461313 0.5605015387901893 0.03933642460749699 0.03917562044583834
0 0.7628113673283503 0.7997693281907302 0.03308457594651442 0.03255932147686298
0 0.8860397338867188 0.9119757138765775 0.01709571251502404 0.017310215876652643
0 0.7207599053016076 0.9224369342510517 0.05207472581129808 0.05207149799053486
0 0.4658051270705003 0.8262704702524039 0.023352989783653848 0.023663447453425482
0 0.47441471540010893 0.43690160604623646 0.11996826758751503 0.11085348862868089
0 0.5926716144268329 0.6045334889338567 0.019309850839468148 0.019221966083233174
0 0.7817186208871695 0.7374115723830003 0.042304699237530045 0.04181069594163161
0 0.8137639119074895 0.7610604946429913 0.029271052433894232 0.02965208200307993
0 0.7701181998619666 0.36605541522686297 0.026476053091195915 0.02686449197622446
0 0.25420937171349156 0.37598455869234526 0.027751702528733473 0.027831517733060397
0 0.020647211716725275 0.591096071096567 0.020997932324042685 0.020953985360952523
0 0.48264177028949445 0.01183479680464818 0.024503781245304987 0.02232446349584139
0 0.8885999826284555 0.15054802711193377 0.015525230994591346 0.015054831138023963
0 0.5023989310631385 0.676390867966872 0.022154587965745192 0.02256950965294471
0 0.8169109637920673 0.7440014619093674 0.018118638258713942 0.018557621882512018
0 0.46782581622783953 0.8501861278827374 0.016093034010667067 0.016112107496995192
0 0.9655171907865084 0.28340919201190656 0.026090475229116585 0.02578845390906701
0 0.4945273766150841 0.6282041989839994 0.02202004652756911 0.021747882549579326
0 0.30898266572218674 0.4790023656991812 0.014708592341496395 0.014742777897761418
0 0.7758109752948468 0.11439393116877629 0.023299290583683893 0.030936681307279147
0 0.9200492272010217 0.03327845839353708 0.07714227529672477 0.06536850103965172
0 0.6469214512751653 0.8048578409048227 0.014812762920673076 0.01454632098858173
0 0.8562509830181415 0.12309984060434195 0.028049175555889424 0.027695105626032904
0 0.1874089607825646 0.22227107561551607 0.022087684044471152 0.02135328146127554
0 0.8299986032339243 0.7386267735407903 0.01798424353966346 0.018476046048677884
0 0.7035979491013747 0.8195362091064453 0.03389901381272536 0.03455704909104567
0 0.3275221311129056 0.7796641129713792 0.016475384051983174 0.01618194580078125
0 0.5688397334172175 0.6075217173649714 0.01458146021916316 0.014488953810471755
0 0.5849935091458834 0.3774000314565805 0.02656716566819411 0.026341805091271035
0 0.14449618412898138 0.5356457783625677 0.024239540100097656 0.02370284153864934
0 0.10773523037250225 0.14516588357778695 0.01475836680485652 0.014911248133732723
0 0.880135389474722 0.9841575622558594 0.04083516047551082 0.028560051551231973
0 0.9663344896756686 0.6268576108492337 0.029056255634014424 0.029394149780273438
0 0.7995931185208834 0.6948264195368841 0.01607484083909255 0.015802530141977165
0 0.31818213829627406 0.20156636604895958 0.014761117788461538 0.014917520376352163
0 0.6398953657883865 0.706179692195012 0.01624474158653846 0.016044763418344352
0 0.8671030631432166 0.10724537189190204 0.019894526554987982 0.019629551814152643
0 0.8148672397320087 0.1301098236670861 0.016054153442382812 0.016428287212665264
0 0.18439663373506987 0.2254045193011944 0.027592585637019232 0.02784589620736929
0 0.15433898338904747 0.17795472878676194 0.0309830537209144 0.030161050649789665
0 0.5501274695763221 0.02598711160513071 0.014445891747107873 0.014441577287820669
0 0.7929043403038611 0.8710340353158804 0.01812127920297476 0.017292022705078125
0 0.3439891521747296 0.06465769272584182 0.01584478525015024 0.015744135929987982
0 0.7363175612229568 0.2032324900993934 0.04608359703650841 0.047468955700214095
0 0.15680835797236517 0.21575582944429839 0.015418346111591045 0.015187777005709134
0 0.07905927988199088 0.51891356248122 0.02081016393808218 0.021043924184945915
0 0.3463776661799504 0.07847737348996676 0.01975851792555589 0.019798645606407754
0 0.3714130108173077 0.4241739052992601 0.07985540536733773 0.07923404987041767
0 0.9860282311072717 0.5492792496314416 0.024905571570763223 0.03426427107590895
0 0.9904124920184796 0.9852382219754733 0.016056060791015625 0.016809903658353366
0 0.8226132759681115 0.6675918285663311 0.03826713562011719 0.039037264310396634
0 0.9524454703697791 0.30077409744262695 0.01607087942270132 0.016415889446551982
0 0.4158337666438176 0.7621784210205078 0.016228455763596755 0.016410240760216348
0 0.021600195994743936 0.5374641418457031 0.020487225972689115 0.020556523249699518
0 0.15840974220862755 0.17650439189030573 0.016622066497802734 0.018204468947190505
0 0.11174209301288311 0.2517699828514686 0.05891662377577562 0.05801890446589543
0 0.5364937415489783 0.550847053527832 0.01858667226938101 0.01874821002666767
0 0.3134588094858023 0.8029421292818509 0.0626376408797044 0.06271831805889423
0 0.17514626796428973 0.6606847322904147 0.015012080852801982 0.015049567589393029
0 0.09830346474280724 0.944296616774339 0.026926260728102464 0.028091283944936898
0 0.8728661903968225 0.4887396005483774 0.03439668508676382 0.03381509047288161
0 0.5756741303663987 0.6547456888052133 0.01480572040264423 0.014814523550180288
0 0.44136953353881836 0.9910771296574519 0.026764502892127402 0.016176370474008415
0 0.9609311177180364 0.7166626270000751 0.07019585829514724 0.07645973792442909
0 0.737816150371845 0.20824248974139875 0.038513477032001205 0.03804170168363131
0 0.15560579299926758 0.1773068904876709 0.02501231890458327 0.02498967830951397
0 0.6593320553119366 0.8289375305175781 0.03419758723332332 0.03422194260817308
0 0.14492595195770264 0.22418297254122221 0.017008286256056566 0.016866097083458535
0 0.09106883635887733 0.7541607343233548 0.026730757493239183 0.026967708881084736
0 0.9370548541729267 0.6787008138803335 0.07600813645582932 0.07514498783991887
0 0.9258178564218374 0.9410318227914664 0.014947010920597957 0.014759503878079928
0 0.3887279217059796 0.6887760895949143 0.01568001967210036 0.015525084275465745
0 0.4274888772230882 0.8344254860511193 0.024527989901029147 0.02485510019155649
0 0.26427709139310396 0.9542190845196064 0.021135256840632513 0.020489912766676683
0 0.41837714268611026 0.3656967603243314 0.013724107008713942 0.013811845045823317
0 0.951393567598783 0.5661565340482272 0.015327160175030049 0.015563377967247596
0 0.7100904904879056 0.7980679732102615 0.021779573880709134 0.02127691415640024
0 0.1347568310224093 0.9088727510892428 0.046454668045043945 0.04647973867563101
0 0.5394354600172776 0.5845142511221079 0.013853513277493991 0.013967073880709134
0 0.9501000184279221 0.48948464026817906 0.014047182523287259 0.013991135817307692
0 0.7187743553748498 0.43735775580772984 0.03699552095853365 0.03616259648249699
0 0.5731941736661471 0.9766313112699069 0.023727783790001504 0.023160934448242188
0 0.7838001251220703 0.7381029862623948 0.030622335580679085 0.030921349158653848
0 0.8560077960674579 0.8993328534639798 0.014871157132662259 0.014935126671424279
0 0.1320637739621676 0.8212639735295222 0.020268807044396035 0.020142188439002402
0 0.9249791365403396 0.8131053631122296 0.03619384765625 0.035755157470703125
0 0.6098749454204853 0.21384154833280122 0.025495089017427884 0.025017518263596755
0 0.6923900017371545 0.9793555919940655 0.03438098614032452 0.033864534818209134
0 0.6135530471801758 0.9951355273907001 0.01654478219839243 0.008950453538161058
0 0.4093777216397799 0.7754687529343826 0.013841702387883114 0.014275624201847957
0 0.17484243099506086 0.6159304838914138 0.013677303607647236 0.01346133305476262
0 0.8527002334594727 0.6924392260037936 0.01859562213604267 0.01840635446401743
0 0.03152438998222351 0.33276183788593 0.01764596884067242 0.017420401939978965
0 0.9137697219848633 0.459682244520921 0.014011529775766226 0.013734670785757212
0 0.9241931621844952 0.4343467859121469 0.036958547738882214 0.03727025252122145
0 0.9225170428936298 0.8089790344238281 0.028144102830153245 0.027576153094951924
