0 0.6996998420128455 0.2173010385953463 0.06508841881385216 0.06480121612548828
0 0.6856285975529597 0.8579016465407151 0.1076352046086238 0.10661609356219952
0 0.25594197786771333 0.21962811396672174 0.0816029768723708 0.081817260155311
0 0.7975959777832031 0.22144468014056867 0.04636236337515024 0.04609357393704928
0 0.3758575366093562 0.024796366691589355 0.061612496009239785 0.04737513798933763
0 0.8916312731229342 0.7503214616041917 0.0574192633995643 0.06975731482872596
0 0.1471181741127601 0.41652334653414214 0.0524598818558913 0.05258398789625902
0 0.12813742344196027 0.8320115896371695 0.053465696481557995 0.053475453303410456
0 0.429747067964994 0.6893777113694411 0.20632597116323617 0.20873088103074294
0 0.6201549676748422 0.36043478892399716 0.06734627943772536 0.06789764991173378
0 0.6495159589327298 0.07101848492255577 0.0446018805870643 0.04473486313453087
0 0.47945741506723255 0.07831187431628887 0.049001033489520736 0.048866015214186445
0 0.8147447292621319 0.18113629634563738 0.03658866882324219 0.03670941866361178
0 0.4937017514155461 0.16598209967980018 0.03101686330942007 0.031122216811546914
0 0.421718193934514 0.11300532634441669 0.03895906301645132 0.03937829457796537
0 0.8629503983717698 0.9801786862886869 0.03302926283616286 0.03294783372145433
0 0.2667105564704308 0.1412757268318763 0.03479821865375225 0.03467330565819374
0 0.08923771748175988 0.9570060143103967 0.026544919380774863 0.03571466299203726
0 0.898916978102464 0.429167417379526 0.04093258197490986 0.043268863971416764
0 0.7225138590886042 0.031603762736687295 0.041722664466271035 0.04113797958080585
0 0.8169006200937124 0.04447533534123348 0.04069210932804988 0.04092201819786659
0 0.704567395723783 0.43622493743896484 0.026775653545673076 0.02693337660569411
0 0.5372405418982873 0.3855557441711426 0.02064690223106971 0.02071204552283654
0 0.8718128937941331 0.10964107513427734 0.028314883892352764 0.028127486889178935
0 0.527318000793457 0.18154665140005258 0.02063575157752404 0.020575963533841647
0 0.18763817273653471 0.4037220294658954 0.03315591812133789 0.03304100036621094
0 0.41681476739736706 0.9868786885188177 0.01873632577749399 0.018641545222355768
0 0.8387628702016977 0.22870790041410005 0.02300262451171875 0.023020157447228067
0 0.7318901648888221 0.2722460673405574 0.018801469069260817 0.018735152024489183
0 0.5976593311016376 0.49750038293691784 0.023835402268629808 0.02390590080848107
0 0.7047524819007287 0.504376484797551 0.0349578857421875 0.03467369079589844
0 0.4945259094238281 0.9001875657301682 0.022817318256084736 0.022981790395883415
0 0.7758756784292368 0.8687978891225961 0.05164968050443209 0.05179097102238582
0 0.6886565868671124 0.26570536540104794 0.025599553034855768 0.025606082035945013
0 0.15120785052959734 0.13239666131826547 0.030970133267916165 0.031022988832913913
0 0.7392018391535833 0.3190141457777757 0.03877595754770132 0.03907306377704327
0 0.7881846794715295 0.96027895120474 0.08627979572002704 0.07363025958721454
0 0.8890530512883112 0.8616349146916316 0.028533935546875 0.028641480665940505
0 0.46080464583176833 0.257192299916194 0.026712564321664665 0.027022325075589694
0 0.7634685222919171 0.28551879295936 0.041255804208608776 0.04095646051260141
0 0.43410961444561297 0.8963570961585412 0.02093373812161959 0.020908942589393027
0 0.6041977955744817 0.2068011577312763 0.03458199134239784 0.03458111102764423
0 0.8324794035691482 0.06781459313172561 0.03303322425255409 0.03365159951723539
0 0.29349356431227464 0.32698477231539214 0.01930823692908654 0.019467280461237982
0 0.11526135297921988 0.14846693552457368 0.028296837439903848 0.02831748815683218
0 0.8770575890174279 0.17125335106482872 0.02638420691856971 0.026514053344726562
0 0.7511570270244892 0.49795891688420224 0.019045022817758415 0.019345503586989183
0 0.33115445650540865 0.1563573067004864 0.021446961622971755 0.02157794512235201
0 0.7124859736515925 0.12086243812854473 0.024735083946814902 0.024918134395892803
0 0.22964941538297212 0.32305218623234677 0.018303320958064154 0.018320083618164062
0 0.8715704404390775 0.5075280849750226 0.035232250507061295 0.03491621751051683
0 0.1024473447066087 0.20103014432466948 0.042411547440748945 0.04489575899564303
0 0.42537843264066255 0.25005160845243013 0.0360261476956881 0.0361180672278771
0 0.7725620269775391 0.7352597163273737 0.019895113431490384 0.019865769606370192
0 0.16521094395564154 0.047853781626774713 0.024013739365797777 0.023922298963253315
0 0.09752113085526687 0.25612651384793794 0.032951996876643255 0.05497587644136869
0 0.44742298126220703 0.0932149153489333 0.020299397982083835 0.020310181837815505
0 0.8379631776076096 0.31246376037597656 0.02328769977276142 0.023455473092886116
0 0.6574174440824069 0.7524539507352389 0.055967477651742786 0.054632920485276446
0 0.8387606694148138 0.1557157039642334 0.02492523193359375 0.025332157428448018
0 0.857400527367225 0.026158502468696006 0.022781812227689303 0.023090518437899075
0 0.12992341701801008 0.3106963817889874 0.022569693051851712 0.022803251559917744
0 0.7884351290189303 0.026801609075986423 0.033664703369140625 0.033898124328026406
0 0.9023462442251352 0.11083778968224159 0.029169816237229567 0.03229882166935848
0 0.17758886630718523 0.8751385762141302 0.03606356107271635 0.03592623197115385
0 0.8106883122370794 0.1502459507722121 0.031720528235802285 0.03188351484445425
0 0.7851186899038461 0.7872260167048528 0.030409739567683294 0.030054826002854567
0 0.7851258057814378 0.08358493218055138 0.018109835111177884 0.017892915468949538
0 0.14087526614849383 0.1076657221867488 0.025593335811908428 0.026094876802884616
0 0.6460827313936673 0.22591029680692232 0.029187422532301683 0.029341404254619893
0 0.8897471061119666 0.15288848143357497 0.015656691331129808 0.01568178030160757
0 0.7659584925724909 0.240215906730065 0.033179943378155045 0.034511419442983776
0 0.5394037686861478 0.8552847642164964 0.016541701096754808 0.016511183518629808
0 0.3540189449603741 0.3521420405461238 0.017758589524489183 0.017729832575871393
0 0.5343020512507513 0.49675541657667893 0.02024672581599309 0.020242764399601862
0 0.21574897032517654 0.3830705422621507 0.019640005551851712 0.01988359598013071
0 0.8379152738131009 0.34769630432128906 0.026560856745793268 0.027392827547513522
0 0.6198885257427509 0.414338625394381 0.017598372239332933 0.017672612116887018
0 0.2041782966026893 0.04574318574025081 0.023650169372558594 0.02324541715475229
0 0.4943119929387019 0.5685095053452712 0.01604608389047476 0.015738487243652344
0 0.5127001909109262 0.2767813572516808 0.022144170907827523 0.021893904759333685
0 0.36231426092294544 0.11460025493915264 0.019211255587064303 0.01919416280893179
0 0.18622691814716047 0.20560627717238206 0.03659490438608023 0.03727252666766827
0 0.32598084669846755 0.9805869322556716 0.017377706674429085 0.017262385441706732
0 0.8228264588576096 0.12490378893338717 0.04908444331242488 0.04990731752835787
0 0.16963544258704552 0.3455996880164513 0.014899620643028846 0.014957574697641226
0 0.35157475104698765 0.16663694381713867 0.019806788517878607 0.019960623521071214
0 0.8696450453538161 0.047358375329237715 0.015844198373647835 0.016023865112891562
0 0.5946054458618164 0.14278408197256234 0.04211352421687199 0.041957965263953574
0 0.32579920842097354 0.5367852724515475 0.04014486532944899 0.04038370572603666
0 0.802886596092811 0.2875339434697078 0.021817867572490986 0.02178184802715595
0 0.6862823779766376 0.9847369560828576 0.03924633906437801 0.027752509483924277
0 0.34366970795851487 0.114181426855234 0.01752640650822566 0.01747784247765174
0 0.4692373275756836 0.9732010181133564 0.01597008338341346 0.015847426194411058
0 0.208097531245305 0.3544463377732497 0.0585172726557805 0.05805807847243089
0 0.30263790717491734 0.9295504643366888 0.016057748060960036 0.015874715951772835
0 0.4228649139404297 0.01207909331871913 0.03858683659480168 0.02320502125299894
0 0.9080841357891376 0.13072833648094764 0.01847663292518029 0.024854238216693584
0 0.3724665274986854 0.0786042121740488 0.019064829899714544 0.01850722386286809
0 0.73175415625939 0.7048100691575271 0.021575340857872598 0.021964439978966348
0 0.7853530003474309 0.10646357903113732 0.025849268986628607 0.026229491600623496
0 0.7294447238628681 0.5309053567739633 0.014092518733097957 0.014141522921048678
0 0.17598463938786432 0.13857039121481088 0.015501609215369591 0.015313093478863057
0 0.8978922917292669 0.08345286662761982 0.019283881554236777 0.019275720302875225
0 0.5763740539550781 0.21030174768888032 0.015423114483173076 0.015369598682110127
0 0.4199657440185547 0.938850842989408 0.020802424504206732 0.02082986098069411
0 0.6810635053194486 0.6146318729107196 0.026854735154371995 0.027358128474308893
0 0.586692003103403 0.44533480130709135 0.019630945645845853 0.019658455481896035
0 0.6943173775306115 0.07464480400085449 0.04216135465181791 0.043167389356173
0 0.7229997928325946 0.28907357729398286 0.034990163949819714 0.03553610581618089
0 0.6726374259361854 0.10270423155564529 0.03416134760929988 0.033217430114746094
0 0.6512932410606971 0.4827124522282527 0.020078512338491585 0.0203701899601863
0 0.14057478537926307 0.9804207728459284 0.03435314618624174 0.03297277597280649
0 0.6673039656419021 0.5233769783606896 0.01927918654221755 0.019469481248121995
0 0.6132393616896409 0.9363079071044922 0.02305735074556791 0.023079798771784857
0 0.3765371029193585 0.6653593503511869 0.02114237271822416 0.021149855393629808
0 0.08797357632563664 0.15878659028273362 0.013899766481839694 0.01622621829693134
0 0.25800339992229754 0.3299551743727464 0.017597712003267728 0.01779482914851262
0 0.8712156735933744 0.3953471550574669 0.05252632727989784 0.05334289257342999
0 0.1688077633197491 0.10310007975651668 0.024871826171875 0.024572005638709433
0 0.5580768218407264 0.1912687558394212 0.016277313232421875 0.016412881704477165
0 0.7343122042142428 0.24979716080885667 0.02995447012094351 0.02959280747633714
0 0.7705860137939453 0.7110057243934045 0.03326122577373798 0.03353324303260216
0 0.49839357229379505 0.8679715670072116 0.017008121197040264 0.016727300790640023
0 0.6896569178654597 0.14339052713834322 0.02394250723031851 0.023334833291860726
0 0.7352625039907602 0.07918060742891751 0.038291637714092545 0.036467368786151595
0 0.9083276895376352 0.09647898490612324 0.01587677001953125 0.017796406379112832
0 0.5619939290560209 0.28826383443979114 0.026310480557955228 0.025807820833646335
0 0.22069778809180626 0.13775449532728928 0.021793218759390023 0.02196218417241023
0 0.534345113314115 0.030661848875192497 0.017609229454627402 0.017531321598933294
0 0.5454997282761794 0.12725111154409555 0.01873471186711238 0.01879732425396259
0 0.6825121366060697 0.3487155254070575 0.029490837684044473 0.029701746427095853
0 0.592742553124061 0.1287399438711313 0.028635025024414062 0.028583233173076924
0 0.7336398638211764 0.06988824330843411 0.015880878155048076 0.015974906774667594
0 0.5258875626784104 0.2560708522796631 0.02204733628493089 0.021767432873065654
0 0.30369226749126726 0.9724219395564153 0.026233673095703125 0.02617029043344351
0 0.3568286162156325 0.9357428917518029 0.018335489126352165 0.01851037832406851
0 0.5299590917734 0.2349435549515944 0.013862316425030049 0.013717871445875902
0 0.2135474865253155 0.2443844171670767 0.0835270514855018 0.07958294795109676
0 0.45157880049485427 0.792396985567533 0.01520244891826923 0.015357090876652645
0 0.809781001164363 0.532905651972844 0.02233123779296875 0.022681603064903848
0 0.5522956114548904 0.15939939939058745 0.01981940636268029 0.02001799069918119
0 0.6397215036245493 0.9440392714280349 0.025799091045673076 0.025970458984375
0 0.6534541203425481 0.4295011300307054 0.014183924748347355 0.013930027301494893
0 0.39998347942645734 0.5478661977327787 0.015391789949857272 0.015324959388146034
0 0.44757571587195766 0.23418441185584435 0.015208904559795674 0.015476373525766226
0 0.7469888833852915 0.14830163808969352 0.020379286545973558 0.020339342264028695
0 0.6196038172795222 0.3014389184805063 0.029352774986853965 0.02949186471792368
0 0.1556882124680739 0.9230754558856671 0.014193158883314867 0.014193168053260216
0 0.8044539231520432 0.7267707677987906 0.026065973135141227 0.025855284470778245
0 0.3218865394592285 0.040685488627507135 0.015845225407527044 0.015616838748638447
0 0.26245465645423305 0.9417211092435397 0.02778170658991887 0.028302412766676683
0 0.7746469057523288 0.7094695751483624 0.025250361515925482 0.02579527634840745
0 0.7984784933236929 0.7760878342848557 0.06066351670485277 0.06233068612905649
0 0.4643895075871394 0.1660020534808819 0.02775683769812951 0.02742445468902588
0 0.1992954290830172 0.07483844573681171 0.06412755526029147 0.06469548665560208
0 0.54923127247737 0.4636439543503981 0.01583077357365535 0.01596245398888221
