0 0.13908875905550444 0.5514689225416917 0.2130293846130371 0.21626751239483172
0 0.23939983661358172 0.8694749245276818 0.08524564596322867 0.08524190462552585
0 0.7763895621666541 0.6201105851393479 0.09150123596191406 0.09206357369056115
0 0.03992884892683763 0.844357050382174 0.07743529173044059 0.08075009859525241
0 0.13445123342367318 0.11699821398808406 0.12085395592909592 0.12160935768714318
0 0.9418965853177584 0.5468734961289626 0.07768396230844352 0.0779418211716872
0 0.9390904353215144 0.6141543755164514 0.06735302851750301 0.0680245619553786
0 0.3928850614107572 0.77275877732497 0.059187742379995495 0.058797249427208535
0 0.09510994874514066 0.898804077735314 0.09018703607412484 0.09278180049015926
0 0.07215752051426814 0.8036545973557693 0.07831092981191781 0.0778201176570012
0 0.10490140548119178 0.44884454287015474 0.03796856219951923 0.03799981337327223
0 0.2992256421309251 0.7988608433650091 0.05497158490694486 0.05501233614408053
0 0.24164065947899452 0.11396395243131198 0.07123752740713266 0.07146384165837215
0 0.14470854172339806 0.6829156875610352 0.06793616368220402 0.06824918893667367
0 0.22920978986299956 0.7330194619985727 0.02854633331298828 0.02852659959059495
0 0.09923691015977126 0.9598174461951623 0.053696857048914984 0.053918691781850964
0 0.49227593495295596 0.8856371366060697 0.03380144559420072 0.033677321213942304
0 0.6388052426851712 0.9714038555438702 0.05187841562124399 0.05079034658578726
0 0.14679134809053862 0.34279823303222656 0.036628393026498646 0.036586908193734974
0 0.8174165578988882 0.9694907848651593 0.049401503342848554 0.049680856557992786
0 0.3864447520329402 0.7043895721435547 0.025672325721153848 0.025797036977914665
0 0.1848161770747258 0.670397685124324 0.022839179405799277 0.02289610642653245
0 0.6510562163132888 0.6029481154221755 0.05120248060960036 0.0519108405480018
0 0.4660717524014987 0.7696908804086539 0.038014925443209134 0.037811279296875
0 0.2546513630793645 0.037842204937568076 0.056833780728853665 0.05672154059776893
0 0.6746578216552734 0.5095626390897311 0.03553478534405048 0.03556662339430589
0 0.42188666417048526 0.6893952443049505 0.02487608102651743 0.02502015920785757
0 0.8750670506403997 0.6344152597280649 0.021564483642578125 0.021497286283052884
0 0.07243547989771916 0.7111688760610727 0.03538025342501127 0.035506908710186295
0 0.6928947155292218 0.270908942589393 0.04087682870718149 0.04114972628079928
0 0.4831898029033954 0.7281734026395358 0.05222518627460186 0.05199006887582632
0 0.3704986572265625 0.5821861853966346 0.07483306297889122 0.07431382399338943
0 0.7824437068058894 0.07101825567392203 0.024034646841195915 0.0242767333984375
0 0.3386694101186899 0.8227638831505408 0.03179711561936598 0.03188323974609375
0 0.39441798283503604 0.12733167868394119 0.029420999380258415 0.029433287107027493
0 0.41703216846172625 0.6579889884361854 0.02273251460148738 0.022734568669245794
0 0.2057028366969182 0.8123716207650992 0.020164122948279746 0.020048141479492188
0 0.8367936060978816 0.7882577455960788 0.03450569739708534 0.03434958824744591
0 0.5381493935218225 0.582792355464055 0.03618042285625751 0.036088796762319714
0 0.37005101717435396 0.13968453040489784 0.03183731665978065 0.03210650957547701
0 0.1856980690589318 0.956721672644982 0.053634350116436295 0.05396461486816406
0 0.31157519267155576 0.7532373575063852 0.023520909822904147 0.023495600773737982
0 0.5663062975956843 0.5899818126971905 0.03219156998854417 0.03267464270958534
0 0.2415626232440655 0.7574700575608474 0.02784303518442007 0.027712601881760817
0 0.9015053969163161 0.5581568204439603 0.026059957650991585 0.025953292846679688
0 0.43711024064284104 0.4822846926175631 0.028317671555739183 0.02818430387056791
0 0.284819272848276 0.012102083517954899 0.02787626706636869 0.02275003378207867
0 0.4431770398066594 0.26140990624061 0.03193040994497446 0.031861305236816406
0 0.6713000811063327 0.38611749502328724 0.0452885260948768 0.04531992398775541
0 0.6984549302321214 0.6387022458589994 0.021758152888371393 0.02157137944148137
0 0.9580661333524264 0.9557170867919922 0.07715885455791767 0.08123485858623798
0 0.18535434282743013 0.8854863827045147 0.023514967698317308 0.02380092327411358
0 0.04653478585756742 0.9525391505314753 0.021453490624060996 0.02178338857797476
0 0.09155034101926364 0.27324683849628156 0.01716953057509202 0.017303026639498197
0 0.6278244165273813 0.7742237677940955 0.02031370309682993 0.020284212552584134
0 0.8097575261042669 0.5546819246732272 0.032187241774338946 0.03191801217886118
0 0.4492618487431453 0.5742814724261944 0.03188250615046574 0.031688836904672474
0 0.8733863830566406 0.7951120229867789 0.041149139404296875 0.04132989736703726
0 0.3722464121305026 0.32494537646953875 0.04552679795485277 0.045388130041269154
0 0.04968257133777325 0.6528604214008038 0.017550046627338115 0.017650750967172477
0 0.6909198760986328 0.30359347050006574 0.02681115957406851 0.02679755137516902
0 0.5574688544640174 0.05780556110235361 0.05191612243652344 0.052391923390902005
0 0.16080326300400954 0.8357018690842849 0.06716735546405499 0.06698168241060697
0 0.17604604134192833 0.9097153590275691 0.031093303973858174 0.030634659987229567
0 0.5001753293550931 0.5833203975970929 0.025838558490459736 0.02626947256234976
0 0.4546062762920673 0.6888304490309495 0.019195996798001803 0.019076420710637018
0 0.7653397780198318 0.26149914814875674 0.021504035362830527 0.02157482734093299
0 0.11819971524752103 0.7796872945932242 0.034669105823223405 0.03445698664738582
0 0.3914796022268442 0.9019125424898587 0.03405020787165715 0.03397633479191707
0 0.20180946130018967 0.9118154965914212 0.020605784196120042 0.020572955791766826
0 0.48321797297551083 0.5880494851332444 0.03850878201998197 0.037194325373722956
0 0.3410036747272198 0.6775655012864333 0.016678223243126504 0.016731849083533652
0 0.768389995281513 0.030651372212630052 0.018422933725210335 0.018675611569331244
0 0.7187345944918119 0.9384790567251352 0.019689413217397835 0.019537999079777643
0 0.11423939924973708 0.36293873420128453 0.040397937481219955 0.04089700258695162
0 0.09352379578810471 0.6951719430776743 0.01681989889878493 0.01668372521033654
0 0.25148767691392165 0.6905345916748047 0.049664974212646484 0.049795884352463946
0 0.5477482722355769 0.7430487412672776 0.033115240243765026 0.03313093919020433
0 0.023521411877412062 0.5935783019432654 0.018719787781055156 0.018856635460486777
0 0.8257592274592473 0.587191655085637 0.01989115201509916 0.020261764526367188
0 0.29931798348060024 0.9683983142559345 0.018063912024864785 0.017847207876352165
0 0.9632860330434946 0.492891605083759 0.06902327904334435 0.1030888190636268
0 0.09900890863858737 0.22753605475792518 0.01779622298020583 0.017978374774639424
0 0.13684494678790754 0.8360677865835336 0.017969424907977764 0.018178206223707933
0 0.8779818461491511 0.3671815578754132 0.09722445561335637 0.09685369638296273
0 0.7717690101036658 0.6947023685161884 0.037047166090745196 0.0366819821871244
0 0.3110016676095816 0.14615820004389837 0.01966689183161809 0.019574532142052285
0 0.377567694737361 0.4296040168175331 0.018596429091233473 0.01838962848369892
0 0.8654678051288311 0.7467834032498873 0.01693549522986779 0.016850398137019232
0 0.2347127474271334 0.7851523619431716 0.036216369042029746 0.03678263150728666
0 0.959904303917518 0.8840729640080378 0.023578056922325723 0.023938399094801683
0 0.42210927376380336 0.9763297301072341 0.08202926929180439 0.044464111328125
0 0.37599732325627255 0.038226423355249256 0.019095787635216348 0.019131912634922907
0 0.2772870613978459 0.6458650735708383 0.024156900552602913 0.02433189978966346
0 0.15338646448575532 0.90844359764686 0.016009073991041917 0.01620307335486779
0 0.11245322227478027 0.2593801204974835 0.018029543069692757 0.018106827369103067
0 0.8526728703425481 0.608010512131911 0.053802783672626205 0.05333621685321514
0 0.33667476360614484 0.7703999739426833 0.02593055138221154 0.025900620680588942
0 0.5380533658541166 0.6109450413630559 0.017523692204402044 0.017651484562800482
0 0.050160738138052136 0.2123256463270921 0.017560647084162787 0.017826593839205228
0 0.8486888592059796 0.9312861515925481 0.017406316903921273 0.017321366530198317
0 0.2957556431110089 0.6748432012704703 0.03485921713022085 0.034279896662785456
0 0.5560187193063589 0.7148633370032678 0.025911918053260215 0.02594610360952524
0 0.5086172910837027 0.756808721102201 0.017094538762019232 0.016811370849609375
0 0.8817900877732497 0.3154279635502742 0.016360649695763223 0.01629022451547476
0 0.5474605560302734 0.6931238908034104 0.017321953406700723 0.01739986126239483
0 0.6877381251408503 0.5502869532658503 0.02029565664438101 0.020222003643329326
0 0.5420189637404221 0.37788941310002255 0.029903338505671576 0.030011397141676683
0 0.693568963270921 0.7019237371591421 0.016940923837515023 0.016959703885591947
0 0.23875713348388672 0.254127704180204 0.020988060877873346 0.02106930659367488
0 0.840262926541842 0.5708382313068097 0.024987147404597357 0.024855907146747295
0 0.7985495787400466 0.5005435210007888 0.020694732666015625 0.020569727971003607
0 0.5854111451369065 0.8781526272113507 0.016007203322190505 0.01575631361741286
0 0.6157455444335938 0.6647261106050931 0.025010182307316706 0.025325188269981973
0 0.3686725909893329 0.471953978905311 0.02019500732421875 0.02044501671424279
0 0.8850596501277044 0.833041998056265 0.025684063251201924 0.025685237004206732
0 0.7035286243145282 0.7410047971285306 0.017422896165114183 0.017401475172776442
0 0.3120534603412335 0.9050146249624399 0.031974499042217545 0.03194867647611178
0 0.15505057114821214 0.036425148065273576 0.01631165467775785 0.01606804132461548
0 0.6082057952880859 0.03573633157289945 0.03873590322641226 0.038517456788283125
0 0.4686483603257399 0.6557417649489182 0.015838476327749398 0.015680753267728366
0 0.9800709944504958 0.9648045759934646 0.01631325941819411 0.016897935133713942
0 0.1998146130488469 0.37331573779766375 0.0401160533611591 0.03997245201697716
0 0.26740620686457706 0.7589352681086614 0.01878078167255108 0.018477219801682692
0 0.2259064454298753 0.9190775064321665 0.01841596456674429 0.018364832951472357
0 0.01208260884651771 0.23157871686495268 0.015957470123584453 0.020643894488994893
0 0.4147487053504357 0.8060191961435171 0.032198539147010215 0.03216831500713642
0 0.548129521883451 0.9434309005737305 0.03563117980957031 0.03505134582519531
0 0.39377256540151745 0.6819201249342698 0.018337763272798978 0.018245403583233174
0 0.5034188490647536 0.09364372950333816 0.019590377807617188 0.019438908650324896
0 0.30350494384765625 0.09486026030320388 0.016308931203988884 0.016295506403996393
0 0.5898710397573618 0.7799409719613882 0.027405225313626803 0.027467874380258415
0 0.13468216015742376 0.40889732654278094 0.01978437717144306 0.019868117112379808
0 0.4012025319612943 0.2548830325786884 0.017837891211876504 0.017897495856651895
0 0.25627888165987456 0.34209467814518857 0.016164816342867337 0.016243494473970853
0 0.4387600605304425 0.588266922877385 0.01940323756291316 0.018936744103064902
0 0.4116703180166391 0.4755388406606821 0.016012852008526143 0.016308417687049277
0 0.621212885929988 0.1896513792184683 0.03593224745530348 0.03508619161752554
0 0.20317673683166504 0.7677918947660006 0.01972484588623047 0.019779498760516826
0 0.2467053486750676 0.6473109905536358 0.03439683180588942 0.03455206064077524
0 0.516175416799692 0.07543376317391029 0.03825305058405949 0.03837608374082125
0 0.5561573322002704 0.02034902572631836 0.05581826430100661 0.03886143977825458
0 0.9396897095900315 0.7243848947378305 0.01446225092961238 0.014303647554837741
0 0.9542215053851788 0.06277819780203012 0.019747073833759014 0.019685910298274115
0 0.8387486384465144 0.6635177318866436 0.015191885141225962 0.014969165508563701
0 0.08278656005859375 0.9890882051908053 0.019853903697087213 0.017716481135441706
0 0.4965837918795072 0.6095393254206731 0.019438523512620192 0.01916371859036959
0 0.5273943680983323 0.7049463712252103 0.027728154109074518 0.027584369365985576
0 0.01743338658259465 0.30346041459303635 0.030736923217773438 0.04526703174297626
0 0.3340434661278358 0.15174249502328727 0.01965045928955078 0.01948701418363131
0 0.5068982197688177 0.0453259303019597 0.03389930725097656 0.03372914745257451
0 0.6463929689847506 0.0783393016228309 0.017026754525991585 0.01678292567913349
0 0.2670299456669734 0.252871036529541 0.03922770573542668 0.03835230607252855
0 0.2891967479999249 0.5459134762103741 0.015372349665715145 0.015281897324782152
0 0.526732114645151 0.23586636323195237 0.015372496384840745 0.015515290773831882
0 0.6784963607788086 0.5659439380352314 0.01820197472205529 0.017748319185697116
0 0.6711573967566857 0.23611096235421988 0.0428623786339393 0.04218372931847206
0 0.6500057807335486 0.5155523373530462 0.016736544095552884 0.016837120056152344
0 0.6200057543241061 0.8839479593130258 0.020176814152644232 0.020319425142728366
0 0.32019615173339844 0.7384581932654748 0.016027083763709433 0.015805171086237982
0 0.457304441011869 0.8303012847900391 0.026465782752403848 0.026702880859375
0 0.4450855255126953 0.4094525850736178 0.017159535334660456 0.017093658447265625
0 0.8122920256394607 0.692753425011268 0.014400482177734375 0.014281346247746395
0 0.980858142559345 0.5880510623638446 0.034496307373046875 0.04293617835411659
0 0.7030701270470252 0.5608008824861966 0.01658806434044471 0.016681377704326924
0 0.525622661297138 0.7029651495126578 0.03333341158353365 0.03371238708496094
0 0.3973781145535983 0.8541504052969126 0.020699280958909255 0.02072319617638221
0 0.926169175368089 0.7093393619243915 0.014352651742788462 0.014603101290189303
0 0.510156851548415 0.3902619435237004 0.01696630624624399 0.016942684467022236
0 0.6803634350116436 0.31016210409311146 0.09804446880634014 0.09834317060617301
0 0.5567814020010141 0.6800264211801382 0.015622579134427585 0.015409029447115384
0 0.9870944389930139 0.08986339202293983 0.019416222205528848 0.024898345653827373
0 0.012343223278339092 0.44097097103412336 0.013415254079378568 0.013694323026216947
0 0.03191196001493014 0.41956457724938023 0.019368804418123685 0.019437789916992188
0 0.4466282771183894 0.6570965693547175 0.016613886906550482 0.016759432279146634
0 0.676220967219426 0.5775637259850135 0.03703850966233473 0.037176865797776446
0 0.14698609021993783 0.7683671070979192 0.08772822526785043 0.0884867448073167
0 0.15553896243755633 0.23863990490253156 0.021039632650522087 0.021481734055739183
0 0.21358357943021333 0.0430220548923199 0.013821161710298978 0.013732002331660343
0 0.8493043459378756 0.2861320422245906 0.036201183612530045 0.03610544938307542
0 0.782532471876878 0.5645809173583984 0.01868468064528245 0.018336662879356973
0 0.39967734997089094 0.5258493423461914 0.015561323899489183 0.015624413123497596
0 0.8085787846491888 0.842468995314378 0.01604285606971154 0.01601556631234976
0 0.5278977614182693 0.7069144615760217 0.02114706773024339 0.02108177771935096
0 0.5785644971407377 0.8527547396146334 0.014728619502140926 0.014547201303335337
0 0.17432117462158203 0.7612630403958834 0.024686079758864183 0.025536757249098558
0 0.504245061140794 0.009135441138194157 0.017412185668945312 0.01524011676128094
0 0.6649386332585261 0.07728943457970253 0.015628814697265625 0.015557807225447435
0 0.5137473619901217 0.993080579317533 0.02424489534818209 0.01183612530048077
0 0.9327316284179688 0.03415714318935688 0.021426274226262018 0.021508977963374212
0 0.4399921710674579 0.6685992754422702 0.01467147240271935 0.014585935152493991
0 0.04767341797168438 0.32370662689208984 0.024965504041084878 0.024861262394831732
0 0.4582328796386719 0.49237306301410383 0.016794278071476862 0.0167542237501878
0 0.12887952877924994 0.7576857346754807 0.02145554469181941 0.02125696035531851
0 0.9218142582820013 0.2916454535264235 0.028415973369891826 0.02855403606708233
0 0.6086950302124023 0.9458788358248197 0.03130912780761719 0.03129020104041466
0 0.3669438728919396 0.9463717387272761 0.014848709106445312 0.014764345609224759
0 0.6749196419349084 0.6436668542715219 0.015558389516977163 0.015413137582632212
0 0.904994010925293 0.2097029319176307 0.08691714360163762 0.08339008918175331
0 0.015658854291989252 0.16115933198195237 0.022866306396631095 0.02728145856123704
0 0.8183218882634089 0.7380202366755559 0.02394896287184495 0.024097149188701924
0 0.772499157832219 0.2122489489041842 0.016120177048903245 0.015958199134239785
0 0.6094125967759353 0.8335109123816857 0.014690619248610277 0.014308342566856971
0 0.3913988700279823 0.8514672059279221 0.04601082435021034 0.046549430260291465
0 0.1554996417118953 0.23645925521850586 0.017495118654691257 0.017234985645000752
0 0.6115237749539889 0.6664773500882663 0.03307078434870793 0.03292435866135817
0 0.00978236817396604 0.20650344628554124 0.013536196488600511 0.019635603978083685
0 0.40548518987802357 0.6071622555072491 0.014537811279296875 0.014678661639873799
0 0.6820314113910382 0.877834466787485 0.014814670269305889 0.014891110933743991
0 0.4188009775601901 0.5233562176044171 0.014004927415114183 0.013887845552884616
0 0.7202444810133714 0.45076799392700195 0.016034346360426683 0.01590706751896785
0 0.828408461350661 0.14338034849900466 0.014609410212590145 0.014655149899996243
0 0.471925478715163 0.5608216799222506 0.018697225130521335 0.01878518324631911
0 0.34598053418673 0.01052725544342628 0.020530187166654147 0.018998774198385384
