0 0.5546165613027719 0.014370340567368727 0.05789595383864183 0.028823568270756647
0 0.305880069732666 0.30724519949692947 0.053064713111290567 0.053166866302490234
0 0.6600498786339393 0.9850277533897986 0.020302699162409857 0.020146590012770433
0 0.47249478560227615 0.22496293141291693 0.04139848855825571 0.04144980357243465
0 0.4082914865933932 0.37744760513305664 0.03608226776123047 0.03578464801494892
0 0.28598528641920823 0.0994335229580219 0.039870849022498496 0.04200447522676908
0 0.4445793078495906 0.5415672889122596 0.032570985647348255 0.0326532217172476
0 0.7160456730769231 0.4349215214069073 0.020728184626652643 0.02114978203406701
0 0.6709544842059796 0.16603433168851411 0.120360411130465 0.1440534499975351
0 0.5170261676494892 0.3740090957054725 0.05293772770808293 0.0529325925386869
0 0.4648171571584848 0.27511486640343297 0.022025401775653545 0.02202147703904372
0 0.41196951499352086 0.2963759165543776 0.019572991591233473 0.019480448502760667
0 0.5646379177386944 0.058379264978262096 0.021182720477764424 0.02118539810180664
0 0.5564570060143104 0.1554860885326679 0.018294554490309495 0.018242725959190957
0 0.647839252765362 0.48227728330172026 0.015879704402043268 0.015869507422814004
0 0.4239424191988431 0.3411345115074745 0.02477748577411358 0.02475907252385066
0 0.6049085763784555 0.0830298111988948 0.03294651324932392 0.0326842528123122
0 0.7212646924532377 0.3927128865168645 0.014552923349233774 0.016272911658653848
0 0.5922924188467172 0.19452942334688628 0.020061492919921875 0.020149744473970853
0 0.5232639312744141 0.25478399716890776 0.016545955951397236 0.0167389649611253
0 0.3325792459341196 0.6343466685368464 0.02667089608999399 0.02651185255784255
0 0.6645892216609075 0.02794655240499056 0.01707121042104868 0.01710985257075383
0 0.7125081282395583 0.7233461233285757 0.016961024357722357 0.01674167926494892
0 0.6653279524583083 0.6961948688213642 0.017633878267728366 0.017667623666616585
0 0.5130435503446139 0.3109159469604492 0.01577590062068059 0.015493026146521935
0 0.47381423069880557 0.5315663997943585 0.028056218073918268 0.028475174537071817
0 0.29277849197387695 0.24165822909428522 0.021234952486478366 0.02082061767578125
0 0.4147693927471454 0.255946526160607 0.015227097731370192 0.01538834205040565
0 0.49489230376023513 0.5091264431293194 0.02394896287184495 0.023964955256535456
0 0.4954006855304425 0.48073827303372896 0.015716919532189004 0.015331268310546875
0 0.5269387318537786 0.533394300020658 0.023889908423790567 0.02439117431640625
0 0.5346254568833572 0.5671697029700646 0.022443477924053486 0.022435408372145433
0 0.5085786672738882 0.07705193299513596 0.02207469940185547 0.02238178253173828
0 0.3870091071495643 0.316684576181265 0.017343521118164062 0.017316011282113884
0 0.5389383022601788 0.43666788247915417 0.014362628643329326 0.014429532564603366
0 0.3387901599590595 0.3697342505821815 0.016528496375450723 0.01640781989464393
0 0.6315818199744592 0.4446399395282452 0.015890855055588942 0.01595724545992338
0 0.42733386846689075 0.6117384983943059 0.09286858485295223 0.09316371037409855
0 0.5387472005990835 0.9864340562086839 0.02661734360914964 0.02385858389047476
0 0.4815009924081656 0.39005162165715146 0.016488148615910456 0.016459098229041465
0 0.6474070915809045 0.7021127113929162 0.01790648240309495 0.018038382897010215
0 0.6742801666259766 0.01625080521290119 0.015238395104041466 0.014956937386439396
0 0.5946105076716497 0.21845225187448356 0.014494235698993389 0.014374366173377404
0 0.5279872600848858 0.06502142319312462 0.015091675978440505 0.01471396592947153
0 0.2896203627953163 0.4867117955134465 0.016744650327242337 0.017016044029822715
0 0.6943120222825271 0.1108777798139132 0.07399867131159855 0.08814208324138935
