0 0.8767956953782302 0.3382836121779222 0.09281598604642428 0.09355581723726712
0 0.6182986772977389 0.029424431232305672 0.04734391432542067 0.0469322158740117
0 0.9331311445969802 0.041810374993544355 0.08121226384089543 0.07939652296213004
0 0.9622129293588492 0.1590440273284912 0.06872499906099759 0.06936388749342698
0 0.7963572282057542 0.34680601266714245 0.038923410268930286 0.038819386408879206
0 0.08445217976203331 0.6594430483304538 0.04394368024972769 0.04449198796198918
0 0.9752991016094501 0.24184388380784255 0.019854618952824518 0.02017996861384465
0 0.2675839387453519 0.013922663835378794 0.033760474278376654 0.02653997678023118
0 0.8143322284405048 0.8162118471585788 0.027730795053335335 0.027965545654296875
0 0.3105765489431528 0.7711336429302509 0.023296576279860277 0.023485623873197116
0 0.41671518179086536 0.7320307218111478 0.024039195134089544 0.024428734412560098
0 0.2201247215270996 0.025272009464410636 0.035156543438251205 0.035256922245025635
0 0.28974709144005406 0.280885989849384 0.02317494612473708 0.02349083240215595
0 0.6472293413602389 0.700438719529372 0.035381170419546276 0.03502816420335036
0 0.5208082932692307 0.04906253631298359 0.02836454831636869 0.02863024748288668
0 0.9477022611177884 0.2652801733750563 0.025280585655799277 0.025408304654634915
0 0.7350670741154597 0.15102445162259615 0.04528045654296875 0.04538737810575045
0 0.8300814995398889 0.8891636775090144 0.03286655132587139 0.03294724684495192
0 0.7270100666926458 0.0647620283640348 0.038944391103891224 0.039132072375370905
0 0.29374122619628906 0.19637470978956956 0.0363458486703726 0.036567394550030045
0 0.5218246166522686 0.18840916340167707 0.021329733041616585 0.021225525782658503
0 0.2567723897787241 0.19413390526404747 0.02411167438213642 0.0243222896869366
0 0.1302479597238394 0.46823956416203427 0.017723853771503154 0.017616418691781852
0 0.03268982813908504 0.4708426548884465 0.06556621881631705 0.14055662888746995
0 0.933632337130033 0.4972236706660344 0.025796009944035456 0.02616097376896785
0 0.39562848898080677 0.6960328909067007 0.028508846576397236 0.028622847336989183
0 0.5284847112802359 0.7124349153958834 0.021670121413010817 0.021788817185621995
0 0.8106538332425631 0.2495124706855187 0.021249037522536058 0.02123267834003155
0 0.21259509600125825 0.4720264214735765 0.01822317563570463 0.018394103417029746
0 0.8819447297316331 0.11548414597144493 0.03000024648813101 0.029845311091496393
0 0.35502301729642427 0.7670345306396484 0.019453929020808294 0.019330978393554688
0 0.2562416150019719 0.5598772489107572 0.025206859295184795 0.025609676654522236
0 0.5793964312626765 0.171720211322491 0.033300032982459433 0.033320170182448164
0 0.2626143969022311 0.35816632784329927 0.08101426638089694 0.08064534113957332
0 0.5581421485314002 0.5035339135390061 0.02521940378042368 0.02492515857403095
0 0.582619153536283 0.0544740053323599 0.020783497737004206 0.02088638452383188
0 0.6359743705162635 0.2288973881648137 0.0385441413292518 0.038648201869084284
0 0.5426709835345929 0.8405995002159705 0.02615077678973858 0.026260962853064902
0 0.5316764024587778 0.29227504363426793 0.01703335688664363 0.01708679932814378
0 0.22156520990224984 0.6848168006310096 0.018553953904371995 0.018323458158052884
0 0.3459463853102464 0.6928708736713116 0.023112957294170674 0.023187930767352764
0 0.38028973799485427 0.7318259019118089 0.016844969529371995 0.016757378211388223
0 0.5301450582650992 0.14414292115431565 0.0405882321871244 0.04060007975651668
0 0.7586303857656626 0.32213658552903396 0.034519342275766224 0.03412334735576923
0 0.6560371839083158 0.39968263185941255 0.029645332923302285 0.029582683856670674
0 0.6934104332557092 0.14717450508704552 0.03828136737530048 0.03875310604388897
0 0.9053610288179837 0.39862372325016904 0.03325858482947716 0.032953922565166764
0 0.1710690718430739 0.8993335137000451 0.029728449307955228 0.029723534217247598
0 0.7286811241736779 0.7677955627441406 0.017940814678485576 0.01786950918344351
0 0.40984058380126953 0.5583293621356671 0.018245550302358773 0.01843540485088642
0 0.4454653079693134 0.1838698020348182 0.026106907771183893 0.026374963613656852
0 0.3488865632277269 0.8676354334904597 0.02353213383601262 0.023486797626201924
0 0.5287836148188665 0.24831759012662447 0.016533631544846755 0.016607908102182243
0 0.7279702700101413 0.7104063767653245 0.017326501699594352 0.017532935509314902
0 0.5839697764470027 0.07589265933403602 0.017992606529822715 0.01789241570692796
0 0.9055409064659705 0.6866204188420222 0.04933459942157452 0.05018806457519531
0 0.605568005488469 0.43350513164813703 0.018623792208158053 0.018680279071514424
0 0.26625691927396333 0.22367565448467547 0.02779531478881836 0.028059849372276895
0 0.0521463705943181 0.41437310438889724 0.029616410915668193 0.029688394986666165
0 0.9886918434729943 0.6204354946429913 0.022635386540339544 0.024952521690955527
0 0.21785970834585336 0.3041822543511024 0.017889903141902044 0.017820028158334587
0 0.42956873086782604 0.7651721514188327 0.0169985110943134 0.016808583186222956
0 0.16873909876896784 0.7067486689640925 0.03628675754253681 0.03677206773024339
0 0.7068053759061373 0.3260182600754958 0.030955094557542067 0.030861854553222656
0 0.21099453706007737 0.26858850625845104 0.02305452640240009 0.023466073549710788
0 0.4400681715745192 0.16625728973975548 0.02627871586726262 0.02643585205078125
0 0.5560853664691632 0.7064430530254657 0.07304000854492188 0.07376802884615384
0 0.7988747816819411 0.4787460107069749 0.018565984872671273 0.01825875502366286
0 0.9139300126295823 0.4835492647611178 0.03238824697641226 0.03247371086707482
0 0.19064969282883865 0.5579659755413349 0.016374514653132513 0.01632103553185096
0 0.4873952865600586 0.1176751576937162 0.01692933302659255 0.017095070618849535
0 0.3130014126117413 0.8309830152071439 0.0379485350388747 0.038187467134915866
0 0.08735155142270602 0.4141926398644081 0.02010314281170185 0.02019368685208834
0 0.8208270439734826 0.202027467580942 0.05762393657977764 0.0588832268348107
0 0.1004715057519766 0.786140882051908 0.016063506786639873 0.016049751868614785
0 0.03810708339397724 0.5674574191753681 0.016629595022935133 0.01652380136343149
0 0.6767047735360953 0.09292406302232009 0.015919318565955527 0.015777734609750602
0 0.9662053034855769 0.7462190481332632 0.05631197415865385 0.057697296142578125
0 0.2677301260141226 0.5917707956754245 0.04690903883713942 0.047472513639009915
0 0.4969954857459435 0.8850096189058744 0.03088232187124399 0.031111497145432692
0 0.2597763721759503 0.8606963524451623 0.024515078617976263 0.024559901310847357
0 0.8109692793626052 0.6129433558537409 0.04485056950495793 0.04420808645395132
0 0.7268067873441256 0.0888207142169659 0.017359220064603366 0.017442703247070312
0 0.14519192622258112 0.12020723636333759 0.016336404360257663 0.016413762019230768
0 0.9655515230618991 0.5614578173710749 0.024872706486628607 0.025359300466684196
0 0.697836655836839 0.1925533001239483 0.016866537240835335 0.017037171583909255
0 0.7127936436579778 0.3537479547353891 0.032047271728515625 0.031964668860802285
0 0.005814311596063467 0.6302958268385667 0.011637238355783315 0.016968360314002402
0 0.5463600158691406 0.44147021953876203 0.014760237473707933 0.014705657958984375
0 0.5226079500638522 0.22260443980877215 0.015045166015625 0.015120432927058293
0 0.1314962643843431 0.2874317719386174 0.013776228978083683 0.01389778577364408
0 0.13246681140019342 0.014474803438553443 0.04101833930382362 0.027808485122827385
0 0.40012044173020583 0.8154850006103516 0.016034933236929085 0.01608408414400541
0 0.5314014141376202 0.10140784887167123 0.024389120248647835 0.02435143177325909
0 0.8812157557560847 0.0795979958314162 0.054468741783728965 0.05458312768202562
0 0.2458802369924692 0.023778328528771035 0.02053488217867338 0.02076705602499155
0 0.22180278484637922 0.2782851732694186 0.014303207397460938 0.014722604017991286
0 0.7109686044546274 0.011342442952669583 0.018552633432241585 0.01865679484147292
0 0.016758563426824715 0.656374637897198 0.01482622898541964 0.015153444730318509
0 0.38455904447115385 0.897540019108699 0.04149818420410156 0.0415807870718149
0 0.7324878252469577 0.8808340659508338 0.014541919414813701 0.014531208918644832
0 0.4863623839158278 0.72777036520151 0.06313221271221454 0.06304931640625
0 0.09099714572613056 0.09555967037494366 0.01397411639873798 0.014048539675199069
0 0.9714122185340295 0.9103376681988056 0.01656928429236779 0.016581315260667067
0 0.10382455128889817 0.8247944758488581 0.01715392332810622 0.017254462608924277
0 0.7989615660447341 0.39070892333984375 0.014781805185171274 0.014672646155724159
0 0.9939437279334435 0.5945882797241211 0.01183612530048077 0.03417704655573918
0 0.608779503748967 0.8745569816002479 0.037007772005521335 0.03639764052170973
0 0.21294700182401216 0.3818352405841534 0.03020341579730694 0.03008101536677434
0 0.11266434192657471 0.23863972150362456 0.06406851915212777 0.06607437133789062
0 0.43909615736741286 0.7947829319880559 0.014633765587439904 0.01481921856219952
0 0.3524315173809345 0.848541259765625 0.04544889009915865 0.04484851543719952
0 0.40319530780498797 0.29778124735905576 0.014051290658804087 0.014020883120023288
0 0.19119706520667443 0.2564560816838191 0.020163829510028545 0.02060420696551983
0 0.08368864426246056 0.315432071685791 0.05923350040729229 0.05974894303541917
0 0.936719014094426 0.723245253929725 0.050508352426382214 0.050699087289663464
0 0.22414548580463117 0.9305960581852839 0.014204025268554688 0.014212681696965145
0 0.5751404395470252 0.2510952032529391 0.01607352036696214 0.016278523665208083
0 0.832603748028095 0.5697763883150541 0.04976389958308293 0.04974820063664363
0 0.30195757058950573 0.6085616625272311 0.021693009596604567 0.02175565866323618
0 0.6646815079909104 0.6663875579833984 0.05248113778921274 0.052641648512620196
0 0.3284011987539438 0.21541877893301156 0.04027337294358473 0.040436891409067005
0 0.7481366671048678 0.022379916447859544 0.014069043673001803 0.014691883554825416
0 0.08872405382303092 0.7387563265286959 0.023090362548828125 0.023038717416616585
0 0.3602116658137395 0.8468346962561975 0.03279597942645733 0.03344315748948317
0 0.1823866367340088 0.3445874360891489 0.0601501831641564 0.05948638916015625
0 0.5828663752629206 0.5955416972820575 0.05144412700946514 0.051389914292555586
0 0.5438527327317458 0.197846742776724 0.01476119114802434 0.014902665064885067
0 0.18730917343726525 0.015249651211958665 0.019731925084040716 0.020319544352017917
0 0.02090744559581463 0.7301615935105544 0.02135843955553495 0.021645325880784255
0 0.720833264864408 0.24054342049818772 0.0262603759765625 0.026506717388446514
0 0.6692768243642954 0.3136301040649414 0.017074144803560697 0.016937824395986702
0 0.5482370670025165 0.9120796643770658 0.03062593019925631 0.02994053180401142
0 0.011117746050541218 0.8284037663386419 0.022233864435782798 0.0528570321890024
0 0.7928575369027945 0.31323766708374023 0.017352764423076924 0.0175015376164363
0 0.059683653024526745 0.06650927433600792 0.014852175345787635 0.01484353725726788
0 0.8517916752741888 0.0713282456764808 0.031429290771484375 0.03229649250323956
0 0.28912973403930664 0.021078765392303467 0.01459811283991887 0.014745915165314307
0 0.5662697278536283 0.8527095501239483 0.031785818246694714 0.03141637948843149
0 0.44700035682091344 0.7477855682373047 0.014986991882324219 0.015127035287710337
0 0.9888164813701923 0.22327452439528245 0.022082695594200723 0.03661647209754357
0 0.7828543002788837 0.7607643420879657 0.01438126197228065 0.014246427095853366
0 0.28731568043048566 0.16894067250765288 0.0153961181640625 0.015371432671180138
0 0.06532593873830941 0.7328599783090445 0.018000290944026068 0.018098977895883415
0 0.029421414320285503 0.269260443173922 0.05873250502806444 0.1329155701857347
0 0.729392565213717 0.08888446367703952 0.024137350229116585 0.02429429842875554
0 0.8706207275390625 0.21991572013268104 0.015750298133263223 0.01570290785569411
0 0.8316393632155198 0.27875390419593227 0.014240264892578125 0.01425779782808744
0 0.46510483668400693 0.018404122728567857 0.036164357112004206 0.0340255475961245
0 0.26833134431105393 0.49669962662916917 0.018841670109675482 0.018786797156700723
0 0.7015792406522311 0.05292356472748976 0.016676682692307692 0.016800962961637057
0 0.04039460879105788 0.19610126201923078 0.08117556571960449 0.1034393310546875
