0 0.05227240232320932 0.7932792076697717 0.09287278468792255 0.11407265296349159
0 0.4527134895324707 0.6743874183067908 0.11086882077730618 0.11134837223933293
0 0.3661831342256986 0.6704546121450571 0.061510746295635514 0.06155865009014423
0 0.49947628608116734 0.2066919620220478 0.06968967731182392 0.07059757526104267
0 0.3808474907508263 0.046215057373046875 0.04667179401104267 0.04683167200822096
0 0.6637293008657602 0.2906816372504601 0.07174741304837741 0.07244187134962815
0 0.9173498887282151 0.4023941113398625 0.03232090289776142 0.03188125903789814
0 0.16093851969792292 0.11223738010113056 0.05386623052450327 0.05405924870417668
0 0.2610576886397142 0.23963007560143104 0.03598521305964543 0.035999371455265924
0 0.05061541612331684 0.28649619909433216 0.04390777991368221 0.04430851569542518
0 0.031705035613133356 0.20319469158466047 0.04825702997354361 0.0787975604717548
0 0.662567872267503 0.37756956540621245 0.029688908503605768 0.029805623568021335
0 0.45842735583965594 0.5801438551682693 0.029852647047776442 0.029508077181302585
0 0.7444166036752554 0.36719322204589844 0.03516798753004808 0.03512646601750301
0 0.04754773928568913 0.1645194383767935 0.03539643837855412 0.03541245827308068
0 0.8915587938748873 0.8970128572904147 0.038617500892052285 0.03827725923978365
0 0.19417737080500677 0.933097399198092 0.02904686560997596 0.02907386192908654
0 0.37561805431659406 0.1891939089848445 0.04194487058199369 0.04217191842886118
0 0.13554857327387884 0.9095105391282302 0.026153087615966797 0.026264190673828125
0 0.22867850156930777 0.9406022291917068 0.029279378744272087 0.02937933114858774
0 0.22863068947425255 0.26897412080031174 0.039469425494854264 0.03954615959754357
0 0.7538754389836237 0.2962449880746695 0.020366668701171875 0.020708010746882513
0 0.8987428225003756 0.11580974322098953 0.03247686532827524 0.032496360632089466
0 0.09927935783679669 0.7367170040424054 0.02249422440162072 0.022534737220177285
0 0.0992205601472121 0.27292200235220104 0.049924446986271784 0.04974666008582482
0 0.8914114145132211 0.17813546840961164 0.02334448007436899 0.023241043090820312
0 0.3190448834345891 0.056576394117795505 0.02128938528207632 0.021557138516352728
0 0.5103636888357309 0.0847916052891658 0.06058216094970703 0.06258879716579731
0 0.24054452089162973 0.7743575756366436 0.020238399505615234 0.020010874821589544
0 0.9133658775916467 0.6340252802922175 0.03485606266902043 0.03470538212702824
0 0.8673788950993464 0.7689455472506009 0.02222163860614483 0.0224453852726863
0 0.9631513448861929 0.15393788997943586 0.04029582096980168 0.04035634260911208
0 0.4151453605064979 0.9720403231107272 0.09455394744873047 0.05139703017014723
0 0.4559621077317458 0.28374653596144456 0.05578818688025841 0.05571834857647236
0 0.16035089126000038 0.3569466517521785 0.022754889268141527 0.022522339454064004
0 0.12232688757089469 0.854113505436824 0.041043574993426986 0.04116733257587139
0 0.03310736555319566 0.24672757662259615 0.04263839813379141 0.04257018749530499
0 0.022147203867252056 0.30385032066932094 0.019783716935377855 0.01969770284799429
0 0.10369007404033954 0.08484763365525466 0.025645072643573467 0.025846962745373066
0 0.24773515187777007 0.07812776932349572 0.05802613038283128 0.057703641744760364
0 0.5556834294245794 0.32018577135526216 0.06322992764986478 0.0631550275362455
0 0.10264912018409142 0.20079596226031965 0.020732036003699668 0.02093355472271259
0 0.4963843272282527 0.5144014358520508 0.04045735872708834 0.04099728510929988
0 0.7631998062133789 0.34860809032733625 0.019640555748572715 0.01965816204364483
0 0.5381186558650091 0.27366207196162295 0.02482267526479868 0.02473167272714468
0 0.8980574974646935 0.07893171677222618 0.021374335655799277 0.0216675354884221
0 0.3982801070580116 0.16590719956618089 0.022712194002591647 0.022507374103252705
0 0.5711832780104417 0.4501191652738131 0.037120672372671276 0.03723782759446364
0 0.6845572544978216 0.5551012112544134 0.02631524892953726 0.026594822223369893
0 0.7734093299278846 0.7544780877920297 0.019437056321364183 0.01948415316068209
0 0.08485995806180514 0.4727464455824632 0.02651013319308941 0.026865298931415264
0 0.3506468259371244 0.42545369955209583 0.02373952132004958 0.023798282329852764
0 0.9402269950279822 0.5822257262009841 0.027106211735652044 0.027271564190204326
0 0.4809585718008188 0.3903985390296349 0.027329371525691107 0.027358275193434495
0 0.1076823014479417 0.942791645343487 0.021174247448260967 0.02161070016714243
0 0.02174459512417133 0.6859894532423753 0.029691311029287484 0.030031644381009616
0 0.3100391901456393 0.7429295319777268 0.017193720890925482 0.017095565795898438
0 0.37372589111328125 0.10941128547375019 0.02399752690241887 0.02398230479313777
0 0.2561217454763559 0.4355017588688777 0.0392607908982497 0.03909565852238582
0 0.40746710850642276 0.6138443946838379 0.08968485318697415 0.09007505270150992
0 0.776080058171199 0.2726694620572604 0.04857987623948317 0.04843425750732422
0 0.24155051891620344 0.7147737649770883 0.048564874208890475 0.048618316650390625
0 0.11453044414520264 0.40450382232666016 0.03859795056856596 0.03899104778583233
0 0.9421011851384089 0.3981877840482272 0.01951320354755108 0.019460237943209134
0 0.5663805741530198 0.6312181032620944 0.016624597402719352 0.016331305870643027
0 0.07657256034704354 0.15820903044480544 0.01870546891139104 0.01863714364858774
0 0.07038073814832248 0.9601724331195538 0.05973351001739502 0.06064767103928786
0 0.12256137224344107 0.7765169143676758 0.03204791362469013 0.03222450843224159
0 0.2631567074702336 0.27087798485389125 0.028623030735896185 0.02866836694570688
0 0.6232449458195612 0.07373719948988694 0.042875436636117786 0.0434411855844351
0 0.19844742921682504 0.19604690258319563 0.024461122659536507 0.02403538043682392
0 0.34656700721153844 0.889431880070613 0.016301081730769232 0.01630225548377404
0 0.7674476916973407 0.1441807930286114 0.01682105431189904 0.016680167271540716
0 0.5837739430941068 0.2668013939490685 0.016991615295410156 0.01735349801870493
0 0.13992426945612982 0.19008291684664214 0.03477180921114408 0.03493000910832332
0 0.11474068348224346 0.11234538371746357 0.0379643073448768 0.037098939602191634
0 0.4102458220261794 0.22423691015977126 0.02617337153508113 0.026020380166860726
0 0.6494869819054236 0.16312276400052583 0.027697929969200723 0.027696976294884317
0 0.0434798002243042 0.7291448299701397 0.016677067830012396 0.01669472914475661
0 0.4189256521371695 0.141342804982112 0.026288692767803486 0.026471468118520882
0 0.9517660140991211 0.0789501483623798 0.02065907991849459 0.020986171869131234
0 0.07642844548592201 0.5902859614445612 0.04563411382528452 0.04478293198805589
0 0.12813643308786246 0.21631424243633562 0.035703805776742786 0.03569327867948092
0 0.33516531724196214 0.6203622817993164 0.015840457035945013 0.01598079387958233
0 0.8573143298809345 0.7422241064218374 0.03691438528207632 0.03638194157527043
0 0.6780022841233474 0.3945377790010892 0.01927522512582632 0.01923502408541166
0 0.47550384814922625 0.5358426754291241 0.015832901000976562 0.015674591064453125
0 0.2656686305999756 0.7274538186880258 0.01623080326960637 0.015993558443509616
0 0.37551296674288237 0.13554668426513672 0.019778985243577223 0.019899918482853815
0 0.9712765767024114 0.3412616069500263 0.03585976820725661 0.04290052560659555
0 0.5759665782635028 0.24110876596890962 0.01883242680476262 0.01865555689885066
0 0.75274658203125 0.20593962302574745 0.027001600999098558 0.026899411128117487
0 0.8663174555851862 0.045583293988154486 0.02161539517916166 0.02155645077045147
0 0.31642778103168195 0.5817146668067346 0.015432064349834736 0.015208244323730469
0 0.8866850046011118 0.19723864702078012 0.019610184889573317 0.019220535571758565
0 0.22939694844759428 0.5775584440964919 0.021155320681058444 0.021398104154146634
0 0.2990888815659743 0.07237270703682533 0.02631803659292368 0.02653999512012188
0 0.7274410541240985 0.3902183679433969 0.0203704833984375 0.020079979529747598
0 0.9533618780282828 0.19533714881310096 0.016689300537109375 0.01654470883882963
0 0.2405407612140362 0.5930603467501127 0.022301673889160156 0.0226138188288762
0 0.3475332260131836 0.25687412115243763 0.12637870128338152 0.12843836270845854
0 0.4160177524273212 0.12399787169236404 0.023169297438401442 0.02335504385141226
0 0.940045063312237 0.20934730309706467 0.016926105205829326 0.01668376189011794
0 0.964841182415302 0.05865029188302847 0.026358824509840745 0.02610932863675631
0 0.703213985149677 0.07612189879784217 0.0838614243727464 0.08226924676161546
0 0.9488308979914739 0.6471512867854192 0.024327204777644232 0.024546403151292067
0 0.6637207911564753 0.5700934483454778 0.021944486177884616 0.022134927602914665
0 0.3031748991746169 0.0932471568767841 0.0296480472271259 0.02957916259765625
0 0.7684342310978816 0.3730546511136569 0.018445235032301683 0.018518447875976562
0 0.5909324425917405 0.4669529107900766 0.015356210561899038 0.015466396625225361
0 0.7673394129826472 0.12927943009596604 0.015286812415489784 0.015008266155536357
0 0.2507502849285419 0.9329820779653696 0.017032146453857422 0.017386363102839544
0 0.06134455020611103 0.06727859148612389 0.05255374541649452 0.052940322802617
0 0.29377410962031436 0.6637937839214618 0.016527212583101712 0.016453376183143027
0 0.7392416733961839 0.4187650680541992 0.017877725454477165 0.017900613638070915
0 0.4998944722689115 0.11517952038691594 0.036992659935584433 0.03697619071373573
0 0.27781978020301235 0.1650550915644719 0.03082752227783203 0.030144022061274603
0 0.38316282859215367 0.6348046522874099 0.018704561086801384 0.018854581392728366
0 0.9204791142390325 0.48398215954120344 0.05564381526066707 0.055975107046274036
0 0.04898633865209726 0.9778826786921575 0.034253679789029635 0.033677908090444714
0 0.8974094390869141 0.2479707277738131 0.03731272770808293 0.036580672630896933
0 0.9092482053316556 0.1878035985506498 0.015582744891826924 0.015556702247032752
0 0.24357487605168268 0.34010146214411807 0.030259169065035306 0.03080896230844351
0 0.17289035136883074 0.9417218428391677 0.01587544954740084 0.015692490797776442
0 0.9007543417123648 0.3226150365976187 0.015481802133413462 0.015644220205453727
0 0.7325075589693509 0.14055677560659555 0.015954090998722956 0.015865582686204176
0 0.10563407494471623 0.7226684276874249 0.017046800026526816 0.017337505634014424
0 0.8887809606698843 0.038022103217931896 0.020287440373347357 0.020335522981790397
0 0.8396972509530874 0.8281894096961389 0.01790794959435096 0.01785762493426983
0 0.12731528282165527 0.7358663999117337 0.03291621574988732 0.03325858482947716
0 0.31378911091731143 0.34574134533221906 0.07128671499399039 0.07117887643667367
0 0.09388102017916165 0.4354906448951134 0.17347867672259992 0.2012621806218074
0 0.3239744626558744 0.9018761561467097 0.015450404240534855 0.015450404240534855
0 0.7334540440486028 0.581294059753418 0.08258203359750602 0.08276660625751202
0 0.1422421748821552 0.7606584108792819 0.021057532383845404 0.021158365102914665
0 0.5565930513235239 0.22076217944805437 0.016698323763333835 0.016971734853891227
0 0.5116243362426758 0.13181804693662202 0.035570731529822715 0.03477036035977877
0 0.45821571350097656 0.08979670818035419 0.015352982741135817 0.01564792486337515
0 0.4354363221388597 0.18358949514535758 0.020339525662935697 0.02018627753624549
0 0.3374660565302922 0.16837571217463568 0.023119339576134317 0.023366928100585938
0 0.061450765683100775 0.6638843829815204 0.017703716571514424 0.017853663517878607
0 0.15082078713637131 0.3933613116924579 0.03177096293522762 0.03166939662053035
0 0.19328229243938738 0.4560250502366286 0.03780031204223633 0.0375666985144982
0 0.39673893268291766 0.18131248767559344 0.021297308114858773 0.021527730501615085
0 0.1374978652367225 0.8916680262638972 0.039202323326697715 0.03708795400766226
0 0.44422677847055286 0.13863658905029297 0.023734019352839544 0.02414364081162673
0 0.8410195570725661 0.4784819162808932 0.02413353553185096 0.024280768174391527
0 0.40630252544696516 0.9028468498816857 0.01705448444073017 0.01698934114896334
0 0.9404470003568209 0.5197280003474309 0.025338099553034857 0.025507340064415567
0 0.02514890065559974 0.7167861645038311 0.015349361758965712 0.0152128659761869
0 0.19816180375906137 0.17193137682401216 0.026123560391939603 0.025608099423922025
0 0.19886163564828727 0.12077424159416786 0.015804327451265775 0.015346582119281475
0 0.7182954641488882 0.43540595127986026 0.029362311730018027 0.0299530029296875
0 0.31682087824894833 0.6331743827232947 0.023075323838454027 0.023536828848031852
0 0.9104480743408203 0.8156824111938477 0.02996958219088041 0.030253483698918268
0 0.7642610990084134 0.8487542959359976 0.019046783447265625 0.018829345703125
0 0.9421376448411208 0.7775658827561599 0.01537308326134315 0.015262457040640024
0 0.8031366788423978 0.09353435956514798 0.015054262601412259 0.015029467069185697
0 0.4113097924452562 0.1977245807647705 0.025595738337590143 0.025620423830472507
0 0.5037742027869592 0.1184767668063824 0.044515096224271335 0.043658751707810625
0 0.7635349860558143 0.5421588604266827 0.019883375901442308 0.019841854388897236
0 0.4041701830350436 0.6416519605196439 0.017108917236328125 0.017267373891977165
0 0.02385644270823552 0.037877825590280384 0.03272094176365779 0.05511250862708458
0 0.9381220890925481 0.007261629861134749 0.02258902329664964 0.012497222194304833
0 0.6958844111515925 0.741189589867225 0.06255956796499398 0.06169333824744591
0 0.8526477813720703 0.08736560894892766 0.030576559213491585 0.03049825246517475
0 0.5318465966444749 0.4047385729276217 0.017230400672325723 0.017394652733435996
0 0.3729272989126352 0.3135628333458534 0.03399819594163161 0.03452865894024189
0 0.1571066012749305 0.2940759842212384 0.014870533576378455 0.01516272471501277
0 0.7639801318828876 0.45559050486638 0.031079512376051683 0.031494434063251205
0 0.5166188019972581 0.05989303038670467 0.01677102309006911 0.016486589725200947
0 0.022068252930274375 0.06991991171470055 0.02247166633605957 0.021646948961111214
0 0.9433978154109075 0.8404561556302584 0.09691854623647836 0.1614814171424279
0 0.7520768092228816 0.40751930383535534 0.015536675086388221 0.015607100266676683
0 0.8417069361760066 0.7639255523681641 0.027239432701697715 0.027604029728816107
0 0.9806996859036959 0.36936162068293643 0.016785548283503607 0.028960668123685397
0 0.35185890931349534 0.16016905124370867 0.01560834737924429 0.015337659762455868
0 0.30555017177875227 0.6238585985623873 0.015504910395695614 0.01557628925030048
0 0.43158479837270886 0.5364509729238657 0.014169106116661659 0.014243345994215745
0 0.6673146761380709 0.31741010225736177 0.02114281287560096 0.02110921419583834
0 0.3291150606595553 0.12173129962040828 0.01473544194148137 0.014668739759005033
0 0.9809720699603741 0.4800246312068059 0.015054115882286659 0.01563116220327524
0 0.8077049255371094 0.7611604837270883 0.02216177720289964 0.022308936485877402
0 0.7083212779118464 0.8245741770817683 0.025489953848031852 0.025703576894906852
0 0.33824546520526594 0.2053088775047889 0.03987415020282452 0.041411179762620196
0 0.1958468510554387 0.17276923473064715 0.02128182924710787 0.02189779281616211
0 0.20780090185312125 0.9538145798903245 0.018756646376389723 0.01871182368351863
0 0.881321173447829 0.7318737323467548 0.0255126953125 0.02564415564903846
0 0.8591673924372747 0.5908312430748572 0.19771751990685096 0.20568216764009917
0 0.9715401576115534 0.44492494142972505 0.019183525672325723 0.019512029794546273
0 0.31953973036545974 0.1529680582193228 0.024119138717651367 0.023948486034686748
0 0.9824275970458984 0.3628691893357497 0.013141338641826924 0.02178030747633714
0 0.6798883584829477 0.3306754919198843 0.0158846928523137 0.015560003427358774
0 0.5803731038020208 0.0755462279686561 0.015002177311823918 0.01499636356647198
0 0.44827916071965146 0.8908160283015325 0.015143614548903245 0.015163715069110576
0 0.9754034189077524 0.8808850508469802 0.03165024977463942 0.036238450270432696
0 0.28341102600097656 0.2887507952176608 0.021351374112642728 0.021496332608736478
0 0.416899350973276 0.0679244353221013 0.021301709688626803 0.02021925265972431
0 0.5464108540461614 0.2575863324678861 0.017877798814039964 0.017612347236046426
0 0.1695714363685021 0.8115507272573618 0.017056941986083984 0.017162029559795674
0 0.5898111416743352 0.18944138746995193 0.016186934251051683 0.015956695263202373
0 0.328796570117657 0.6600363071148212 0.0187680171086238 0.01905206533578726
0 0.43642531908475435 0.16613094623272234 0.015901492192195013 0.015977786137507513
0 0.014374180481984066 0.5575423974257249 0.01615665967647846 0.02020116952749399
0 0.155854005080003 0.9472334935114934 0.015011200538048377 0.014982663668118991
0 0.9197540283203125 0.8374258188100961 0.04325661292442909 0.04220375647911659
0 0.40102291107177734 0.0762016773223877 0.0219876216008113 0.02301302322974572
0 0.5217109093299279 0.7360073236318735 0.024383104764498197 0.024927286001352165
0 0.8151271526630108 0.9332785973182092 0.18113062931941107 0.1292880131648137
0 0.17625775704017052 0.38125720390906703 0.021327752333420973 0.021585611196664665
0 0.9432243934044471 0.7490015763502854 0.015530806321364183 0.01603845449594351
0 0.4232435960036058 0.09246468544006348 0.02377774165226863 0.024333697098952074
0 0.39875195576594424 0.07359341016182533 0.027693748474121094 0.028842825155991774
0 0.5626034369835486 0.4830446976881761 0.014414493854229268 0.014458436232346755
0 0.976741203894982 0.8795581964346079 0.027249849759615384 0.028917752779447116
0 0.42791087810809797 0.5526042718153733 0.014303794273963341 0.014025174654447116
0 0.9816332596998948 0.37417147709773135 0.015058370736929087 0.021059182974008415
0 0.4045866452730619 0.07193573621603158 0.038541940542367786 0.036613959532517656
