0 0.5477465116060697 0.3639709399296687 0.07294434767503005 0.07258987426757812
0 0.8043375015258789 0.7615827413705679 0.05432437016413762 0.054364717923677884
0 0.6181532786442683 0.23583247111393854 0.051954416128305286 0.05167058797983023
0 0.7764721650343674 0.48915496239295375 0.03041252723106971 0.03024130601149339
0 0.7084385798527644 0.7686793987567608 0.05214969928448017 0.05248524592472957
0 0.5229497322669396 0.2900305161109337 0.03611183166503906 0.03569170144888071
0 0.7978131220890925 0.3055984056912936 0.02800266559307392 0.028285760145920973
0 0.23996752959031326 0.34791271503155047 0.024871165935809795 0.024910706740159255
0 0.6613677098200872 0.35637474060058594 0.031907301682692304 0.03168692955603966
0 0.5836842610285833 0.8135276941152719 0.0466914543738732 0.046632620004507214
0 0.16608333587646484 0.2524701265188364 0.019462218651404746 0.01935922182523287
0 0.6279239654541016 0.8478345137376052 0.040687267596905045 0.04111422025240385
0 0.7499622931847205 0.0251695467875554 0.03680566641000601 0.03663359238551213
0 0.6150683623093826 0.5431723961463342 0.028397486760066107 0.02867258512056791
0 0.8519818232609675 0.5089166714594915 0.03155928391676683 0.0314337657048152
0 0.8285994896521935 0.47384342780480015 0.03506968571589543 0.034717706533578724
0 0.7850745274470403 0.6060039813701923 0.03084417489858774 0.031140987689678486
0 0.46046022268442005 0.7920913696289062 0.04478806715745192 0.04401823190542368
0 0.2753154497880202 0.3117509621840257 0.016149044036865234 0.01628288855919471
0 0.38394850950974685 0.44601964950561523 0.026266978337214544 0.0261994141798753
0 0.7409510979285607 0.9378535930926983 0.01744534419133113 0.0173953129695012
0 0.7814234220064603 0.9237108964186448 0.01725945105919471 0.01744666466346154
0 0.41744345885056716 0.9864540100097656 0.030145791860727165 0.022452427790715143
0 0.3963493200448843 0.6223324262178861 0.01765104440542368 0.017703423133263223
0 0.5912270179161658 0.950919664823092 0.03000611525315505 0.029923659104567308
0 0.1648729947897104 0.8507520969097431 0.043580238635723405 0.043308404775766224
0 0.6038749401385968 0.9034294715294471 0.020290301396296576 0.02029565664438101
0 0.5582499137291541 0.28807559380164516 0.019045022817758415 0.019430087162898138
0 0.7336323077862079 0.057147443294525146 0.031103867750901442 0.030687625591571514
0 0.5060936487638034 0.5086866525503305 0.01904744368333083 0.018831399770883415
0 0.7424375093900241 0.24648127189049354 0.028467911940354567 0.028095832237830527
0 0.41705997173602766 0.4353417983421913 0.0178988530085637 0.017901787391075723
0 0.7485725696270282 0.6343068342942458 0.01626762977013221 0.01607968257023738
0 0.5177912345299354 0.24401184228750375 0.025983663705679085 0.025448432335486777
0 0.5504016142625076 0.12062512911283053 0.02128747793344351 0.021382882044865534
0 0.19787432597233698 0.30701541900634766 0.01483447735126202 0.01501772953913762
0 0.4760115696833684 0.7583405421330378 0.09916246854341947 0.10176937396709736
0 0.6526926480806791 0.721523431631235 0.016934028038611777 0.017009441669170674
0 0.20275695507343 0.3414926528930664 0.014767279991736779 0.014618213360126201
0 0.7266400410578802 0.584538459777832 0.048689768864558294 0.049012991098257214
0 0.4763625218318059 0.6997814912062424 0.0476529781634991 0.04874508197490986
0 0.8559542435866135 0.4298505416283241 0.039678720327524036 0.040173824016864486
0 0.4384080446683444 0.6732597351074219 0.025120074932391826 0.024567824143629808
0 0.7522256557758038 0.13817431376530573 0.016952074491060697 0.01694646248450646
0 0.5600583369915302 0.8746163294865534 0.04506243192232572 0.044498443603515625
0 0.8531007766723633 0.9332464658297025 0.01611196077786959 0.015909635103665866
0 0.7502089280348557 0.49615999368520886 0.03291731614332933 0.03285672114445613
0 0.4395919579725999 0.6846419114332932 0.0397642575777494 0.04249073908879207
0 0.16519451141357422 0.40543123391958386 0.01581888932448167 0.0157620356633113
0 0.5607281831594614 0.6446608029879056 0.0198363524216872 0.019927978515625
0 0.47866175724909854 0.6093064088087815 0.020264552189753607 0.020176227276141826
0 0.4845001514141376 0.5018654603224534 0.018422420208270732 0.018355589646559495
0 0.7635835500863882 0.4133930206298828 0.03781905541053185 0.038245127751277044
0 0.20275119634775016 0.49886630131648135 0.014111078702486478 0.014144310584435096
0 0.8391562241774339 0.9000668158897986 0.0414274655855619 0.041516817533052884
0 0.6472599322979267 0.4216298323411208 0.03538439824030949 0.035650986891526446
0 0.6534262437086839 0.5635947447556716 0.01655402550330529 0.016655701857346755
0 0.6388077369103065 0.4787599123441256 0.03256929837740385 0.03231239318847656
0 0.7419134286733774 0.1811973131619967 0.024485074556790866 0.024409074049729567
0 0.5636467933654785 0.44016412588266224 0.02477741241455078 0.02486903850848858
0 0.15636257024911734 0.3135531865633451 0.013924589523902306 0.014173947847806491
0 0.2523768498347356 0.9742169013390174 0.05981592031625601 0.04902296799879808
0 0.5534480535067045 0.7204884749192458 0.08854022392859826 0.08901478694035457
0 0.751216301551232 0.21241318262540376 0.02957285367525541 0.030086187215951774
0 0.5244384912344126 0.5361654575054462 0.02697335756742037 0.02663568349984976
0 0.6432057894193209 0.7809831912700946 0.09321917020357572 0.09146969134990986
0 0.8689798208383414 0.10639441930330716 0.020930070143479567 0.03966430517343374
0 0.4393723194415753 0.6894076420710638 0.0353997303889348 0.0344854501577524
0 0.8442074702336237 0.1779040556687575 0.01938012930063101 0.019121903639573317
0 0.1495889792075524 0.6855760721059946 0.020133256912231445 0.01997199425330529
0 0.7053915170522836 0.7161390598003681 0.03235010000375601 0.03265659625713642
0 0.5623668523935171 0.15315730755145734 0.02891430487999549 0.028894461118257962
0 0.8420557608971229 0.05435079336166382 0.01583436819223257 0.015595371906573955
0 0.7057653573843149 0.4673892534696139 0.021132835975060098 0.02101436028113732
0 0.8210006126990685 0.1855299839606652 0.019422090970552884 0.019461705134465143
0 0.8678979873657227 0.263568456356342 0.021491857675405648 0.027201212369478665
0 0.8448003622201773 0.4045390349168044 0.039510286771334134 0.039537869966947116
0 0.4173113749577449 0.1956014633178711 0.032239327063927285 0.03232215001032902
0 0.529750970693735 0.1170492355640118 0.014160229609562801 0.014347461553720327
0 0.4346451025742751 0.8993753286508414 0.045267765338604264 0.04516044029822716
0 0.5582745625422552 0.7670241869412936 0.02564664987417368 0.026026358971228965
0 0.5629403040959284 0.558934578528771 0.01679845956655649 0.016792737520658053
0 0.29578144733722395 0.19400424223679763 0.039057328150822565 0.0390629401573768
0 0.39617289029634917 0.36289361807016224 0.023538809556227464 0.023732405442457933
