0 0.5097494858961839 0.041547963252434365 0.12773931943453276 0.0799781817656297
0 0.419400508587177 0.7438351557804987 0.10666186992938702 0.10695941631610577
0 0.3689275888296274 0.8322269733135517 0.03407419644869291 0.034067594088040866
0 0.5701551070580115 0.6558023599477915 0.1019120583167443 0.10239072946401742
0 0.5600998218242939 0.5973715415367713 0.03842999384953426 0.03824952932504507
0 0.5127461506770208 0.2918268350454477 0.0322566399207482 0.03220184032733624
0 0.5022523586566632 0.8250198364257812 0.039879872248722956 0.03965275104229267
0 0.6772421323336087 0.8870739570030799 0.09157034067007211 0.10089522141676682
0 0.6875024942251352 0.05980065235724816 0.03846887441781851 0.03887613003070538
0 0.5837838466350849 0.7334814805250901 0.01880491696871244 0.019001593956580527
0 0.522765379685622 0.2282870366023137 0.01697687002328726 0.01661993907048152
0 0.5468652431781476 0.8125636761005108 0.05375957489013672 0.05518282376802885
0 0.4084800940293532 0.8398791093092698 0.02477601858285757 0.024798173170823317
0 0.5285946772648737 0.338289187504695 0.016974229079026442 0.01686727083646334
0 0.4635918690608098 0.8199586134690505 0.02094870347243089 0.020827366755558893
0 0.46116374089167667 0.12955929682804987 0.03549480438232422 0.0350953248830942
0 0.3513910953815167 0.3535757798414964 0.042408062861515924 0.04180086576021635
0 0.39574615771953875 0.4538549276498648 0.032820554879995495 0.032865084134615384
0 0.6543199832622821 0.6997664524958684 0.016592759352463942 0.016496805044320915
0 0.7093398754413311 0.9851637620192307 0.018042931189903848 0.0179595947265625
0 0.5676123545720027 0.11820336488577035 0.022609417255108174 0.022839106046236478
0 0.32355701006375825 0.42144481952373797 0.02523018763615535 0.02529481741098257
0 0.4360942840576172 0.48822388282189 0.05880517225999098 0.0580755380483774
0 0.5813644849337064 0.8870955247145432 0.02994566697340745 0.029832106370192308
0 0.6776999693650466 0.1037750244140625 0.03311435992901142 0.0327458381652832
0 0.29450438572810245 0.5174406491793119 0.026337330157940205 0.04654121398925781
0 0.33623974139873797 0.04223090868729811 0.028881072998046875 0.02887139182824355
0 0.5307992788461539 0.7465847455538236 0.10375910538893479 0.10207484318659855
0 0.4119128447312575 0.31462408946110654 0.040443126971905045 0.03996144808255709
0 0.6393690842848557 0.581520887521597 0.017020298884465143 0.01762698246882512
0 0.3404814279996432 0.00661592070872967 0.0187532718365009 0.012743826095874492
0 0.3519221819364108 0.658107904287485 0.09478591038630559 0.09298232885507438
0 0.49456339616041917 0.504355944119967 0.08239555358886719 0.08298741854154147
0 0.36154284844031703 0.2917695962465726 0.04775590163010817 0.04569651530339168
0 0.6860461601844201 0.5206528443556565 0.03524061349722055 0.0356901608980619
0 0.655278205871582 0.6830059198232797 0.1274083944467398 0.13308040912334734
0 0.33539361220139724 0.7279509030855619 0.03437665792611929 0.033723684457632214
0 0.6652427086463342 0.7598348030677209 0.015973311204176683 0.015822924100435697
0 0.5015839063204252 0.43331520374004656 0.03648229745718149 0.03654054495004507
0 0.5979918699998122 0.03815753872577961 0.07425381587101863 0.07136816703356229
0 0.5964325024531438 0.9553328294020432 0.19644363109882063 0.0890658451960637
0 0.6263346305260291 0.7910832625169021 0.0869459005502554 0.08272992647611178
0 0.3038999850933368 0.40562732403094953 0.020307540893554688 0.020095238318810098
0 0.6978541154127854 0.5971801097576435 0.021731450007512018 0.021691175607534554
