0 0.365938480083759 0.5237641701331506 0.17247566810021034 0.17463185237004206
0 0.22670793533325195 0.6708878737229568 0.06751544658954327 0.06870475182166466
0 0.683520610515888 0.15859099534841684 0.057779165414663464 0.057403747852032
0 0.2681844234466553 0.5864447080172025 0.04911169639000526 0.04928456819974459
0 0.2971926469069261 0.20843806633582482 0.037082598759577826 0.03713035583496094
0 0.47104696127084583 0.2213019591111403 0.05167403587928185 0.0519861808189979
0 0.44147388751690203 0.7590959989107572 0.05587005615234375 0.05639354999248798
0 0.6200213799109826 0.3527067624605619 0.05340003967285156 0.05308811481182392
0 0.5125437516432542 0.4970773183382474 0.026709923377403848 0.026795680706317607
0 0.5346494821401743 0.3180535389826848 0.031439707829402044 0.031938919654259317
0 0.5462190921490009 0.14093619126539964 0.02401902125431941 0.02401247391333947
0 0.46064494206355167 0.09618885700519268 0.022651305565467246 0.02270988317636343
0 0.41744334881122297 0.29855722647446853 0.06746365473820613 0.06737111164973332
0 0.7904168642484225 0.15009271181546724 0.041944650503305286 0.05557962564321665
0 0.7393938211294321 0.41043486961951625 0.021897242619441107 0.022217457111065205
0 0.2472266417283278 0.9110425802377554 0.0400388424213116 0.040287017822265625
0 0.39044772661649263 0.650677754328801 0.0366969475379357 0.037057729867788464
0 0.2816927616412823 0.3194742202758789 0.02603750962477464 0.026157067372248724
0 0.430664796095628 0.17365595010610727 0.02322989243727464 0.023021477919358473
0 0.5134286146897536 0.7299822293795072 0.030620868389423076 0.03069334763746995
0 0.47238892775315505 0.0661962995162377 0.020094798161433294 0.020277802760784443
0 0.3390086247370793 0.5476900981022761 0.02202327434833233 0.021859095646784857
0 0.3431408221905048 0.8335231634286734 0.03233660184420072 0.03213090163010817
0 0.5460436160747821 0.16664525178762582 0.02121250446026142 0.021238143627460185
0 0.2553227497981145 0.3727697225717398 0.05827148144061749 0.05891491816594051
0 0.22679648032555214 0.1688396563896766 0.032220033498910755 0.032110360952524036
0 0.7926935049203726 0.2681583808018611 0.028029515193058893 0.027819486764761116
0 0.576664924621582 0.7021855574387771 0.029506536630483773 0.029656483576847956
0 0.5430679688086877 0.7533098367544321 0.027122864356407754 0.027083176832932692
0 0.7252291165865384 0.8167339471670297 0.03551952655498798 0.03537896963266226
0 0.3070333003997803 0.1399470934501061 0.054169838245098405 0.05402739231403057
0 0.3983323390667255 0.1672367682823768 0.01704560793363131 0.0169220704298753
0 0.31896239060621995 0.4315297053410457 0.021481440617487982 0.02165809044471154
0 0.7434230217566857 0.20235101993267351 0.0245358393742488 0.02441743703988882
0 0.5280846815842849 0.29790408794696516 0.023325993464543268 0.023587520305926982
0 0.616141832791842 0.2027283448439378 0.020599952110877402 0.020779169522798978
0 0.420834651360145 0.7802231128399189 0.044228700491098255 0.044134873610276446
0 0.4809092741746169 0.11577230233412522 0.01749420166015625 0.017535062936636116
0 0.6496598170353816 0.03723432467533992 0.023104154146634616 0.02304988641005296
0 0.5622124671936035 0.37714818807748646 0.015680679908165567 0.015472705547626201
0 0.6893798387967623 0.24660743199861968 0.01696938734788161 0.016898925487811748
0 0.5874020503117487 0.5723876953125 0.07840259258563702 0.08097531245304988
0 0.7602919065035306 0.36869071080134463 0.016218919020432692 0.015910221980168268
0 0.6550595943744366 0.09945297241210938 0.01957878699669471 0.01952070456284743
0 0.5636101502638596 0.06573966374764076 0.019726679875300482 0.019633696629450872
0 0.3940243354210487 0.01753709178704482 0.023274348332331732 0.02366043971135066
0 0.5686448904184195 0.34379408909724307 0.015648621779221755 0.015648328340970553
0 0.5954997722919171 0.12904552312997672 0.08779202974759616 0.08821839552659255
0 0.3788319367628831 0.4355804736797626 0.043494004469651446 0.0443121103140024
0 0.4814610848060021 0.46747611119196963 0.014752754798302284 0.014919867882361779
0 0.38121535227848935 0.0705865163069505 0.020462843088003304 0.02035102477440467
0 0.3832446245046762 0.4968202297504132 0.023836282583383415 0.02368780282827524
0 0.7372674942016602 0.38664634411151594 0.01481334979717548 0.014749086820162259
0 0.45972479306734526 0.17753228774437538 0.04002732496995192 0.03911506212674654
0 0.5993008613586426 0.2738157052260179 0.01624151376577524 0.01614853051992563
0 0.31694679993849534 0.01692930093178382 0.020402174729567308 0.02096277016859788
0 0.22661898686335638 0.8357108189509466 0.0166928217961238 0.016742706298828125
0 0.30222896429208607 0.4091191658606896 0.032492564274714544 0.0325158926156851
0 0.7646191670344427 0.4141994989835299 0.015040911160982572 0.015047146723820614
0 0.2598819916064923 0.4898884113018329 0.02140052501971905 0.021224021911621094
0 0.3783851770254282 0.6198579348050631 0.022910484900841348 0.023036369910606973
0 0.23728066224318284 0.6156828953669622 0.022189580477201022 0.022450080284705527
0 0.5170003450833834 0.7554874420166016 0.015726016117976263 0.015867086557241585
0 0.6123504638671875 0.11957243772653434 0.014744098369891826 0.014888286590576172
0 0.43919750360342175 0.14711833000183105 0.024376062246469352 0.02471182896540715
0 0.70507445702186 0.25281869448148286 0.015964214618389424 0.015933403602013223
0 0.2640103560227614 0.23681864371666542 0.02957784212552584 0.03004609621488131
0 0.23470027630145734 0.586511832017165 0.017931718092698317 0.018096777108999398
0 0.6185640188363882 0.49380045670729417 0.0729993673471304 0.07397622328538161
0 0.3920885966374324 0.2481076533977802 0.02867581294133113 0.029373535743126504
0 0.5618553161621094 0.3548028285686786 0.016132354736328125 0.01582182370699369
0 0.6188404376690204 0.06815507778754601 0.052193018106313854 0.052484292250413164
0 0.7534658725445087 0.37984052071204555 0.11818533677321214 0.1299455349261944
0 0.21059476412259615 0.6058828280522273 0.040297434880183294 0.06046111767108624
0 0.4049050991351788 0.08417828266437237 0.03810471754807692 0.03773117523926955
0 0.26977381339439976 0.6535244721632737 0.02353217051579402 0.02337485093336839
0 0.2012790900010329 0.5543720538799579 0.02281042245718149 0.029596915611853965
0 0.49776187309852016 0.7524491823636569 0.01739340562086839 0.017427737896259014
0 0.7391985379732572 0.5577507385840783 0.14237110431377703 0.16176979358379656
0 0.27358405406658465 0.9192187969501202 0.16057663697462815 0.16001363900991586
0 0.7462071638840896 0.32926581456111026 0.01448822021484375 0.014619093674879808
0 0.3125154788677509 0.8600460932804987 0.014891257652869591 0.014815697303185096
0 0.6207500604482797 0.486388426560622 0.06114548903245192 0.061464162973257214
0 0.4597941178541917 0.16758485940786508 0.022793403038611777 0.02143272986778846
0 0.6678428649902344 0.04358014693626991 0.016713362473707933 0.016819181350561287
0 0.3514208426842323 0.6301423586331881 0.017847501314603366 0.01775506826547476
0 0.34981591884906477 0.19089460372924805 0.017441602853628304 0.017186091496394232
