0 0.5212339254525992 0.2244722109574538 0.2094136751615084 0.20917279903705305
0 0.8188655559833233 0.34978044950045073 0.15615521944486177 0.1594557945544903
0 0.8325159366314228 0.6624593001145583 0.08561046306903546 0.08680666410006009
0 0.6401175719041091 0.5200953850379357 0.07160773644080529 0.07128539452185997
0 0.698941524212177 0.5897062008197491 0.151521976177509 0.14534143301156852
0 0.643424180837778 0.10849396999065693 0.07778387803297776 0.07814946541419396
0 0.19470394574678862 0.20851480043851411 0.0926884779563317 0.09390486203707181
0 0.11254591208237869 0.955685908977802 0.047503104576697715 0.04732190645658053
0 0.10305467018714318 0.7508844228891226 0.06491367633526142 0.06589185274564303
0 0.7854935572697566 0.45865007547231823 0.08946492121769832 0.08901816148024339
0 0.7680393365713266 0.7409115571242112 0.07320668147160457 0.07438131479116586
0 0.6814422607421875 0.438264773442195 0.05495775662935697 0.05490552462064303
0 0.9018708742581881 0.46519936048067534 0.0727386474609375 0.07630150134746845
0 0.3455486297607422 0.9358075948861929 0.16337910065284142 0.12556750957782453
0 0.1841140343592717 0.08445854370410626 0.08629982288067158 0.08669521258427547
0 0.5889087090125451 0.8761150653545673 0.07010034414438102 0.07015668428861178
0 0.22450861564049354 0.7174910031832181 0.040312767028808594 0.03981487567608173
0 0.7837838392991286 0.9162932909451998 0.10958480834960938 0.11124317462627704
0 0.28208101712740385 0.04387798676123986 0.08704288189227764 0.08676771017221305
0 0.6729486905611478 0.9251757401686448 0.12597601230327898 0.12835341233473557
0 0.21161437034606934 0.5261694834782527 0.12416810255784255 0.12697146489070013
0 0.754229839031513 0.1248540786596445 0.15483504075270432 0.15296461031987116
0 0.13678341645460862 0.5189284544724685 0.15888690948486328 0.16620511275071365
0 0.07983928460341233 0.19583991857675406 0.04219664060152494 0.052068050091083236
0 0.1702728821681096 0.3440065383911133 0.05889555124136118 0.06017457521878756
0 0.29451693021334135 0.8706816893357497 0.04077009054330679 0.04035230783315805
0 0.32195025223952073 0.5964583250192496 0.19170484176048866 0.191099973825308
0 0.09628035471989559 0.3454792316143329 0.041407800637758695 0.04172699268047626
0 0.6405394627497747 0.7885803075937124 0.051736098069411054 0.05203672555776743
0 0.4436725102938138 0.8200165675236628 0.06386206700251652 0.06341934204101562
0 0.19122523527878982 0.6265651262723483 0.07465773362379807 0.07486768869253305
0 0.7928999387300931 0.604182610144982 0.04090426518366887 0.04129659212552584
0 0.6725567304171048 0.8233299255371094 0.0516668466421274 0.05167066133939303
0 0.7616822902972882 0.18506846061119667 0.041225433349609375 0.04123284266545223
0 0.4836894182058481 0.6104633991534894 0.15892564333402193 0.16042203169602615
0 0.9101161956787109 0.38531677539532 0.02616119384765625 0.026272406944861777
0 0.09740841388702393 0.2807011604309082 0.04143698398883526 0.04188119448148287
0 0.4993952237642728 0.8962518251859225 0.025767106276292067 0.025628016545222357
0 0.15917484576885516 0.9582977294921875 0.033875465393066406 0.03408197256234976
0 0.7442638690655048 0.69770570901724 0.08768345759465145 0.0880291278545673
0 0.653704936687763 0.030724718020512506 0.027176343477689303 0.02714982399573693
0 0.7050816462590144 0.48541927337646484 0.0417332282433143 0.04164688403789814
0 0.27945808263925404 0.2380069952744704 0.031969657311072715 0.03181868333082933
0 0.2655234703650841 0.42133588057297927 0.1785257779634916 0.17324374272273138
0 0.18934040803175706 0.9121691630436823 0.027466407189002402 0.027792710524338942
0 0.6260573313786433 0.4114539806659405 0.06354449345515324 0.06383052239051232
0 0.4993444589468149 0.9625044602614182 0.02663700397198017 0.026414871215820312
0 0.2599604313190167 0.11498205478374775 0.07399309598482572 0.07515815588144156
0 0.48361814939058745 0.3425510846651517 0.023723602294921875 0.023562798133263223
0 0.26187779353215146 0.8729248046875 0.028401814974271335 0.028649110060471755
0 0.23480098064129168 0.7770503851083609 0.027455880091740534 0.027559280395507812
0 0.1624292043539194 0.38841185202965367 0.030571827521690957 0.030132146982046273
0 0.4214641864483173 0.9192617856539212 0.04293331733116737 0.042675018310546875
0 0.5909745876605694 0.013217889345609225 0.023224023672250602 0.022845690066997822
0 0.6485352149376502 0.5504694718580979 0.017496549166165866 0.01716760488656851
0 0.6989461458646334 0.20813732880812424 0.057897127591646634 0.058051769550030045
0 0.1323085381434514 0.9317440619835486 0.02384460889376127 0.02385124793419471
0 0.15712679349459135 0.8518322431124173 0.017814938838665303 0.017973826481745794
0 0.6058349609375 0.6294008401724008 0.021449455848106973 0.021594120905949518
0 0.19667999561016375 0.8087877126840445 0.01913133034339318 0.019054119403545674
0 0.07954064699319693 0.873089863703801 0.02580849940960224 0.0254672123835637
0 0.7350623057438777 0.9714846977820764 0.04918377216045673 0.04854994553786058
0 0.1994755084698017 0.9567363445575421 0.022120879246638372 0.02197104233961839
0 0.08840932295872615 0.62450438279372 0.04024265362666203 0.040948721078725964
0 0.3401098618140587 0.9091657491830679 0.030660262474646933 0.03101935753455529
0 0.3470434042123648 0.19159368368295523 0.1076497298020583 0.10747399696936974
0 0.5954540692842923 0.782501220703125 0.04339408874511719 0.04347522442157452
0 0.36211740053617036 0.6989442385160006 0.18567936237041766 0.1805443030137282
0 0.4791566408597506 0.420678578890287 0.054252917949969955 0.05470077808086689
0 0.07168338390497062 0.36770241077129656 0.02541476946610671 0.036656893216646634
0 0.3679668719951923 0.5147092525775616 0.029536027174729567 0.029849419227013223
0 0.4045053261976976 0.4603695502647987 0.09002971649169922 0.09000968933105469
0 0.600475971515362 0.4952858778146597 0.025095206040602464 0.02506740276630108
0 0.4919520891629733 0.5066900620093713 0.034720347477839544 0.03455007993257963
0 0.45850585057185245 0.9482622146606445 0.0282745361328125 0.02857839144193209
0 0.6773640559269831 0.370974430671105 0.07756115840031551 0.07813607729398288
0 0.3383277746347281 0.8344312814565805 0.07647235576923077 0.07616512592022236
0 0.19109535217285156 0.31850741459773135 0.019035192636343148 0.01873361147367037
0 0.2578497299781212 0.7835776989276593 0.021631167485163763 0.021512545072115384
0 0.6930072490985577 0.8514652252197266 0.05725860595703125 0.05761249248798077
0 0.22473736909719613 0.9210909329927884 0.019198857820951022 0.019134521484375
0 0.4082651871901292 0.5236963492173415 0.017485691950871393 0.017487085782564603
0 0.3251053003164438 0.30866234119121844 0.029191970825195312 0.028941246179433968
0 0.14127710232367882 0.7407510464008038 0.01619709455049955 0.016390286959134616
0 0.25553017396193284 0.7600661057692307 0.01826788828923152 0.018584471482496995
0 0.38187679877647984 0.8985242110032302 0.03729174687312199 0.036893991323617786
0 0.19170564871567947 0.9742057506854718 0.021817354055551384 0.021492591271033652
0 0.453886105464055 0.9790003849909856 0.02071351271409255 0.020943861741286058
0 0.38907645298884463 0.3856793550344614 0.015250866229717549 0.015384967510516826
0 0.16717195510864258 0.8886607243464544 0.02064822270320012 0.020607434786283053
0 0.2086943112886869 0.7486795278695914 0.0215911131638747 0.021384605994591348
0 0.7298732904287485 0.7900431706355169 0.017125349778395433 0.017101287841796875
0 0.7243693425105169 0.4332342514624962 0.021619063157301683 0.021629993732158955
0 0.7530494103064904 0.11507351581866924 0.05069938072791466 0.05068408525907076
0 0.9045546605036809 0.6686517275296725 0.01906717740572416 0.018971369816706732
0 0.18795970770028922 0.7443209428053635 0.021609966571514424 0.02165838388296274
0 0.5768051147460938 0.5587230829092172 0.0163119389460637 0.016405839186448317
0 0.16669524632967436 0.7897087977482722 0.016542361332820013 0.01663545461801382
0 0.4810341321505033 0.6925734006441556 0.11564020010141227 0.12297967764047477
0 0.677981450007512 0.25360613602858323 0.02066626915564904 0.02114695769089919
0 0.3575435051551232 0.07732517902667706 0.08839944692758414 0.08706723726712741
0 0.37305428431584287 0.8553215907170222 0.01857757568359375 0.01860956045297476
0 0.12897139329176682 0.8288851517897385 0.015813350677490234 0.01637854942908654
0 0.8895221856924204 0.6941363261296198 0.01564642099233774 0.015882492065429688
0 0.29003429412841797 0.31527291811429536 0.04178810119628906 0.04107167170597957
0 0.2196847658890944 0.1507267768566425 0.015506707704984225 0.015439693744365986
0 0.27196513689481294 0.9618832514836237 0.029021556560809795 0.02890322758601262
0 0.6864973948552058 0.6522152240459735 0.12622935955341047 0.12194354717548077
0 0.8622930966890775 0.1099005387379573 0.028705303485576924 0.028595539239736702
0 0.1772156495314378 0.28546027036813587 0.026236717517559346 0.026141973642202523
0 0.14779581473423883 0.6797609329223633 0.017851554430448092 0.01771970895620493
0 0.15597972503075233 0.046683889168959394 0.14960123942448542 0.09301099410423866
0 0.5813449712900015 0.3855863351088304 0.016100076528695915 0.015981527475210335
0 0.5657612727238581 0.008421985002664419 0.023735926701472357 0.015665907126206618
0 0.5295861317561223 0.8919575030987079 0.06797188978928786 0.06418932401216947
0 0.4017591109642616 0.9482260483961839 0.03070493844839243 0.03155928391676683
0 0.6020524685199444 0.9879999894362229 0.03571260892427885 0.02250216557429387
0 0.5384925695566031 0.7971187004676232 0.023635130662184495 0.024260594294621393
0 0.5341093356792743 0.44951350872333234 0.0260464594914363 0.02612025921161358
0 0.3535950000469501 0.44900978528536284 0.04108971815842848 0.04141528789813702
0 0.45662326079148513 0.4704559032733624 0.05995368957519531 0.06040250338040865
0 0.600950681246244 0.9550515688382663 0.018217967106745794 0.018229851355919473
0 0.1302438057385958 0.18529360110943133 0.02649375108572153 0.02623462677001953
0 0.076641151538262 0.6918886624849759 0.0336680870789748 0.034716092623197116
0 0.08518103452829215 0.8249121445875901 0.01652948672954853 0.016259413499098558
0 0.4782752257127028 0.9689436692457932 0.017099453852726862 0.017035557673527643
0 0.13655735896183893 0.28467273712158203 0.028832765725942757 0.029272739703838643
0 0.12669985110943133 0.805088630089393 0.032526639791635364 0.03207104022686298
0 0.46393313774695766 0.7822045546311599 0.029308319091796875 0.02907532912034255
0 0.22956002675569975 0.8231939169076773 0.025517390324519232 0.025876558743990384
0 0.8292808532714844 0.8320459219125601 0.017183450552133415 0.016813131479116585
0 0.8398728737464318 0.07129122660710262 0.016287583571213942 0.0161745915046105
0 0.1770464456998385 0.7673667027400091 0.020960367642916165 0.02155303955078125
0 0.9174434955303485 0.032297106889578014 0.04711092435396635 0.055698009637685925
0 0.7942945040189303 0.5179058588468112 0.12349348801832932 0.12896273686335638
0 0.8525199890136719 0.44263282189002406 0.040586031400240384 0.03997494624211238
0 0.8492336273193359 0.2520664105048546 0.056946974534254804 0.05795409129216121
0 0.873081060556265 0.9415038182185247 0.12829032311072716 0.11485936091496395
0 0.5975824502798227 0.8265664760883038 0.022389925443209134 0.022410025963416465
0 0.6218160482553335 0.7616031353290265 0.01898365754347581 0.019175602839543268
0 0.12386762178861178 0.869437364431528 0.016996493706336387 0.01730625446026142
0 0.5288867583641639 0.9652743706336389 0.06700449723463792 0.06354111891526443
0 0.5343591616703913 0.8271848972027118 0.04011080815241887 0.039840991680438705
0 0.15814124620877779 0.8258116061870868 0.0391922638966487 0.03811938946063702
0 0.49297435467059797 0.9923856441791241 0.0191347415630634 0.013275880080003005
0 0.423767273242657 0.09258107955639179 0.10078826317420372 0.1030728816986084
0 0.7063623575063852 0.4117774963378906 0.028204697829026442 0.028197215153620794
0 0.8963510073148288 0.8005561828613281 0.015636444091796875 0.01566344041090745
0 0.6336731543907752 0.4753624109121469 0.04484906563392052 0.04525331350473257
0 0.6617839519794171 0.2720646308018611 0.016652620755709134 0.016925628368671123
0 0.31416904009305513 0.15609495456402117 0.03153529533973107 0.03213820090660682
0 0.5769905677208533 0.9665631514329177 0.033748626708984375 0.03361672621506911
0 0.8596023412851187 0.8768558502197266 0.06123645489032452 0.0608209463266226
0 0.11953974687136136 0.8398418426513672 0.026311269173255332 0.02688774695763221
0 0.20311727890601525 0.28127270478468674 0.02317971449631911 0.023215330564058743
0 0.2919144630432129 0.8391915101271409 0.023255604964036208 0.023650242732121393
0 0.4504561791053185 0.8537271939791166 0.0256805419921875 0.02527031531700721
0 0.3612511708186223 0.87274536719689 0.022952960087702826 0.02231627244215745
0 0.4331976083608774 0.8843301626352164 0.019925924447866585 0.01990685096153846
0 0.6819113217867337 0.3916823680584247 0.036936246431790866 0.03736686706542969
0 0.40112906235914964 0.42722485615656924 0.0412296882042518 0.040540034954364486
0 0.1791532956636869 0.3070694666642409 0.015956805302546576 0.015805574563833382
0 0.26718975947453427 0.8942592327411358 0.022998222937950723 0.02271446814903846
0 0.11972669454721305 0.8202119240394006 0.04418241060697115 0.04588097792405348
0 0.5165814253000113 0.8560568002554086 0.04892231867863582 0.05049338707557091
0 0.22126118953411394 0.972237073458158 0.02915617135854868 0.028999915489783652
0 0.13147730093735915 0.5706586104172927 0.08668019221379207 0.08661783658541165
0 0.220628940142118 0.9536027908325195 0.014284207270695614 0.014554830697866587
0 0.6857282198392428 0.3117956014779898 0.046283721923828125 0.046333606426532455
0 0.6958620364849384 0.9173465875478891 0.014847682072566105 0.014986038208007812
0 0.24907299188467172 0.6633960283719577 0.018989122830904447 0.01870874258188101
0 0.7738193365243765 0.637072489811824 0.03143031780536358 0.03132071861853966
0 0.4465953753544734 0.039144662710336536 0.12772860893836388 0.07688876298757699
0 0.6148465229914739 0.6855531839224008 0.02602533193734976 0.02652593759390024
0 0.1663371232839731 0.699622814471905 0.0725402098435622 0.07210217989408053
0 0.6881802632258489 0.7820001748891977 0.014743658212515024 0.014841813307542067
0 0.695104012122521 0.897195082444411 0.0596620119535006 0.058149484487680286
