0 0.7757527278019831 0.9438014397254357 0.08257880577674279 0.08249869713416466
0 0.6229495268601638 0.45580915304330677 0.19490168644831732 0.19904239361102766
0 0.8310484519371619 0.44968990179208607 0.16063440763033354 0.1600358669574444
0 0.6048848078801081 0.24037722440866324 0.1384757115290715 0.13963123468252328
0 0.243988220508282 0.12558799523573655 0.06701344710129958 0.06745969332181491
0 0.8651527991661658 0.13890173802008995 0.04644775390625 0.046418061623206504
0 0.8126707077026367 0.7745676774245042 0.07129522470327523 0.07093634972205529
0 0.21116174184359038 0.656648562504695 0.05545616149902344 0.05533731900728666
0 0.9076989980844351 0.05177905009343074 0.04839412982647236 0.04844417938819298
0 0.07406836289625901 0.952113518348107 0.02890806931715745 0.03294665996844952
0 0.44642000931959885 0.362883787888747 0.09507560729980469 0.09488472571739784
0 0.8106900728665866 0.5552054918729342 0.05547655545748197 0.055651297936072715
0 0.5913504087007962 0.6049809089073768 0.04734039306640625 0.047424022967998795
0 0.23942101918734038 0.4871498621427096 0.07826662063598633 0.07861628899207482
0 0.13202448991628793 0.76268797654372 0.12644463319044846 0.12723717322716346
0 0.8029455038217398 0.6999794886662409 0.0810690659743089 0.08161427424504207
0 0.37363767623901367 0.45139180696927583 0.05108099717360277 0.050420320951021634
0 0.6508997403658353 0.5520481696495643 0.036939180814302884 0.036968231201171875
0 0.7348405397855319 0.7697170697725736 0.035064990703876205 0.035074674166165866
0 0.4655776023864746 0.8860287299522986 0.08722855494572566 0.08742405818058895
0 0.21306940225454477 0.21026215186485878 0.06531392610990085 0.06606204693134014
0 0.6807274451622596 0.034210801124572754 0.04018871600811298 0.040298553613516
0 0.4902825722327599 0.25121487103975737 0.04716286292442909 0.047224998474121094
0 0.09321148578937237 0.6797149364764874 0.041072698739858776 0.040578988882211536
0 0.627653928903433 0.6455246851994441 0.03330920292780949 0.03367908184344952
0 0.07570867355053242 0.3061940853412335 0.028663231776310846 0.036203971275916465
0 0.8110172565166767 0.21486504261310285 0.03245764512282152 0.03262519836425781
0 0.16813336885892427 0.6782627105712891 0.04119121111356295 0.040889739990234375
0 0.8726482391357422 0.3005995567028339 0.028127083411583535 0.0282742060147799
0 0.6725700084979718 0.06844022640815148 0.025694627028245192 0.02582408831669734
0 0.5465916120089017 0.10402472202594464 0.03196929051325871 0.03167948356041542
0 0.431431220127986 0.6568731161264273 0.027605863717886116 0.027671227088341348
0 0.6503219604492188 0.019009328805483304 0.05753531822791466 0.036126173459566556
0 0.6871621058537409 0.12495881777543288 0.019355187049278848 0.01920947661766639
0 0.6778276883638822 0.7281244718111478 0.02440819373497596 0.02422156700721154
0 0.09203602717472957 0.24736411754901594 0.019032074854924128 0.018906226524939902
0 0.7618644420917218 0.08675870528587928 0.030686305119441107 0.031133009837223932
0 0.39481449127197266 0.7871187650240384 0.021183013916015625 0.021119337815504808
0 0.5492310157189002 0.9366251872136042 0.0628977555495042 0.06223869323730469
0 0.15476463391230658 0.5621095804067758 0.018557291764479417 0.018434671255258415
0 0.4458337930532602 0.04371287272526668 0.06052398681640625 0.06066875274364765
0 0.20753159889808068 0.3579994348379282 0.02483503635113056 0.024918776292067308
0 0.5806809205275315 0.8018699792715219 0.019411160395695612 0.01950982900766226
0 0.2547779816847581 0.6871454532329853 0.019571781158447266 0.01956939697265625
0 0.9202213287353516 0.19453870333158052 0.02070192190317007 0.020800297076885518
0 0.1860810793363131 0.14055919647216797 0.01886921662550706 0.018907840435321514
0 0.8512513087346003 0.44467790310199445 0.021443293644831732 0.021690955528846152
0 0.3646542475773738 0.8040762681227464 0.024632673997145433 0.02457574697641226
0 0.28037452697753906 0.7832386310283954 0.04306466762836163 0.043627225435697116
0 0.8092155456542969 0.14574527740478516 0.019086397611177884 0.019045499654916618
0 0.1445137354043814 0.34940484853891224 0.059798790858342096 0.06050447317270132
0 0.22994087292597845 0.5647821059593787 0.041372482593242936 0.04150882134070763
0 0.25241257594181943 0.03365822709523714 0.0352940192589393 0.03530268027232243
0 0.46182933220496547 0.40930843353271484 0.022324341994065505 0.02230050013615535
0 0.6490833575908954 0.8995876312255859 0.019574678861177884 0.019468307495117188
0 0.1769731228168194 0.07940261180584247 0.017113795647254355 0.01658149865957407
0 0.9267438741830679 0.38089605478140026 0.023484450120192308 0.03503872798039363
0 0.7184638977050781 0.18065931246830866 0.020609048696664665 0.020455250373253457
0 0.10396533745985764 0.26796590364896333 0.022696274977463942 0.023169957674466647
0 0.2900094985961914 0.8005331479586087 0.018628487220177285 0.01850583003117488
0 0.7709815685565655 0.3147708452664889 0.017697554368239183 0.01762874309833233
0 0.5132019336407001 0.09972915282616249 0.023870468139648438 0.024020598484919622
0 0.8588495254516602 0.323917608994704 0.018549258892352764 0.018661058866060697
0 0.4098865802471454 0.6170420279869666 0.019685671879695013 0.019632339477539062
0 0.35610455733079177 0.8912583864652194 0.016815038827749398 0.016579554631159857
0 0.5351215142470139 0.8152396862323468 0.01776753939115084 0.017688751220703125
0 0.22411196048443133 0.8582273629995493 0.0176999752338116 0.017490386962890625
0 0.6817459693321815 0.7851305741530198 0.03245192307692308 0.03254200862004207
0 0.7590828675490159 0.11849678479708158 0.05883319561298077 0.05790167588454027
0 0.5086490190946139 0.28830498915452224 0.07578438978928786 0.07672962775597206
0 0.8209639329176682 0.27215253389798677 0.03304730928861178 0.03244429368239183
0 0.2824130608485295 0.016365372217618503 0.030391106238731973 0.029744863510131836
0 0.5935711127061111 0.7931932302621695 0.20561856489915115 0.20891160231370193
0 0.7126935812143179 0.11372709274291992 0.023581578181340143 0.023560707385723408
0 0.7265409322885367 0.9674679682804987 0.029117584228515625 0.029048039362980768
0 0.7624852107121394 0.04848812635128315 0.0307620121882512 0.03096152268923246
0 0.7847336255587064 0.23789537869966948 0.04106771028958834 0.0407405266394982
0 0.9213010347806491 0.30824984036959135 0.027376321645883415 0.027298835607675407
0 0.40581321716308594 0.6041984191307654 0.3349898411677434 0.35427467639629656
0 0.37937270678006685 0.6705672190739558 0.018077923701359674 0.018023564265324518
0 0.8173962372999924 0.31766377962552583 0.02025296137883113 0.020386769221379206
0 0.4221918032719539 0.8241116450383112 0.01566923581636869 0.015462728647085337
0 0.8007671649639423 0.3397067510164701 0.02217688927283654 0.022064062265249398
0 0.5840589816753681 0.6859129392183744 0.020469812246469352 0.02056151169996995
0 0.3956444813654973 0.3860814021183894 0.028035090519831732 0.028064581064077523
0 0.6846228379469651 0.9344036395733173 0.01876376225398137 0.018916203425480768
0 0.5600017767686111 0.06751415362724891 0.025838558490459736 0.026032172716580905
0 0.6379950596736028 0.7984135701106145 0.022570976844200723 0.022595332219050482
0 0.4587893852820763 0.3561614476717435 0.017456494844876803 0.01785696469820463
0 0.330228512103741 0.17004693471468413 0.037633455716646634 0.038266438704270586
0 0.46479052763718826 0.21061809246356672 0.016629365774301384 0.016459538386418268
0 0.39595989080575794 0.34545194185697115 0.020087755643404447 0.020162435678335335
0 0.44259016330425555 0.1327763429054847 0.025362821725698616 0.02536749839782715
0 0.6161700028639573 0.6758813124436599 0.016121644240159255 0.016494897695688102
0 0.7872694455660306 0.5846076011657715 0.059238433837890625 0.05814677018385667
0 0.6910551511324369 0.2843368603633 0.058273021991436295 0.05790372995229868
0 0.2595888101137601 0.22042586253239557 0.030806211324838493 0.0312802974994366
0 0.8580504197340745 0.8847455244797927 0.024251937866210938 0.024097442626953125
0 0.9127465028029221 0.9243187537560096 0.03803531940166767 0.038228548490084134
0 0.590915900010329 0.0769951343536377 0.01608408414400541 0.01570972571006188
0 0.7754983168381911 0.06899553995866042 0.019549736609825723 0.020007591981154222
0 0.7071574284480169 0.04148296209482046 0.02211908193734976 0.02195274829864502
0 0.8934964400071365 0.3032421332139235 0.016124138465294473 0.01584632580096905
0 0.34264326095581055 0.3195167688223032 0.0325323251577524 0.03239937929006723
0 0.7006954779991736 0.8453287711510291 0.021425393911508415 0.021077816302959736
0 0.38294095259446365 0.8966412911048303 0.014967698317307692 0.01474307133601262
0 0.10332547701322116 0.8652048844557542 0.015333725855900692 0.015224750225360576
0 0.290679748241718 0.32819637885460484 0.038666871877817005 0.038509515615609974
0 0.292872979090764 0.15303055139688346 0.04860951350285457 0.04952549934387207
0 0.7925591102013221 0.8372670687161959 0.015291947584885817 0.015289013202373799
0 0.1152499455672044 0.395381340613732 0.036911414219782904 0.03708487290602464
0 0.44234649951641375 0.16449860426095816 0.07134936406062199 0.0709240986750676
0 0.7883154062124399 0.14985531110029954 0.031089342557466947 0.03147449860206017
0 0.7285512043879583 0.688619980445275 0.016056647667518027 0.01611929673414964
0 0.2755149327791654 0.45094820169302136 0.031711725088266224 0.031672110924353965
0 0.08713999161353478 0.08571511048537034 0.04346510080190805 0.04359098581167368
0 0.6643705368041992 0.43669641934908354 0.014721503624549279 0.014743804931640625
0 0.5785709527822641 0.9136901268592248 0.015170684227576623 0.015132610614483174
0 0.7540526756873498 0.3328404793372521 0.03348101102388822 0.03262167710524339
0 0.2437169735248272 0.06211708600704487 0.051183040325458236 0.052137200648968034
0 0.47455780322735125 0.7871827345628005 0.030024235065166768 0.029889620267427884
0 0.7149696350097656 0.3113529131962703 0.01531674311711238 0.015594995938814603
0 0.8486492450420673 0.06130168529657217 0.026113069974459134 0.026246208410996657
0 0.28471235128549427 0.4709185086763822 0.02200790551992563 0.02184611100416917
0 0.6673077803391677 0.8917387448824369 0.016047257643479567 0.016007643479567308
0 0.5842439944927509 0.46590306208683896 0.014586668748121995 0.014608970055213341
0 0.10599096921774057 0.5537794553316556 0.04555007127615122 0.04451744373028095
0 0.6419130472036508 0.18227474506084734 0.05986694189218374 0.06076203859769381
0 0.7095631819504958 0.5242703511164739 0.027945298414963942 0.02777833205003005
0 0.10493101523472713 0.2402028854076679 0.04186767798203688 0.04155870584341196
0 0.268237279011653 0.2762945248530461 0.029063628270075872 0.02939598376934345
0 0.8138845150287335 0.36416831383338344 0.02249937791090745 0.022495856651893027
0 0.48874308512761044 0.11943302704737736 0.02726129385141226 0.02678994032052847
0 0.8756574484018179 0.6387186784010667 0.01988675044133113 0.020158914419320915
0 0.07175521208689763 0.3434294920701247 0.02127398894383357 0.02564268845778245
0 0.6649971008300781 0.846707637493427 0.029967087965745192 0.030254950890174277
0 0.13647675514221191 0.5153488012460562 0.03145056504469652 0.031223590557391826
0 0.4129791626563439 0.4188744838421161 0.02484886462871845 0.02477154364952674
0 0.3155369758605957 0.031632728301561795 0.028877845177283652 0.02872263926726121
0 0.5470511729900653 0.021437624326119058 0.02972272726205679 0.029718321103316087
0 0.38129934897789586 0.018662475622617282 0.042917618384728067 0.035417451308323786
0 0.6902150374192458 0.17032986420851487 0.03620587862454928 0.03672283429365892
0 0.4095908678494967 0.9818609677828275 0.0400536610529973 0.03151629521296574
0 0.8364796271690955 0.0957187689267672 0.037412203275240384 0.037984880117269665
0 0.2884078392615685 0.27972742227407604 0.03794361994816707 0.037515493539663464
0 0.8978693301861103 0.6090459823608398 0.035307077261117786 0.03600736764761118
0 0.2904844650855431 0.8813832356379583 0.014428138732910156 0.014438335712139424
0 0.5591676418597882 0.758003308222844 0.029150742750901442 0.029903411865234375
0 0.7375209514911358 0.16730422240037185 0.026923252986027643 0.027278716747577373
0 0.11203514612638034 0.4523833714998685 0.017523985642653245 0.017110457787146933
0 0.7650887415959284 0.74419615818904 0.023075690636268027 0.02288334186260517
0 0.07290482979554397 0.4839816460242638 0.022348504800062913 0.027697416452261116
0 0.6996527451735276 0.8482421728280874 0.026490138127253607 0.025672179002028245
0 0.39852112990159255 0.6462505780733548 0.2949256163377028 0.14629158606896034
0 0.3663969039916992 0.04175916543373695 0.0318150153526893 0.031876444816589355
0 0.13866629967322716 0.17478455030001128 0.014862390664907603 0.014647080348088192
0 0.8671622643103967 0.9797877531785232 0.017957247220552884 0.01733882610614483
0 0.676942385160006 0.3534054389366737 0.015428543090820312 0.015588613656850962
0 0.5563574937673715 0.7849520169771634 0.025234442490797777 0.025246546818659857
0 0.9076120670025165 0.13585240107316238 0.029135630680964544 0.028837258999164287
0 0.6848041827862079 0.5399594306945801 0.028534522423377402 0.028432185833270732
0 0.866455444922814 0.9804555452786959 0.02104641841008113 0.021153083214393027
0 0.4528952378493089 0.10711945020235501 0.030486473670372598 0.029885218693659857
0 0.9018641251784104 0.3300113311180702 0.018376863919771634 0.018027672400841348
0 0.614240132845365 0.7709090893085186 0.0228268549992488 0.02290490957406851
0 0.6014602000896747 0.7893409729003906 0.07356518965501052 0.06894140977125901
0 0.6256571549635667 0.43149808736947864 0.018964327298677884 0.019489068251389723
0 0.07433601984610924 0.23352879744309646 0.022763499846825234 0.03654568011944111
0 0.699376839857835 0.5685146038348858 0.021106866689828727 0.020913197444035456
0 0.8635614835298978 0.7664375305175781 0.09404138418344352 0.09046613253079928
0 0.14089201046870306 0.06434668944432186 0.02758191182063176 0.027124423247117262
0 0.10444310078254113 0.5793491510244516 0.042725397990300104 0.04235392350416917
0 0.8050303825965295 0.817625485933744 0.015039150531475361 0.014845334566556491
0 0.49201855292687047 0.11746432231022762 0.019323202279897835 0.01912997319148137
0 0.30051625691927397 0.18427768120398888 0.02505328105046199 0.025059920090895433
0 0.07350471845039955 0.04436295307599581 0.019687441679147575 0.021047784731938288
0 0.6180663475623498 0.35448309091421276 0.03441557517418495 0.033942809471717246
