0 0.3845571004427396 0.6211324104895959 0.16326478811410758 0.1630392808180589
0 0.2862125543447641 0.5081677070030799 0.14747252831092247 0.14545895503117487
0 0.6366563943716196 0.33628199650691104 0.23102833674504206 0.23591371682974008
0 0.1908904772538405 0.7648949256310096 0.06455150017371544 0.06465618426983173
0 0.7131824493408203 0.2366804343003493 0.09112548828125 0.09295148115891677
0 0.4152496044452374 0.8443346757155198 0.08161089970515324 0.08153974092923678
0 0.6427463384775015 0.8840002646813025 0.1451417482816256 0.1496124267578125
0 0.24938176228449896 0.6692141752976638 0.07047392771794246 0.07094647334172176
0 0.1813072791466346 0.32671268169696516 0.03041392106276292 0.030132146982046273
0 0.2339168328505296 0.2541068884042593 0.04714122185340294 0.0467992195716271
0 0.49839085798997146 0.7427128278292142 0.04377042330228365 0.04436008746807392
0 0.31340606396014875 0.14720051105205828 0.04893128688518818 0.04914034329927885
0 0.7984311030461237 0.09400737285614014 0.07943197397085336 0.07943272590637207
0 0.5585642227759728 0.7440606630765475 0.04681396484375 0.04705106295072115
0 0.51978456057035 0.6288007589486929 0.04279195345365084 0.04234867829542894
0 0.27915477752685547 0.9423138545109675 0.04625254410963792 0.04610765897310697
0 0.43888484514676607 0.8961190443772536 0.031033149132361777 0.031198501586914062
0 0.27042423761807954 0.37125818546001726 0.026420079744779147 0.026665687561035156
0 0.4599111263568585 0.9831286210280198 0.04158306121826172 0.028913351205679085
0 0.306402719937838 0.7290093348576472 0.04522404303917518 0.045223236083984375
0 0.5916037926307092 0.687230476966271 0.03480089627779447 0.034490145169771634
0 0.2123571542593149 0.4143639344435472 0.06779766082763672 0.06789207458496094
0 0.7896963266225961 0.18171038994422326 0.03283192561222957 0.03287289692805363
0 0.45672996227557844 0.23377464367793158 0.03516065157376803 0.03444187457744892
0 0.539809777186467 0.15121914790226862 0.03315382737379808 0.03276263750516451
0 0.6363761608417218 0.269439697265625 0.02880243154672476 0.029042133918175332
0 0.7403971598698542 0.4772211221548227 0.03884462209848257 0.03914686349722055
0 0.5422111657949594 0.19975537520188552 0.03863796821007362 0.03820470663217398
0 0.38378488100492036 0.9835090637207031 0.021803562457744893 0.02192864051231971
0 0.4365105628967285 0.22246703734764686 0.021174797644981973 0.02156675778902494
0 0.4395869328425481 0.1555027961730957 0.023303838876577523 0.023505724393404447
0 0.2817995181450477 0.5413161791287936 0.039280047783484824 0.03926798013540415
0 0.6249231191781851 0.5291698895967923 0.03612254216120793 0.036460509667029746
0 0.7626884167010968 0.44939932456383336 0.03049953167255108 0.030530856205866888
0 0.7205336644099309 0.4494499426621657 0.016735370342548076 0.016756131098820612
0 0.5888548997732309 0.8599457373985877 0.28376131791334885 0.2709247882549579
0 0.6079823420597956 0.2121246594649095 0.06199015103853666 0.06204931552593525
0 0.8019905090332031 0.40057838880098784 0.0831595200758714 0.107880739065317
0 0.4645828100351187 0.1166384036724384 0.016817092895507812 0.016643780928391676
0 0.8091099078838642 0.01167599054483267 0.01796869131234976 0.017775425544151895
0 0.46536460289588344 0.05169860216287466 0.017679214477539062 0.01765883885897123
0 0.6127452850341797 0.03537536813662602 0.05591524564302885 0.0561328255213224
0 0.30029555467458874 0.8397131699782151 0.02112605021550105 0.021681858943058893
0 0.5447730284470779 0.25833441660954404 0.022860233600323018 0.022534883939302884
0 0.1819941263932448 0.9141842768742487 0.022742161383995645 0.022732074444110576
0 0.2690376135019156 0.11164258993588962 0.04235223623422476 0.041748725450955905
0 0.19483135296748236 0.8808037684513972 0.025766702798696663 0.026020196767953727
0 0.3954654106727013 0.031371545333128706 0.04489678602952223 0.0451850386766287
0 0.23215297552255484 0.6329857752873347 0.015839173243596003 0.01574560312124399
0 0.3921844409062312 0.08506283393272987 0.03507914909949669 0.03502286397493803
0 0.268252262702355 0.054250712578113265 0.0377195064838116 0.03688541742471548
0 0.266872002528264 0.9069696573110727 0.01787743201622596 0.018021510197566107
0 0.6460697467510517 0.48851526700533354 0.020662454458383415 0.020335564246544473
0 0.7306128281813401 0.5190985752986028 0.026650208693284255 0.026737800011268027
0 0.3580515201275165 0.8656065280620868 0.04306991283710186 0.043406119713416465
0 0.49282994637122524 0.08933454293471116 0.017241257887620192 0.01743742135854868
0 0.5794099661020132 0.7137039624727689 0.025246400099534255 0.02549318166879507
0 0.20795301290658805 0.17349646641657904 0.04089040022629958 0.04077849021324745
0 0.4002818327683669 0.7417901112483098 0.017319312462439902 0.017318872305063102
0 0.17662103359515852 0.1065292450097891 0.03014348103449895 0.03141063910264235
0 0.3771885358370267 0.5119912074162409 0.07148258502666767 0.06602404667780949
0 0.42760401505690354 0.19683229006253755 0.05068485553448017 0.0496978759765625
0 0.30248106442964995 0.7911838384775015 0.026419566227839544 0.026241889366736777
0 0.18643571780278131 0.4830044232881986 0.0599513420691857 0.0909885993370643
0 0.6854840792142428 0.03689234073345478 0.060471754807692304 0.060745688585134655
0 0.21131482491126427 0.9886756310096154 0.016417503356933594 0.015970963698167067
0 0.16596075204702523 0.7073890979473407 0.014693626990685096 0.014754368708683895
0 0.43746684147761417 0.19699679888211763 0.018031487098106973 0.017711859482985277
0 0.32903520877544695 0.964424573458158 0.041201151334322415 0.040633128239558294
0 0.6522114093487079 0.7162821843073919 0.0517120361328125 0.050214914175180286
0 0.27942294340867263 0.9824419755202073 0.020538916954627402 0.02074916546161358
0 0.42166717235858625 0.05979887338785025 0.020660840548001803 0.02088620112492488
0 0.692069567166842 0.5391273498535156 0.019457596998948317 0.019151687622070312
0 0.7564720007089468 0.0431209527529203 0.05848913926344652 0.059574127197265625
0 0.5541842167194073 0.5020640446589544 0.019214556767390326 0.019416222205528848
0 0.6896644005408654 0.5087985992431641 0.018842550424429085 0.018765963040865384
0 0.23432392340440017 0.5782388173616849 0.021571636199951172 0.021532205434945915
0 0.44752238346980167 0.4518607579744779 0.06367213909442608 0.06548639444204477
0 0.40740174513596755 0.9796095628004807 0.02238948528583233 0.022904322697566107
