0 0.461580386528602 0.38514522405771107 0.09571126791147086 0.09421561314509465
0 0.6958379011887771 0.05532306891221266 0.04609240018404447 0.04718167965228741
0 0.35251118586613583 0.2782009748312143 0.04156567500187801 0.04206440998957707
0 0.37794039799616885 0.06919971796182486 0.09092389620267428 0.09336972236633301
0 0.3087308957026555 0.16914187944852388 0.02969081585223858 0.029924612778883714
0 0.5023980874281663 0.42383722158578724 0.061817022470327526 0.06193674527681791
0 0.29671316880446214 0.32210830541757435 0.020308934725247897 0.02017380641056941
0 0.5387649536132812 0.06933011916967538 0.1744070786696214 0.13600427370805007
0 0.4039556063138522 0.3417498515202449 0.020323826716496393 0.020017623901367188
0 0.4868301978478065 0.20744736378009504 0.03011021247276893 0.030337737156794622
0 0.6375245314378005 0.10996487507453331 0.03240526639498197 0.03207861460172213
0 0.2929684932415302 0.1350392194894644 0.033760364239032455 0.03862307621882512
0 0.46210487072284406 0.4991305424616887 0.01846760969895583 0.018684827364408053
0 0.5141050265385554 0.19355396124032828 0.02760446988619291 0.02765340071458083
0 0.48010837114774263 0.5666088691124549 0.048650154700646035 0.04877207829402043
0 0.38350215324988735 0.8813054011418269 0.027960703923152044 0.027962611271784857
0 0.3816245519197904 0.8103488775400015 0.029152870178222656 0.028751520010141227
0 0.5011731661283053 0.5263003202585074 0.04010758033165565 0.03972567044771635
0 0.6853824028602014 0.17213227198674128 0.018723707932692308 0.018958531893216647
0 0.5429538580087515 0.8257756600013146 0.02710731212909405 0.026865005493164062
0 0.44415701352632964 0.5810346603393555 0.028401594895582933 0.028206531818096455
0 0.6662960052490234 0.24568887857290414 0.023516434889573317 0.023436619685246393
0 0.5545407075148362 0.8021147067730243 0.024731269249549277 0.024573252751277044
0 0.6953949561485877 0.2534331541794997 0.030332418588491585 0.03038156949556791
0 0.591029167175293 0.899205207824707 0.02581655062161959 0.02561671917255108
0 0.3096872109633226 0.3575426248403696 0.01733530484713041 0.017577244685246393
0 0.45102933736947864 0.3006129998427171 0.03738887493426983 0.037358577434833236
0 0.5057047330416166 0.9564490685096154 0.01667132744422326 0.016278780423677884
0 0.5756347729609563 0.8826882289006159 0.027311031634990986 0.027172675499549277
0 0.4376968237069937 0.45818108778733474 0.017892984243539665 0.017557877760667067
0 0.6793917876023513 0.1903983079470121 0.017107303325946514 0.017044654259314902
0 0.27463582845834583 0.6738098584688627 0.016213050255408652 0.017277644230769232
0 0.41387106822087216 0.16843447318443885 0.025227840130145732 0.02504121340238131
0 0.45043358435997594 0.1521522907110361 0.019853591918945312 0.019495102075430062
0 0.7067725108220027 0.28665946080134463 0.015543130727914663 0.015921886150653545
0 0.3424835205078125 0.2136385074028602 0.026659451998197116 0.02764118634737455
0 0.6766740358792819 0.0979839930167565 0.04282789963942308 0.04229279664846567
0 0.5594314795274001 0.16305057819073016 0.06825703840989333 0.06741996911855844
0 0.453461977151724 0.2980235173152043 0.04495701423058143 0.045032574580265924
0 0.29306431917043835 0.13024410834679237 0.027849454146165114 0.028770996974064753
