0 0.4806177799518292 0.1866913942190317 0.08165227449857272 0.08161853826962985
0 0.5580602058997521 0.4675898185143104 0.15240859985351562 0.15346849881685698
0 0.3450108308058519 0.9422632364126352 0.11742223226107083 0.11197721041165866
0 0.7957002199613131 0.9555150545560397 0.06424581087552585 0.06418081430288461
0 0.26416848256037784 0.22534816081707293 0.06567962353046124 0.06627464294433594
0 0.15841086094196027 0.8303967989408053 0.09467425713172326 0.09490614670973557
0 0.3938713807326097 0.5631154133723333 0.09607777228722206 0.09614959129920372
0 0.44550609588623047 0.3553347954383263 0.15120300879845253 0.15219851640554574
0 0.5250383523794321 0.36462585742657 0.06106714101938101 0.06151654170109676
0 0.6259582226092999 0.5997815865736741 0.07752869679377629 0.07791555844820462
0 0.21654910307664138 0.6614890465369592 0.04383160517765926 0.04339247483473558
0 0.40715349637545073 0.45902512623713565 0.05712567842923678 0.05785861382117638
0 0.8990565079909104 0.38465059720552885 0.0388025137094351 0.03872548616849459
0 0.6952394338754507 0.46047056638277495 0.03867134681114784 0.03841810960036058
0 0.4666019586416391 0.7137691791240985 0.05871097858135517 0.058444976806640625
0 0.8504908635066106 0.26830772253183216 0.08012448824368991 0.08058217855600211
0 0.36284637451171875 0.061966267915872425 0.034407542302058294 0.03434215142176701
0 0.6014474722055289 0.35897592397836536 0.048857468825120196 0.049080188457782455
0 0.5947814354529748 0.8130339108980619 0.04968188359187199 0.049841660719651446
0 0.6598030970646784 0.8499851226806641 0.047342153695913464 0.04753024761493389
0 0.6892594557542068 0.3577788793123685 0.046445406400240384 0.04663379375751202
0 0.4950125034038837 0.28626641860375035 0.04632003490741436 0.04628889377300556
0 0.8410222713763897 0.9375623556283804 0.05413260826697716 0.05374438946063702
0 0.5631926976717435 0.301208679492657 0.03462908818171574 0.034273807819073014
0 0.8395663041334885 0.4307717543381911 0.03168546236478365 0.031141134408804085
0 0.8542938232421875 0.8915023803710938 0.04331647432767428 0.04301129854642428
0 0.8943722064678485 0.8478805835430439 0.034123787513146035 0.03375097421499399
0 0.8685095126812274 0.42896076349111706 0.033099981454702526 0.03285437363844652
0 0.21394230769230768 0.5113420486450195 0.04622224661020132 0.046625577486478366
0 0.6647224426269531 0.27053491885845476 0.02677330603966346 0.026970459864689753
0 0.2727671219752385 0.62633910545936 0.05312277720524715 0.052928961240328275
0 0.3294822986309345 0.4612464904785156 0.030724232013408955 0.030705818763146035
0 0.6943385784442608 0.22306548632108247 0.05456396249624399 0.05514680422269381
0 0.6224592649019681 0.4324853236858661 0.056209564208984375 0.056738119858961836
0 0.8669408651498648 0.37544573270357573 0.03311362633338341 0.03298392662635216
0 0.3065831477825458 0.07954900081341083 0.03312756465031551 0.033324209543374866
0 0.8814019423264724 0.48671935154841495 0.03886281527005709 0.039127276493952826
0 0.7630484654353216 0.04020453874881451 0.03362215482271635 0.03367764216202956
0 0.4071854811448317 0.6454483912541316 0.044067676250751205 0.043680044320913464
0 0.2579698379223163 0.7677790568425105 0.035855036515455976 0.035533758310171276
0 0.29450167142427885 0.7020548306978666 0.0552819325373723 0.05645311795748197
0 0.5173397064208984 0.06839660039314857 0.021878682650052585 0.021782058935899
0 0.3437315867497371 0.331054320702186 0.029602931096003607 0.029670128455528848
0 0.44163938669057995 0.3450930301959698 0.021464714637169473 0.021492444551908053
0 0.13356806681706354 0.8855374409602239 0.021670048053448018 0.021579595712515023
0 0.4863129028907189 0.5669016471275916 0.03651773012601412 0.036525579599233776
0 0.9005169501671424 0.3356166252723107 0.034956711989182696 0.0351869142972506
0 0.6238861083984375 0.712851304274339 0.025513575627253607 0.025560379028320312
0 0.4396381378173828 0.0997326190655048 0.03859549302321214 0.03845919095552885
0 0.5978569250840408 0.045361922337458685 0.0197141353900616 0.019653503711407002
0 0.592516825749324 0.5461171590364896 0.03388522221491887 0.034257155198317304
0 0.19840752161466157 0.44720458984375 0.025090804466834433 0.025146484375
0 0.8560488774226263 0.32344473325289214 0.028812555166391227 0.029274426973783053
0 0.6443312718318059 0.6790456038254958 0.042981661283052884 0.04311077411358173
0 0.805519910959097 0.6302429345937876 0.025359960702749398 0.025482031015249398
0 0.7949915665846604 0.682469001183143 0.03293550931490385 0.03317392789400541
0 0.39281060145451474 0.6962319887601413 0.019566902747521035 0.01962104210486779
0 0.19912506983830378 0.1801603757418119 0.03952943361722506 0.03896933335524339
0 0.7351821752694937 0.5980782875647912 0.02642646202674279 0.026177332951472357
0 0.41657513838547927 0.7597921811617337 0.018885245689978965 0.01904472937950721
0 0.7017034383920523 0.6145210266113281 0.024546696589543268 0.024555793175330527
0 0.8369156764103816 0.9786912477933444 0.026824951171875 0.027137316190279447
0 0.5755111254178561 0.680804546062763 0.01884284386268029 0.01925937946026142
0 0.8005934495192307 0.4267545479994554 0.04289656419020433 0.04318677462064303
0 0.3114893619830792 0.5985439007098858 0.04088907975416917 0.041263433603140026
0 0.5861276479867789 0.06218238977285532 0.020599952110877402 0.020762049234830417
0 0.37893221928523135 0.17136271183307356 0.027112814096304085 0.027129136599027194
0 0.3617710333604079 0.27682753709646374 0.025526046752929688 0.025763658376840446
0 0.32276039857130784 0.673880357008714 0.04537398998553936 0.04567278348482572
0 0.778617785527156 0.8435861880962665 0.03200208223783053 0.0316919180063101
0 0.8641285529503455 0.5194480969355657 0.03402416522686298 0.03382440713735727
0 0.3109132326566256 0.7804762033315805 0.0907297684596135 0.09208532480093148
0 0.6457481384277344 0.044108496262476996 0.02616148728590745 0.026214104432326097
0 0.7242883535531851 0.8877859849196214 0.02869136516864483 0.02853246835561899
0 0.33288339468149036 0.4935959302462064 0.030409739567683294 0.030433801504281852
0 0.35467015779935396 0.24540277627798227 0.027981391319861777 0.028254142174353965
0 0.45317572813767654 0.5112519631019006 0.08414664635291466 0.08557745126577523
0 0.4661952532254733 0.37824102548452526 0.0431971183189979 0.0439146482027494
0 0.5979228019714355 0.6982216468224158 0.03374554560734676 0.033412933349609375
0 0.5496145395132211 0.6399402618408203 0.04758306650015024 0.04738528911884014
0 0.13475114565629226 0.35463560544527495 0.11337623229393592 0.15175293042109564
0 0.368680660541241 0.32251658806434047 0.027137903066781852 0.027005562415489785
0 0.5000960276677058 0.6222792405348557 0.03578406113844652 0.0361785521874061
0 0.45190796485314 0.9661642954899714 0.02370760991023137 0.023638798640324518
0 0.11019500402303842 0.9868124448336087 0.05388236045837402 0.025765345646784857
0 0.3950960819537823 0.05950481158036452 0.024138523982121393 0.02415301249577449
0 0.15345272651085487 0.9366890100332407 0.02037503169133113 0.020351263192983773
0 0.08972485248859112 0.6581826576819787 0.02040751163776104 0.02246577923114483
0 0.24224343666663536 0.5566125282874475 0.02092464153583233 0.0211337162898137
0 0.19107488485483023 0.15654776646540716 0.03379117525540865 0.03336213185237004
0 0.564698732816256 0.2568776240715614 0.01862305861253005 0.018416514763465293
0 0.5727412150456355 0.01026825262950017 0.0267031009380634 0.019277022435114935
0 0.5495676627525916 0.08087398455693172 0.015901565551757812 0.01609963637131911
0 0.09818098178276649 0.9499645233154297 0.03587207427391639 0.048960172213040866
0 0.7914687670194186 0.7729763617882361 0.016695022583007812 0.01673581049992488
0 0.652987553523137 0.5612677060640775 0.02627416757436899 0.026424407958984375
0 0.6535013639009916 0.6406738574688251 0.0195010258601262 0.01924749521108774
0 0.16825340344355658 0.28845711854787975 0.05663240872896635 0.057244484241192155
0 0.1849501132965088 0.9857544532189002 0.018418312072753906 0.018120985764723558
0 0.8519314986008865 0.10203716388115516 0.02215752234825721 0.022233852973351113
0 0.5887110049907978 0.9046154022216797 0.02297181349534255 0.02313819298377404
0 0.6796467120830829 0.6875111506535456 0.024408780611478366 0.024467321542593148
0 0.6569683368389423 0.7299068157489483 0.01621862558218149 0.01600470909705529
0 0.5939204142643855 0.11157554846543533 0.018570973322941706 0.01887801977304312
0 0.5715157435490534 0.32582642481877255 0.019953067486102764 0.02033233642578125
0 0.23245993027320275 0.28932971220750076 0.030367080981914815 0.030462265014648438
0 0.8388732029841497 0.6005919163043683 0.024573252751277044 0.02446893545297476
0 0.4031967383164626 0.25162981106684756 0.023892842806302585 0.023875639988825872
0 0.5830093163710374 0.23397511702317458 0.0200499754685622 0.02001806405874399
0 0.6028518309959998 0.8831961705134466 0.02248404576228215 0.022266681377704326
0 0.8172761476956881 0.7728559053861178 0.026557775644155648 0.02661000765286959
0 0.5067545817448542 0.7259353490976187 0.037119498619666465 0.03730421799879808
0 0.12885440312899077 0.6949644822340745 0.04080482629629282 0.041099254901592545
0 0.09007829886216384 0.46431922912597656 0.01880047871516301 0.018804256732647236
0 0.5111129834101751 0.5499158272376428 0.0270233154296875 0.027371773352989785
0 0.9019544308002179 0.9814610114464393 0.030909611628605768 0.032117990347055286
0 0.3785061469444862 0.6229866467989408 0.024168748121995192 0.02382175738994892
0 0.39388421865609974 0.12493720421424279 0.016408626849834736 0.0163725706247183
0 0.6858145640446589 0.059082856545081504 0.022179383497971755 0.022017864080575798
0 0.44037551146287185 0.27663201552170974 0.02368772946871244 0.023859610924353965
0 0.6019763212937576 0.976326428926908 0.02362207266000601 0.023479461669921875
0 0.7258936075063852 0.014294909743162302 0.016617701603816107 0.016778503472988423
0 0.12513841115511382 0.9335958040677584 0.02704899127666767 0.02670112022986779
0 0.8171832744891827 0.17252507576575646 0.08807299687312199 0.08625089205228366
0 0.49738194392277646 0.8540679491483248 0.029265623826246995 0.029133429894080527
0 0.8141517639160156 0.5098512356097882 0.034086374136117786 0.03416120089017428
0 0.49340108724740833 0.6576369358943059 0.025819925161508415 0.025692572960486777
0 0.5162806877723107 0.6570933415339544 0.015230765709510216 0.01527698223407452
0 0.11226817277761605 0.7580670576829177 0.06397727819589469 0.09570870032677284
0 0.5869895494901217 0.6285254405095027 0.03150778550368089 0.031577770526592545
0 0.33644723892211914 0.4162348233736478 0.024722466102013223 0.025534923260028545
0 0.9017878312330979 0.05896588930716881 0.04324546227088341 0.05230961396143986
0 0.6512888394869291 0.7880075894869291 0.027550917405348558 0.02749472398024339
0 0.12741669324728158 0.35908207526573765 0.016431735112116888 0.016451395474947415
0 0.7726475642277644 0.29482007026672363 0.016854212834284857 0.01661238303551307
0 0.3307657975416917 0.5875074680034931 0.02247751676119291 0.022382149329552285
0 0.18221367322481596 0.6319271967961237 0.07743592445666973 0.0760191403902494
0 0.769491562476525 0.5246185889610877 0.027519079355093148 0.027587010310246393
0 0.6979191119854267 0.8948638622577374 0.020746524517352764 0.020692972036508415
0 0.2828359603881836 0.03434245402996357 0.017164193666898288 0.01705162341778095
0 0.4846653571495643 0.6891896174504206 0.020809026864858773 0.02036256056565505
0 0.7450124300443209 0.46776551466721755 0.01778411865234375 0.01780847402719351
0 0.845248662508451 0.2707977661719689 0.01691275376539964 0.01655402550330529
0 0.8952470926138071 0.29994957263653094 0.02917333749624399 0.028980548565204326
0 0.22968244552612305 0.20634955626267654 0.015945287851186898 0.01591344980093149
0 0.506381108210637 0.6914212887103741 0.017472047072190505 0.017829161423903245
0 0.4097713323739859 0.19861965913038987 0.020204690786508415 0.02047597444974459
0 0.8633888684786283 0.6345524421105018 0.03131440969613882 0.03122857900766226
0 0.8300695419311523 0.4080662360558143 0.021991142859825723 0.021693009596604567
0 0.7238109295184796 0.659938225379357 0.0203402592585637 0.020252814659705527
0 0.6439541303194486 0.47977044032170224 0.02522908724271334 0.025133426372821514
0 0.7468583033635066 0.11699814062852126 0.016412001389723558 0.01619999225323017
0 0.6481651893028846 0.3290361991295448 0.019091679499699518 0.0193331791804387
0 0.4998894471388597 0.6025963563185471 0.014926470243013822 0.015733718872070312
0 0.692564450777494 0.07534105961139385 0.019443805401141826 0.019689358197725736
0 0.8014208720280573 0.8759083381065955 0.024767362154447116 0.024657029371995192
0 0.39008599061232346 0.7741619990422175 0.027479831988994893 0.027897761418269232
0 0.1077735240642841 0.3658244793231671 0.029198719904972956 0.03013918950007512
0 0.7223505607018104 0.1570739929492657 0.019154475285456732 0.01877560982337365
0 0.1492601174574632 0.3590946931105394 0.024111857781043418 0.024110867426945612
0 0.17375505887545073 0.63249998826247 0.06345045566558838 0.06653444583599384
0 0.8963145476121169 0.7299452561598557 0.030377021202674277 0.030510535606971152
0 0.7784291780911959 0.7210578918457031 0.025120661808894232 0.025303473839393027
0 0.19481684611393854 0.5994749802809495 0.027397962716909554 0.02789644094613882
0 0.23561257582444411 0.47948646545410156 0.026432917668269232 0.026843437781700723
0 0.710484504699707 0.8291536477895883 0.015020957359900841 0.014902995182917668
0 0.7259669670691857 0.9420578296367939 0.022872337928185098 0.02199216989370493
0 0.26518722680898815 0.414670283977802 0.044488173264723554 0.04316872816819411
0 0.8600884951077975 0.07619846784151517 0.017332810621995192 0.017468709212083083
0 0.24619494951688325 0.31962016912607044 0.03388551565317007 0.034468577458308294
0 0.20383988893949068 0.8372180645282452 0.015816321739783652 0.015799889197716348
0 0.33172152592585635 0.7895233447735126 0.05271207369290865 0.05208939772385817
0 0.6911165530865009 0.7037922785832331 0.02561334463266226 0.025546440711388223
0 0.36475342970628005 0.4705910315880409 0.03223507220928486 0.032626958993765026
0 0.2465539161975567 0.38123317865224987 0.0195462887103741 0.019332005427433893
0 0.24218962742732122 0.0938725288097675 0.028245265667255107 0.027635831099290114
0 0.6274502827570989 0.8453788757324219 0.01858095022348257 0.01859459510216346
0 0.46268485142634463 0.4827231260446402 0.045577709491436295 0.046720651479867786
0 0.6928348541259766 0.7038980630727915 0.030292657705453727 0.03130634014423077
0 0.710055424616887 0.07158643924272977 0.017086029052734375 0.01707010085766132
0 0.3572596770066481 0.3864906751192533 0.018091275141789362 0.01826337667611929
0 0.2712572904733511 0.40843721536489636 0.01920296595646785 0.019376754760742188
0 0.5059037575354943 0.017530251007813673 0.016848050631009616 0.01693328068806575
0 0.20598710500277007 0.8219341864952674 0.027785191169151895 0.027658902681790866
0 0.8664129697359525 0.7106059147761419 0.0317999032827524 0.032358609713040866
0 0.6683456714336689 0.6288386124830979 0.022015791672926683 0.022043961745042067
0 0.5848041314345139 0.09656774080716647 0.017468672532301683 0.018023160787729118
0 0.18199843626755935 0.9453977438119742 0.026018582857572116 0.0263211176945613
0 0.12926140198340783 0.051988656704242416 0.02555260291466346 0.025552795483515814
0 0.870766126192533 0.5387331889225886 0.022973280686598558 0.023415198692908652
0 0.34987662388728213 0.6132906767038199 0.033031463623046875 0.032908146197979264
0 0.17090199543879583 0.7334285149207482 0.06489247542161208 0.06453616802509014
0 0.7862668404212365 0.10411401895376352 0.014889790461613582 0.014786756955660306
0 0.5432761265681341 0.13393413103543794 0.01962735102726863 0.019927538358248197
0 0.6626459268423227 0.0876761583181528 0.03413185706505409 0.03434012486384465
0 0.641419924222506 0.9739458377544696 0.023630582369290866 0.0236660883976863
0 0.3112809107853816 0.282226012303279 0.016416182884803183 0.01693556858943059
0 0.3670160953815167 0.35560468526986927 0.02312638209416316 0.02302074432373047
0 0.6133555632371169 0.6657502834613507 0.02250950153057392 0.022547355064978965
0 0.4156794914832482 0.9613531552828275 0.03560183598445012 0.0350183340219351
0 0.17250970693734977 0.9345444899338943 0.015196800231933594 0.014929404625525841
0 0.1157538707439716 0.1627684739919809 0.044307286922748275 0.04417572571681096
0 0.7542152404785156 0.4232526192298302 0.021722059983473558 0.02194375258225661
0 0.46378146685086763 0.44976601233849156 0.02714362511268029 0.026352368868314303
0 0.9020269834078275 0.6053985448984 0.015003497783954326 0.014977821936974159
0 0.7634798196645883 0.3660403765164889 0.03171686025766226 0.03225575960599459
0 0.8545042184682993 0.5844454765319824 0.0196377680851863 0.019654053908128005
0 0.5267816690298227 0.15049189787644607 0.02558282705453726 0.02530838893010066
0 0.36730095056387096 0.199935637987577 0.05810620234562801 0.059563049903282754
0 0.5172049815838153 0.9733616755558894 0.023262390723595254 0.023692204402043268
0 0.38551037128155047 0.7282852759728065 0.020525272075946514 0.02056268545297476
0 0.7010162060077374 0.9338575509878305 0.025042900672325723 0.025280145498422477
0 0.5366702813368577 0.7105665940504807 0.05157323983999399 0.05062015240009014
0 0.89843383202186 0.884923714857835 0.025980435884915866 0.025960628802959736
0 0.6881382281963642 0.7812868265005258 0.18355384239783654 0.21208968529334435
0 0.14405442201174223 0.9622300954965445 0.04278195821321928 0.041871877817007214
0 0.15566794688885027 0.232328121478741 0.03226676354041466 0.030917974618765023
0 0.19532475104698768 0.898130857027494 0.014462617727426382 0.014321840726412259
0 0.6916522979736328 0.27959354107196516 0.0171359135554387 0.01756708438579853
0 0.7073425879845252 0.3966533954326923 0.028945482694185697 0.02865468538724459
