0 0.40675618098332333 0.5917593882634089 0.1189433611356295 0.1193376687856821
0 0.6768819368802584 0.6919749333308294 0.04364145719088041 0.04371555034930889
0 0.3691112811748798 0.6684039189265325 0.06501608628493089 0.06503794743464543
0 0.671369039095365 0.6432514190673828 0.03656269953801082 0.03647965651292067
0 0.5469317436218262 0.8886155348557693 0.037305171673114486 0.036985544057992786
0 0.6144219545217661 0.4823167140667255 0.030904256380521335 0.0310518558208759
0 0.4969899837787335 0.830354617192195 0.03734111785888672 0.03729922954852764
0 0.4458020283625676 0.27262405248788685 0.03674228374774639 0.0362402842595027
0 0.6436312015240009 0.794585814842811 0.030506134033203125 0.030677355252779447
0 0.37870018298809344 0.7331212850717398 0.05101717435396635 0.05170704768254207
0 0.6567458372849685 0.45265784630408656 0.01959859407865084 0.019736510056715745
0 0.5619798073401818 0.8120633638822116 0.028805072490985576 0.028603773850661058
0 0.37357462369478667 0.3015441527733436 0.03443307142991286 0.03449205251840445
0 0.42622984372652495 0.43382736352773815 0.026432624230018027 0.026546184833233174
0 0.6210851669311523 0.8960254375751202 0.02879465543306791 0.029100858248197116
0 0.431036509000338 0.6756965197049655 0.04629780695988582 0.04621036236102764
0 0.39402162111722505 0.41883567663339466 0.02306028512807993 0.023073783287635215
0 0.392943418942965 0.34621169016911435 0.03529812739445613 0.03514231168306791
0 0.35485575749323917 0.9432232196514423 0.030275271489070013 0.03050848153921274
0 0.47721246572641224 0.6592709467961237 0.018814233633188102 0.019083756666917067
0 0.4807701844435472 0.4801996671236478 0.02095193129319411 0.021225562462439902
0 0.36731653947096604 0.3768584911639874 0.02731741391695463 0.027429580688476562
0 0.5187992316025954 0.8996124267578125 0.02263641357421875 0.02277344923753005
0 0.6734536977914664 0.7986343090350811 0.026684100811298076 0.026589613694411058
0 0.43824122502253604 0.7674198884230393 0.02377209296593299 0.02380679203913762
0 0.4278289721562312 0.14227980833787185 0.030395947969876803 0.030395911290095404
0 0.31721826700063854 0.5840933139507587 0.027561059364905723 0.02776938218336839
0 0.4740006373478816 0.22745092098529524 0.02605606959416316 0.02610602745643029
0 0.5814151030320388 0.9180342600895808 0.055086502662071817 0.05572964594914363
0 0.3468969418452336 0.49986560528094953 0.025855357830341045 0.025867755596454326
0 0.38176353161151594 0.5021878389211801 0.015684861403245192 0.015478060795710636
0 0.4507089394789476 0.8933762770432693 0.027247062096228965 0.027260706974909857
0 0.46140171931340146 0.8160524368286133 0.03139312450702374 0.031266285822941706
0 0.46920714011559117 0.5212368965148926 0.021567271305964544 0.021546217111440804
0 0.6323425586407001 0.9327297210693359 0.01714911827674279 0.017132098858173076
0 0.316433099599985 0.877037341778095 0.02132138839134803 0.021126673771784857
0 0.5567216873168945 0.7075365506685697 0.01758575439453125 0.017480116624098558
0 0.5220298033494216 0.7701072692871094 0.02045602064866286 0.020334683931790866
0 0.6501438434307392 0.6998207385723407 0.015340658334585337 0.015379979060246395
0 0.5784832147451547 0.18566269140977126 0.032197218674879804 0.031778115492600664
0 0.33441462883582485 0.27777570944565994 0.017953139085036058 0.01784515380859375
0 0.5021484815157377 0.020124501906908475 0.016262127802922174 0.016076486844282884
0 0.46931098057673526 0.1895024959857647 0.029711796687199518 0.029954983637883112
0 0.430822885953463 0.29446205726036656 0.015234286968524639 0.015352285825289212
0 0.5050378946157602 0.03405688817684467 0.01617431640625 0.01607969174018273
0 0.6551534212552584 0.5228977203369141 0.016740065354567308 0.017007827758789062
0 0.61505493750939 0.8435583848219651 0.01714163560133714 0.016936668982872598
0 0.4035151188190167 0.18467070506169245 0.016059068533090446 0.01625207754281851
0 0.37272196549635667 0.19123224111703727 0.017063434307391826 0.01712967799260066
0 0.6941412412203275 0.9581855627206656 0.01673713097205529 0.017616712130033053
0 0.5480072314922626 0.2266254425048828 0.019562207735501803 0.01930097433236929
0 0.4871298349820651 0.11540738435891959 0.027392167311448317 0.02771870906536396
0 0.4007310133713942 0.7582594798161433 0.01823146526630108 0.018143580510066107
0 0.30891165366539586 0.6976996201735276 0.03313585428091196 0.05397180410531851
0 0.6567873587975135 0.16847544450026292 0.015423848078801082 0.015439987182617188
0 0.5672354331383338 0.4706273445716271 0.01787728529710036 0.01795343252328726
0 0.648463616004357 0.8957971426156851 0.01825406001164363 0.018274453970102165
0 0.5742581440852239 0.5698517285860502 0.01685479971078726 0.017115226158728965
0 0.5325246957632211 0.8623341780442458 0.018193171574519232 0.01783136221078726
0 0.41601023307213414 0.9137451465313251 0.021119411175067607 0.02111053466796875
0 0.3066567641038161 0.4409522276658278 0.01660787142240084 0.016489469088040866
0 0.6702389350304236 0.9850040582510141 0.0178524897648738 0.01766821054311899
0 0.6679569391103891 0.08460688591003418 0.02520928016075721 0.025073303626133844
0 0.6859880594106821 0.07917305139394906 0.017566387469951924 0.017507369701678935
0 0.6271327825692984 0.8763160705566406 0.017045974731445312 0.017026754525991585
0 0.6678803517268255 0.7777020381047175 0.01619441692645733 0.016089512751652643
0 0.34239717630239636 0.22973128465505746 0.04444063626802885 0.04413325969989483
0 0.6502861609825721 0.9768986335167518 0.016550504244290866 0.016373267540564902
0 0.32810548635629505 0.011530926594367394 0.014704337486853966 0.01500928860444289
0 0.3314546805161696 0.6626934638390174 0.01939076643723708 0.01960901113656851
0 0.702048081618089 0.09807150180523212 0.015960693359375 0.018310693594125602
0 0.5347582743718073 0.09296542864579421 0.016092593853290264 0.016159332715548
0 0.360998483804556 0.9157434610220102 0.016109173114483174 0.015961280235877402
0 0.3075061578017015 0.384370180276724 0.037421079782339245 0.04562737391545223
0 0.49064287772545445 0.5329197370089017 0.0180666263286884 0.017437274639423076
0 0.5992641082176795 0.713902840247521 0.01854074918306791 0.018912682166466348
0 0.53555572949923 0.13316779870253342 0.016581902137169473 0.01646570058969351
0 0.5245263026310847 0.45290550818810094 0.017966050368088942 0.01800845219538762
0 0.43648873842679536 0.2218019778911884 0.029724561251126803 0.02782278794508714
0 0.518093439248892 0.9611570651714618 0.018541629497821514 0.018297782311072715
0 0.5505376962515024 0.9824937673715445 0.02429800767164964 0.0235903813288762
0 0.6064844865065354 0.5608008091266339 0.04582918607271635 0.0450592774611253
0 0.5332235923180213 0.5379088108356183 0.015045459453876201 0.015214039729191707
0 0.4080067414503831 0.3954320687514085 0.014813789954552284 0.015017436100886418
0 0.40688870503352237 0.37730114276592547 0.01616045144888071 0.01626168764554537
0 0.49930792588454026 0.9897770514855018 0.021956663865309495 0.01773834228515625
0 0.3394136428833008 0.7189401479867789 0.02400823739858774 0.02386298546424279
0 0.6253100175123948 0.7098862574650691 0.01734014657827524 0.017199589655949518
0 0.551298581636869 0.16982111564049354 0.026557188767653245 0.026183128356933594
0 0.6657033333411584 0.6083905880267804 0.028040225689227764 0.02784274174616887
0 0.35950521322397083 0.852167716393104 0.015696892371544473 0.015705255361703727
0 0.39016173436091495 0.8015411083514874 0.01982226738562951 0.020245185265174277
0 0.3751998314490685 0.8103653834416316 0.016214957604041465 0.01592401357797476
0 0.5165829658508301 0.1541268642132099 0.014275550842285156 0.014046889085036058
0 0.553908531482403 0.5749211311340332 0.015391129713792067 0.015813754155085638
0 0.4921568357027494 0.5303677045381986 0.020291695227989785 0.020305780264047477
0 0.3564883745633639 0.9921701871431791 0.01666567875788762 0.013553325946514424
0 0.3185283587529109 0.513241144327017 0.019017659700833835 0.018964474017803486
0 0.3696118868314303 0.44216012954711914 0.014527247502253605 0.014638240520770732
0 0.43378518177912784 0.3204918641310472 0.04420045705942007 0.04410420931302584
0 0.49828096536489636 0.5224571961622971 0.017876111544095553 0.017998181856595553
0 0.3452027761019193 0.29680396960331845 0.01620006561279297 0.016365454747126654
0 0.5732565659743089 0.03578019142150879 0.014715341421274038 0.014909588373624362
0 0.32821024381197417 0.769284174992488 0.041472288278432995 0.040718372051532455
0 0.4306523249699519 0.2259977780855619 0.021734971266526442 0.021643895369309645
0 0.32260366586538464 0.31879270993746245 0.016423958998460036 0.016593052790715143
0 0.6489227001483624 0.35118587200458234 0.018263596754807692 0.01852695758526142
0 0.506190666785607 0.6391727740948017 0.01618532034067007 0.016173729529747598
0 0.5800316517169659 0.29013890486497146 0.018989929786095254 0.018598373119647685
0 0.48158077093271107 0.15334659356337327 0.025793955876277044 0.02594735072209285
0 0.49879671977116513 0.9664016870351938 0.017256516676682692 0.01695559575007512
0 0.2971160595233624 0.5159285618708684 0.01467147240271935 0.017254022451547477
0 0.310062628525954 0.2552929658156175 0.037770326320941634 0.03845530289870042
0 0.3722001589261569 0.7925467124352088 0.017600279587965745 0.017479969904972956
0 0.5713518216059759 0.854091791006235 0.019689633296086237 0.019634246826171875
0 0.5284558076124924 0.038139357016636774 0.014129198514498197 0.013871578069833608
0 0.5205550560584435 0.9760770064133865 0.021309632521409255 0.02096895071176382
0 0.5786572969876803 0.2927104142995981 0.020659373356745794 0.02103732182429387
0 0.631161616398738 0.0722513932448167 0.018319350022536058 0.018279479100153997
0 0.3735278569735013 0.8118615517249475 0.018132429856520433 0.018007571880634014
0 0.44320128514216495 0.31836443680983323 0.024007210364708535 0.023117780685424805
