0 0.13049670366140512 0.27645466877863956 0.08794678174532376 0.08886902148907001
0 0.21055749746469352 0.6784962874192458 0.07736704899714543 0.07696034358097957
0 0.3390181614802434 0.5253502772404597 0.06580528846153846 0.06577447744516227
0 0.7936741755558894 0.07423412799835205 0.2127993657038762 0.15062964879549468
0 0.11066229526813214 0.5677173321063702 0.05935349831214318 0.05964191143329327
0 0.7016984499417819 0.05640089970368605 0.06454805227426383 0.06511991757612962
0 0.2874573560861441 0.8742716862605169 0.051560475276066706 0.05115919846754808
0 0.3900971779456505 0.01571490099796882 0.03600802788367638 0.030450607721622173
0 0.3457999596228966 0.17548608779907227 0.04326673654409555 0.042681400592510514
0 0.7945510424100436 0.8874979752760667 0.06229048508864183 0.061688936673677884
0 0.6243574435894306 0.7237035311185397 0.04132417532113882 0.04143670889047476
0 0.768346199622521 0.9678583878737229 0.06595054039588341 0.05982824472280649
0 0.9576679376455454 0.31919501377986026 0.04407721299391527 0.06340789794921875
0 0.7402986379770132 0.5048079857459435 0.05117592444786659 0.05172113271859976
0 0.8962219678438627 0.2295375603895921 0.04540091294508714 0.04540208669809195
0 0.9435044802152194 0.6398748251108023 0.036979381854717545 0.03734940748948317
0 0.9066521571232722 0.01218969776080205 0.026572594275841348 0.02276830031321599
0 0.9171605476966271 0.27109591777508074 0.038434395423302285 0.03846887441781851
0 0.07764768600463867 0.012362161507973304 0.027953331287090596 0.023459044786599968
0 0.8449483284583459 0.4573504374577449 0.03920936584472656 0.03937978010911208
0 0.08550871335543118 0.7906913023728591 0.02371014540012066 0.02382513192983774
0 0.20035767555236816 0.5959970767681415 0.030498761397141676 0.03062923137958233
0 0.7624483108520508 0.0631497731575599 0.034782116229717545 0.0347286554483267
0 0.6274810204139123 0.8587215863741361 0.03920690829937275 0.039258370032677285
0 0.8251859224759616 0.5605548711923453 0.05155167212853065 0.05208044785719652
0 0.6879810920128455 0.7228733943058894 0.03686024592472957 0.036454420823317304
0 0.440367918748122 0.019049330399586603 0.03450973217303936 0.034084086234752946
0 0.39297345968393177 0.11000239849090576 0.019813904395470254 0.0197753356053279
0 0.29787177305955154 0.14205825328826904 0.0283355712890625 0.028270776455218975
0 0.2174853911766639 0.15367306195772612 0.021643858689528245 0.02165809044471154
0 0.7619863656850961 0.1399666712834285 0.04237072284405048 0.04213494520920973
0 0.23884780590350813 0.09524443516364464 0.024869295266958382 0.024726720956655648
0 0.2006534613095797 0.7406701308030349 0.020880625798152044 0.020716740534855768
0 0.3259752713716947 0.10061135658851036 0.0230712890625 0.022890311021071214
0 0.48321298452524036 0.20612072944641113 0.03287359384390024 0.03289160361656776
0 0.8760168368999774 0.9063658347496619 0.04348417428823618 0.04344529371995192
0 0.7305212754469651 0.222504395705003 0.049332838792067304 0.04928368788499098
0 0.48019739297720104 0.9049848409799429 0.019881028395432692 0.019989013671875
0 0.48104997781606823 0.5052522145784818 0.025710472693810098 0.025595444899338942
0 0.5477408262399527 0.4993453392615685 0.03778391617995042 0.03750067490797777
0 0.7686101473294772 0.8056473365196815 0.022893172044020433 0.023213313176081732
0 0.47043400544386643 0.7563153780423678 0.03229588728684645 0.0322576669546274
0 0.1614233163686899 0.34618230966421276 0.022254320291372445 0.022091498741736777
0 0.17908367743858924 0.2238164314856896 0.04022656954251803 0.04033594865065355
0 0.9266484333918645 0.3704967498779297 0.060497283935546875 0.06106479351337139
0 0.8572260783268855 0.3347678551307091 0.030586389394906852 0.030590644249549277
0 0.13151211921985334 0.17478333986722505 0.03522176008958083 0.03546325977032001
0 0.6154374342698318 0.15128515316889837 0.04359083909254808 0.043552398681640625
0 0.43108551318828875 0.5943086330707257 0.02785315880408654 0.02763029245229868
0 0.41152132474459135 0.05921607751112718 0.02797420208270733 0.02783801005436824
0 0.25188611103938174 0.9875055459829477 0.025562433096078727 0.021514305701622598
0 0.8398524797879733 0.7094335556030273 0.032840582040640026 0.03273274348332332
0 0.7821513689481295 0.025303764985157892 0.0226898193359375 0.022661337485680215
0 0.10870321897359994 0.8502390201275165 0.026428351035484902 0.026572154118464544
0 0.562779426574707 0.033847343463164106 0.03375317500187801 0.033637482386368975
0 0.5141189281757061 0.19299694207998422 0.030529315655048076 0.030527408306415264
0 0.8692742861234225 0.40239323102510893 0.03497461172250601 0.03476590376633864
0 0.8756823172936072 0.47182453595674956 0.034715505746694714 0.03416237464317909
0 0.3494776212252103 0.45472291799692005 0.03144088158240685 0.031528619619516224
0 0.6446923475999099 0.9429443065936749 0.026192591740534857 0.026314662053034857
0 0.7099748758169321 0.37749723287729114 0.031176346998948317 0.031128076406625602
0 0.11710337492135856 0.4836313541118915 0.0219268982227032 0.02190736623910757
0 0.39073856060321516 0.39701212369478667 0.027535658616286058 0.027279780461237982
0 0.04525060378588163 0.42110153344961315 0.02389195332160363 0.024020268366887018
0 0.118149262208205 0.02992097231057974 0.02308045900785006 0.023302445044884317
0 0.9487347236046424 0.47911919080294096 0.0297393798828125 0.02931822263277494
0 0.17267348216130182 0.6348141156710111 0.028952781970684346 0.028791134174053486
0 0.8426717611459585 0.4253522799565242 0.040354215181790866 0.039930563706618086
0 0.17277163725632888 0.3235666568462665 0.034145465263953574 0.033697109956007734
0 0.700099358191857 0.9400543799767127 0.04036213801457332 0.04071455735426683
0 0.7590510294987605 0.8872830317570612 0.024589978731595553 0.025084862342247598
0 0.8315599881685697 0.2888943598820613 0.03461720393254207 0.0348057380089393
0 0.09099311095017654 0.6323608985314002 0.02047448891859788 0.020644114567683294
0 0.034768297122075006 0.5707496863145095 0.018030450894282415 0.017554649939903848
0 0.7748446831336389 0.6373637272761419 0.030749100905198317 0.0312959230863131
0 0.16648780382596529 0.47438859939575195 0.025878163484426644 0.02643746596116286
0 0.7764998215895432 0.36498040419358474 0.028046534611628607 0.02769360175499549
0 0.4903969397911659 0.8336772185105544 0.023288506727952223 0.023345066950871393
0 0.4147655780498798 0.16350658123309797 0.019983878502478965 0.020176190596360426
0 0.8134742883535532 0.7353038787841797 0.029727055476262018 0.029630514291616585
0 0.17227370922382063 0.9245420602651743 0.01873779296875 0.018683506892277643
0 0.16108014033390924 0.5101738709669846 0.019408372732309196 0.01941094031700721
0 0.05882065112774189 0.7849109356219952 0.017148879858163688 0.017170832707331732
0 0.9709896674522986 0.8893356323242188 0.021275446965144232 0.0312962165245643
0 0.7298144560593826 0.7463871882512019 0.028048001802884616 0.028094951923076924
0 0.3145611836360051 0.7948331099290115 0.022228369346031777 0.022269322321965143
0 0.433933111337515 0.9270382661085862 0.019366337702824518 0.01947813767653245
0 0.27752795586219203 0.05109704457796537 0.019916240985576924 0.01996462161724384
0 0.5555076232323279 0.8709590618426983 0.022393153263972357 0.022618953998272236
0 0.8083296555739182 0.3557069485004132 0.030251429631159857 0.030312097989595853
0 0.777648192185622 0.17111954322228065 0.03311303945688101 0.03302089984600361
0 0.44060571377093977 0.5385178786057693 0.028209759638859674 0.028224064753605768
0 0.8856956041776217 0.860648668729342 0.023310001079852764 0.02339348426231971
0 0.7531830714299128 0.1912673436678373 0.03031129103440505 0.03029214418851412
0 0.8041243919959435 0.13952478078695443 0.040751090416541465 0.04032023136432354
0 0.12125904743488018 0.08406384174640362 0.037186072422907904 0.03719724141634428
0 0.24777383070725661 0.22852961833660418 0.0406648929302509 0.04103917341965895
0 0.6941654498760517 0.21730125867403471 0.03177936260516827 0.031091029827411357
0 0.15703256313617414 0.12444373277517465 0.032914271721473105 0.032747928912823014
0 0.281522457416241 0.7136236337515024 0.021529417771559495 0.021349099966195915
0 0.6924403263972356 0.8831427647517278 0.018731043888972357 0.018671622643103965
0 0.9662927480844351 0.07696977945474479 0.01938144977276142 0.021437333180354193
0 0.49053566272442156 0.3465424317580003 0.026601644662710335 0.026433944702148438
0 0.30441970091599685 0.8185378588162936 0.017992239732008714 0.018013440645658053
0 0.563630250784067 0.4802818298339844 0.02713467524601863 0.027351966271033652
0 0.493292368375338 0.877168215238131 0.024631793682391826 0.02434539794921875
0 0.23232203263502854 0.1718902221092811 0.027146119337815505 0.02738490471473107
0 0.9446710439828726 0.13575126574589655 0.029132256141075723 0.02907118430504432
0 0.8894285055307242 0.4221970484806941 0.018956404465895433 0.018725175123948317
0 0.8542374830979568 0.2468432096334604 0.03534493079552284 0.03508820900550255
0 0.32927549802339995 0.8059127514178936 0.01892544673039363 0.018763615534855768
0 0.8407819454486554 0.22303097064678484 0.028426683866060697 0.028789740342360277
0 0.20062046784621018 0.047141043039468616 0.017566680908203125 0.01756743284372183
0 0.09399209572718693 0.33767091310941255 0.01808753380408654 0.018056576068584736
0 0.6990626408503606 0.8242184565617487 0.0173800541804387 0.017296424278846152
0 0.0774610684468196 0.37259241250845104 0.034112398441021256 0.034243216881385215
0 0.9679929293118991 0.8119062276986929 0.018459026630108174 0.018557621882512018
0 0.4170377437884991 0.5544369770930364 0.024795092069185697 0.024960958040677585
0 0.054621210465064414 0.6675268319936899 0.027575758787301872 0.027517318725585938
0 0.40056709142831654 0.9843915792611929 0.017966637244591348 0.017954606276292067
0 0.833605692936824 0.8112932351919321 0.018504216120793268 0.018515660212590143
0 0.9474446223332331 0.5708710230313815 0.02199554443359375 0.02196964850792518
0 0.9074464944692758 0.8338926755464994 0.016730088454026442 0.0166473388671875
0 0.8114893986628606 0.01921653289061326 0.01719240041879507 0.01709949053250826
0 0.5097960692185622 0.42490563025841344 0.020920826838566706 0.021065638615534857
0 0.49145933297964245 0.10579289839817928 0.020103307870718148 0.020197428189791165
0 0.7989276739267203 0.22416122143085188 0.033634039071890026 0.03305596571702223
0 0.9104328155517578 0.9372705312875601 0.04640813974233774 0.04701673067533053
0 0.8659618084247296 0.2882569753206693 0.030360001784104567 0.030117328350360576
0 0.44372081756591797 0.22689342498779297 0.02035390413724459 0.020209019000713643
0 0.10278816406543438 0.6093278664809006 0.01761179703932542 0.017850949214054987
0 0.5379100579481858 0.12897777557373047 0.031893216646634616 0.03161219450143667
0 0.5409347094022311 0.9676297994760367 0.021944192739633415 0.0219418452336238
0 0.06388997114621676 0.9888116396390475 0.018524353320782002 0.017084561861478366
0 0.8255954155555139 0.9635813052837665 0.036762237548828125 0.03624534606933594
0 0.23523572775033805 0.9442088787372296 0.016535465533916768 0.016550210806039665
0 0.6601634392371545 0.8490689351008489 0.027842008150540866 0.027802687424879808
0 0.37641451908991885 0.8140511145958533 0.020200582650991585 0.02034612802358774
0 0.4592145773080679 0.4348311424255371 0.02456386272723858 0.024862216069148138
0 0.7742418876061072 0.6945552825927734 0.01790281442495493 0.017855717585637018
0 0.8015218147864709 0.7958029967087966 0.02268072275015024 0.022849009587214544
0 0.5300881312443659 0.3500917141254132 0.02502602797288161 0.02486419677734375
0 0.7600784301757812 0.7649612426757812 0.017413212702824518 0.017229226919320915
0 0.4555090023921086 0.7726345062255859 0.023651489844689004 0.023480928861177884
0 0.7689542036790115 0.44831074201143706 0.017017657940204326 0.01704230675330529
0 0.31345961644099307 0.08566414392911471 0.02297652684725248 0.023179659476647012
0 0.28800527866070086 0.4220581788283128 0.04367916400615986 0.043856253990760215
0 0.5391495044414814 0.8814365680401142 0.01990655752328726 0.019988133357121393
0 0.46976192180926984 0.8929510116577148 0.018964474017803486 0.018868519709660456
0 0.04862514825967642 0.7642820798433744 0.020607838263878457 0.021033066969651442
0 0.9175111330472506 0.5196783726031964 0.026200221135066107 0.026601791381835938
0 0.36334397242619443 0.945956303523137 0.01649929926945613 0.016415522648737982
0 0.901420153104342 0.40360421400803786 0.028621673583984375 0.028620206392728366
0 0.11568637994619516 0.10219140236194317 0.05465899980985201 0.05461894548856295
0 0.6863831006563627 0.16054710975060096 0.027643203735351562 0.027622525508587178
0 0.4009530727679913 0.5819825759300818 0.024285023029033955 0.02409678239088792
0 0.1327096682328444 0.917315409733699 0.023291991307185247 0.023555462176983174
0 0.37514737936166614 0.4647939388568585 0.02060699462890625 0.02089661818284255
0 0.9566851395827073 0.44784223116361177 0.018627753624549277 0.018632155198317308
0 0.472258054293119 0.4743994932908278 0.021119337815504808 0.021577174846942607
0 0.907380984379695 0.5819807786207932 0.01985799349271334 0.019995762751652643
0 0.7372675675612229 0.5538233243502103 0.01546478271484375 0.015797541691706732
0 0.8901079618013822 0.3249083665701059 0.02972265390249399 0.029241488530085638
0 0.9385929107666016 0.28954410552978516 0.027598747840294473 0.02786863767183744
0 0.4484386444091797 0.35646926439725435 0.04021541888897236 0.03992249415471004
0 0.05742034086814293 0.5441030722398025 0.02733877071967492 0.02740632570706881
0 0.26263930247380185 0.35350337395301235 0.14300969930795523 0.15153842705946702
0 0.45572794400728667 0.49159992658174956 0.028441942655123197 0.027820733877328727
0 0.07675493680513822 0.09831916368924655 0.025946562106792744 0.026330324319692757
0 0.15019900982196516 0.38621821770301235 0.01852761782132662 0.018526297349196214
0 0.5951717083270733 0.7131277231069711 0.021089700552133415 0.021335308368389424
0 0.2899458958552434 0.3625389245840219 0.02610441354604868 0.026369461646446817
0 0.9091768998366135 0.3076172975393442 0.024251204270582933 0.025095132681039665
0 0.6125895426823542 0.9823196117694561 0.02289728017953726 0.023127042330228366
0 0.6483565110426682 0.22140004084660456 0.04186718280498798 0.04082679748535156
0 0.07571690816145676 0.21505315487201399 0.01671770902780386 0.016474797175480768
0 0.5876988631028396 0.9546422224778396 0.051290732163649336 0.05082922715407152
0 0.571088277376615 0.7393970489501953 0.025452247032752402 0.02492347130408654
0 0.5234810755803034 0.2387418380150428 0.028983189509465143 0.02815705079298753
0 0.4598008669339694 0.7973054005549505 0.017575704134427585 0.01767760056715745
0 0.8387165069580078 0.2027886464045598 0.020694585946890023 0.021393702580378607
0 0.46028562692495495 0.391570678124061 0.022806314321664665 0.0229800297663762
0 0.027505237322587233 0.636172367976262 0.01474617994748629 0.022212101862980768
0 0.8027305603027344 0.03444897670012254 0.01406390850360577 0.014083165388840895
0 0.5894860487717849 0.431396851172814 0.027802100548377402 0.027670933650090143
0 0.27116652635427624 0.9410943251389724 0.017624708322378304 0.017696674053485576
0 0.44653679774357724 0.5223786280705378 0.023305159348707933 0.023346387423001803
0 0.8840808868408203 0.7279715904822717 0.021940084604116585 0.0220645024226262
0 0.3416543740492601 0.8912416604849008 0.018785990201509915 0.018777113694411058
0 0.8268605012160081 0.8429740759042593 0.016384418194110576 0.01632206256573017
0 0.31484508514404297 0.561444355891301 0.019568791756263144 0.019687799307016227
0 0.7160525688758264 0.896489510169396 0.020661574143629808 0.020565619835486777
0 0.6670794120201697 0.8915169055645282 0.024912027212289665 0.024597901564378005
0 0.7367227994478666 0.6615568307729868 0.020101400522085335 0.019805908203125
0 0.5279708642225999 0.4021756098820613 0.03372661884014423 0.033765352689302884
0 0.9457815610445462 0.2663675088148851 0.019164892343374398 0.01915583243736854
0 0.39652068798358625 0.36442675957312953 0.02935791015625 0.02927398681640625
0 0.07143846383461586 0.059616139301886924 0.021886669672452487 0.02242726546067458
0 0.8950166702270508 0.10422072043785682 0.03340691786545973 0.03347635269165039
0 0.5972722860483023 0.9908315952007587 0.020160528329702523 0.01578653775728666
0 0.26334986319908726 0.09386975948627178 0.06192720853365385 0.0603220692047706
0 0.5523442488450271 0.3749273740328275 0.028937119704026442 0.028980255126953125
0 0.17812281388502854 0.4533696541419396 0.022655340341421273 0.02250950153057392
0 0.9374127021202674 0.497619078709529 0.027144798865685098 0.027388719411996696
0 0.4644293785095215 0.3242773642906776 0.03803165142352764 0.037451835779043346
0 0.9569376431978666 0.15578266290517953 0.03187003502478966 0.03247450865232027
0 0.37070245009202224 0.3840656647315392 0.017666743351862982 0.01782644712007963
0 0.8493978060208834 0.9069986343383789 0.014693333552433895 0.01452343280498798
0 0.40849935091458833 0.20715214655949518 0.017822705782376803 0.01768185542179988
0 0.8607131517850436 0.3083940652700571 0.022965651292067308 0.022629224337064303
0 0.5463421894953802 0.5525782658503606 0.043110040517953724 0.04340281853309044
0 0.19361149347745454 0.009353629671610318 0.033355309413029596 0.017384137098605815
0 0.5776730317335862 0.22446663563068098 0.02552061814528245 0.025515189537635215
0 0.08333809559161846 0.9920421013465295 0.025546839604010947 0.013907505915715145
0 0.7147857959453876 0.6590823393601638 0.017696380615234375 0.017491560715895433
0 0.027066003817778368 0.47742205399733323 0.013963318788088284 0.01898061312161959
0 0.635763535132775 0.687110607440655 0.0324550041785607 0.032007070688100964
0 0.11207111065204327 0.19720979837270883 0.032147921048677884 0.03261646857628456
0 0.9181319016676682 0.2185838772700383 0.014771975003756009 0.014861290271465596
0 0.7576298346886268 0.2642249327439528 0.023823664738581732 0.02396737612210787
0 0.6954341301551232 0.3527866510244516 0.024810350858248197 0.024806096003605768
0 0.3991521688608023 0.43118146749643177 0.022722537700946514 0.02281042245718149
0 0.43467044830322266 0.4012790826650766 0.01842814225416917 0.018293454096867487
0 0.7771786176241361 0.2801269751328688 0.026455072256234977 0.026626000037560098
0 0.7833378131573017 0.5203940318180964 0.01719518808218149 0.017128871037409857
0 0.06844897453601544 0.4892075245197003 0.023107583706195537 0.023210965670072116
0 0.3170313468346229 0.12863502135643592 0.01789247072660006 0.01799455055823693
0 0.6753244400024414 0.7796132014347956 0.02252476031963642 0.021565363957331732
0 0.666193595299354 0.9281676365778997 0.019036366389347956 0.01925380413348858
0 0.13011778317964995 0.6964127467228816 0.018233666053185098 0.018169696514423076
0 0.27915096282958984 0.27410233937777007 0.020886861360990085 0.020816766298734225
0 0.7600529010479267 0.7118414365328275 0.015757634089543268 0.0162503169133113
0 0.3069205650916466 0.37956934708815354 0.01674652099609375 0.01641684312086839
0 0.9277120003333459 0.3349595803480882 0.02237980182354267 0.022118128263033353
0 0.8566188812255859 0.5838839457585261 0.020588508019080527 0.020977313701923076
0 0.8086993877704327 0.854891850398137 0.019117208627554085 0.019332005427433893
0 0.6952213874230018 0.24729501284085786 0.029124039870042067 0.02897189213679387
0 0.4156681207510141 0.4029048772958609 0.023937372060922477 0.024108446561373197
0 0.8801452930157001 0.8149733176598182 0.015261136568509616 0.015246171217698317
0 0.6029741580669696 0.7684544783372146 0.0361175537109375 0.035614013671875
0 0.40893033834604114 0.24594354629516602 0.02210837144118089 0.02220355547391451
0 0.1623546526982234 0.39842899029071516 0.017449268927940957 0.01755692408635066
0 0.789089349599985 0.3441528540391188 0.020993452805739183 0.02095963404728816
0 0.06187389905636127 0.4369320502647987 0.01683683578784649 0.016890599177433893
0 0.530080611889179 0.03937304936922514 0.019808182349571817 0.01997358753130986
0 0.4453898576589731 0.3591310060941256 0.03326232616717999 0.03344521155724159
0 0.7139323307917669 0.8664745917687049 0.026991624098557692 0.027077161348783053
0 0.03336863792859591 0.12016871342292199 0.015047568541306715 0.014884728651780348
0 0.0507807731628418 0.3866505256065956 0.025786867508521445 0.025533235990084134
0 0.03414607277283302 0.9017857771653396 0.03373990150598379 0.044035104604867786
0 0.21654516000014085 0.4241346579331618 0.015077884380634014 0.014903582059420072
0 0.03375448630406307 0.6180435327383188 0.015113317049466647 0.015358851506159855
0 0.10815141751216008 0.45319780936607945 0.016954311957726113 0.016889572143554688
0 0.5432218404916617 0.5523110903226413 0.03550456120417668 0.03628892164963942
0 0.7875226827768179 0.447871941786546 0.015254827646108774 0.014976061307466947
0 0.19207349190345177 0.719212898841271 0.015005698570838341 0.014952292809119591
0 0.8412298055795523 0.79083251953125 0.019819112924429085 0.019831143892728366
0 0.025377505100690402 0.9707646003136268 0.01512748461503249 0.01831788283128005
0 0.707837178156926 0.6478284689096304 0.022423377403846152 0.022190974308894232
0 0.5023744289691632 0.8918851705697867 0.015102533193734976 0.015478134155273438
0 0.7039092870859 0.28619933128356934 0.04316990192119892 0.0432740358205942
0 0.17182588577270508 0.017874715419916008 0.03098326462965745 0.031026143294114333
0 0.34009500650259167 0.1298756691125723 0.013941691471980168 0.013977362559391903
0 0.3183324887202336 0.26200037736159104 0.024176304156963643 0.024298594548152044
0 0.1485459437737098 0.46183065267709583 0.019272804260253906 0.01900350130521334
0 0.6803878637460562 0.6739826202392578 0.018038382897010215 0.0181887700007512
0 0.7289273922259991 0.8326517251821665 0.014263446514423076 0.014212681696965145
0 0.5971102714538574 0.536038141984206 0.015004891615647536 0.01517471900353065
0 0.8831255986140325 0.37696075439453125 0.022969465989332933 0.022892585167518027
0 0.3290521181546725 0.957950078524076 0.030216730557955228 0.029601023747370794
0 0.4943115527813251 0.5895439661466159 0.026137865506685697 0.026323611919696514
0 0.885588866013747 0.3561442448542668 0.019045316256009616 0.01929781987116887
0 0.8773343012883112 0.7584207974947416 0.01828736525315505 0.018361605130709134
0 0.8883936221782978 0.15015455392690805 0.019867383516751803 0.020328264970045824
0 0.9587896787203275 0.18240899306077224 0.021916609544020433 0.02208856435922476
0 0.44537940392127406 0.42514610290527344 0.019081996037409857 0.019530369685246393
0 0.15285347058222845 0.5653408490694486 0.025008531717153695 0.025386516864483174
0 0.906620245713454 0.7403322366567758 0.01630269564115084 0.016426526583158053
0 0.542904230264517 0.19355223729060247 0.015787564791165866 0.016118196340707634
0 0.09175231823554406 0.3942352808438815 0.019086122512817383 0.01927493168757512
0 0.3860361392681415 0.4449575130756085 0.0201113774226262 0.020151578463040866
0 0.57618104494535 0.4988387181208684 0.02042234860933744 0.020655265221228965
0 0.02943354845046997 0.8195243248572717 0.015279109661395732 0.015163861788236178
0 0.49065611912653995 0.4853646205021785 0.015658011803260215 0.016352286705603965
0 0.8619480133056641 0.5581381137554462 0.014482938326322116 0.014255376962515024
0 0.9165982466477615 0.309509827540471 0.03525191086989183 0.0332037852360652
0 0.4709477057823768 0.7844228010911208 0.015501169057992788 0.014959482046274038
0 0.5975304383497971 0.18380854679987982 0.017414973332331732 0.01769054852999174
0 0.938656733586238 0.5335205151484563 0.02139428945688101 0.021503375126765326
0 0.43432965645423305 0.046395219289339505 0.021202527559720553 0.020919985496080838
0 0.7606409513033353 0.2401117178109976 0.022264627309945915 0.02209623043353741
0 0.4175426776592548 0.10407894391279954 0.014845628004807692 0.015285088465763973
0 0.041748445767622724 0.15271430749159592 0.01951612876011775 0.0197450931255634
0 0.5800412618196927 0.18742132186889648 0.015592575073242188 0.01540514139028696
0 0.6021755658663236 0.7641534805297852 0.04190386258638822 0.04262469365046574
0 0.8896192403940054 0.4243422288161058 0.023585686316856973 0.02273383507361779
0 0.48326316246619594 0.39873761397141677 0.0237887455866887 0.024103751549353965
0 0.5978815738971417 0.20733501360966608 0.021870246300330527 0.022275301126333382
0 0.05301094055175781 0.2705990901360145 0.016940575379591722 0.016865987044114333
0 0.08741490657512958 0.1356021807743953 0.020619612473707933 0.02049457109891451
0 0.914577264052171 0.5429493097158579 0.014201677762545072 0.014175121600811299
0 0.8184230511005108 0.48042781536395734 0.016284355750450723 0.01616492638221154
0 0.3337655801039476 0.5705534861637995 0.017746778634878304 0.017884181096003607
0 0.4552039366502028 0.4974361933194674 0.03364416269155649 0.0354466805091271
0 0.7028629596416767 0.11086293367239144 0.017536163330078125 0.017652328197772685
0 0.9352149963378906 0.28479594450730544 0.028102874755859375 0.03216985555795523
0 0.126099366408128 0.20905480018028846 0.024597681485689603 0.024609088897705078
