0 0.7546665485088642 0.14746930049015924 0.13274002075195312 0.20021489950326773
0 0.7154102325439453 0.5055475968580979 0.0957802992600661 0.09568229088416466
0 0.5622675235454853 0.12661581773024339 0.06344252366286057 0.06391363877516526
0 0.26639853990994966 0.7202936319204477 0.03196940055260292 0.03187150221604567
0 0.4552190853999211 0.9842106745793269 0.030132073622483473 0.026449937086838942
0 0.2789541758023776 0.7939123006967398 0.028454120342548076 0.028666863074669473
0 0.30382594695458043 0.235109622661884 0.04770744763887846 0.04750339801494892
0 0.28363605645986706 0.3912469423734225 0.042464036207932696 0.0426329099214994
0 0.2623440669133113 0.06028483464167668 0.06036186218261719 0.06143404887272762
0 0.5295370908883902 0.7774578241201547 0.0209048344538762 0.020768385667067308
0 0.226898376758282 0.029722832716428317 0.08946734208327073 0.057524259273822494
0 0.7111729841965896 0.26085453767042893 0.050203763521634616 0.04989499312180739
0 0.38838797349196214 0.8070234151986929 0.017798203688401442 0.017804365891676683
0 0.4884201196523813 0.5071386924156775 0.20521207956167367 0.2100345905010517
0 0.7913216810960036 0.3248112751887395 0.01800683828500601 0.01781331575833834
0 0.45653585287240833 0.8799351178682767 0.022941442636343148 0.023011280940129206
0 0.7895196767953726 0.5532124592707708 0.020089076115534857 0.019954167879544772
0 0.5493931403526893 0.4112696280846229 0.2510563777043269 0.268656088755681
0 0.5896077889662522 0.8759492727426382 0.019337580754206732 0.01927361121544471
0 0.33763012519249547 0.9055234468900241 0.017588248619666465 0.017433753380408652
0 0.5543862489553598 0.42406078485342175 0.028975633474496696 0.02935343522291917
0 0.3147938068096454 0.7794901040884165 0.024071913499098558 0.024390000563401442
0 0.4088735580444336 0.9771725581242487 0.015399345984825721 0.015500728900615986
0 0.5198251284085788 0.20406513947706956 0.015464342557466947 0.015384820791391226
0 0.6175144635714017 0.8811600024883564 0.021507850060096152 0.021708268385667067
0 0.3618481709406926 0.24043622383704552 0.02848537151630108 0.028606341435359076
0 0.39493252680851865 0.1765156342433049 0.03792865459735577 0.03719476553109976
0 0.28600193903996396 0.7089878962590144 0.2301616668701172 0.27633094787597656
0 0.4201350578894982 0.039540850199185885 0.015825858482947715 0.015802073937195998
0 0.5897703537574182 0.9495711693396935 0.015251819904033955 0.015319090623121995
0 0.28265223136314976 0.8762048574594351 0.019942356989933893 0.019974928635817308
0 0.2949070563683143 0.08218083931849553 0.018081224881685697 0.01831852472745455
0 0.540402339054988 0.7992775990412786 0.016507515540489785 0.016211583064152643
0 0.27797242311330944 0.09789034036489633 0.030931546137883112 0.03035424305842473
0 0.747922237102802 0.020872239883129414 0.014992200411283053 0.014627672158754788
0 0.5007532926706167 0.17867579826941857 0.02049563481257512 0.02052439176119291
0 0.451719724214994 0.7991820115309495 0.01623050983135517 0.016169914832481973
0 0.4805414860065167 0.770926989041842 0.014471934391902043 0.014541332538311299
0 0.7998972672682542 0.16756186118492714 0.016986553485576924 0.016761633066030648
0 0.5417426182673528 0.02955480034534748 0.05306383279653696 0.05325831358249371
0 0.195694978420551 0.9760309366079477 0.02177744645338792 0.02163094740647536
0 0.3519235390883226 0.17771717218252328 0.040506142836350664 0.041472288278432995
0 0.5758569423968976 0.2846389917226938 0.015149630033052884 0.014984937814565806
0 0.6928193752582257 0.0577088686136099 0.09399237999549279 0.09337454575758714
0 0.4450132663433368 0.7380899282602164 0.0169980709369366 0.017014136681189902
0 0.22756196902348444 0.890587146465595 0.014289782597468449 0.014270195594200721
0 0.3495698341956505 0.18127716504610503 0.033819932204026446 0.033472537994384766
0 0.5793784214900091 0.44423789244431716 0.02837547889122596 0.0290067379291241
0 0.20690696056072527 0.9368528219369742 0.07121889407818134 0.12135960505558895
0 0.8019952774047852 0.4140313955453726 0.014573610745943509 0.014223979069636418
0 0.2570164387042706 0.7588601479163537 0.15071333371675932 0.16363906860351562
0 0.2868002744821402 0.5207460476801946 0.22111929379976714 0.2420646227323092
0 0.5480161813589243 0.39946677134587216 0.09266457190880409 0.10348716148963341
0 0.4663589917696439 0.8064746856689453 0.015503369844876803 0.015801503108097956
0 0.6332037999079778 0.895504878117488 0.019421210655799277 0.019242506760817308
0 0.6567363739013672 0.499515753525954 0.015812507042518027 0.01580942594088041
0 0.5998169825627253 0.9065918555626502 0.016639049236591045 0.017544379601111777
0 0.5994286170372596 0.9033211928147536 0.015086100651667668 0.015322465163010817
