0 0.40024342903724086 0.5572283084575946 0.11123077686016376 0.11213493347167969
0 0.6782329999483548 0.9057279733511118 0.09502851046048678 0.0948803241436298
0 0.1045684814453125 0.4004870561453012 0.08662348527174729 0.08570715097280648
0 0.6649103898268479 0.44935343815730167 0.06779215886042668 0.06786918640136719
0 0.5952986203707181 0.5656599631676307 0.07670651949368991 0.0762320298414964
0 0.8097922985370343 0.5138444166917068 0.06525597205528846 0.06485044039212741
0 0.41196529681865984 0.32653133685772234 0.04566038571871244 0.0459437737098107
0 0.49146322103647083 0.12377009941981389 0.05590365483210637 0.055909578616802506
0 0.7046709794264573 0.04713669190040001 0.04348050631009615 0.04260551012479342
0 0.2924476403456468 0.5085136340214655 0.029395103454589844 0.02917333749624399
0 0.8229540311373197 0.14433616858262283 0.03936356764573317 0.0390477180480957
0 0.7220196357140174 0.1589960685143104 0.046320548424353965 0.04639009328988882
0 0.4735611402071439 0.5092204900888296 0.04487683222844051 0.045405021080603965
0 0.4775882134070763 0.8376669516930213 0.03600017841045673 0.03612430279071514
0 0.649103751549354 0.2310786247253418 0.047133225661057696 0.046933540931114785
0 0.24714315854586089 0.5288478044363168 0.025444764357346755 0.025638653681828424
0 0.24103199518643892 0.13637086978325477 0.03708153504591722 0.037032585877638594
0 0.47715179736797625 0.06868478885063758 0.046172728905310996 0.04602236014146071
0 0.6708441514235276 0.4963818330031175 0.034792386568509616 0.03521508436936598
0 0.2907712276165302 0.23471219723041242 0.05122302128718449 0.05108803969163161
0 0.46830294682429385 0.7824448805588943 0.026543543888972357 0.026367774376502402
0 0.8677121675931491 0.5713562598595252 0.034467843862680286 0.03448148874136118
0 0.16836006824786848 0.13809732290414664 0.03860737727238582 0.03824263352614183
0 0.17653635831979606 0.7449723757230319 0.020681051107553337 0.020710284893329326
0 0.14748181746556208 0.6303018423227164 0.020489967786348783 0.020566500150240384
0 0.6213274002075195 0.15947250219491813 0.02480770991398738 0.024816375512343187
0 0.592247302715595 0.27475938430199254 0.018043958223783053 0.018014064201941855
0 0.7307686438927283 0.0797425966996413 0.040345412034254804 0.04041317793039175
0 0.7535258073073167 0.18378202731792742 0.036667163555438705 0.03618016609778771
0 0.82385987501878 0.9689909861637995 0.019388345571664665 0.019231796264648438
0 0.3545965781578651 0.2464288198030912 0.027219625619741585 0.027430607722355768
0 0.6983735011174128 0.3730167975792518 0.08821531442495492 0.0882271986741286
0 0.17152742239145133 0.2505478858947754 0.03309844090388371 0.0330811280470628
0 0.7663676922137921 0.09561341542464036 0.029487022986778848 0.02954545387854943
0 0.2974502673515907 0.6050685735849234 0.034781419313870944 0.03460341233473558
0 0.5832382348867563 0.7844836161686823 0.01927801278921274 0.019173548771784857
0 0.47902239285982573 0.24799677041860727 0.025510054368239183 0.02532504155085637
0 0.20502424240112305 0.0595126748085022 0.040120418255145736 0.040399798980126016
0 0.22181863051194411 0.20850284282977766 0.028644341688889723 0.028563316051776592
0 0.13228830924400917 0.2470079752115103 0.040570589212270886 0.040581886584942155
0 0.22951612105736366 0.03413433753527128 0.028053870567908652 0.028327254148629997
0 0.2508962337787335 0.2161720349238469 0.023998774014986478 0.023826012244591348
0 0.1775524799640362 0.1882608853853666 0.032915555513822116 0.03258536412165715
0 0.07878499764662522 0.2831264825967642 0.03435579171547523 0.03430311496441181
0 0.22251477608313927 0.5233962719257061 0.017979548527644232 0.017917779775766227
0 0.5805695607112005 0.14698563172267035 0.0463405022254357 0.04609792049114521
0 0.7701373467078576 0.23881351030789888 0.04546033419095553 0.045667868394118086
0 0.9064611288217398 0.9019895700307993 0.0721444350022536 0.13663159883939302
0 0.07662463188171387 0.6999063491821289 0.04614697969876803 0.04974438593937801
0 0.931001223050631 0.719089361337515 0.020260444054236777 0.02015832754281851
0 0.6184840569129357 0.6728000640869141 0.06500493563138522 0.06518319936899039
0 0.5401645073523889 0.5675898331862229 0.01948092533991887 0.019567196185772236
0 0.7973604935866135 0.5674943557152381 0.019729027381310098 0.019955268272986777
0 0.48147135514479417 0.8861334874079778 0.0178221922654372 0.017949911264272835
0 0.9228274272038386 0.4593601960402269 0.04129101679875301 0.06892541738656852
0 0.2602853041428786 0.2822562731229342 0.08913274911733773 0.09013440058781551
0 0.914309575007512 0.5817618370056152 0.05869792057917668 0.06424280313345102
0 0.30501677439763 0.2669086272899921 0.022302921001727764 0.022454481858473558
0 0.21855761454655573 0.385615532214825 0.04375721858097957 0.04409929422231821
0 0.2874717712402344 0.1871022811302772 0.04148571307842548 0.041619300842285156
0 0.5492996802696815 0.37032644565288836 0.020054450401893027 0.020036770747258112
0 0.7126111250657302 0.2125682830810547 0.03104400634765625 0.03124523162841797
0 0.7978496551513672 0.9448522421029898 0.017734234149639424 0.017800551194411058
0 0.728577760549692 0.7966641646165115 0.05478213383601262 0.054097689115084134
0 0.3799756123469426 0.4155264634352464 0.028267273536095254 0.028395726130558893
0 0.2697598383976863 0.5189585318932166 0.025052290696364183 0.02492068364070012
0 0.7815994849571815 0.8000254997840295 0.040307851938100964 0.03979081373948317
0 0.2739763626685509 0.5657592186560998 0.06372957963209885 0.06497925978440505
0 0.8021085445697491 0.6670489678016076 0.05799146798940805 0.05862015944260817
0 0.20397221125089204 0.5856014031630296 0.016707457028902493 0.016414789053109977
0 0.2548031440147987 0.17950883278479943 0.022047776442307692 0.022156348595252402
0 0.7576486880962665 0.5602524097149189 0.06726587735689603 0.06630149254432091
0 0.3904116337115948 0.38735661139855015 0.040009498596191406 0.03937486501840445
0 0.6073921276972845 0.10028982162475586 0.040051900423490085 0.040046398456280045
0 0.12243788058941181 0.9123062720665565 0.021311356471135065 0.021414830134465143
0 0.8345639155461237 0.9139238504263071 0.015403160682091346 0.01546184833233173
0 0.6944563939021184 0.47840444858257586 0.017002986027644232 0.01674167926494892
0 0.8202210939847506 0.3928170937758226 0.0464324951171875 0.04575149829571064
0 0.7899710581852839 0.019991638568731453 0.021351740910456732 0.021287601727705736
0 0.346070803128756 0.6351163570697491 0.014619167034442607 0.014634205744816707
0 0.8373575210571289 0.31609241779033953 0.0537110842191256 0.053945761460524336
0 0.11880773764390212 0.19577739788935736 0.06150597792405348 0.06379835422222431
0 0.18931337503286508 0.3054209672487699 0.04163646697998047 0.04270513241107647
0 0.7842945685753455 0.629254414485051 0.08578344491811898 0.08497986426720253
0 0.14917395665095404 0.31160523341252255 0.029898643493652344 0.029042152258066032
0 0.5113485776461087 0.44125659649188703 0.02207315885103666 0.021777006296011116
0 0.5486345291137695 0.10801216272207406 0.05649155836838942 0.05594781728891226
0 0.510557614839994 0.37327322593102086 0.05521700932429387 0.05537106440617488
0 0.6259472920344427 0.18374127608079177 0.024339969341571514 0.024390440720778245
0 0.3897957435021034 0.10975880806262676 0.037302457369290866 0.03653275049649752
0 0.11974908755375789 0.3160218092111441 0.020772420443021335 0.02079904996431791
0 0.8093621180607722 0.17212517444904035 0.02154717078575721 0.021718281965989333
0 0.2490071149972769 0.760398424588717 0.01502400178175706 0.015057783860426683
0 0.18958399846003607 0.11973931239201473 0.0173189456646259 0.017485435192401592
0 0.6884919680081881 0.6238571313711313 0.09729986924391526 0.0973513676570012
0 0.594918471116286 0.05565919325901912 0.03479495415320763 0.03458721821124737
0 0.7532832805926983 0.9612593284020057 0.15824156541090745 0.07721548814039964
0 0.3586277228135329 0.3187388273385855 0.03007345933180589 0.03069305419921875
0 0.11320246182955228 0.8058354304387019 0.014999096210186299 0.014878052931565505
0 0.6356727893535907 0.07915110771472637 0.03458463228665865 0.03513715817378117
0 0.5703330406775842 0.3053297262925368 0.01472942645733173 0.014792515681340145
0 0.6811357644888071 0.5740107022798978 0.0420988523043119 0.04146165114182692
0 0.7035243694598858 0.6781438680795523 0.014600607065054087 0.014548961932842549
0 0.553345093360314 0.0829165532038762 0.10192614335280198 0.10120586248544547
0 0.4479435407198392 0.12977809172410232 0.01916841360238882 0.018868171251737155
0 0.5898109215956467 0.1202697387108436 0.014974374037522536 0.014946864201472355
0 0.5145629736093374 0.3155934260441707 0.03677712954007662 0.036381042920626126
0 0.14604085225325364 0.8054337134728065 0.01969122886657715 0.019921522874098558
0 0.32694838597224307 0.5714504902179425 0.04466539162855882 0.04484294011042668
0 0.5496581150935247 0.47583935810969424 0.04951389019305889 0.05008756197415865
0 0.5061012781583346 0.7142750666691706 0.01481166252723107 0.014939821683443509
0 0.8263662778414212 0.7654976477989783 0.02453275827261118 0.024773230919471152
0 0.5366568198570838 0.4019792996920072 0.035518719599797174 0.03541366870586689
0 0.2580452332129845 0.36842918395996094 0.05127584017240084 0.05234615619365986
0 0.10614219078650841 0.18545121413010818 0.038407435783973105 0.03818493622999925
0 0.8278051523061899 0.5858661211453952 0.02196532029371995 0.022311283991887018
0 0.7941188078660232 0.7284427789541391 0.016780853271484375 0.01704553457406851
0 0.2919608629666842 0.7343207139235276 0.04122022482065054 0.04228122417743389
0 0.21841863485483023 0.28532994710482085 0.07131495842566857 0.07110856129572941
0 0.9061022538405198 0.15037786960601807 0.039492093599759616 0.03843100254352276
0 0.46135271512545073 0.23228669166564941 0.01718447758601262 0.01713279577401968
0 0.547317101405217 0.7288103103637695 0.026531219482421875 0.026477960439828727
0 0.7040374462421124 0.7141864483173077 0.016027010404146634 0.016058995173527643
0 0.7549969599797175 0.006866619564019716 0.019343156080979567 0.012879345279473525
0 0.183317991403433 0.7893739847036508 0.026540169349083535 0.02688730680025541
0 0.13117392246539777 0.6683340072631836 0.015004763236412635 0.015120432927058293
0 0.3203428708589994 0.36788735022911656 0.015277422391451322 0.015456859882061299
0 0.8913423098050631 0.6729574203491211 0.015789031982421875 0.015815294705904447
0 0.07348841428756714 0.3108974970304049 0.020834510142986592 0.020290888272798978
0 0.5085974106421838 0.007805883884429932 0.015420766977163462 0.014039312417690571
0 0.7866856501652644 0.18435536898099458 0.02455931443434495 0.024082697354830228
0 0.4017201203566331 0.13295976932232195 0.02016133528489333 0.020255859081561748
0 0.2013437014359694 0.8405255537766677 0.024819264045128457 0.024478032038762018
0 0.37874918717604417 0.31339102524977464 0.02337044935960036 0.023137881205632135
0 0.08895142261798565 0.6613897176889273 0.04231772514489981 0.04303653423602764
0 0.8504849947415866 0.8678671029897836 0.015163128192608174 0.015233259934645433
0 0.07798448892740104 0.7270048581636869 0.026271930107703574 0.026208143967848558
0 0.8398664181049054 0.05145705663240873 0.01781771733210637 0.017632154318002555
0 0.2826080872462346 0.5403653658353366 0.021200180053710938 0.02065453162560096
0 0.7055160815899189 0.558774104485145 0.020432692307692308 0.020558577317457933
0 0.1626758575439453 0.7010736465454102 0.014098387498121995 0.0142668210543119
0 0.12220523907588078 0.7652752216045673 0.017148494720458984 0.017231574425330527
0 0.8123788833618164 0.11115612433506893 0.0276339604304387 0.027133373113778923
0 0.11750461505009578 0.6142568588256836 0.01791799985445463 0.018518888033353366
0 0.320105112515963 0.12304162979125977 0.01662136958195613 0.016627018268291768
0 0.7408555837777945 0.9871399219219501 0.043450575608473554 0.022006841806265023
0 0.44771979405329776 0.25275102028479945 0.02161099360539363 0.021465594951923076
0 0.19186012561504656 0.550139647263747 0.016414642333984375 0.016607211186335638
0 0.274975978411161 0.015000904981906597 0.04787177305955153 0.02881074410218459
0 0.7394603582528921 0.8789437367365911 0.02044222905085637 0.02047142615685096
