0 0.23708031727717474 0.5600913854745718 0.12995367783766526 0.13191736661470854
0 0.5060751254741962 0.34793795072115385 0.03270413325383113 0.03304364131047176
0 0.3123573156503531 0.4217975323016827 0.04862607442415678 0.04914071009709285
0 0.43010344872107875 0.649504514840933 0.06769745166485126 0.0674893305851863
0 0.49352073669433594 0.4533884341900165 0.027847876915564902 0.027724632850060098
0 0.3982039231520433 0.5118013528677133 0.026086953970102165 0.026275634765625
0 0.3248406923734225 0.951136222252479 0.02107517535869892 0.020992425771859977
0 0.4391030898460975 0.416021677163931 0.0205228512103741 0.02042983128474309
0 0.17374777793884277 0.5082619740412786 0.06872477898230919 0.0729983403132512
0 0.1464245869563176 0.864967052753155 0.01719804910513071 0.01906585693359375
0 0.1912404207082895 0.7345867156982422 0.07504660349625808 0.07627721933218148
0 0.8042800609882061 0.9857538663423978 0.01707282433143029 0.0169064448429988
0 0.2340672749739427 0.6892870389498197 0.026868893549992487 0.026967562161959134
0 0.1679531610929049 0.9558084194476788 0.016338275029109076 0.016378402709960938
0 0.7503135387714093 0.543771010178786 0.015819696279672477 0.0160677983210637
0 0.21327612950251654 0.9393557035006009 0.01760721206665039 0.017540418184720553
0 0.15706750062795785 0.5936454626230093 0.03474547312809871 0.035339062030498795
0 0.3383607864379883 0.3024304646712083 0.05600782541128305 0.05540734070997972
0 0.39113059410682094 0.9459673074575571 0.016263668353740986 0.01626000037560096
0 0.2503662109375 0.45521167608407825 0.07510662078857422 0.07570435450627254
0 0.5968949244572566 0.7030445979191706 0.01689602778508113 0.016906298123873197
0 0.35406046647291917 0.7923184174757737 0.016478318434495192 0.01652394808255709
0 0.4077776395357572 0.16400927763718826 0.049687678997333236 0.04990596037644606
0 0.46193423637977016 0.9803289266733023 0.016275625962477464 0.016414495614858773
0 0.43575132810152495 0.993077644935021 0.016776158259465143 0.012061779315655049
0 0.32978035853459287 0.5606202345628005 0.018799415001502402 0.018830372737004206
0 0.7590727439293494 0.9390120873084435 0.07280408419095553 0.07349439767690805
0 0.4490304726820726 0.26015503589923566 0.04898386735182542 0.04880105532132662
0 0.8248783991887019 0.3413831270658053 0.015666961669921875 0.015863565298227165
0 0.5881083928621732 0.19355935316819411 0.016295139606182393 0.016258863302377555
0 0.2865021595588097 0.6274037727942834 0.04704486406766451 0.04757558382474459
0 0.21502362764798677 0.1588435173034668 0.03739224947415865 0.036626448998084433
0 0.3158390705402081 0.8323233677790716 0.017664175767164964 0.017759176400991585
0 0.34155068030724156 0.7218776849599985 0.015587513263408955 0.015594188983623799
0 0.5893773298997146 0.25386711267324596 0.016084817739633415 0.015986002408541165
0 0.5859439923213079 0.5059752831092248 0.06381394312931941 0.06328524076021634
0 0.5225102351262019 0.13574895491966835 0.03389453887939453 0.033602164341853216
0 0.17605876922607422 0.21866083145141602 0.016727924346923828 0.0166780765240009
0 0.4944456907419058 0.5994414549607497 0.09887438554030198 0.09779196519118089
0 0.7495729006253756 0.14281406769385704 0.016335414006159857 0.016172335698054388
0 0.44491877922644985 0.4835276970496544 0.02134279104379507 0.021209349999060996
0 0.16783336492685172 0.4230311467097356 0.015998180095966045 0.01610535841721755
0 0.37416282066932094 0.5525243465717022 0.01744681138258714 0.01782813439002404
0 0.4621264384343074 0.3149587557866023 0.037428635817307696 0.03807874826284555
0 0.6990040999192458 0.5503377180833083 0.0160366938664363 0.015747510469876803
0 0.46410340529221755 0.12147760391235352 0.051016734196589544 0.0513151608980619
0 0.4715769107525165 0.7439050674438477 0.045429376455453724 0.04521927466759315
0 0.466795224409837 0.46557055986844575 0.021614441504845254 0.02167349595289964
0 0.42745296771709734 0.7800422081580529 0.04256219130295973 0.04207772475022536
0 0.6053350155170147 0.5921061589167669 0.018770951491135817 0.019000420203575723
0 0.4854809320889987 0.9226603141197791 0.017212060781625602 0.017174647404597357
0 0.3807162871727577 0.6970847203181341 0.0554045163668119 0.055040212777944714
0 0.4630841108468863 0.951079955467811 0.014858612647423377 0.014968431912935697
0 0.222228086911715 0.1259892353644738 0.047485718360314004 0.04817771911621094
0 0.644940449641301 0.04685579813443697 0.015188657320462741 0.015148016122671274
0 0.561928969163161 0.3275636159456693 0.019551937396709736 0.019738270686222956
0 0.375860727750338 0.5044062321002667 0.02074270982008714 0.02091693878173828
0 0.1580201479104849 0.31109112959641677 0.014908130352313701 0.01494150895338792
0 0.2356128325829139 0.7630965893085186 0.016752316401554987 0.016822228064903848
0 0.44235985095684344 0.8565348111666166 0.0434419191800631 0.04552591764009916
0 0.271865569628202 0.30821906603299654 0.016388746408315804 0.01660295633169321
0 0.3684072494506836 0.6306058443509616 0.018492772028996393 0.018559675950270433
0 0.8337025275597205 0.9132489424485427 0.05674831683819111 0.06099965022160457
0 0.44708791145911586 0.025929742134534396 0.016644697922926683 0.016491211377657376
0 0.7885629213773288 0.8287116564237155 0.019582308255709134 0.019853738638070915
0 0.24855188223031852 0.15111206128047064 0.017047955439640924 0.01740877444927509
0 0.20496397752028245 0.63306397658128 0.03938917013315054 0.03950632535494291
0 0.4988185442410983 0.6687403458815354 0.09307142404409555 0.08978858360877404
0 0.6384746844951923 0.21740220143244818 0.021185654860276442 0.021315281207744893
0 0.46098987872783953 0.5111748622013972 0.05482644301194411 0.05605785663311298
0 0.14547179295466497 0.2596941361060509 0.012091123140775241 0.018685120802659255
0 0.6050720948439378 0.19779498760516828 0.015647741464468148 0.015642753014197715
0 0.16275842373187727 0.6688125316913311 0.0491949228140024 0.0933380126953125
0 0.7255483774038461 0.9633508828970102 0.02086668748121995 0.020778949444110576
0 0.15303674110999474 0.2958109929011418 0.014975584470308743 0.014726748833289513
0 0.3359107237595778 0.47684365052443284 0.01526942619910607 0.01547688704270583
0 0.4809461740347055 0.7414798736572266 0.026966975285456732 0.027582755455603965
0 0.44330839010385364 0.8624883798452524 0.03884124755859375 0.0376280271089994
0 0.33977328813993013 0.9622611999511719 0.014328516446627103 0.013957977294921875
