0 0.5364121657151443 0.7172989478478065 0.0982808333176833 0.09703636169433594
0 0.3211767856891339 0.7348811809833233 0.05599139286921574 0.055469512939453125
0 0.4759430151719313 0.6465388077955979 0.042992738577035755 0.043023329514723554
0 0.3506348683283879 0.6454666577852689 0.05724694178654598 0.05716925400954027
0 0.3940342389620267 0.5985368215120755 0.02358553959773137 0.023636010976938102
0 0.5558341099665716 0.5699828221247747 0.2067722907433143 0.20874815720778245
0 0.3710021239060622 0.14468042667095476 0.029543363131009616 0.029604508326603815
0 0.3342386759244479 0.5462903242844802 0.05455281184269832 0.054491483248197116
0 0.7473347003643329 0.8857964735764724 0.11541748046875 0.11588052602914664
0 0.7906235914963943 0.6402475650493915 0.08632219754732572 0.10584038954514724
0 0.357786802145151 0.4900052730853741 0.02281673137958233 0.022703097416804388
0 0.39943452981802136 0.6525162916917068 0.019282707801231973 0.019366924579326924
0 0.37411216589120716 0.8241426027738131 0.031001457801231973 0.03080602792593149
0 0.2701834531930777 0.09448894170614389 0.021392088669996995 0.021312988721407376
0 0.4713351543133075 0.303284241602971 0.025164164029634915 0.024937189542330228
0 0.772187746488131 0.9473655407245343 0.0409393310546875 0.04090675940880409
0 0.41211337309617263 0.1737203964820275 0.021292979900653545 0.021218153146597054
0 0.36353309337909406 0.09125043795658992 0.02435170687161959 0.02427964944105882
0 0.17629667428823617 0.028808082525546733 0.01847971402681791 0.019662623222057637
0 0.2686314766223614 0.6619435823880709 0.018837525294377253 0.018654749943659857
0 0.5636215209960938 0.8563175201416016 0.07980654789851262 0.08122473496657151
0 0.43903512221116286 0.04386027959676889 0.022601567781888522 0.022426534157532912
0 0.4537462087777945 0.20936276362492487 0.024154076209435098 0.024243648235614482
0 0.6950921278733474 0.952092537513146 0.08268209604116586 0.08270703829251803
0 0.8133963071382962 0.7317701486440805 0.042869861309344955 0.044429779052734375
0 0.7237399174616888 0.3714500573965219 0.020383688119741585 0.020201462965745192
0 0.31511882635263294 0.9327031649076022 0.018456165607158955 0.018494532658503607
0 0.7042400653545673 0.29253754248985875 0.05228233337402344 0.05220780005821815
0 0.5635139758770282 0.8104793842022235 0.017435367290790264 0.0174563481257512
0 0.20574738429142878 0.5938034424415002 0.05397367477416992 0.054277786841759317
0 0.17690741098844087 0.6412058610182542 0.029838415292593148 0.036507826585036054
0 0.6504214360163763 0.756752454317533 0.0159454345703125 0.015895843505859375
0 0.6560916900634766 0.6286472173837515 0.17809574420635516 0.17930911137507513
0 0.5857973098754883 0.9478008563701923 0.11525902381310096 0.10103915287898137
0 0.27994163219745344 0.10741430062514085 0.01737822019136869 0.01756128898033729
0 0.44989831631000227 0.6071252089280349 0.03653695033146785 0.036731719970703125
0 0.2577528219956618 0.5687167094304011 0.08900275597205529 0.08731798025277945
0 0.7515929295466497 0.5344280829796424 0.015390836275540866 0.015648621779221755
0 0.419521295107328 0.8492532876821665 0.04665690201979417 0.046081836407001205
0 0.48072044665996844 0.4513227389408992 0.046740018404447116 0.046218505272498496
0 0.6594018202561599 0.3797737268301157 0.015203035794771634 0.015306179340069111
0 0.6372964565570538 0.9812652881328876 0.06820898789625901 0.03514597966120793
0 0.6650503598726712 0.19635699345515326 0.022960662841796875 0.023085594177246094
0 0.2926471783564641 0.17305896832392767 0.020232640779935397 0.02049559813279372
0 0.7518895956186148 0.3750134247999925 0.015852708082932692 0.015769078181340143
0 0.24396782654982346 0.12701654434204102 0.022156935471754808 0.02218481210561899
0 0.6204505333533654 0.8922839531531701 0.021404853233924277 0.021428621732271634
0 0.5704915340130146 0.5411881300119253 0.014291689946101261 0.014130152188814603
0 0.7211492978609525 0.8201401050274189 0.11022244966947116 0.11247781606820914
0 0.7609420189490685 0.5908295558049128 0.017098060021033652 0.0169222905085637
0 0.5937283589289739 0.7382777287409856 0.029583270733173076 0.02924317580003005
0 0.29448872346144456 0.9935540419358474 0.023977353022648737 0.012069995586688701
0 0.4077874697171725 0.07428782261334933 0.01445784935584435 0.014463305473327637
0 0.8074742830716647 0.7878459783700796 0.055040799654447116 0.06477194565993089
0 0.5670661192673904 0.15654296141404372 0.021155870877779447 0.02118999224442702
0 0.6856123850895808 0.6685193868783804 0.015931056096003607 0.015691023606520433
0 0.4955768585205078 0.7801727881798377 0.04801508096548227 0.04746539776141827
0 0.5908432006835938 0.7846791927631085 0.055339666513296276 0.055757962740384616
0 0.748400614811824 0.17516664358285758 0.0238192631648137 0.02445521721473107
0 0.3763584723839393 0.691006587101863 0.0197447996873122 0.01986107459435096
0 0.28793855813833386 0.12498054137596717 0.014902995182917668 0.01494440665611854
0 0.6374169129591721 0.7978998330923227 0.042507318349984974 0.04286634005033053
0 0.45326922490046573 0.960441149198092 0.017098426818847656 0.01725006103515625
0 0.7372236985426682 0.26360247685359073 0.015850360576923076 0.01616661365215595
0 0.3512696853050819 0.9358968734741211 0.015468303973858174 0.015286959134615384
0 0.21704912185668945 0.8324962029090295 0.11205034989577073 0.12192828838641827
0 0.4022431740394005 0.2681116324204665 0.015522149892953726 0.015418419471153846
0 0.8220179631159856 0.9362247173602765 0.015198047344501201 0.015163715069110576
0 0.18442201614379883 0.6864422284639798 0.04471610142634465 0.08220775310809796
0 0.38141423005324143 0.666878553537222 0.02021055955153245 0.019973021287184495
0 0.47418986834012544 0.2122767705183763 0.015270453232985277 0.015313258537879357
0 0.20272394327016977 0.5331324063814603 0.016281861525315505 0.016487561739408053
0 0.6760198152982272 0.24725712262667143 0.04165238600510817 0.04159252460186298
0 0.3040808347555307 0.9569107935978816 0.018834370833176833 0.018702580378605768
0 0.39196227147028995 0.3329144991361178 0.015067467322716346 0.014848635746882511
0 0.4268153263972356 0.30043524962205154 0.014310469994178185 0.01457045628474309
0 0.2401278018951416 0.763328478886531 0.014892908243032603 0.014942315908578726
0 0.4334829037006085 0.905483759366549 0.04531170771672176 0.04572002704326923
0 0.5955292261563815 0.19098490935105544 0.014869103064903846 0.014796146979698768
0 0.32526896550105167 0.5975284576416016 0.05872205587533804 0.05777168273925781
0 0.7470009143535907 0.17731409806471604 0.019655961256760817 0.01943522233229417
0 0.4011799738957332 0.01643144740508153 0.016237332270695612 0.01609769922036391
0 0.4206380844116211 0.13051041272970346 0.014721356905423678 0.014675048681405874
0 0.5946165231557993 0.9762469805203952 0.04386270963228666 0.041736456064077526
0 0.7428556588979868 0.2121436779315655 0.022816878098707933 0.02306652069091797
0 0.23783982717073882 0.6908326515784631 0.032990565666785605 0.03245104276216947
0 0.3368608034574069 0.2537340751061073 0.057111079876239486 0.057514190673828125
0 0.48913941016564 0.8144236344557542 0.023444542518028848 0.023497361403245192
0 0.42945924172034633 0.1497645194713886 0.01584933354304387 0.01598493869488056
0 0.40303553067720854 0.04336091188284067 0.014512575589693509 0.014392522665170522
0 0.5214821742131159 0.540804019341102 0.017717508169320915 0.01810902815598708
0 0.19108154223515436 0.829048596895658 0.014032767369196964 0.014424544114332933
0 0.18027430314284104 0.04650239761059101 0.015506450946514424 0.015019893646240234
