0 0.08640705622159518 0.4056794826801007 0.10325866479140061 0.10339678250826322
0 0.23984718322753906 0.9482267819918119 0.04382727696345402 0.04374606792743389
0 0.8450472905085638 0.32679168994610125 0.055059579702524036 0.0548860109769381
0 0.7594579549936148 0.8332548141479492 0.08195260854867789 0.08171418996957633
0 0.6258139243492713 0.6892574750460111 0.2938942542442909 0.2889204758864183
0 0.29909643760094273 0.7179332146277795 0.03226463611309345 0.032164353590745196
0 0.5623660087585449 0.9158021486722506 0.036085935739370495 0.03614719097430889
0 0.43771780454195464 0.8394713768592248 0.03265835688664363 0.03249300443209135
0 0.06729352932709914 0.21886579806988055 0.026401528945335977 0.026290453397310697
0 0.01304299097794753 0.6107168197631836 0.020189940929412842 0.022031343900240384
0 0.12057770215548001 0.3366265663733849 0.02690737064068134 0.027207594651442308
0 0.1155245120708759 0.2069245485159067 0.06153682562021109 0.0610968516423152
0 0.8527058087862455 0.41976367510282075 0.02299015338604267 0.02292346954345703
0 0.8685017365675706 0.14729260481320894 0.028471726637620192 0.028519538732675407
0 0.16589038188640887 0.36524163759671724 0.03137078652015099 0.03138864957369291
0 0.4705039537869967 0.7833350254939153 0.0353998037484976 0.03508479778583233
0 0.14113356516911432 0.8168619596041166 0.019614659822904147 0.019560740544245794
0 0.20258672420795149 0.6971655625563401 0.025306041424091045 0.025477776160606973
0 0.17951393127441406 0.8272662529578576 0.02928953904371995 0.0292971684382512
0 0.21581488389235276 0.6440295439500076 0.02124646993783804 0.02101296644944411
0 0.7887593049269456 0.26416650185218227 0.022559679471529447 0.022176082317645732
0 0.11062921927525447 0.30402370599599987 0.02464134876544659 0.02468219170203576
0 0.5861911040086013 0.10203886032104492 0.0172726557804988 0.017176114595853366
0 0.2823501366835374 0.6616928394024189 0.02787604698768029 0.02787017822265625
0 0.5340876212486854 0.7808790940504807 0.02617645263671875 0.025957841139573317
0 0.14499813776749831 0.9353771209716797 0.017770932270930365 0.017760350153996393
0 0.09056010613074669 0.3607019277719351 0.03048997658949632 0.030040154090294473
0 0.42285864169781023 0.5214974330021784 0.02543045924260066 0.025782218346228965
0 0.9367942810058594 0.8097506303053635 0.047674325796274036 0.04779551579402043
0 0.34113304431621844 0.5231453822209284 0.018371068514310397 0.01828633821927584
0 0.20228008123544547 0.7443625376774714 0.01880469689002404 0.01853781480055589
0 0.5331129294175369 0.3203962766207181 0.018320597135103665 0.018282376802884616
0 0.616028198829064 0.4826794404249925 0.029856315025916465 0.030130973229041465
0 0.015119597315788269 0.36301884284386265 0.026209668471263006 0.029421879695012018
0 0.4308313956627479 0.9041183911837064 0.02386166499211238 0.023743702815129206
0 0.8281386448786809 0.9364227881798377 0.017079279972956732 0.01712212195763221
0 0.8105458479661208 0.9562860635610727 0.018938798170823317 0.018901238074669473
0 0.8602024958683894 0.8865474554208609 0.020754007192758415 0.02113929161658654
0 0.9633007049560547 0.7827767592210036 0.023153158334585335 0.02340111365685096
0 0.7056069007286658 0.9269268329326923 0.04135425274188702 0.04099185650165264
0 0.4652269436762883 0.9608284143301157 0.017367729773888223 0.017430525559645433
0 0.7473554611206055 0.5751107289240911 0.0161587641789363 0.016103597787710335
0 0.2840471084301288 0.591011487520658 0.025092675135685846 0.025481444138746995
0 0.9860250032865084 0.6794631664569561 0.014717395489032451 0.01642271188589243
0 0.4424143571120042 0.40363407135009766 0.022729213421161357 0.02290953122652494
0 0.42270341286292445 0.3483274166400616 0.015514373779296875 0.015597050006573018
0 0.9856297419621394 0.8365526932936448 0.0176846430851863 0.02708288339468149
0 0.7794273083026593 0.31828924325796276 0.017338385948768027 0.017407930814302884
0 0.9626849247859075 0.5361656409043533 0.02344542283278245 0.023508291978102464
0 0.3037582177382249 0.513581789456881 0.054852852454552285 0.05451818612905649
0 0.8440591371976413 0.9889473548302283 0.021617889404296875 0.018129788912259616
0 0.1936007279616136 0.19539550634530875 0.017146770770733174 0.017116693349984977
0 0.15198069352370042 0.9105286231407752 0.01645374298095703 0.016115335317758415
0 0.3642182716956505 0.3093413206247183 0.016122891352726862 0.016117682823768027
0 0.48031909649188703 0.8734945150522085 0.07251974252554086 0.07541539118840145
0 0.37700432997483474 0.1597759907062237 0.033407358022836536 0.03335442909827599
0 0.6924567589393029 0.23308808986957258 0.015030494103064904 0.015105577615591196
0 0.8752610133244441 0.43729767432579625 0.015316596397986779 0.015574381901667668
0 0.7446139408991888 0.27698601209200346 0.015947928795447715 0.01588608668400691
0 0.8701653113731971 0.7993565339308518 0.01853766808143029 0.018429095928485576
0 0.8953156104454627 0.21196455221909744 0.018084305983323317 0.01820538594172551
0 0.45466063572810245 0.753626456627479 0.023092269897460938 0.023669903094951924
0 0.6442953990055964 0.9760257280789889 0.04039837763859676 0.04016920236440805
0 0.5616136330824631 0.2826496637784518 0.01595137669489934 0.016190308790940505
0 0.015000678025759183 0.33972908900334287 0.015328421042515682 0.015123514028695913
0 0.49086570739746094 0.10778597685006949 0.016342603243314303 0.01642579298753005
0 0.3118206537686862 0.43149500626784104 0.02059635749230018 0.020474800696739785
0 0.040085210249974176 0.6240288661076472 0.01602362669431246 0.0163882328913762
0 0.8833628434401292 0.6320670201228216 0.014641981858473558 0.014820392315204326
0 0.6555282152616061 0.0489270778802725 0.019135108360877402 0.019044014123769906
0 0.28235769271850586 0.1941669904268705 0.016612419715294473 0.016710868248572715
0 0.3038990314190204 0.9242986532358023 0.01662136958195613 0.016501793494591348
0 0.18107960774348333 0.3303270706763634 0.024632013761080228 0.024749315701998197
0 0.9558751766498272 0.5510517267080454 0.01816382774939904 0.018512945908766527
0 0.9071410252497747 0.5929417243370643 0.01488964374248798 0.014860226557804989
0 0.040535725080049954 0.5348806381225586 0.02406756694500263 0.023973464965820312
0 0.03094589480986962 0.17820996504563552 0.016944871498988226 0.01668724646935096
0 0.10671131427471454 0.47957339653602016 0.03602363513066219 0.036024973942683294
0 0.058048367500305176 0.6953196892371545 0.015918905918414775 0.015919612004206732
0 0.03685199297391451 0.48914461869459885 0.03384964282696064 0.03366294273963341
0 0.4220252770643968 0.6331089459932767 0.017637986403245192 0.017514155461237982
0 0.9203265997079703 0.7495693793663611 0.018297488872821514 0.018341651329627402
0 0.3940260960505559 0.9874178079458383 0.02843644068791316 0.022944083580603965
0 0.4335623521071214 0.93988403907189 0.015410936795748197 0.015531393197866587
0 0.2710102888254019 0.25950013674222505 0.01523890862098107 0.015330828153170072
0 0.44846498049222505 0.8893500107985276 0.021854547353891227 0.021999652569110576
0 0.7020288614126352 0.20663804274338943 0.015715378981370192 0.015740174513596755
0 0.4269378368671124 0.9848004854642428 0.032613167395958535 0.027178397545447715
0 0.4596719375023475 0.447294125190148 0.014658047602726864 0.014587475703312801
0 0.4595611645625188 0.2640551053560697 0.03517752427321214 0.03446681682880108
0 0.31248987638033354 0.4611808336698092 0.018510983540461615 0.018333801856407754
0 0.1766967406639686 0.0734779559648954 0.07196103609525241 0.07232029621417706
0 0.08787390818962684 0.3203810178316556 0.037763283802912787 0.03746837836045485
0 0.39913522280179536 0.3347349166870117 0.014615132258488582 0.01448367192195012
0 0.8801829998309796 0.8708287752591647 0.014689372136042668 0.014597672682542067
0 0.921045890221229 0.8889129345233624 0.02127353961651142 0.021297454833984375
0 0.49576040414663464 0.7306012373704177 0.014768893902118389 0.014761998103215145
0 0.5096906515268179 0.3077954145578238 0.03174326970027043 0.0318299807035006
0 0.2491168609032264 0.12276025918813852 0.01588729711679312 0.015743090556218073
0 0.8012773073636569 0.43674524013812727 0.015623532808743991 0.015550466684194712
0 0.3888360537015475 0.03618479233521681 0.03536356412447416 0.03567620424123911
0 0.9379980380718524 0.5817243502690241 0.05048018235426683 0.050389803372896634
0 0.47945209649892956 0.8880979831402118 0.023318657508263223 0.023825718806340143
0 0.6146647379948542 0.9041015918438251 0.020893096923828125 0.020988024198091947
0 0.030531447667341966 0.5194732225858248 0.018183433092557467 0.018039850088266227
0 0.8563679915208083 0.5318267528827374 0.032457791841947116 0.03280830383300781
0 0.5284874622638409 0.3974429277273325 0.030603775611290567 0.030914820157564603
0 0.48101157408494216 0.41573355748103213 0.016428800729604866 0.016406866220327523
0 0.41994476318359375 0.959179951594426 0.025363922119140625 0.024897061861478366
0 0.8791610277616061 0.6503439683180589 0.06068699176494892 0.06150201650766226
0 0.06423609990340012 0.37397105877216047 0.021047078646146335 0.021459286029522236
0 0.18634469692523664 0.9372815352219802 0.014615939213679386 0.014701549823467549
0 0.383632439833421 0.778708237868089 0.017064754779522236 0.01686374957744892
0 0.2840469800508939 0.8474427736722506 0.014658047602726864 0.014581827016977163
0 0.5556801282442533 0.8417924000666692 0.08008560767540565 0.08283776503342849
0 0.8249271099384015 0.6958580017089844 0.014068603515625 0.013901930588942308
0 0.9037617169893705 0.30860236974862904 0.04035758972167969 0.039513587951660156
0 0.2306655370272123 0.4647681162907527 0.05437139364389273 0.05340906289907602
0 0.8341547159048227 0.46819620866041917 0.016452495868389424 0.017044214101938102
0 0.7584775777963492 0.2603922990652231 0.026866325965294473 0.026990707104022685
0 0.3908644456129808 0.9895962935227615 0.02393194345327524 0.018557328444260817
0 0.8100471496582031 0.8401847986074594 0.01638617882361779 0.01667154752291166
0 0.3960422369150015 0.9845585456261268 0.02920671609731821 0.024475977971003607
0 0.5717581235445462 0.9785217872032752 0.044025494502140924 0.03874705387995793
0 0.9022321701049805 0.7431758000300481 0.020479935866135817 0.020510746882512018
0 0.09263084484980656 0.5961684447068435 0.013837924370398888 0.013582082895132212
0 0.8794926863450271 0.8066677680382361 0.037924546461838946 0.03712815504807692
0 0.43636454068697417 0.29392315791203427 0.029660885150615986 0.0295560543353741
0 0.19447755813598633 0.731427266047551 0.01649893247164213 0.016727740948016826
0 0.1605855685013991 0.3124401752765362 0.015662523416372445 0.01564444028414213
