0 0.5383921403151292 0.8238312647892878 0.10718925182635967 0.10707723177396335
0 0.15650221017690805 0.4701654360844539 0.05310139289269081 0.052489060621995196
0 0.2907142639160156 0.15589000628544733 0.05347860776461088 0.05362268594595102
0 0.5938312823955829 0.2663914973919208 0.05294227600097656 0.053220088665301986
0 0.46929209048931414 0.702261704664964 0.06020069122314453 0.060382843017578125
0 0.6768445235032302 0.5259859745319073 0.03787730290339543 0.03793914501483624
0 0.22174710493821365 0.2242595232450045 0.0385900644155649 0.039053880251370944
0 0.14273995619553786 0.7475296900822566 0.05299799258892353 0.0562587151160607
0 0.8300933837890625 0.5516902850224421 0.021344111515925482 0.02153440622182993
0 0.3484920354989859 0.6896433463463416 0.04781282865084135 0.04800972571739784
0 0.45915618309607875 0.802621107835036 0.04585750286395733 0.04587466900165264
0 0.1351020886347844 0.2346366002009465 0.04753729013296274 0.052059320303109974
0 0.6346059945913461 0.018064210048088662 0.06149203960712139 0.035004643293527454
0 0.8674781505878155 0.493409670316256 0.02094415517953726 0.02075782189002404
0 0.1762690177330604 0.6128036792461689 0.02516827216515174 0.02532826937161959
0 0.7801859929011419 0.7969662592961237 0.034241016094501205 0.034341665414663464
0 0.82946043748122 0.6954223926250751 0.018837561974158652 0.018723707932692308
0 0.47170125521146333 0.7540154090294471 0.05309486389160156 0.052533663236177884
0 0.2734527587890625 0.9659976959228516 0.07587506220890926 0.059572660006009616
0 0.6081546269930326 0.17744146860562837 0.02574047675499549 0.02600413102370042
0 0.32410115462083083 0.43472708188570464 0.05063924422630897 0.050359139075646035
0 0.286036858191857 0.8116522568922776 0.030956415029672477 0.031078632061298076
0 0.3814070774958684 0.37691816916832555 0.038183945875901446 0.03838341052715595
0 0.5559500914353591 0.5924610724815955 0.0567163320688101 0.05671603863055889
0 0.865416746873122 0.27503129152151257 0.021761087270883415 0.021840792435866136
0 0.4479476488553561 0.055118414071890026 0.020513241107647236 0.02051995350764348
0 0.6571385310246394 0.04439629041231596 0.029508443979116585 0.029286148456426766
0 0.2049537438612718 0.08573761353125939 0.046124898470365085 0.04652540500347431
0 0.8082561492919922 0.47323094881497896 0.017647376427283652 0.01751576937161959
0 0.27225791490994966 0.11603254538315994 0.01604472673856295 0.01618682421170748
0 0.30347952475914586 0.7474715893085186 0.019620088430551384 0.019412114070012018
0 0.6055450439453125 0.05495352469957792 0.019877066979041465 0.02009709981771616
0 0.295719917003925 0.962989880488469 0.018278085268460788 0.017549661489633415
0 0.379645090836745 0.348476556631235 0.01674512716440054 0.01672510000375601
0 0.4362130898695726 0.9092234097994291 0.0306546137883113 0.03014960655799279
0 0.7630263108473557 0.6847385993370643 0.017915872427133415 0.01772484412560096
0 0.15696162443894607 0.6259220563448392 0.016733756432166465 0.016756791334885817
0 0.28125715255737305 0.30385055908790004 0.06683709071232723 0.06684394983144906
0 0.38273991071260893 0.16381228887117827 0.023621339064378005 0.023750782012939453
0 0.5081123938927283 0.5201210242051345 0.024182246281550482 0.023953804602989785
0 0.24522708012507513 0.20920269305889422 0.028414249420166016 0.027985866253192607
0 0.4820807163531964 0.43720494783841646 0.020536276010366585 0.02035830571101262
0 0.5708771485548753 0.4905180564293495 0.03247202359713041 0.03265821016751803
0 0.8574644235464243 0.47686312748835635 0.017725577721228965 0.017450919518103965
0 0.6581068772536057 0.40873886988713193 0.016474063579852764 0.01645058851975661
0 0.5038678829486554 0.7664888088519757 0.019225634061373197 0.01905984144944411
0 0.19093484144944411 0.4976829382089468 0.01965023921086238 0.019648038423978366
0 0.5599484076866736 0.38028812408447266 0.07062413142277645 0.07075881958007812
0 0.2990298087780292 0.3785701531630296 0.034889624669001654 0.034485890315129206
0 0.23969177099374625 0.3265178386981671 0.024266499739426833 0.024391027597280648
0 0.6775840612558218 0.13530837572537935 0.030670899611253005 0.030649075141319863
0 0.49531166370098406 0.9447296582735502 0.03475629366361178 0.03544191213754507
0 0.19782568858220026 0.4788049551156851 0.02474696819598858 0.02469767056978666
0 0.504390496474046 0.07900111491863544 0.020451178917518027 0.020588416319627028
0 0.8504381913405198 0.7058062920203576 0.024600102351262018 0.024500626784104567
0 0.35919761657714844 0.18145080713125375 0.03368597764235277 0.033686197721041165
0 0.6907727901752179 0.33130242274357724 0.023249406080979567 0.023177366990309495
0 0.4013422452486478 0.20441014950092024 0.0353392087496244 0.0355683840238131
0 0.5583994571979229 0.6832650991586539 0.03679862389197716 0.03658705491286058
0 0.6845196944016677 0.6843751760629507 0.024633260873647835 0.024686666635366585
0 0.465667174412654 0.4139358080350436 0.01633115915151743 0.016388673048753005
0 0.14590145991398737 0.29901862144470215 0.024583706488976113 0.02451782960158128
0 0.41573726213895357 0.40480826451228213 0.026320530818058893 0.026372322669396035
0 0.8458066353431115 0.5382617436922513 0.01865841792179988 0.018504802997295674
0 0.21384727037869966 0.43600977384127104 0.027933120727539062 0.028218782865084134
0 0.1430554481653067 0.20758731548602766 0.02782618082486666 0.0277865483210637
0 0.3120777423565204 0.8163193189180814 0.02257510331960825 0.02274498572716346
0 0.39148462735689604 0.2911192453824557 0.01662415724534255 0.01661513401911809
0 0.38330775040846604 0.4213886260986328 0.0501854969904973 0.049704331618088946
0 0.8265787271352915 0.039054192029512845 0.028805659367487982 0.028859817064725436
0 0.701835192166842 0.43650216322678786 0.017794388991135817 0.017835323627178486
0 0.4137720694908729 0.4959865349989671 0.039975533118614785 0.039947142967810996
0 0.34833365220289964 0.3512425789466271 0.03654142526479868 0.03642199589655949
0 0.6066774955162635 0.7320863283597506 0.023638505202073317 0.023732698880709134
0 0.2795540552872878 0.2748788320101224 0.023690553811880257 0.023610848646897536
0 0.8784973437969501 0.5049723111666166 0.013014866755558895 0.0193942143366887
0 0.41997704139122594 0.011452414668523349 0.039904227623572715 0.02127478443659269
0 0.44153844393216646 0.6136698356041541 0.04074522165151743 0.04078894395094652
0 0.5113745836111215 0.5748902834378756 0.015894523033728965 0.015744942885178786
0 0.6425478275005634 0.660823235144982 0.06698769789475661 0.0658272963303786
0 0.39554449228140026 0.8801271732036884 0.015462288489708534 0.01525130638709435
0 0.7428568326509916 0.6754000737116888 0.016511917114257812 0.01672539344200721
0 0.22275227766770583 0.7621922126183143 0.03930473327636719 0.040321643535907455
0 0.14660224547752967 0.04805140311901386 0.020280727973351113 0.02043397380755498
0 0.6219516167273889 0.5462358181293194 0.02044398968036358 0.020166690532977764
0 0.8430876365074744 0.6138103191669171 0.015211692223182091 0.015194379366361178
0 0.5012118266179011 0.8820524215698242 0.025302593524639424 0.02530670166015625
0 0.828880603496845 0.41964149475097656 0.014710646409254808 0.014795743502103366
0 0.13276244126833403 0.6002253752488357 0.037902043415949896 0.05331508929912861
0 0.6031171358548678 0.027169062541081354 0.017395606407752402 0.017807289958000183
0 0.6128765986515925 0.13594746589660645 0.015264804546649639 0.015387498415433444
0 0.5222597122192383 0.6662133290217473 0.019367364736703727 0.01998314490685096
0 0.47336750764113206 0.8651880117563101 0.019953214205228366 0.020063253549429085
0 0.5436713145329402 0.1709618201622596 0.030289723322941706 0.030512883112980768
0 0.24747052559485802 0.7174929838914138 0.04513850578894982 0.04591633723332332
0 0.39159085200383115 0.03175282019835252 0.03410427386944111 0.03391622580014742
0 0.7139559525709885 0.5544983790471003 0.0176541255070613 0.0177004887507512
0 0.5061564078697791 0.22101352765009954 0.07853214557354267 0.08089890846839318
0 0.535090446472168 0.9831820267897385 0.018798828125 0.018373782818134014
0 0.7971043219933143 0.13513411925389215 0.017251234788161058 0.016637820463914137
0 0.6106735376211313 0.8905660189115084 0.07856134267953727 0.07698719318096454
0 0.6069449644822341 0.6865847660945013 0.040491691002478965 0.04074712900015024
0 0.5403278057391827 0.8324796970073993 0.01832125737116887 0.017223358154296875
0 0.46791590177095854 0.9223734048696665 0.03745592557466947 0.03810383723332332
0 0.48589229583740234 0.9062253511868991 0.02864390153151292 0.029251538790189303
0 0.14801077659313494 0.817381345308744 0.01912078490624061 0.01920347947340745
0 0.4068780312171349 0.6274398656991812 0.03059049753042368 0.030569956852839544
0 0.8274611693162185 0.6290972783015325 0.014851936927208534 0.014940115121694712
0 0.1765131950378418 0.058090608853560224 0.022842847383939303 0.022774008604196403
0 0.8542052048903245 0.1605384533221905 0.017735407902644232 0.017699791834904596
0 0.12868890395531288 0.08298459419837365 0.03611839734590971 0.047371162818028376
0 0.39883745633638823 0.7141576913686899 0.04162509624774639 0.042026519775390625
0 0.24651443041287935 0.8154153090256911 0.05936310841487004 0.06018506563626803
0 0.42685431700486404 0.18359730793879583 0.026336156404935397 0.026189767397367038
0 0.30446914526132435 0.19627923231858474 0.01870265373816857 0.018496953524076022
0 0.2562448244828444 0.03425229971225445 0.03999750430767353 0.040854353171128496
0 0.6319693051851712 0.09872931700486404 0.015613555908203125 0.015703934889573317
0 0.2223657094515287 0.05927656247065617 0.020563419048602764 0.020355958205003005
0 0.2379754506624662 0.3817260448749249 0.03181259448711689 0.03194442162146935
0 0.12621245017418495 0.8923963400033804 0.02048485095684345 0.02807749234713041
0 0.5116948347825271 0.9136104583740234 0.02586027292104868 0.025748326228215143
0 0.21186348108144906 0.028698306817274827 0.01475220460158128 0.014450880197378306
0 0.3818861154409555 0.682799559373122 0.034288919889009915 0.03446520291841947
0 0.7121848326462966 0.5054874420166016 0.014092518733097957 0.014071171100323018
0 0.38751378426185024 0.5531451518719013 0.04225019308236929 0.0418855960552509
0 0.6806031007033128 0.45360814608060396 0.014769920935997596 0.014848048870380107
0 0.7942127814659705 0.01254766033245967 0.038955981914813705 0.023353526225456826
0 0.5213438180776743 0.6622471442589393 0.044227306659405045 0.044803619384765625
0 0.7768633915827825 0.914975092961238 0.04769134521484375 0.04635840195875902
0 0.2737299845768855 0.3519102610074557 0.04530481191781851 0.04628628950852614
0 0.31270973499004656 0.3278562839214618 0.014270177254310021 0.014402462885929989
0 0.33971067575307995 0.3815422791701097 0.06496090155381423 0.06595816979041466
0 0.6851201424231896 0.6232310075026292 0.014414713932917668 0.014384783231295072
0 0.3058340916266808 0.43639505826509917 0.013698174403263973 0.013810157775878906
0 0.6164261744572566 0.04057967662811279 0.016202743236835185 0.016129521223214958
