0 0.43282010005070615 0.7472968468299279 0.12255360529972957 0.12337934053861178
0 0.9667497048011193 0.7589542682354267 0.03751945495605469 0.03686611468975361
0 0.6446128258338342 0.8778632237361028 0.03748600299541767 0.03731977022611178
0 0.3031520109910231 0.24615940680870643 0.041927411006047174 0.04191926809457632
0 0.8917868687556341 0.6737942328819861 0.02609106210561899 0.026268885685847357
0 0.7011825854961689 0.951744373028095 0.027474036583533652 0.027533311110276442
0 0.24119006670438325 0.9312623830942007 0.04537046872652494 0.045370835524338946
0 0.9367915667020358 0.91290099804218 0.028879899245042067 0.028727017916165866
0 0.5878609143770658 0.34755820494431716 0.019507774939903848 0.01967760232778696
0 0.5596666702857385 0.08286906205690824 0.08301830291748047 0.08365603593679574
0 0.20943498611450195 0.11927647774036114 0.01898677532489483 0.019020777482252855
0 0.2735761128939115 0.6294023807232196 0.028621160067044772 0.028728778545673076
0 0.9054156816922702 0.985112557044396 0.025446378267728366 0.024806976318359375
0 0.4432712701650766 0.43941710545466495 0.0635531498835637 0.06307235130896935
0 0.6542186737060547 0.7102077190692608 0.04876034076397236 0.048936697152944714
0 0.022672350590045635 0.6917285919189453 0.026868435052724984 0.027204073392427884
0 0.4888340876652644 0.2471340252802922 0.02056459280160757 0.020742122943584736
0 0.91961486522968 0.7100080343393179 0.02676054147573618 0.02669378427358774
0 0.8177650891817533 0.5860814681419959 0.020862432626577523 0.02098560333251953
0 0.5283108124366174 0.3133833958552434 0.017323640676645134 0.01721367469200721
0 0.8407760033240685 0.9139541479257437 0.021391648512620192 0.02154056842510517
0 0.2673002022963304 0.5729143436138446 0.042272017552302435 0.042621465829702526
0 0.5258858020489032 0.6206064957838792 0.023111343383789062 0.023017002986027643
0 0.8830666175255408 0.2566397740290715 0.017031742976262018 0.01692375769981971
0 0.5303890521709735 0.573090149806096 0.022527401263897236 0.02253884535569411
0 0.4323895527766301 0.207610350388747 0.01924441410945012 0.019221966083233174
0 0.9269413581261268 0.7935165258554312 0.021735264704777643 0.0218197749211238
0 0.9105782142052283 0.8065333733191857 0.018554100623497598 0.0185546875
0 0.1096355731670673 0.6759800544151893 0.03115503604595478 0.031057211068960335
0 0.6108750563401443 0.7026120699368991 0.02225626431978666 0.022300133338341348
0 0.5686168670654297 0.07707792979020339 0.016459831824669473 0.016618618598351113
0 0.047705068038060114 0.7032586611234225 0.0191726959668673 0.01919863774226262
0 0.8920167776254507 0.45313703096829927 0.022370265080378607 0.02271241408128005
0 0.946311510526217 0.31438849522517276 0.016329545241135817 0.016253177936260518
0 0.6591733052180364 0.09629992338327262 0.01591653090256911 0.016185577099139873
0 0.5570834966806265 0.31817135444054234 0.016194563645582933 0.01584009023813101
0 0.23743257155785194 0.6267414093017578 0.016139764052170973 0.01601233849158654
0 0.8180305774395282 0.24368623586801383 0.021042897151066706 0.020990958580603965
0 0.12350843502924992 0.4172164476834811 0.018439531326293945 0.018336369441105768
0 0.5061842845036433 0.2031377645639273 0.033098660982572116 0.03334859701303335
0 0.27501647288982684 0.4780539365915152 0.01978478064903846 0.019844421973595254
0 0.6819924574631911 0.43249401679405797 0.016132354736328125 0.016308417687049277
0 0.12139711930201603 0.2541058613703801 0.030681408368624173 0.031073570251464844
0 0.6157409227811373 0.7668672708364633 0.06885689955491286 0.07063645582932693
0 0.9011746920072116 0.2569449498103215 0.017085735614483174 0.017075611994816706
0 0.07254554675175594 0.33287737919734073 0.015699349916898288 0.015851974487304688
0 0.24702668190002441 0.405340708219088 0.04449745324941782 0.044731506934532754
0 0.06589765732104962 0.39899242841280425 0.03352610881511982 0.03343963623046875
0 0.23600424253023589 0.37908227627093977 0.0168911860539363 0.016942757826585036
0 0.6107008273784931 0.9328912588266226 0.01587706345778245 0.015788151667668268
0 0.06169808369416457 0.30339710529033953 0.0264512850688054 0.026577509366548978
0 0.5112469746516302 0.5264359987699069 0.02264118194580078 0.022812769963191107
0 0.047867229351630576 0.1741823416489821 0.03288630338815542 0.03304166060227614
0 0.12329258368565486 0.5235213866600623 0.022750120896559495 0.022844241215632513
0 0.9807367324829102 0.7905587416428786 0.015222109281099759 0.015310434194711538
0 0.7865200042724609 0.6714942638690655 0.05687640263484074 0.05910902756911058
0 0.30359323208148664 0.5900964003342849 0.038158490107609674 0.03881982656625601
0 0.3684109174288236 0.38084521660437953 0.03969617990347055 0.03995939401479868
0 0.9437115742610052 0.13279526050274187 0.015018609853891226 0.015232544678908128
0 0.8722481360802283 0.8073791357187124 0.015355623685396634 0.015155205359825721
0 0.0590748328429002 0.7359722577608548 0.01531358865591196 0.01541592524601863
0 0.3954676848191481 0.8185603802020733 0.057575372549203724 0.05924518291766827
0 0.9334080035869892 0.9710288414588342 0.015451871431790866 0.015254680926983174
0 0.22697753172654372 0.6568563901461087 0.015253287095289964 0.015383500319260817
0 0.8678536781897912 0.2891409213726337 0.014215029202974759 0.014206959651066707
0 0.7413783440223107 0.9225270931537335 0.021933922400841348 0.0216671870304988
0 0.9946515009953425 0.9544491401085486 0.010489537165715145 0.016854506272536058
0 0.7489327650803786 0.4356658642108624 0.02409201401930589 0.024639129638671875
0 0.8416701096754807 0.34703423426701474 0.01902594933143029 0.01898824251615084
0 0.7829749767596905 0.35357335897592396 0.019568516657902643 0.019707386310283955
0 0.9792275795569787 0.6726600940410907 0.041359241192157455 0.052705618051382214
0 0.48197049361008865 0.1875269229595478 0.016768675584059495 0.01692339090200571
0 0.24122186807485727 0.2865686049828163 0.04434879009540264 0.0437323496891902
0 0.4647944523737981 0.021626101090357855 0.057447580190805286 0.041510811218848594
0 0.005469292402267456 0.6799780038686899 0.010892803852374736 0.017454880934495192
0 0.2564095717210036 0.09356372173015888 0.015929662264310397 0.01599282484788161
0 0.17000776070814866 0.7135848999023438 0.10638071940495418 0.10630622276893029
0 0.17580883319561297 0.36639151206383336 0.014805426964393029 0.014685924236591045
0 0.7556591033935547 0.7069482069749099 0.04071514423076923 0.041280893179086536
0 0.7739322368915265 0.5809171383197491 0.12139423076923077 0.12090815030611478
0 0.7261434701772836 0.8699274796705979 0.014477949876051683 0.014462984525240384
0 0.01480736411534823 0.04063135844010573 0.029665731466733493 0.07437850878788875
0 0.39850873213547927 0.9904594421386719 0.015284318190354567 0.014420729417067308
0 0.8254390129676232 0.4677838912376991 0.05696590130145733 0.057821493882399336
0 0.9009896791898288 0.9636405798105093 0.017673198993389424 0.01745884235088642
0 0.786374385540302 0.825172130878155 0.019759398240309495 0.020022759070763223
0 0.2220463019150954 0.2371075703547551 0.025612647716815654 0.02557688492995042
0 0.28890448350172776 0.06286354248340313 0.034372843228853665 0.0354005006643442
0 0.48690502460186297 0.26866259941687953 0.014964470496544471 0.01486378449660081
0 0.9948596954345703 0.05931587402637188 0.010102492112379808 0.015432220238905687
0 0.7025509614210862 0.27487916212815505 0.03462908818171574 0.034374347099891074
0 0.13806100075061506 0.852055916419396 0.04279857415419359 0.0423883291391226
0 0.8871589807363657 0.9924440383911133 0.017054337721604567 0.012955445509690505
0 0.23456223194415754 0.04027843475341797 0.03269694401667668 0.03277274049245394
0 0.16557055253248948 0.47719852740948016 0.014779164240910457 0.015016849224384014
0 0.49185796884390026 0.27605496920072115 0.015319530780498799 0.015025138854980469
0 0.8865994673508865 0.3237880560067984 0.0139312744140625 0.013935382549579326
0 0.26964528744037336 0.029274857961214505 0.049418082604041465 0.050490727791419394
0 0.6544553316556491 0.30738142820504993 0.016600975623497598 0.016446517064021185
0 0.6060574604914739 0.25813427338233363 0.014149299034705529 0.014194671924297627
0 0.6638730856088492 0.02776352488077604 0.05873548067533053 0.05499635751430805
0 0.6322427896352915 0.43050538576566255 0.02512022165151743 0.025638727041391227
0 0.4787422326894907 0.2838438474214994 0.014822446382962741 0.014977675217848558
