0 0.597564330467811 0.7684103158804086 0.028824732853816107 0.029019282414362982
0 0.2849110640012301 0.2994122871985802 0.03924890664907602 0.03942042130690355
0 0.412237680875338 0.18128193341768706 0.02483089153583233 0.024490173046405498
0 0.2648810606736403 0.04922317541562594 0.032484861520620495 0.03242779007324806
0 0.4462582514836238 0.30670103659996617 0.02258022014911358 0.02242902609018179
0 0.2841284458453839 0.49879096104548526 0.018639271075908955 0.01883719517634465
0 0.567317375769982 0.7221273275522085 0.020307394174429085 0.0204318119929387
0 0.25103304936335635 0.00633033995444958 0.02293095221886268 0.01254568650172307
0 0.739043089059683 0.3448359416081355 0.023291367750901442 0.02326833284818209
0 0.5193906930776743 0.631408324608436 0.018824944129356973 0.01867851844200721
0 0.2622389059800368 0.33323273291954625 0.02358421912560096 0.02351804879995493
0 0.698529316828801 0.42047706017127406 0.022823920616736777 0.023145235501802884
0 0.6530705965482272 0.32194218268761265 0.017439915583683893 0.017533228947566107
0 0.34589657416710484 0.023055690985459548 0.021099677452674277 0.02101332866228544
0 0.7195249704214243 0.5681211031400241 0.01842630826509916 0.018599730271559495
0 0.61670655470628 0.7524055334237906 0.020224938025841348 0.020511333759014424
0 0.5599952477675217 0.20245834497305062 0.021200840289776143 0.02129826178917518
0 0.3582075559175931 0.7361603516798753 0.03315382737379808 0.03311964181753305
0 0.2478642096886268 0.5194016970120944 0.019837159376878005 0.0198364991408128
0 0.6509820497952975 0.5265533007108248 0.017806860116811898 0.01784816155066857
0 0.5011785213763897 0.19666033524733323 0.027263934795673076 0.02697614523080679
0 0.7112943209134616 0.050193227254427396 0.057750848623422474 0.058026405481191784
0 0.5651630254892203 0.4092117456289438 0.016972908606896035 0.017171419583834134
0 0.2505957713493934 0.8155725185687726 0.022547245025634766 0.02257567185621995
0 0.36425381440382737 0.47292184829711914 0.017773848313551683 0.017843980055588942
0 0.5492575718806341 0.3999481934767503 0.016890745896559495 0.016974962674654447
0 0.6493672590989333 0.5971435400155874 0.01740235548753005 0.017298771784855768
0 0.7613195272592398 0.5639915099510779 0.016782320462740384 0.01911772214449369
0 0.6036659387441782 0.07465969140713032 0.01927031003511869 0.019172714306758
0 0.40718324367816633 0.12209661190326397 0.018253179696890023 0.018030350024883565
0 0.7093752347506009 0.02205472267591036 0.06465559739332932 0.04406291704911452
0 0.3693543214064378 0.42136977269099307 0.019419743464543268 0.019681783822866585
0 0.5406835262592022 0.1448499239408053 0.018899184006911058 0.0187837894146259
0 0.34314199594350964 0.7806475712702825 0.017688897939828727 0.017487599299504206
0 0.2470572544978215 0.6161237129798303 0.01764818338247446 0.017406610342172477
0 0.33329112713153547 0.8930544486412635 0.01723612271822416 0.017243018517127402
0 0.3457280672513522 0.6664634117713342 0.021787349994365986 0.021817427415114183
0 0.35305676093468297 0.9886788588303786 0.029216179480919473 0.022181290846604567
0 0.5424607350276067 0.7236001674945538 0.015012154212364784 0.015058077298677884
0 0.34687122931847203 0.6257953643798828 0.016751802884615384 0.016894707312950723
0 0.7235515301044171 0.36180492547842175 0.023500735943134014 0.023279483501727764
0 0.3858032960158128 0.8395406282865084 0.014691426203801082 0.01490314190204327
0 0.3318282640897311 0.9871511459350586 0.02473317659818209 0.023229598999023438
0 0.7354532388540415 0.3729401735159067 0.022515517014723558 0.02249424274151142
0 0.41618486551138073 0.03913565782400278 0.015976832463191107 0.016114493975272544
0 0.5783654359670786 0.6710366469163161 0.020831474891075723 0.02085700401893029
0 0.573916141803448 0.3553962707519531 0.021048472477839544 0.021089920630821817
0 0.34557775350717396 0.7157293466421274 0.02000280526968149 0.019684718205378607
0 0.24496030807495117 0.831053587106558 0.01566457748413086 0.015706575833834134
0 0.3424522326542781 0.7004184722900391 0.023780089158278245 0.02380517812875601
0 0.5832318526047927 0.008507167490629049 0.02005144265981821 0.016178336281042833
0 0.6160466120793269 0.49652411387516904 0.01381698021521935 0.014029869666466346
0 0.7039121481088492 0.08636559889866756 0.025895045353816107 0.02547456667973445
0 0.7263105832613431 0.15479986484234148 0.026869847224308893 0.02684937990628756
0 0.3884892830481896 0.7625321608323318 0.015067760760967549 0.014988238994891826
0 0.3660748555110051 0.8404565957876352 0.014324041513296274 0.014458876389723558
0 0.25790170522836536 0.7984939721914438 0.015712517958420973 0.015588026780348558
0 0.2721177614652194 0.4172578224769005 0.022136138035700872 0.022007868840144232
0 0.41340373112605167 0.24384302359360915 0.018145047701322116 0.018203295194185697
0 0.48083099952110875 0.1865867284628061 0.01605855501615084 0.015734489147479717
0 0.4188007941612831 0.23051782754751352 0.023241629967322715 0.023896400745098408
0 0.5483086659358098 0.0782621640425462 0.01682428213266226 0.016781618961921103
0 0.4104362634512094 0.26044001946082485 0.01520244891826923 0.01498867915226863
0 0.572388795705942 0.14989801553579477 0.019609451293945312 0.019573064950796273
0 0.5882043838500977 0.02594261673780588 0.019185873178335335 0.019364026876596305
0 0.42336529951829177 0.779182507441594 0.014875191908616286 0.01458270733173077
0 0.6177978515625 0.7328910094041091 0.015024625338040866 0.014835210946890024
0 0.7248882880577674 0.547239743746244 0.014600313626802884 0.014628923856295072
0 0.5702219376197228 0.3028169045081505 0.039699554443359375 0.04001169938307542
0 0.38820516146146333 0.9537856762225811 0.014807187593900241 0.014599286592923678
0 0.31511515837449294 0.3282034213726337 0.03069481482872596 0.030863321744478665
0 0.32909055856557995 0.9852169477022611 0.02187508803147536 0.021198125985952523
0 0.5458647654606745 0.07713806629180908 0.016403785118689902 0.01704705678499662
0 0.36000757951002854 0.8256048055795523 0.013848378108097957 0.013833559476412259
0 0.355010986328125 0.753487073458158 0.01716951223520132 0.016451028677133415
0 0.3592364971454327 0.7786150712233323 0.015349168043870192 0.015248812161959134
0 0.5323818280146673 0.37393922072190505 0.014451100276066707 0.014993520883413462
0 0.5906628828782302 0.37765249839195836 0.015992237971379206 0.0159912842970628
0 0.6711249718299279 0.20563699648930475 0.02756353525015024 0.027323282681978665
0 0.5779038942777194 0.6544193854698768 0.020125755896935098 0.01989012498121995
0 0.5622409673837515 0.33650691692645734 0.02292148883526142 0.023163281954251803
0 0.3181172150831956 0.3278035383958083 0.025416025748619668 0.025723383976862982
0 0.3608582936800443 0.31909685868483323 0.01534102513239934 0.015321144690880409
0 0.4683705476614145 0.3799414267906776 0.02459606757530799 0.025040699885441706
0 0.23635383752676156 0.5268199627216046 0.012374291053185096 0.015262310321514424
0 0.5850020922147311 0.3653050936185397 0.01598211435171274 0.01607858217679537
0 0.6169652205247146 0.6738591560950646 0.014197386228121243 0.014250388512244591
0 0.2486399137056791 0.11165213584899902 0.013674479264479417 0.013504395118126502
0 0.4673056969275841 0.0652320384979248 0.014390651996319111 0.014591217041015625
0 0.34011334639329177 0.6778876231266902 0.015506597665640024 0.014594738300030049
0 0.36129525991586536 0.26488322478074294 0.025734681349534255 0.025438382075383112
