0 0.35178382580096906 0.817222521855281 0.07492857712965745 0.07462428166316105
0 0.4471441415640024 0.628141843355619 0.04709977370042067 0.0472410642183744
0 0.42910260420579177 0.8016257652869592 0.05423267071063702 0.05401141826923077
0 0.5480727415818435 0.29755221880399263 0.052150873037484974 0.052522439223069414
0 0.31807422637939453 0.6871469937838041 0.0455784247471736 0.045734405517578125
0 0.5848527688246506 0.7628066723163311 0.022466439467210036 0.02245917687049279
0 0.7254751645601712 0.11455954955174373 0.02644656254695012 0.026507762762216423
0 0.34764469586885893 0.6098619240980881 0.028586094196026143 0.02858741466815655
0 0.36134972939124477 0.7498748485858624 0.04037915743314303 0.04016406719501202
0 0.4422146723820613 0.47948851952186 0.019756317138671875 0.01972088446983924
0 0.3012945835406964 0.38492657588078427 0.05111202826866737 0.05035664485051082
0 0.44519853591918945 0.939944340632512 0.038105157705453724 0.03859563974233774
0 0.3604121208190918 0.8526825538048377 0.01796098855825571 0.017920567439152643
0 0.7263237879826472 0.19853703792278582 0.05362261258638822 0.053044649270864636
0 0.7450356116661658 0.2848806014427772 0.024802281306340143 0.024589098416841947
0 0.5767624194805439 0.34051862129798305 0.026051154503455527 0.02617806654710036
0 0.7115799830510066 0.14877267067249006 0.043572645920973554 0.04423418411841759
0 0.27977653650137096 0.3101982336777907 0.018918367532583382 0.01915733630840595
0 0.5267831729008601 0.41005237285907453 0.017435000492976263 0.01759448418250451
0 0.6899890166062576 0.11361041435828576 0.018193171574519232 0.01838073363670936
0 0.2903359853304349 0.4089187475351187 0.02560267081627479 0.02560762258676382
0 0.3605643419119028 0.39873053477360654 0.04395345541147085 0.04402908912071815
0 0.66107177734375 0.7741319216214694 0.017468672532301683 0.017485691950871393
0 0.43155336380004883 0.5263575773972732 0.01882281670203576 0.018932342529296875
0 0.7193390772892878 0.4023540203387921 0.02562713623046875 0.025612684396597054
0 0.3021518267118014 0.7890033721923828 0.03369360703688402 0.034055269681490384
0 0.33079686531653774 0.3321036925682655 0.07602566939133865 0.07347957904522236
0 0.4290523895850548 0.9078983893761268 0.020031048701359674 0.019732842078575723
0 0.569280220912053 0.9787881557758038 0.01658740410437951 0.01624928987943209
0 0.30321598052978516 0.7230534186730018 0.044279318589430586 0.045443021334134616
0 0.6367516884436975 0.01477713080552908 0.017184330866887018 0.017319220762986403
0 0.2947193659268893 0.4916265927828275 0.015347040616548978 0.015411156874436598
0 0.7331730769230769 0.5553325506357046 0.048826951246995196 0.05219276134784405
0 0.5629295569199783 0.6179290184607873 0.02964166494516226 0.029886832604041465
0 0.5733294853797326 0.22751564245957595 0.016623570368840143 0.016550614283635065
0 0.5354888989375188 0.5880147860600398 0.04996072329007662 0.04944764650785006
0 0.3486760946420523 0.4943322768578163 0.03410265995905949 0.03441898639385517
0 0.7130308884840745 0.8182371579683744 0.01753719036395733 0.01750359168419471
0 0.4292777134821965 0.8474435072678786 0.014362628643329326 0.014652398916391226
0 0.43471505091740537 0.38717174530029297 0.07451086777907151 0.07246560316819411
0 0.5832380148080679 0.9016942244309646 0.015311021071213942 0.015462141770582933
0 0.6603207221397986 0.018754255313139696 0.018046745887169473 0.018165427904862624
0 0.480380865243765 0.5616531005272498 0.06773039010854867 0.06634095998910758
0 0.6169344828679011 0.8795057443472055 0.023292688223031852 0.023257035475510817
0 0.283722657423753 0.8273597130408654 0.06719801976130559 0.06774491530198318
0 0.6315131554236779 0.7405955974872296 0.01670045119065505 0.016683138333834134
0 0.5621292040898249 0.6740104235135592 0.06901132143460788 0.06880980271559495
0 0.6878990760216346 0.06710723730234 0.014286628136268029 0.014632591834435096
0 0.3837742805480957 0.6973047990065354 0.10418121631328876 0.10712784987229568
0 0.3382167082566481 0.4041001246525691 0.031036817110501803 0.03099676278921274
0 0.6726215069110577 0.09888458251953125 0.013726747952974759 0.014625769395094652
0 0.6687617668738732 0.07853503410632794 0.014328589806189904 0.014289030661949744
0 0.2838181715745192 0.5263820061316857 0.03352620051457332 0.03359149052546574
0 0.3744200192964994 0.6241380984966571 0.026400052584134616 0.026917237501878005
0 0.7333280123197116 0.03245235406435453 0.022804847130408652 0.02286190253037673
0 0.5034336676964393 0.4320950141319862 0.07512503403883714 0.07374338003305289
0 0.35941461416391224 0.9904322257408729 0.01682897714468149 0.016550650963416465
0 0.4154790731576773 0.5040820928720328 0.04011623676006611 0.040901477520282455
0 0.6991688654972956 0.2518301743727464 0.0381158682016226 0.03874045151930589
