0 0.5413005535419171 0.27286463517409104 0.05594554314246544 0.05599902226374699
0 0.3071346099560077 0.1262538066277137 0.027717113494873047 0.02757890407855694
0 0.3275737395653358 0.7618789672851562 0.03705472212571364 0.037093822772686295
0 0.5923984600947454 0.278077822465163 0.04276077563946064 0.042420387268066406
0 0.4756779303917518 0.6267467645498422 0.028295370248647835 0.028126056377704326
0 0.5847587585449219 0.051226331637455866 0.026467543381911058 0.02677257015154912
0 0.29114099649282604 0.794764151939979 0.03530333592341496 0.035176790677584134
0 0.6127653121948242 0.05901418740932758 0.02187171349158654 0.021814410503094014
0 0.6401915917029748 0.28331382458026594 0.01790472177358774 0.01797030522273137
0 0.41765528458815354 0.5163113520695612 0.029227330134465143 0.029192264263446514
0 0.31508460411658656 0.5131002572866586 0.016991688654972956 0.017021839435283955
0 0.47914959834172177 0.3023366561302772 0.022406578063964844 0.022193028376652643
0 0.43239681537334734 0.15046310424804688 0.018932929405799277 0.018468196575458232
0 0.7101306915283203 0.7815645658052884 0.03476920494666466 0.03448779766376202
0 0.6978757564838116 0.15608782034653884 0.019145085261418268 0.01924291023841271
0 0.3823734430166391 0.0961000735943134 0.017572989830603965 0.01761913299560547
0 0.41436129349928635 0.23905493662907526 0.021929080669696514 0.02199099614070012
0 0.4103411527780386 0.01601313169185932 0.035132408142089844 0.031178758694575384
0 0.7038713601919321 0.8570373241717999 0.017970158503605768 0.01827372037447416
0 0.6560245660635141 0.008558197090258965 0.021657503568209134 0.01633717119693756
0 0.50927000779372 0.019896470583402194 0.021611580481896035 0.021314437572772685
0 0.34513524862436146 0.21059758846576399 0.017647669865534857 0.017524572519155648
0 0.4335359059847318 0.06869928653423603 0.017122195317195013 0.016962088071382962
0 0.45903858771690953 0.6065615140474759 0.016559454110952523 0.016430487999549277
0 0.45867149646465594 0.213714783008282 0.02034788865309495 0.02038119389460637
0 0.6944261697622446 0.1320876066501324 0.018292647141676683 0.018120857385488656
0 0.444179314833421 0.8988111202533429 0.02440775357759916 0.024722906259390023
0 0.5674530542813815 0.551937983586238 0.01502535893366887 0.015104000384990986
0 0.4013547897338867 0.1544155891125019 0.021194604726938102 0.021268954643836387
0 0.6407958544217623 0.4729772347670335 0.017135766836313102 0.017347042377178486
0 0.35758458651029146 0.21947283011216384 0.01671013465294471 0.016796662257267878
0 0.6925158867469201 0.04521807340475229 0.018704341008112982 0.01870279128734882
0 0.2855960772587703 0.48957340533916766 0.0206146240234375 0.020552415114182692
0 0.3292745810288649 0.897373052743765 0.017735114464393027 0.017666449913611777
0 0.5144488994891827 0.12334627371567947 0.01572550260103666 0.01601754702054537
0 0.5632842137263372 0.14209547409644493 0.025686264038085938 0.025841676271878757
0 0.4537360117985652 0.19306026972257173 0.016028330876277044 0.016213343693659857
0 0.6320081857534555 0.057606907991262585 0.018099271334134616 0.018727761048537035
0 0.5075467916635367 0.07512298914102408 0.01613000723031851 0.01618357805105356
0 0.5312107526339017 0.11574017084561862 0.01715219937838041 0.017263485835148737
0 0.29480424294104945 0.41607728371253383 0.014281126169057993 0.01441053243783804
0 0.5503862821138822 0.06787025928497314 0.019228348365196817 0.019332684003389798
0 0.7026942326472356 0.7646806423480694 0.02333655724158654 0.022627757145808294
0 0.2886064419379601 0.9204703844510592 0.016992789048414964 0.016942537747896634
0 0.38570748842679536 0.990997314453125 0.01531204810509315 0.014892578125
0 0.5799321394700271 0.3374356489915114 0.01515491192157452 0.015244117149939904
0 0.6413840513962966 0.8441954392653245 0.01670984121469351 0.01685949472280649
0 0.32155495423537034 0.36974459428053635 0.02508266155536358 0.024691068209134616
0 0.5068628971393292 0.09266634170825665 0.015444021958571214 0.015263795852661133
0 0.7080612182617188 0.9302024841308594 0.015201715322641226 0.015221522404597355
0 0.709698750422551 0.00820371164725377 0.017233628493088942 0.015915198968007013
0 0.5260152816772461 0.34710011115440953 0.017527947059044473 0.017487599299504206
0 0.4951126758868878 0.19615683188805214 0.014414420494666466 0.014469073368952824
0 0.6653707944429837 0.9461025824913611 0.015068934513972355 0.015075390155498799
0 0.35261205526498646 0.41831141251784104 0.014184951782226562 0.014153553889347957
0 0.47042138759906477 0.28488940459031326 0.01537168942964994 0.015513860262357272
0 0.3201291744525616 0.4163816158588116 0.014385516826923076 0.014440536499023438
0 0.34343565427339995 0.4625658622154823 0.016628192021296576 0.016502527090219352
0 0.33373788686899036 0.8278611990121695 0.02208394270676833 0.022305415226862982
0 0.33587180651151216 0.8825129729050857 0.016030091505784255 0.015878824087289665
0 0.3464327592116136 0.25099756167485165 0.014115700354942909 0.01421968753521259
0 0.5998644095200759 0.09325214532705453 0.013613480788010817 0.013872146606445312
0 0.30916573451115537 0.017620260898883525 0.02594172037564791 0.026679933071136475
0 0.6705143268291767 0.1315087446799645 0.014903728778545674 0.015101157701932467
0 0.6684123552762545 0.1170510145334097 0.016267923208383415 0.016138223501352165
0 0.6443579747126653 0.05821647093846248 0.013123732346754808 0.014736606524540828
0 0.4233884811401367 0.18128554637615496 0.014578672555776743 0.014846324920654297
0 0.4334591352022611 0.9904766082763672 0.026989129873422477 0.018808511587289665
0 0.3730597496032715 0.018249284762602586 0.015004524817833534 0.014870556501241831
0 0.6661215562086839 0.1000226094172551 0.015649061936598558 0.015956291785606973
0 0.7192709262554462 0.8629010273860052 0.016028771033653848 0.01632558382474459
0 0.43226946317232573 0.7172097426194411 0.014216789832481971 0.014721210186298076
0 0.2830604406503531 0.22091366694523737 0.021415563730093148 0.03174326970027043
0 0.36087472622211164 0.19720103190495417 0.016371726989746094 0.01692478473369892
0 0.710456921504094 0.04024757330234234 0.015259229219876803 0.01534733405480018
