0 0.2740286680368277 0.7299268429095929 0.0733186281644381 0.07567992577185997
0 0.4307907544649564 0.659319437467135 0.2100970194889949 0.20977328373835638
0 0.7239241966834435 0.23015467937176043 0.06198266836313101 0.08740626848660983
0 0.7190530483539288 0.3357833715585562 0.07346373337965745 0.114914398926955
0 0.3791304368239183 0.8845131947444036 0.03315236018254207 0.03305361821101262
0 0.46223963223970854 0.8571480971116286 0.028604800884540264 0.028998741736778848
0 0.7260078283456656 0.16521712449880746 0.05772531949556791 0.05998145616971529
0 0.44440827002892125 0.6494360703688401 0.024948266836313102 0.025157341590294473
0 0.34435606002807617 0.7133499292226938 0.03792131864107572 0.037919117854191706
0 0.26715718782865083 0.39947858223548305 0.0372313719529372 0.03685078254112831
0 0.354156127342811 0.5444754820603591 0.047499656677246094 0.04744118910569411
0 0.705077391404372 0.05040002786196195 0.02658667931189904 0.026347932907251213
0 0.2858092968280499 0.5785484313964844 0.09140836275540866 0.1279153090256911
0 0.3791958735539363 0.9929097982553335 0.02153440622182993 0.013976317185621995
0 0.6374988555908203 0.7064585318932166 0.03329629164475661 0.03300666809082031
0 0.7022992647611178 0.633114741398738 0.021356729360727165 0.02126282912034255
0 0.44226712446946365 0.976715821486253 0.016369159405048076 0.016342749962439902
0 0.406798949608436 0.6586237687330979 0.016786575317382812 0.016763833852914665
0 0.41440340188833386 0.046429184766916126 0.017436981201171875 0.01758014468046335
0 0.26561296903170073 0.24448088499215934 0.03196624609140249 0.031813401442307696
0 0.7006722963773288 0.8503872798039362 0.016865950364332933 0.016707787146935098
0 0.6629538902869592 0.7980525677020733 0.02551093468299279 0.025118901179387018
0 0.5136633652907151 0.94573607811561 0.06008236224834736 0.06037814800555889
0 0.47728677896352917 0.8867133947519156 0.017661168025090143 0.017511661236102764
0 0.4867207453801082 0.7555134113018329 0.03947111276479868 0.03882334782527043
0 0.5989410693828876 0.506582993727464 0.023657872126652643 0.023865553048940804
0 0.44748552028949445 0.15535928652836725 0.021909200228177585 0.022139622614933893
0 0.6714270665095403 0.8387593489426833 0.016246502216045674 0.01611152062049279
0 0.3171747647798978 0.7804299134474534 0.03385727222149189 0.03331815279447115
0 0.6679262014535757 0.46048553173358625 0.016819880558894232 0.01707311776968149
0 0.42058324813842773 0.8862031789926382 0.04734017298771785 0.048410268930288464
0 0.594452454493596 0.7208004731398362 0.10107473226693961 0.09913811316856971
0 0.3018678151644193 0.4376179254972018 0.038107798649714544 0.03800516862135667
0 0.5564364286569449 0.9527492523193359 0.060983511117788464 0.060812143179086536
0 0.401150996868427 0.11678534287672776 0.01723054739145132 0.017310656034029447
0 0.28763444607074445 0.4606299033531776 0.02475892580472506 0.024172562819260817
0 0.259798710162823 0.8868978940523587 0.020694916064922627 0.020519403310922477
0 0.4603327237642728 0.37250599494347203 0.3242953373835637 0.35021048325758714
0 0.2797076151921199 0.6453222128061148 0.03052964577308068 0.030194502610426683
0 0.4684962492722731 0.9410233130821815 0.05876922607421875 0.06171094454251803
0 0.6858447881845328 0.6789733446561373 0.08124439532940204 0.08245027982271634
0 0.5881052017211914 0.15466007819542518 0.03711715111365685 0.03739624757033128
0 0.2738834344423734 0.29962994502140927 0.0320123525766226 0.03174099555382362
0 0.4042947475726788 0.6773229745718149 0.10900526780348557 0.09820820735051082
0 0.5443648191598746 0.14458752595461333 0.05616195385272686 0.05468938900874211
0 0.5786304107079139 0.8818230262169471 0.023015535794771634 0.023107381967397835
0 0.5981623943035419 0.9736270170945388 0.07559724954458383 0.05235701340895433
0 0.3077830901512733 0.4725054227388822 0.02398505577674279 0.024424186119666465
0 0.43373438028188854 0.9509107149564303 0.03289310748760517 0.03312389667217548
0 0.40027108559241664 0.6276833460881159 0.023867020240196817 0.02392402062049279
0 0.38106650572556716 0.18438108150775617 0.06084097348726713 0.060358487642728366
0 0.3470568290123573 0.9041929978590745 0.01694936018723708 0.01685333251953125
0 0.529850226182204 0.569026360144982 0.04416803213266226 0.04442860529972957
0 0.42320706294133115 0.46326850010798526 0.2008662590613732 0.20340772775503305
0 0.6192471430851862 0.24098873138427734 0.014688345102163462 0.01454301980825571
0 0.5826038947472205 0.5637491299555852 0.01862188485952524 0.018377304077148438
0 0.2890971257136418 0.7897252302903396 0.020403495201697715 0.02067741980919471
0 0.38771552305955154 0.7813261472261869 0.020649103017953727 0.021507850060096152
0 0.4305591583251953 0.9061666635366586 0.021378443791316107 0.02091040978064904
0 0.2705512597010686 0.5218352537888747 0.017573209909292366 0.017352911142202523
0 0.6475247603196365 0.2773742492382343 0.016109173114483174 0.01605088894183819
0 0.5457422916705792 0.9061087094820462 0.029384833115797777 0.030049837552584134
0 0.27148642906775844 0.34141104037945086 0.01960919453547551 0.020018871013934795
0 0.3581559107853816 0.13859113363119271 0.08577625568096454 0.08574377573453464
0 0.2684165514432467 0.6433466397798978 0.059322503896859974 0.06728513424213116
