0 0.5870913725632888 0.8839511871337891 0.11913314232459435 0.12023221529447116
0 0.6638152782733624 0.9244623917799729 0.05153025113619291 0.051549471341646634
0 0.19504539783184344 0.9557388012225811 0.03307122450608473 0.032899709848257214
0 0.30406495241018444 0.6732782950768104 0.027834562154916618 0.027837166419396035
0 0.7619320796086237 0.8826961517333984 0.026833754319411058 0.026575235220102165
0 0.666600594153771 0.3966754399813138 0.033279712383563705 0.03326716789832482
0 0.7330696399395282 0.3424677848815918 0.07697883019080529 0.0779114503126878
0 0.791430399968074 0.3808477841890775 0.027457310603215143 0.027404344998873197
0 0.36997875800499547 0.4233828691335825 0.027961877676156852 0.028122975276066706
0 0.44635453590979945 0.6134362954359788 0.07028366969181941 0.06982077085054837
0 0.642759763277494 0.8044672745924729 0.07633253244253305 0.07770861112154447
0 0.3751822251539964 0.39938908356886643 0.023203556354229268 0.023153011615459736
0 0.6418809157151443 0.17992536838238055 0.018139178936298076 0.018026058490459736
0 0.5788167439974271 0.9642687577467698 0.05313469813420223 0.05440814678485577
0 0.5456697757427509 0.3159889074472281 0.056998913104717545 0.057479253182044394
0 0.2598446515890268 0.5853108259347769 0.036022332998422474 0.03586262923020583
0 0.7879535968487079 0.989748661334698 0.020757235013521634 0.017050669743464544
0 0.7127820528470553 0.9179954528808594 0.018368647648737982 0.018159132737379808
0 0.7488254400400015 0.26433616418104905 0.016330425555889424 0.016377338996300332
0 0.7745744265042819 0.06406242113847 0.016574859619140625 0.016604808660653923
0 0.6472650674673227 0.27483476125277007 0.019283294677734375 0.019060061528132513
0 0.7542021824763372 0.4552914179288424 0.015650235689603366 0.015685888437124398
0 0.5841887180621808 0.2678976792555589 0.05072733072134165 0.050588827866774336
0 0.7727094063392053 0.9682133014385517 0.017572402954101562 0.017041133000300482
0 0.7853556412916917 0.2521352034348708 0.048216012807992786 0.048090641315166764
0 0.8078248684222882 0.027096170645493727 0.018520501943734977 0.01848914187688094
0 0.6540393829345703 0.12637398793147162 0.019815591665414665 0.020070589505709134
0 0.23755462353046125 0.7496094336876502 0.05356473189133864 0.05321414654071514
0 0.5162992110619178 0.7116471804105319 0.04226501171405499 0.04208212632399339
0 0.7215790381798377 0.1385931418492244 0.019144791823167067 0.0191800594329834
0 0.6858356915987455 0.04976566021259014 0.016241807204026442 0.016255818880521335
0 0.7033279125507061 0.6379775267380935 0.032328092134915866 0.0321044921875
0 0.8077732966496394 0.8932600754957932 0.018438192514272835 0.018707862267127402
0 0.6701986606304462 0.4415567104633038 0.04760052607609676 0.04799578740046574
0 0.3555149665245643 0.7665510911207932 0.027559353755070612 0.02764276357797476
0 0.5823874106773963 0.17023688096266526 0.1851985637958233 0.19063157301682693
0 0.7052478790283203 0.9007622645451472 0.03352150550255409 0.033214569091796875
0 0.7988948822021484 0.611885144160344 0.05137913043682392 0.05186961247370793
0 0.6313415674062876 0.5383658409118652 0.03480735191932091 0.03505904857928936
0 0.7792846973125751 0.9479364248422476 0.015209638155423678 0.015237808227539062
0 0.193696168752817 0.9787927040686975 0.01639718275803786 0.01617431640625
0 0.6110198681171124 0.18300494780907264 0.017162616436298076 0.017180956326998197
0 0.7868470412034255 0.3392567267784706 0.01801153329702524 0.018447289100060098
0 0.5946323688213642 0.32311314802903396 0.022307616013746995 0.022549555851862982
0 0.8170273854182317 0.397859316605788 0.018719012920673076 0.019665938157301683
0 0.18758520713219276 0.6810861000647912 0.02872885190523588 0.03436279296875
0 0.6551798306978666 0.054767801211430475 0.015482535729041466 0.015512934097876916
0 0.7774944305419922 0.3593427217923678 0.01811981201171875 0.01810910151554988
0 0.5732831954956055 0.05244949230780968 0.015550319965069111 0.015779531919039212
0 0.3353720811697153 0.7175395672137921 0.022168086125300482 0.022379361666165866
0 0.5744022956261268 0.5085166784433218 0.02416221912090595 0.024601862980769232
0 0.5877116643465482 0.1854363221388597 0.0186766844529372 0.01838097205528846
0 0.8128827168391302 0.3387490419241098 0.030484859759990986 0.0510101318359375
0 0.707406264085036 0.12523220135615423 0.015819256122295674 0.015805684603177585
0 0.8167533874511719 0.9121196453387921 0.017707237830528848 0.028299771822415866
0 0.7770896324744592 0.5618456326998197 0.0391851571890024 0.039280084463266224
0 0.7719692817101111 0.957908923809345 0.015074216402493991 0.015323345477764424
0 0.8049485133244441 0.8579331911527194 0.0335540771484375 0.03341586773212139
0 0.3814597496619591 0.8084931740394006 0.04757279616135817 0.04839618389423077
0 0.6294320179865911 0.6058486058161809 0.02384464557354267 0.02370276817908654
0 0.5533585915198693 0.03441169628730187 0.016783787653996393 0.01692808591402494
0 0.7998814216026893 0.3076304289010855 0.01665526169996995 0.01691091977632963
0 0.43801520420954776 0.7420792212853065 0.027138343224158652 0.027350792518028848
0 0.6599385188176081 0.040307072492746204 0.015191885141225962 0.015010556349387536
0 0.671109126164363 0.531851548414964 0.03822649442232572 0.038501886221078724
0 0.7290394856379583 0.243558957026555 0.015234286968524639 0.015716699453500602
0 0.6079838092510517 0.06957073395068829 0.03294577965369591 0.03285263134883
0 0.7216835021972656 0.8394060134887695 0.043325570913461536 0.044994354248046875
0 0.8102164635291467 0.5858854880699744 0.02802247267503005 0.028102874755859375
