0 0.47009167304405797 0.103575559762808 0.050909922673152044 0.05097645979661208
0 0.5961025678194486 0.3352249585665189 0.053740281325120196 0.05310770181509165
0 0.602050047654372 0.6599589861356295 0.09220005915715145 0.09285354614257812
0 0.381072631249061 0.1803581164433406 0.06684934175931491 0.06701387808873104
0 0.4656229385962853 0.537563470693735 0.05229869255652794 0.051396736731896035
0 0.18989882102379432 0.8330081059382513 0.040677510775052585 0.04055345975435697
0 0.5676904091468225 0.5345191955566406 0.04489414508526142 0.044788507314828724
0 0.5580666248614972 0.9607422168438251 0.028651604285606973 0.028681094829852764
0 0.40790535853459287 0.037456863201581515 0.037783035865196817 0.03737157583236694
0 0.13839092621436486 0.8238152724045974 0.03830044086162861 0.03823295006385216
0 0.51584870998676 0.9170100872333233 0.046540993910569414 0.046745593731219955
0 0.5083399552565354 0.019707892949764546 0.022405257591834433 0.022023471502157357
0 0.7463137553288386 0.2507953460399921 0.04616854741023137 0.04659469311053936
0 0.8174271950354943 0.896014140202449 0.022562467134915866 0.02236146193284255
0 0.4313410979050856 0.1756735765016996 0.037114656888521634 0.036889883188100964
0 0.18839546350332406 0.7770376939039964 0.030093633211576022 0.029839589045597956
0 0.6335694239689753 0.40220157916729266 0.023691617525540866 0.02388308598445012
0 0.30347246390122634 0.36064888880803037 0.023736330179067757 0.023540790264423076
0 0.5949548941392165 0.9345392080453726 0.025608282822829027 0.025584587684044473
0 0.8742530529315655 0.18475781954251802 0.03674037639911358 0.03663275792048527
0 0.2574688471280612 0.08037614822387695 0.023030904623178337 0.022852439146775465
0 0.7707171806922326 0.6361257112943209 0.02809289785531851 0.027971707857572116
0 0.4006472734304575 0.6370493815495417 0.04279686854435848 0.04264141963078426
0 0.15844218547527605 0.8552018679105319 0.030310887556809645 0.03019259526179387
0 0.19399569584773138 0.7260799407958984 0.0673978512103741 0.06708379892202523
0 0.4077799870417668 0.9139242172241211 0.02108926039475661 0.021080163808969352
0 0.3676491884084848 0.13272113983447736 0.043762573829064004 0.04370236396789551
0 0.38114533057579625 0.8529676290658804 0.024242474482609674 0.024422132051908053
0 0.276812901863685 0.18714369260347807 0.018093696007361777 0.01782395289494441
0 0.8842524014986478 0.3520364394554725 0.02031252934382512 0.02015370589036208
0 0.24877467522254357 0.48101417834942156 0.03858738679152269 0.038543994610126205
0 0.7224176847017728 0.8443100269024189 0.02852630615234375 0.028571202204777643
0 0.6868174626277044 0.9062629846426157 0.05379706162672777 0.054122631366436295
0 0.5166551883404071 0.09385437231797439 0.0370630117563101 0.03649124732384315
0 0.23407013599689191 0.5331486922044021 0.01824489006629357 0.01842506115253155
0 0.21577321566068208 0.49854410611666167 0.018338716947115384 0.018465775709885817
0 0.33186017549954927 0.6823702592116135 0.0356744619516226 0.035088759202223554
0 0.31950939618624175 0.845272944523738 0.022832797123835638 0.022860600398137018
0 0.7213076077974759 0.031015322758601263 0.031067481407752402 0.031093322313748874
0 0.20319311435406023 0.03210747012725243 0.02959134028508113 0.029943846739255466
0 0.5058127916776217 0.1563083942119892 0.07266176663912259 0.07213057921482967
0 0.2718654045691857 0.5094673450176532 0.04153845860407902 0.04176668020395132
0 0.7146897682776818 0.8730354309082031 0.03574327322152945 0.03571642362154447
0 0.17060254170344427 0.22834352346567008 0.03112184084378756 0.031192926260141227
0 0.2359623908996582 0.018949712698276226 0.03207753254817082 0.032311829236837536
0 0.14983956630413348 0.550627194918119 0.024192993457500752 0.024406873262845553
0 0.12527545598837045 0.9398392897385818 0.02076871578509991 0.02089089613694411
0 0.5829312617962177 0.3982944121727577 0.027706219599797174 0.027574832622821514
0 0.7829129145695612 0.3572520476121169 0.05964103111853966 0.060338387122521035
0 0.26012813127957857 0.032198190689086914 0.018035301795372598 0.017531046500572793
0 0.6272788414588342 0.9210984156681941 0.04866970502413236 0.04853116548978365
0 0.25826703585111177 0.8191529787503756 0.01725468268761268 0.017077225905198317
0 0.5534737660334661 0.03980734715094933 0.029734024634728067 0.030166023052655734
0 0.3709280307476337 0.7815475463867188 0.03098143064058744 0.031134385329026442
0 0.605176045344426 0.041890630355248086 0.03728279700646034 0.03710526915696951
0 0.22194154445941633 0.14841216344099778 0.022658714881310098 0.022973665824303262
0 0.3920032794658954 0.015857670169610243 0.025328709528996393 0.02539819708237281
0 0.8284567319429837 0.5905672586881198 0.05014712993915264 0.05106155688946064
0 0.5743782336895282 0.24400102175199068 0.018199627216045674 0.01829697535588191
0 0.855887192946214 0.9628643622765174 0.028079399695763223 0.028195894681490384
0 0.12717925585233247 0.7621552393986628 0.023351669311523438 0.02333523676945613
0 0.4024139917813815 0.22284052922175482 0.035060882568359375 0.035590025094839245
0 0.1860964114849384 0.623016357421875 0.05577688950758714 0.054595617147592396
0 0.3957232328561636 0.492430907029372 0.11661456181452824 0.11647899334247296
0 0.6707210540771484 0.8519709660456731 0.022669278658353366 0.022664877084585335
0 0.540439825791579 0.3767226292536809 0.026098251342773438 0.026539068955641527
0 0.29642990919259876 0.8320482694185697 0.025631427764892578 0.025751847487229567
0 0.5902492083035983 0.885036615224985 0.02478452829214243 0.024934915395883415
0 0.5677237143883338 0.5842510370107797 0.044484505286583535 0.04407956049992488
0 0.23366291706378645 0.12406332676227276 0.023053902846116286 0.022815851064828727
0 0.1883996083186223 0.5735959639916053 0.04494314927321214 0.045468697181114785
0 0.3569832214942345 0.9711397611177884 0.02086492685171274 0.021465888390174277
0 0.7907547583946815 0.14183109540205735 0.0640860337477464 0.06445519740764911
0 0.5788597693810096 0.7673473358154297 0.11289215087890625 0.11327039278470553
0 0.13806893275334284 0.7015919318565955 0.03469999019916241 0.034554701585036054
0 0.31001938306368315 0.24080911049476036 0.03077521690955529 0.031106875492976263
0 0.4637942680945763 0.46900173333974987 0.019626397352952223 0.01966718526986929
0 0.23792220995976374 0.8234112812922552 0.018280506134033203 0.018153997567983773
0 0.7483442746675931 0.828583497267503 0.022975041316105768 0.023073930006760817
0 0.23673371168283316 0.3809357423048753 0.020119593693659857 0.020296390240009014
0 0.15119018921485314 0.5269363843477689 0.01563112552349384 0.015577169565054087
0 0.44716636951153094 0.1448672918172983 0.03153228759765625 0.03174792803250826
0 0.18065852385300857 0.052460748415726885 0.028803531940166768 0.029302496176499587
0 0.16201345737163836 0.9463173792912409 0.017246383887070876 0.017308748685396634
0 0.6833921579214243 0.3237106983478253 0.030313638540414665 0.030394920935997598
0 0.5282300802377554 0.8107019571157602 0.027417109562800482 0.02719717759352464
0 0.2939285865196815 0.056438253476069525 0.026647127591646634 0.02660677983210637
0 0.532497552724985 0.7156446897066556 0.029840762798602764 0.029860569880558893
0 0.7144659482515775 0.14347230471097505 0.017945509690504808 0.018093035771296576
0 0.6200850560114934 0.08242102769704965 0.025772718282846305 0.02583969097871047
0 0.21230261142437273 0.9863039163442758 0.01887967036320613 0.01859107384314904
0 0.24815834485567534 0.7771252852219802 0.016283842233511116 0.016196470994215745
0 0.42641353607177734 0.8540738912729117 0.026434825016902044 0.0264279292179988
0 0.6688374739426833 0.08680590299459603 0.02222295907827524 0.02187519807081956
0 0.2730696751521184 0.21331895314730132 0.016115592076228216 0.016124615302452676
0 0.35784475619976336 0.03021120337339548 0.024639202998234674 0.02446978367291964
0 0.21809605451730582 0.5249998386089618 0.014419482304499699 0.014592684232271634
0 0.29972230471097505 0.6677904862623948 0.046473062955416165 0.04666343102088341
0 0.4515218734741211 0.6345002101017878 0.06490391951340896 0.06511101355919471
0 0.6061869401198167 0.8562439405001127 0.054189828725961536 0.05575268085186298
0 0.2663079775296725 0.1490028087909405 0.01868724822998047 0.018968802232008714
0 0.6119289764991174 0.24163169127244216 0.027969727149376504 0.02783093085655799
0 0.2004401317009559 0.5317781154926007 0.028500887063833382 0.02871073209322416
0 0.37054678109975964 0.4165643545297476 0.038958256061260514 0.03910409487210787
0 0.6656405375554011 0.7122475550724909 0.08723141596867488 0.08625998863807091
0 0.28350892433753383 0.9390495006854718 0.019990921020507812 0.020295363206129808
0 0.8828142606295072 0.5277188374445989 0.03356845562274639 0.03580467517559345
0 0.23140958639291617 0.7914678133451022 0.018726348876953125 0.018846805279071514
0 0.37134053156926083 0.28967538246741664 0.018708302424504206 0.018704707805926982
0 0.34686139913705677 0.9864256198589618 0.02791727506197416 0.02340830289400541
0 0.40175900092491734 0.25664498255803037 0.03012671837439904 0.03047796396108774
0 0.6852689889761118 0.8386805607722356 0.017314910888671875 0.017436981201171875
0 0.7336827058058518 0.12261566748985878 0.026791499211237982 0.027420960939847507
0 0.19359020086435172 0.09350294333237869 0.01734506166898287 0.017159241896409255
0 0.11445342577420749 0.7015828352708083 0.024698917682354268 0.025269728440504808
0 0.868560791015625 0.8203171950120193 0.04802997295673077 0.04712735689603365
0 0.52582337306096 0.49921483259934646 0.06867555471567008 0.06848511329064003
0 0.35453128814697266 0.5023736953735352 0.03899075434758113 0.039778709411621094
0 0.5350525195782001 0.4312626031728891 0.05032979525052584 0.0507360605093149
0 0.3245077133178711 0.719551159785344 0.01981947972224309 0.019757490891676683
0 0.13516029027792123 0.13516100553365853 0.031112212401169997 0.0313870906829834
0 0.1873785899235652 0.15797200569739708 0.016197644747220553 0.016459061549260065
0 0.2652925711411696 0.020270207753548257 0.01759162315955529 0.017305140311901387
0 0.7327493520883414 0.8206671201265775 0.020649543175330527 0.02072759775015024
0 0.278171575986422 0.7842760819655198 0.01575502982506385 0.015886453481820915
0 0.31751320912287784 0.501773320711576 0.027026029733511116 0.02704458970289964
0 0.8654668514545147 0.7781738868126502 0.03266099783090445 0.03226382915790264
0 0.24913963904747596 0.04989352134557871 0.022800482236422025 0.023164749145507812
0 0.6060575705308181 0.20701180971585786 0.029570286090557393 0.02967548370361328
0 0.24793610206017128 0.8041758170494666 0.018872481126051683 0.019054706280048076
0 0.1447676603610699 0.04161475254939152 0.01904632494999812 0.01900641734783466
0 0.18578481674194336 0.35700379885160005 0.02091803917518029 0.02079002673809345
0 0.4509672751793495 0.21072165782635027 0.01973753709059495 0.019797545212965745
0 0.3422366288992075 0.5574325414804312 0.04246161534236027 0.042357224684495196
0 0.3198833465576172 0.9768830812894381 0.018140792846679688 0.018462254450871393
0 0.31107194607074445 0.8651922666109525 0.019132320697490986 0.019535358135516826
0 0.3679059101985051 0.596534435565655 0.02178823030911959 0.02184016887958233
0 0.8482617598313552 0.07329102662893441 0.0218356205866887 0.022073819087101862
0 0.6553211945753831 0.03859857412484976 0.01661814176119291 0.016669252744087808
0 0.6163982244638296 0.48247663791363055 0.019453782301682692 0.019704305208646335
0 0.711640871488131 0.39316712892972505 0.043404799241286054 0.04335095332219051
0 0.3724234654353215 0.011055455758021427 0.030182618361253005 0.020660652564122126
0 0.8635873794555664 0.8136802086463342 0.06088814368614784 0.06313162583571214
0 0.8821368584266076 0.9213689657358023 0.03950353769155649 0.04315904470590445
0 0.3487116740300105 0.6290493745070237 0.04105215806227464 0.04188948411207933
0 0.15745929571298453 0.6995978722205529 0.03906373794262226 0.03925323486328125
0 0.6747408646803635 0.03443485727676979 0.021326505220853366 0.02191854898746197
0 0.40563308275662935 0.8501867881188025 0.014726565434382511 0.014807481032151442
0 0.375152221092811 0.038798946600693926 0.02541776803823618 0.02479307697369502
0 0.49811073449941784 0.5933722349313589 0.025845894446739785 0.026002150315504808
0 0.6322033221905048 0.10338521003723145 0.020138960618239183 0.020671972861656777
0 0.44143882164588344 0.012526264557471642 0.03008416982797476 0.023566374411949746
0 0.19333626673771784 0.9458139859713041 0.018724514887883112 0.019092853252704326
0 0.21389152453495905 0.42708760041456956 0.07244432889498197 0.07333836188683143
0 0.42622991708608776 0.8500922276423528 0.02334139897273137 0.02189489511343149
0 0.49233150482177734 0.4776325959425706 0.016328885005070612 0.016482426570012018
0 0.14128855558542106 0.02468074055818411 0.015413651099571815 0.015443792709937463
0 0.5269358341510479 0.03923995678241436 0.02463084000807542 0.02473649841088515
0 0.8748126396766076 0.2900724777808556 0.031055450439453125 0.030773162841796875
0 0.1460120861346905 0.5802103189321665 0.02605012746957632 0.025807747474083535
0 0.561986152942364 0.9210754541250376 0.01774421105018029 0.017798497126652643
0 0.6249590653639573 0.45558768052321214 0.03662872314453125 0.0369566403902494
