0 0.34858285463773286 0.947657951941857 0.1694495861346905 0.10296220045823318
0 0.6534837576059195 0.7692439005925105 0.17116708021897536 0.1988832033597506
0 0.6694151071401743 0.5673664533174955 0.047888535719651446 0.04796306903545673
0 0.40230743701641375 0.41903594823984 0.03434445307804988 0.03437321002666767
0 0.6457651578463041 0.7639654599703275 0.04013531024639423 0.040040236253004804
0 0.5930379354036771 0.8206558227539062 0.05005623744084285 0.05006907536433293
0 0.6256755682138296 0.35040899423452526 0.026248931884765625 0.025983810424804688
0 0.5495335505558894 0.009401167814548198 0.022615432739257812 0.018933475017547607
0 0.5283673359797552 0.5678547345674955 0.026071841900165264 0.026065973135141227
0 0.46405645517202526 0.15487879973191482 0.2750694568340595 0.27701289837176984
0 0.6433225778432993 0.29733896255493164 0.024348038893479567 0.024309598482572116
0 0.6721665309025691 0.48726705404428333 0.02534631582406851 0.025298191950871393
0 0.31042102667001575 0.6222339043250451 0.017951525174654447 0.018080527965839092
0 0.31940768315241885 0.7041101455688477 0.018836094782902643 0.018668101384089544
0 0.7244529724121094 0.8836224629328802 0.020179895254281852 0.020634871262770433
0 0.3001988117511456 0.5613507490891677 0.017450332641601562 0.017339119544396035
0 0.5692952963022085 0.04014696524693416 0.021406907301682692 0.021468492654653695
0 0.5899322216327374 0.9762046520526593 0.01750784653883714 0.017482170691856973
0 0.5996866226196289 0.9213229692899264 0.024288030771108773 0.024465267474834736
0 0.2907399764427772 0.07546815963891837 0.048396990849421576 0.0482414410664485
0 0.6724033355712891 0.307434815626878 0.020670524010291465 0.020593789907602165
0 0.7037183321439303 0.5794690205500677 0.01783928504356971 0.017952845646784857
0 0.6022247901329627 0.23324322700500488 0.061977533193734974 0.061442118424635664
0 0.5838402968186599 0.933890122633714 0.022305121788611777 0.022757310133713942
0 0.7154742020827073 0.7266313112699069 0.031217428354116585 0.03130193857046274
0 0.5241829798771784 0.7240984256450946 0.029924979576697715 0.030483245849609375
0 0.33266016153188854 0.3556260329026442 0.020260003896859977 0.020417140080378607
0 0.669346075791579 0.6441022432767428 0.0221249507023738 0.021977644700270433
0 0.35633347584651065 0.681683246905987 0.01673441666823167 0.01685788081242488
0 0.31554684272179234 0.8582260425274189 0.016634152485774115 0.016176223754882812
0 0.4980491491464468 0.6276273727416992 0.016156783470740683 0.016041975754957933
0 0.47496619591346156 0.05253302592497606 0.01819148430457482 0.01812622180351844
0 0.30571869703439564 0.3918410081129808 0.03183287840623122 0.03175001878004808
0 0.7034910642183744 0.031555425662260786 0.015935457669771634 0.015706002712249756
0 0.28678231972914475 0.8267539097712591 0.03846395932711088 0.037790738619290866
0 0.6902636748093826 0.8986857487605169 0.059112255389873795 0.059612127450796276
0 0.6497583389282227 0.7012820610633264 0.0676878415621244 0.06702951284555289
0 0.2694213940547063 0.4661579132080078 0.02269282707801232 0.0354612790621244
0 0.4405021667480469 0.34006441556490385 0.019261653606708232 0.019126305213341348
0 0.728239499605619 0.5674616373502291 0.02388910146859976 0.036144329951359674
0 0.6266200725848858 0.5330624947181115 0.022892841925987832 0.023009520310621995
0 0.5189024118276743 0.6716193419236404 0.20718222398024339 0.211243409376878
0 0.7094885019155649 0.12734171060415414 0.021904578575721152 0.02187066811781663
0 0.5770319425142728 0.9137739034799429 0.3080621866079477 0.17005597628079927
0 0.41837244767409104 0.6870987965510442 0.017198562622070312 0.01733266390286959
0 0.2683996053842398 0.5498146644005408 0.01749739280113807 0.02000001760629507
0 0.49413068477924055 0.5411199422983023 0.015454365656926082 0.01529847658597506
0 0.5624697758601263 0.41314095717210036 0.02013551271878756 0.020284212552584134
0 0.39426334087665266 0.3726623608515813 0.026628934420072116 0.02635801755464994
0 0.3516403344961313 0.7445436624380258 0.17997244688180777 0.20063136174128607
0 0.2753419509300819 0.8026151657104492 0.02518180700448843 0.03667185856745793
0 0.32774653801551235 0.2365568601168119 0.09054814852201022 0.08874071561373197
0 0.5824065575232873 0.9612065828763522 0.015421207134540264 0.015577463003305288
0 0.6575054755577674 0.3524650427011343 0.015145668616661659 0.015053235567533053
0 0.5008085324214056 0.7718516129713792 0.023269066443810098 0.02301641610952524
0 0.27440661650437576 0.7133062802828275 0.027672180762657754 0.03522080641526442
0 0.7256959768442007 0.4451617094186636 0.015395237849308895 0.015585972712590145
0 0.7179126739501953 0.6890522883488581 0.041527087871844955 0.07021390474759616
0 0.7295017242431641 0.47832430326021635 0.017067689162034255 0.01689001230093149
0 0.6975173950195312 0.4423965307382437 0.014212975135216346 0.014296751755934495
0 0.3184482134305514 0.6350334607637845 0.014996161827674279 0.014947597797100361
0 0.5490900919987605 0.40239429473876953 0.016802274263822116 0.016280687772310697
0 0.5788022554837741 0.2603759032029372 0.023835182189941406 0.024347525376539964
0 0.5296715956467849 0.4870508634127103 0.014231168306790866 0.014594664940467248
0 0.38330598977895886 0.7696656447190505 0.11540867732121395 0.1144265394944411
0 0.35655964337862456 0.7638973822960486 0.16774779099684495 0.14555828387920672
0 0.5104212760925293 0.531859617966872 0.015320704533503605 0.015476666964017428
0 0.29700308579664964 0.545349487891564 0.013781914344200721 0.013980351961576022
0 0.5310678482055664 0.6867266434889573 0.014536050649789663 0.014647850623497596
0 0.2691058929149921 0.4135008225074181 0.02097624998826247 0.024828323951134317
0 0.28065428367027867 0.6918242527888372 0.03772926330566406 0.03966375497671274
