0 0.838896237886869 0.22455595089839056 0.12974196213942307 0.13139948478111854
0 0.5286377026484563 0.06211419288928692 0.12728610405555138 0.1206371417412391
0 0.486670053922213 0.7067684760460486 0.10741541935847355 0.10569249666654147
0 0.9021178025465745 0.8528360953697791 0.12025686410757211 0.12106469961313102
0 0.12673947444328895 0.18587466386648324 0.07873951471768893 0.07885070947500375
0 0.5133160077608548 0.9621907747708834 0.06217120243952824 0.06260857215294471
0 0.825627693763146 0.8900675406822791 0.10501685509314904 0.10541343688964844
0 0.6714685880220853 0.8052887549767127 0.04444122314453125 0.04424285888671875
0 0.23381343254676232 0.1810274857741136 0.05910811057457557 0.05944243761209341
0 0.5861390920785757 0.14902428480295035 0.04237527113694411 0.04236892553476187
0 0.13026205392984244 0.27169607235835147 0.06236903484051044 0.0626678833594689
0 0.6837234497070312 0.5890083679786096 0.028552715594951924 0.0283963863666241
0 0.4969127361591046 0.33582529654869664 0.05522962716909555 0.05428365560678335
0 0.11321284220768855 0.7694475467388446 0.04387932557326097 0.04401720487154447
0 0.7693996429443359 0.6001289807833158 0.0293582035945012 0.028984216543344352
0 0.6022334465613732 0.8202031208918645 0.04626875657301683 0.04619803795447716
0 0.6852047259990985 0.5374966401320237 0.026255974402794473 0.026202862079326924
0 0.8763157771183894 0.13641982812147874 0.019932673527644232 0.01974689043485201
0 0.0742369477565472 0.1504040131202111 0.054099257175739 0.0540309319129357
0 0.796043689434345 0.6340998136080228 0.023406542264498197 0.0233456538273738
0 0.4356973354633038 0.7870346949650691 0.030832877525916465 0.03048529991736779
0 0.327113701747014 0.948570544903095 0.03072335169865535 0.030647864708533652
0 0.9028169191800631 0.31343815876887393 0.0206756591796875 0.020618585439828727
0 0.350002068739671 0.9155274171095628 0.045037489670973554 0.045224556556114785
0 0.14797849838550275 0.9863832913912259 0.02199732340299166 0.02167510986328125
0 0.48045939665574294 0.7680732286893405 0.02073192596435547 0.02074094919057993
0 0.9080000657301682 0.5473887370182917 0.03154417184682993 0.031427970299353965
0 0.7874952463003305 0.7785318814791166 0.019633073073167067 0.019550910362830527
0 0.7440896401038537 0.9843962742732122 0.029913682204026442 0.027568523700420674
0 0.6537055969238281 0.25081801414489746 0.042003631591796875 0.04250665811391977
0 0.2669628400069017 0.9452233681311975 0.05097818374633789 0.05128699082594652
0 0.448515011714055 0.35903321779691255 0.029835040752704326 0.029693163358248197
0 0.21887671030484712 0.05389581276820256 0.026119378896859977 0.026293607858511116
0 0.6217782680804913 0.952879758981558 0.02709828890286959 0.027259973379281852
0 0.4144894526554988 0.40144736950214094 0.03182242466853215 0.031620025634765625
0 0.04788784797375019 0.3016067284804124 0.02415706331913288 0.024426606985238884
0 0.9118281877957858 0.8504029787503756 0.025250068077674277 0.02533105703500601
0 0.7475675436166617 0.5817933082580566 0.017301412729116585 0.017291509188138522
0 0.6921661817110502 0.1242372622856727 0.057367911705603965 0.0577080799983098
0 0.5625817225529597 0.7025961509117713 0.01780876746544471 0.017589275653545674
0 0.7484996502216046 0.5108532905578613 0.020655118502103366 0.020635311420147236
0 0.8236659856942984 0.8769706579355093 0.02001322232759916 0.020275996281550482
0 0.050943067440619834 0.00957115051838068 0.02529268081371601 0.01796331428564512
0 0.8725013732910156 0.04366622521327092 0.06540973369891827 0.06528813105363113
0 0.31381867482112 0.14402196957514837 0.09595210735614483 0.09911350103525016
0 0.7633806375356821 0.5262316923875076 0.017913818359375 0.01793810037466196
0 0.608783061687763 0.04831379193526048 0.02787501995380108 0.02770946346796476
0 0.8551026124220628 0.9643280322735126 0.07038512596717247 0.06479057898888221
0 0.38726234436035156 0.14399966826805702 0.04507226210374098 0.04526178653423603
0 0.7076289103581355 0.3458393170283391 0.06098189720740685 0.06114475543682392
0 0.9125421964205228 0.7925680600679837 0.0363611074594351 0.03623551588792067
0 0.809235352736253 0.09357256155747634 0.03714253352238582 0.03696496211565458
0 0.3498793381911058 0.7108572446382962 0.173888426560622 0.17849349975585938
0 0.8537315955528846 0.682669419508714 0.02139458289513221 0.02105566171499399
0 0.7542616037222055 0.42497697243323695 0.02128454355093149 0.021358783428485576
0 0.4153597905085637 0.2643150182870718 0.025462517371544473 0.02550844045785757
0 0.7131685110238882 0.4810719123253456 0.023313082181490384 0.023265838623046875
0 0.5963442508990948 0.2004371422987718 0.029144287109375 0.029437945439265326
0 0.658978168780987 0.06999738399799053 0.0263211176945613 0.02656135192284217
0 0.31803043072040266 0.2619828994457538 0.017888435950646035 0.017907399397629958
0 0.7749525216909555 0.9571304321289062 0.022051150982196514 0.022267268254206732
0 0.7080290867732122 0.6385465768667368 0.027845382690429688 0.027920649601862982
0 0.254883362696721 0.07355300738261296 0.03205739534818209 0.031751385101905234
0 0.5643981786874624 0.5389212828416091 0.02516599801870493 0.02519387465256911
0 0.45874911088209885 0.120530183498676 0.02399268517127404 0.0240481816805326
0 0.921536739055927 0.599892469552847 0.02675496614896334 0.026744989248422477
0 0.31574777456430286 0.3843723443838266 0.0373834463266226 0.03835912851186899
0 0.4581436010507437 0.01859716039437514 0.02553103520320012 0.02607943919988779
0 0.808340806227464 0.3545845471895658 0.01807564955491286 0.0181118891789363
0 0.08844417792100173 0.27011841994065505 0.048476145817683294 0.047546129960280195
0 0.9329113593468299 0.5021371841430664 0.020261617807241585 0.020261764526367188
0 0.7579759451059195 0.07275287004617545 0.017217489389272835 0.017032770010141227
0 0.44851361788236177 0.03643217453589806 0.01917120126577524 0.019176776592548076
0 0.7851556631234976 0.5338652317340558 0.025710472693810098 0.025431339557354268
0 0.44632886006281924 0.45361724266639125 0.019939202528733473 0.02010770944448618
0 0.6464286217322717 0.9161503131573017 0.030046609731820915 0.03106102576622596
0 0.5760026344886193 0.7945923438439002 0.02177605262169471 0.021587665264423076
0 0.32936418973482573 0.35607396639310396 0.0182644770695613 0.018339890700120192
0 0.5920074903048002 0.23952117333045372 0.019622362576998197 0.01943661616398738
0 0.7764167052048904 0.055492749580970176 0.025342207688551683 0.025065018580510065
0 0.9224675985483023 0.4691166510948768 0.021603510929987982 0.021930401141826924
0 0.9476119554959811 0.11561801800361046 0.01966696519118089 0.019867456876314603
0 0.3415682132427509 0.40753900087796724 0.02647561293381911 0.026317009559044473
0 0.5116753578186035 0.1342779673062838 0.021369567284217246 0.021871401713444635
0 0.2003942636343149 0.862268667954665 0.02499044858492338 0.02509483924278846
0 0.5410648492666391 0.6056068860567533 0.048935963557316706 0.04906786405123197
0 0.5498772401076096 0.8444031935471755 0.06671744126539964 0.06878970219538762
0 0.5679955849280725 0.6569991478553185 0.018060830923227165 0.018244523268479567
0 0.5706464327298678 0.38109849049494815 0.022719750037560098 0.02287717965932993
0 0.8427775456355169 0.10283552683316745 0.03112367483285757 0.030693769454956055
0 0.18974612309382513 0.06342040575467624 0.024846590482271634 0.02486764467679537
0 0.48916024428147536 0.5485719900864822 0.03169602614182692 0.03207705571101262
0 0.6691984763512244 0.17275571823120117 0.040724680973933294 0.04076723869030292
0 0.4632103259746845 0.6418587611271784 0.0688172120314378 0.07027607697706956
0 0.6660480499267578 0.6258662297175481 0.021070186908428486 0.021612277397742637
0 0.7239161271315354 0.18211472951448882 0.015374257014347957 0.015393220461331882
0 0.721901380098783 0.915183580838717 0.02938534663273738 0.029364805955153245
0 0.8053372456477239 0.7977271446814904 0.017275296724759616 0.017467498779296875
0 0.4920958739060622 0.4223624009352464 0.021283663236177884 0.02140074509840745
0 0.8555369743934045 0.5028132658738357 0.034784170297475964 0.034122613760141224
0 0.6142931718092698 0.7087028209979718 0.03554799006535457 0.03544939481295072
0 0.4393767576951247 0.5544088437007024 0.045733085045447715 0.04430462763859676
0 0.36071161123422474 0.07538006855891301 0.03000611525315505 0.029396772384643555
0 0.034904420375823975 0.13208400286160982 0.01424092512864333 0.015651647861187275
0 0.4657900150005634 0.819125982431265 0.01946287888746995 0.01976776123046875
0 0.19209109819852388 0.17681714204641488 0.030799425565279447 0.030579456916222207
0 0.2997241753798265 0.08246291600740872 0.062034900371844955 0.06278155400202824
0 0.3614510022676908 0.8321861853966346 0.01625171074500451 0.01621099618765024
0 0.12313162363492526 0.09100836973923904 0.016130630786602315 0.016205384181096003
0 0.5877512418306791 0.007476010001622713 0.02304385258601262 0.013626747406446017
0 0.17738012167123648 0.3034844398498535 0.03832292556762695 0.03855294447678786
0 0.09169343801645133 0.9051393362192007 0.021910667419433594 0.021811265211838942
0 0.8157616395216721 0.6234823373647836 0.01937132615309495 0.01963516382070688
0 0.36810412773719203 0.09195052660428561 0.02454801706167368 0.023944781376765326
0 0.20562870685870832 0.9778338945828952 0.06280297499436599 0.039893810565655045
0 0.6805145557110126 0.229889099414532 0.028458521916316107 0.028290381798377402
0 0.6529241708608774 0.7816634544959435 0.025736001821664665 0.02578001755934495
0 0.40233487349290115 0.4245468286367563 0.0197142821091872 0.020230806790865384
0 0.6824995921208308 0.3886227240929237 0.029520621666541465 0.029352628267728366
0 0.29373854857224685 0.3957640574528621 0.03499551919790415 0.03563822232759916
0 0.3610257368821364 0.3933044213515062 0.025433173546424277 0.02550205817589393
0 0.958405274611253 0.02315155817912175 0.0216824458195613 0.02599780376140888
0 0.7915650881253756 0.9599389296311599 0.018855461707481973 0.018518888033353366
0 0.6803637284498948 0.3180254055903508 0.1442263309772198 0.1437970674954928
0 0.5741373575650729 0.7150388864370493 0.018771905165452223 0.01885061997633714
0 0.04775393467683058 0.203093748826247 0.03933463646815373 0.06308694986196664
0 0.4696836471557617 0.5381427911611704 0.0662692143366887 0.06494404719426082
0 0.9561909162081205 0.2421710307781513 0.01990670424241286 0.02035676516019381
0 0.38317394256591797 0.5968578045184796 0.026597096369816706 0.026478987473707933
0 0.5346877758319561 0.4770090396587665 0.03380100543682392 0.03384076631986178
0 0.6470791743351862 0.21041081501887396 0.03392733060396635 0.033933089329646185
0 0.8289899092454177 0.5589119104238657 0.028580298790564902 0.02866084759051983
0 0.9395904541015625 0.5903832362248347 0.024343343881460335 0.02439088087815505
0 0.5796458904559796 0.9822879204383264 0.03273963928222656 0.030335059532752402
0 0.6763015893789438 0.6256436568040115 0.03670413677509014 0.03791335912851187
0 0.372717417203463 0.34814959305983323 0.017782064584585335 0.017945216252253607
0 0.10908057139470027 0.1528240625674908 0.020689047299898587 0.020758537145761344
0 0.7628150353064904 0.39064700786884016 0.017367729773888223 0.01747292738694411
0 0.5396319902860202 0.15295727436359113 0.027300908015324518 0.02687997084397536
0 0.5540856948265662 0.26378451860868013 0.021326505220853366 0.021430235642653245
0 0.7832010709322416 0.8228778839111328 0.015262603759765625 0.015204209547776442
0 0.03845457618053143 0.243988220508282 0.019979839141552266 0.03257626753586989
0 0.39372840294471156 0.11932329948131855 0.026608980618990384 0.027021169662475586
0 0.6400519150954026 0.8855741207416241 0.019741938664362982 0.020131624661959134
0 0.3412363345806415 0.6301174897413987 0.028056511512169473 0.027944418100210335
0 0.6085972419151893 0.29110044699448806 0.015117351825420674 0.015022461230938252
0 0.38742395547720104 0.6420079744779147 0.05613510425274189 0.05727529525756836
0 0.8696951499352088 0.7145853776198167 0.020638392521784857 0.020767945509690505
0 0.3502794045668382 0.6647594158466046 0.041624949528620794 0.041678208571213946
0 0.8802811549260066 0.5859507780808669 0.05734751774714543 0.05736886537992037
0 0.8661383115328275 0.42981477884145886 0.01665350107046274 0.01666406484750601
0 0.4692692389855018 0.8649705740121695 0.01829191354604868 0.018582270695612982
0 0.9554617221538837 0.767210813669058 0.018338863666240986 0.019546068631685697
0 0.48424643736619216 0.6716139866755559 0.018458072955791768 0.018836534940279447
0 0.22472381591796875 0.957516963665302 0.03930231241079477 0.03899662311260517
0 0.20696181517380935 0.8048046552217923 0.015540196345402645 0.015377338115985576
0 0.659978279700646 0.6916583134577825 0.06357192993164062 0.0627585190993089
0 0.04680017783091618 0.4304622503427359 0.035129427909851074 0.0462334706233098
0 0.6920353082510141 0.7471470466026893 0.025505946232722357 0.025263419518103965
0 0.8340784219595102 0.7679141117976263 0.023182795597956732 0.023190131554236777
0 0.9295023404634916 0.8439074296217698 0.01666993361253005 0.017400301419771634
0 0.7841997880202073 0.5107732185950646 0.026829352745643027 0.027065863976111777
0 0.3850458585298978 0.6790840442364032 0.018439219548152044 0.018650641808143027
0 0.4944940713735727 0.12822213539710411 0.015290407034067007 0.015624046325683594
0 0.3492384690504808 0.6108099130483774 0.019734309269831732 0.020289201002854567
0 0.5642594557542068 0.4829390599177434 0.018497173602764424 0.018729136540339544
0 0.3633716656611516 0.042863699106069714 0.014701549823467549 0.014707494240540724
0 0.9121241936316857 0.687426493718074 0.07466976459209736 0.07710706270658053
0 0.616028565626878 0.7359542846679688 0.015465699709378757 0.015359291663536659
0 0.5351105469923753 0.32739951060368466 0.016232857337364785 0.016501353337214544
0 0.877721199622521 0.9676361083984375 0.015131436861478366 0.015443655160757212
0 0.3503631811875563 0.607863976405217 0.0228884770320012 0.023287626413198616
0 0.8330452258770282 0.7720847496619592 0.018457559438852165 0.018132136418269232
0 0.5278369463407077 0.19963981555058405 0.03746245457575871 0.0377813852750338
0 0.6456249677217923 0.16502042917104867 0.08093833923339844 0.08127359243539664
0 0.6615842672494742 0.0324402589064378 0.02362236609825721 0.023641072786771335
0 0.07525885105133057 0.7945652741652268 0.01780409079331618 0.01763461186335637
0 0.09259724617004395 0.07151492742391732 0.014415154090294471 0.014814248451819787
0 0.5904459219712478 0.30173118297870344 0.016017693739670973 0.016493723942683294
0 0.3963330342219426 0.4765002910907452 0.0240328862116887 0.02455726036658654
0 0.0775763621697059 0.19741564530592698 0.019758903063260592 0.02060417028573843
0 0.5649922444270208 0.12604970198411208 0.01697408235990084 0.017154180086576022
0 0.7660399216871995 0.3868871468764085 0.021966200608473558 0.02120795616736779
0 0.7612849749051608 0.8312850365271935 0.03424879220815805 0.03445522601787861
0 0.16039690604576698 0.009396665944502903 0.01755373294536884 0.016498250456956718
0 0.7179791377140925 0.6181647227360652 0.014099854689378005 0.014340620774489183
0 0.561676758986253 0.7473038893479568 0.013914254995492788 0.014017838698167067
0 0.04707236473376934 0.7964364565335788 0.01637898958646334 0.01611152062049279
0 0.8132349161001352 0.7461764262272761 0.016004415658804085 0.01592738811786358
0 0.9214418851412259 0.9629953824556791 0.059945326585036054 0.06006915752704327
0 0.5812343450692984 0.6444991185114934 0.017896138704740085 0.018572293795072116
0 0.7348194122314453 0.4791347063504733 0.01416778564453125 0.014407964853140024
0 0.23190795458280122 0.8600340623121995 0.020226111778846152 0.020525712233323317
0 0.54583556835468 0.748959467961238 0.01889522259051983 0.019301194411057692
0 0.7550537402813251 0.645743516775278 0.06575188269981971 0.06680532602163461
