0 0.4626188644996056 0.684394909785344 0.08748032496525691 0.08758985079251803
0 0.2147537744962252 0.5395563565767728 0.08298132969782902 0.08336991530198318
0 0.36325960892897385 0.6332265413724459 0.07180228600135216 0.0718083014855018
0 0.7122942117544321 0.8533642108623798 0.03971011822040264 0.03952936025766226
0 0.3305293596707858 0.8062893794133112 0.05195883604196402 0.0517730712890625
0 0.3451864169194148 0.6969855381892278 0.057072932903583236 0.056731003981370196
0 0.6321934186495267 0.857762336730957 0.029560382549579326 0.02962625943697416
0 0.6970283801739032 0.7301836013793945 0.03794185931865986 0.03775185805100661
0 0.8630993182842548 0.9358234405517578 0.04698093120868389 0.05815975482647236
0 0.2505963398860051 0.8750531856830304 0.034278502831092246 0.03426023629995493
0 0.8589178232046274 0.08926147681016189 0.02071409959059495 0.020876224224384014
0 0.24842078869159406 0.9133671247042142 0.04616730029766376 0.046083890474759616
0 0.841038337120643 0.029970657366972703 0.02404931875375601 0.024141178681300238
0 0.15321128184978777 0.6683645982008714 0.03379238568819486 0.03406832768366887
0 0.33470975435697115 0.21816778182983398 0.028925969050480768 0.02854574643648588
0 0.788185559786283 0.9068612318772536 0.05449118980994591 0.05441548274113582
0 0.19241153276883638 0.62098451761099 0.028435193575345553 0.02855682373046875
0 0.7187840388371394 0.8157647206233098 0.031359159029447116 0.031464796799879804
0 0.20811865879939154 0.07503419197522677 0.04857789553128756 0.048786465938274674
0 0.7696082775409405 0.2958817115196815 0.03152539179875301 0.03156970097468449
0 0.13460956170008734 0.07053000193375808 0.019115943175095778 0.018741827744704027
0 0.21854701408973107 0.6866657550518329 0.03702618525578426 0.03715705871582031
0 0.19359794029822716 0.4387214734004094 0.026204842787522536 0.02629712911752554
0 0.3695992689866286 0.2195136913886437 0.03966214106633113 0.03992267755361704
0 0.1941558581132155 0.5015933697040265 0.03848890157846304 0.038272710946890026
0 0.7088815982525165 0.15873014009915865 0.017113318810096152 0.017036951505220853
0 0.3567024744473971 0.43210873237022984 0.03229089883657602 0.03235758267916166
0 0.44600149301382214 0.981385744535006 0.035658763005183294 0.033220731295072116
0 0.7076398409329928 0.30925915791438174 0.018797947810246393 0.01877461946927584
0 0.4243306013254019 0.5210093718308669 0.10783679668719952 0.10877066392164964
0 0.35073280334472656 0.5830894616933969 0.04298863044151893 0.04269702617938702
0 0.21283558698800895 0.11788491102365348 0.020174833444448616 0.019872738764836237
0 0.8004825298602765 0.037843209046583906 0.048317249004657455 0.047867197256821856
0 0.39700808891883266 0.8076187280508188 0.02843776116004357 0.028122681837815505
0 0.617037846491887 0.09613814720740685 0.03645907915555514 0.03638381224412184
0 0.299132567185622 0.5510361744807317 0.056047953092134915 0.05703940758338341
0 0.3700508704552284 0.3260374069213867 0.018854434673602764 0.018959779005784255
0 0.5208611488342285 0.423364125765287 0.028556456932654746 0.028609055739182692
0 0.20189006511981672 0.8794567401592548 0.017177508427546576 0.017035264235276442
0 0.17158269882202148 0.8481089518620417 0.03283148545485277 0.03292920039250301
0 0.33838396805983323 0.5534555728618915 0.04324128077580379 0.042760408841646634
0 0.21846439288212702 0.5930645649249737 0.0297396366412823 0.02962809342604417
0 0.22097655443044809 0.7897448906531701 0.02110569293682392 0.02107825646033654
0 0.703830572275015 0.9511894812950721 0.029674236591045674 0.029907079843374398
0 0.8178867926964393 0.47699759556696963 0.04738118098332332 0.047560471754807696
0 0.2844078907599816 0.02194551321176382 0.028545636397141676 0.0286255249610314
0 0.13369619846343994 0.4958051534799429 0.03207226899953989 0.03271022209754357
0 0.47503262299757737 0.7479061713585486 0.07102284064659706 0.07159849313589242
0 0.8347828204815204 0.21704508708073542 0.01632866492638221 0.016364097595214844
0 0.7527348445012019 0.818899888258714 0.018744395329402044 0.018636703491210938
0 0.1734015208024245 0.23357035563542292 0.022533746866079476 0.022354602813720703
0 0.49210020212026745 0.38705957852877104 0.02557534437913161 0.02559383098895733
0 0.6529135337242713 0.5643252592820388 0.030327283419095553 0.030508041381835938
0 0.37723658635066104 0.7100423666147085 0.030609277578500602 0.02982491713303786
0 0.1409166959615854 0.46952133912306565 0.02154089854313777 0.02171435722937951
0 0.4627206875727727 0.3276488964374249 0.016664651724008415 0.01650854257436899
0 0.1722245216369629 0.5812277427086463 0.032489776611328125 0.031724783090444714
0 0.8000364303588867 0.9908208113450271 0.02896749056302584 0.016652620755709134
0 0.26041252796466535 0.5720108105586126 0.040653338799109824 0.0404817874615009
0 0.6240020165076623 0.8820673135610727 0.028241817767803486 0.027500152587890625
0 0.6596770653357873 0.03539377680191627 0.019894526554987982 0.019768150953146126
0 0.6296926645132211 0.5503925176767203 0.020144535945012018 0.020184883704552285
0 0.673454211308406 0.05228326412347647 0.02855374262883113 0.028708302057706393
0 0.5020228899442233 0.5405757243816669 0.0183258056640625 0.018141453082744893
0 0.4115423055795523 0.29867106217604417 0.025034024165226862 0.025188372685359076
0 0.3017820394956149 0.6133009103628305 0.03530616026658278 0.033784132737379804
0 0.7396590893085186 0.8333729964036208 0.025279705341045674 0.024952815129206732
0 0.1777483866764949 0.7073701711801382 0.01971270487858699 0.019532130314753607
0 0.3564717219426082 0.8448277986966647 0.028348776010366585 0.028564453125
0 0.21557586009685809 0.3688775942875789 0.02534903012789213 0.0252835933978741
0 0.7533557598407452 0.8725679837740384 0.03301561795748197 0.03290264423076923
0 0.6015070768503042 0.5685471388009878 0.03183768345759465 0.0320128660935622
0 0.3462390166062575 0.24692106246948242 0.025420702420748197 0.025510054368239183
0 0.6140857843252329 0.9033000652606671 0.027976256150465745 0.02807030310997596
0 0.2771088160001315 0.8282148654644306 0.01752127133882963 0.017668944138746995
0 0.5969844231238732 0.47863879570594203 0.03097050006573017 0.030871758094200723
0 0.3086550785945012 0.7367901435265174 0.017513275146484375 0.017482757568359375
0 0.7965821486253005 0.5920127355135404 0.03140170757587139 0.031717813931978665
0 0.5715766319861779 0.5071730613708496 0.041428712698129505 0.04065579634446364
0 0.8727544637826773 0.6891888838547927 0.025912651648888223 0.028170658991887018
0 0.8104669130765475 0.07842023556049053 0.017168191763070915 0.017212867736816406
0 0.5793258226834811 0.8565236605130709 0.02918133368858924 0.028508406419020433
0 0.31797218322753906 0.7613589947040265 0.025043707627516527 0.025343968318058893
0 0.5027568156902606 0.5212857539837177 0.015454292297363281 0.015179927532489482
0 0.2762581018301157 0.7307089292086087 0.017898412851186898 0.018094576322115384
0 0.2531521503741925 0.4773305379427396 0.06769715822660007 0.06788136408879207
0 0.2770439844865065 0.6687104151799128 0.021082584674541768 0.02098230215219351
0 0.34171632620004505 0.49297611530010516 0.02558422088623047 0.025474401620718148
0 0.14899935172154352 0.09875248028681828 0.017726733134343073 0.017722936776968148
0 0.8309756792508639 0.0949779932315533 0.014516096848707933 0.014569832728459286
0 0.15452933311462402 0.8187876481276292 0.029572046720064603 0.02977723341721755
0 0.2670131096473107 0.6525553189791166 0.0148161374605619 0.014710059532752404
0 0.3523871348454402 0.38233551612267125 0.01411900153526893 0.014472521268404447
0 0.30141592025756836 0.46167685435368466 0.0283963863666241 0.028198829064002402
0 0.13971078395843506 0.33705593989445615 0.01994171509375939 0.019767321073091947
0 0.23824860499455378 0.4918834979717548 0.017751400287334736 0.018012560330904447
0 0.15297155196850115 0.1535787215599647 0.06988208110515888 0.07560407198392428
0 0.30612839185274565 0.6337436529306265 0.02438816657433143 0.025343821598933294
0 0.7965829555804913 0.5109529495239258 0.0393370114839994 0.038889371431790866
0 0.13685810565948486 0.23410885150615984 0.015341593669011043 0.01553938939021184
0 0.5221666189340445 0.5609299586369441 0.018625992995042067 0.0187228276179387
0 0.1676333500788762 0.7422451606163611 0.03278354498056265 0.03199856097881611
0 0.18108927286588228 0.8927938021146334 0.016589935009296123 0.016620342548076924
0 0.5410254551814153 0.15676085765545184 0.036085275503305286 0.03626056817861704
0 0.42740851182204026 0.8847979032076322 0.03125674907977764 0.0316614004281851
0 0.6353368025559646 0.7392161442683294 0.016665532038762018 0.016467167780949518
0 0.786406003511869 0.12168733890240009 0.014560112586388221 0.014419775742750902
0 0.5043895061199481 0.2822875793163593 0.01995424123910757 0.02016148200401893
0 0.20913406518789437 0.8928894629845252 0.02471615717961238 0.024425653310922477
0 0.20186169330890363 0.28090157875647914 0.015612565554105319 0.015369855440579928
0 0.17131614685058594 0.7438364028930664 0.023756760817307692 0.025257110595703125
0 0.19364802653972918 0.34394077154306263 0.022608426901010368 0.022766920236440804
0 0.8365915005023663 0.8916937021108774 0.029775472787710335 0.029255500206580527
0 0.3390610401447003 0.5816554289597732 0.014288682204026442 0.014047035804161659
0 0.7268032660851111 0.9028153786292443 0.01541900634765625 0.015370735755333534
0 0.37898672544039214 0.7494813478910006 0.014529961806077223 0.014913705679086538
0 0.41821534817035383 0.571715208200308 0.021710322453425482 0.021573213430551384
0 0.5854502457838792 0.00792910044009869 0.03142202817476713 0.014638556883885311
0 0.21457301653348482 0.3207646883451022 0.017241404606745794 0.01719034635103666
0 0.19682814524723932 0.9047685769888071 0.016320522014911357 0.01638177724984976
0 0.12604799637427697 0.39572635063758266 0.019115631396953877 0.021233632014347956
0 0.8047212453988882 0.2218766029064472 0.02532019981971154 0.025518527397742637
0 0.4911323694082407 0.08619417594029354 0.0209197998046875 0.020751402928278997
0 0.38547717607938325 0.6761398315429688 0.023874649634728067 0.02389702430138221
0 0.4380353780893179 0.18008855672983023 0.05476247347318209 0.05374559989342323
0 0.3368827746464656 0.8486221020038311 0.015688162583571214 0.015884839571439303
0 0.6134895177987906 0.5322116705087515 0.016610218928410456 0.016537813039926384
0 0.8147930732140174 0.8639568915733924 0.018401366013746995 0.01830878624549279
0 0.5073445760286771 0.055032629233140215 0.014113059410682091 0.013863765276395358
0 0.8046123798076923 0.23313074845534104 0.015826298640324518 0.015682000380295973
0 0.28242804453923154 0.6843742957481971 0.01752750690166767 0.017167311448317308
0 0.8034762602586013 0.21805884287907526 0.020048141479492188 0.020050452305720404
0 0.29285407066345215 0.6964533879206731 0.017916459303635817 0.01858945993276743
0 0.19094731257512018 0.2591998026921199 0.017460456261268027 0.017712226280799277
0 0.2649226005260761 0.4350697444035457 0.01881104249220628 0.018855755145733174
0 0.5103354087242713 0.07914864099942721 0.014332257784329928 0.014383224340585561
0 0.18667782269991362 0.019511676751650296 0.014850836533766527 0.014330740158374492
0 0.2342973672426664 0.6291651358971229 0.020254832047682542 0.02011724618765024
