0 0.5326431714571439 0.3905737583453839 0.07956402118389423 0.07868906167837289
0 0.3495615812448355 0.27483129501342773 0.16846788846529448 0.27146515479454625
0 0.2945889876439021 0.6222993410550631 0.047759606288029596 0.06099231426532452
0 0.3480915656456581 0.6855338169978216 0.08854491894061749 0.08995378934420072
0 0.6937657869779147 0.8283696541419396 0.06443243760329026 0.0961770277756911
0 0.5095144785367526 0.6475389920748197 0.057238211998572715 0.056948148287259616
0 0.5278794948871319 0.7640657424926758 0.07599918658916767 0.07510654742901142
0 0.4455579977769118 0.6389934833233173 0.05365760509784405 0.053298656757061295
0 0.2990523851834811 0.11858585247626671 0.04449771000788762 0.04421566082881047
0 0.5102795087374173 0.9710659613976111 0.028766338641826924 0.028736701378455527
0 0.6274412595308744 0.781158080467811 0.06360332782451923 0.06399712195763221
0 0.47946940935575044 0.721579331618089 0.08120309389554538 0.08085250854492188
0 0.48647227654090297 0.30737242331871617 0.023957472581129808 0.023784417372483473
0 0.3913579353919396 0.5111068578866812 0.031484237084021933 0.031810760498046875
0 0.4847542689396785 0.8871106367844802 0.03214043837327223 0.03176615788386418
0 0.37080445656409633 0.9233872340275691 0.12801713209885818 0.1275482177734375
0 0.4583223049457257 0.8142623901367188 0.03143603985126202 0.03192813579852764
0 0.3619033373319186 0.8297356092012845 0.02911692399245042 0.028965583214393027
0 0.3428419553316556 0.5863394370445838 0.031480642465444714 0.03133876507098858
0 0.6985691510714017 0.744128520672138 0.04329520005446214 0.043471116286057696
0 0.40068743779109073 0.651358384352464 0.045482782217172474 0.045396658090444714
0 0.2903761313511775 0.06257191071143517 0.04817819595336914 0.08101158875685471
0 0.3039500346550575 0.8110891488882211 0.06461286544799805 0.08058753380408654
0 0.3928212385911208 0.1872253968165471 0.03725389333871695 0.03733334174522987
0 0.48114574872530425 0.6130432348984939 0.03603348365196815 0.035750975975623496
0 0.4699601393479567 0.7937567784236028 0.022814457233135518 0.023164895864633415
0 0.6029389454768255 0.8642170979426458 0.10375301654522236 0.10332254263070914
0 0.4576786481417142 0.676736098069411 0.019739444439227764 0.019574678861177884
0 0.37478179198045 0.4247605617229755 0.030257371755746696 0.029945226816030648
0 0.31180708224956805 0.8731240492600661 0.03316145676832933 0.03283485999474159
0 0.6825052408071665 0.7714080810546875 0.04182874239408053 0.04179088885967548
0 0.4887075057396522 0.8583774566650391 0.025982489952674277 0.026137131911057692
0 0.4320935836205116 0.41171741485595703 0.03500938415527344 0.034792386568509616
0 0.30391528056218076 0.7603891812838041 0.0204927737896259 0.02044677734375
0 0.32656346834622896 0.2798784879537729 0.02436667222243089 0.024291075192964993
0 0.47361168494591344 0.8401135664719802 0.023591995239257812 0.0235135005070613
0 0.6442414797269381 0.4522129205557016 0.029538668118990384 0.029369354248046875
0 0.3325639871450571 0.6119273625887357 0.03344403780423678 0.033419315631573014
0 0.41304830404428333 0.03382905629964975 0.01721668243408203 0.01698014369377723
0 0.6519363843477689 0.9223604202270508 0.08061834482046273 0.0818783686711238
0 0.3848741604731633 0.5493781016423152 0.0405278572669396 0.039840404803936295
0 0.30708920038663423 0.49518856635460484 0.03686681160560021 0.03617580120380108
0 0.6756876431978666 0.529494468982403 0.035198211669921875 0.03431855715238131
0 0.723113280076247 0.23929669306828424 0.014863381019005409 0.017434156858004056
0 0.6427970299353967 0.40242870037372297 0.02252197265625 0.02294760483961839
0 0.327944645514855 0.33440351486206055 0.016103377709021933 0.01599421867957482
0 0.36548948287963867 0.10571630184467022 0.016025763291579027 0.01609659194946289
0 0.4123544692993164 0.0512308432505681 0.01570584223820613 0.015696342174823467
0 0.3712586989769569 0.1463755094088041 0.027651566725510817 0.027433175307053786
0 0.6110042792100173 0.44226279625525844 0.015009146470289964 0.015027559720552884
0 0.5078954696655273 0.8683523764977088 0.015933403602013223 0.015738560603215143
0 0.4078991963313176 0.9835244692288913 0.05272542513333834 0.03179227388822115
0 0.6714087266188401 0.8975046597994291 0.05761146545410156 0.058487231914813705
0 0.7023839216965896 0.9369710041926458 0.0459437737098107 0.0683887188251202
0 0.7086240328275241 0.2793330962841327 0.03047767052283654 0.030019576732928935
0 0.2853444539583646 0.8828517473660983 0.025486285869891826 0.03474719707782452
0 0.5122096721942608 0.32091159086961013 0.016470982478215143 0.016301888685960036
0 0.3052219244150015 0.37024842775785005 0.0175629395705003 0.018090028029221755
0 0.38790570772611177 0.6196287595308744 0.02928469731257512 0.029419972346379206
0 0.7170300850501428 0.16058026827298677 0.014748059786283053 0.014825830092796912
0 0.7178638164813702 0.6275698588444636 0.015511586115910457 0.02435449453500601
0 0.3580775994520921 0.04584209735576923 0.033974060645470254 0.035321941742530234
0 0.3610877257127028 0.6112631284273587 0.02805328369140625 0.028785852285531852
0 0.3596382141113281 0.04012450346579918 0.02779080317570613 0.02674214656536396
0 0.6715958668635442 0.5337209701538086 0.029800855196439303 0.028741102952223558
0 0.5708166269155649 0.6657309898963342 0.05526263897235577 0.055140128502478965
0 0.3345929659329928 0.136755475631127 0.015705695519080527 0.01587533950805664
0 0.30003015811626726 0.1497489305642935 0.03697050534761869 0.037120782412015475
0 0.46560214116023135 0.5265798201927772 0.01846614250769982 0.018524169921875
0 0.40479219876802885 0.9792677072378305 0.0619511971106896 0.039306640625
0 0.2786423426408034 0.010667585409604587 0.024931687575120192 0.020069351563086875
0 0.27695619142972505 0.5350760679978591 0.014589823209322415 0.020384568434495192
0 0.39174410013052136 0.6188953106219952 0.03562663151667668 0.03659208004291241
0 0.3070419384883 0.8252662511972281 0.07303472665640023 0.09852937551645133
0 0.31163791509775013 0.8457352564885066 0.01452805445744441 0.014689959012545072
0 0.3059204174922063 0.9922488285945013 0.06082996955284706 0.015154325045072116
0 0.6576291597806491 0.6251883139977088 0.01788021967961238 0.0180209233210637
0 0.33127461946927583 0.5130342703599197 0.01781038137582632 0.017901860750638522
