0 0.15632148889394906 0.3899794358473558 0.12061604169698861 0.1847529961512639
0 0.609470587510329 0.5955783403836764 0.11168655982384315 0.11193524874173678
0 0.6193906343900241 0.5033692580003005 0.07651813213641827 0.07569085634671725
0 0.21667898618257964 0.491487246293288 0.05317533933199369 0.05264979142409105
0 0.6927392666156476 0.3112334471482497 0.05179302509014423 0.052481504587026745
0 0.4029823083143968 0.592392371251033 0.05634593963623047 0.05692430642934946
0 0.6907160098736103 0.7465548882117639 0.10549765366774339 0.10667610168457031
0 0.40538707146277797 0.24108138451209435 0.023416885962853067 0.023490538963904746
0 0.6027171061589167 0.2117903966170091 0.03748629643366887 0.0374456552358774
0 0.731039780836839 0.17755330525911772 0.022926477285531852 0.022932822887714092
0 0.7069884813748873 0.6203855367807242 0.03776330214280348 0.03777870765099159
0 0.6484596545879657 0.06510488803570087 0.018940265362079326 0.01900766446040227
0 0.33392920860877406 0.5548541362469013 0.03936422788179838 0.039003812349759616
0 0.6000074973473182 0.7136692633995643 0.025276037362905648 0.02489618154672476
0 0.3975054667546199 0.9774564596322867 0.031572708716759317 0.03171891432542067
0 0.32066818384023815 0.4122910499572754 0.059821789081280045 0.06074597285344051
0 0.6935832683856671 0.2643614182105431 0.0432885976938101 0.043892933772160456
0 0.8493801997258112 0.6675928556002103 0.0443878173828125 0.04451179504394531
0 0.4764674993661734 0.5311036476722131 0.03301679171048678 0.03329115647536058
0 0.41640230325552136 0.49434067652775693 0.035010264470027044 0.035017893864558294
0 0.800725350013146 0.6619240687443659 0.029456652127779447 0.029407207782451924
0 0.4463665668780987 0.4340733014620267 0.04816121321458083 0.04843946603628305
0 0.1267419411585881 0.20598917741041917 0.03408949191753681 0.034112196702223554
0 0.7873351757342999 0.39159518021803635 0.046227528498722956 0.0460508786714994
0 0.33721028841458833 0.9474661900446966 0.02636131873497596 0.026781522310697116
0 0.19227082912738508 0.9305719228891226 0.03423646780160757 0.03409077570988582
0 0.3745577885554387 0.8628531235914964 0.019439110389122598 0.019429720365084134
0 0.43979608095609224 0.28920947588407075 0.04348828242375301 0.04353912060077374
0 0.471034783583421 0.5937666526207557 0.023201428926908053 0.023151104266826924
0 0.3329491982093224 0.46200957665076625 0.04113930922288161 0.041062575120192304
0 0.1544523422534649 0.8740246112530048 0.02878368817842924 0.028750199538010817
0 0.2747977513533372 0.48612099427443284 0.06425153292142428 0.06447806725135216
0 0.4576865709744967 0.35885979579045224 0.02780738243689904 0.027897981496957634
0 0.3867413080655612 0.4868341592641977 0.018625259399414062 0.01847501901479868
0 0.5281683114858774 0.32291309650127703 0.029664259690504808 0.030002007117638223
0 0.639976794903095 0.9868987156794622 0.017152932974008415 0.016856266902043268
0 0.2520572588993953 0.3879247078528771 0.031297463637131914 0.03139422490046574
0 0.5370836991530198 0.3073277473449707 0.020024959857647236 0.020435406611515924
0 0.8797437227689303 0.42211004403921276 0.02689214853140024 0.026895523071289062
0 0.8821122829730694 0.9149235945481521 0.031461862417367786 0.03755320035494291
0 0.667355830852802 0.64769774216872 0.02022860600398137 0.02018591073843149
0 0.36399327791654146 0.13042913950406587 0.03457766312819261 0.03342503767747145
0 0.32082543006310094 0.5285929166353666 0.02449937967153696 0.02451786628136268
0 0.44527453642625076 0.6152494137103741 0.055156781123234674 0.055260731623722956
0 0.46426655695988583 0.885673449589656 0.01608114976149339 0.016048284677358773
0 0.7621907454270583 0.7908440369826096 0.04998926016000601 0.049408252422626205
0 0.18529730576735276 0.5038212262667142 0.02092588864839994 0.02112153860238882
0 0.38381462830763596 0.4362568488487831 0.02161994347205529 0.021717144892765924
0 0.5075982533968412 0.9156570434570312 0.01753682356614333 0.017535576453575723
0 0.5397071471581092 0.5813858325664814 0.03972214918870192 0.03881117013784555
0 0.30271152349618763 0.3507680159348708 0.023467283982496995 0.023438527033879206
0 0.6095201418950007 0.8465671539306641 0.019258572505070612 0.01924925584059495
0 0.6502602650569036 0.4103240233201247 0.0332179436316857 0.03307122450608473
0 0.4837495363675631 0.18925578777606672 0.04516895000751202 0.04533738356370192
0 0.5641734416668231 0.5581012505751389 0.01837635040283203 0.018088120680588942
0 0.17697869814359224 0.5381852663480319 0.023654644305889424 0.023707463191105768
0 0.3713993659386268 0.2357148023752066 0.039841725276066706 0.03958980853740986
0 0.7607693305382361 0.47194862365722656 0.031034322885366585 0.030910638662484977
0 0.5049321101262019 0.472534546485314 0.022489180931678183 0.02242117661696214
0 0.4120383629432091 0.12755603056687576 0.019413141103891227 0.019989197070782002
0 0.27360674051138073 0.15467530030470628 0.022212431981013372 0.022288991854741022
0 0.23726663222679725 0.9491872787475586 0.05438690919142503 0.053644033578725964
0 0.7687555459829477 0.1676625288449801 0.014783125657301683 0.01476746339064378
0 0.26042760335482085 0.5411331470196064 0.015523617084209736 0.015351075392503005
0 0.48799995275644154 0.4618717340322641 0.01822324899526743 0.018394910372220553
0 0.42851902888371396 0.46306888873760516 0.030295592087965745 0.030199784498948317
0 0.8672444270207331 0.5317444801330566 0.037534273587740384 0.03741367046649639
0 0.7286481123704177 0.6819447737473708 0.020021878756009616 0.02026645953838642
0 0.5174682323749249 0.5515579810509315 0.015935164231520433 0.015811406649076022
0 0.8427597192617563 0.4512599064753606 0.03558965829702524 0.03587634746844952
0 0.818572264451247 0.8061223396888146 0.03913556612454928 0.0389398428109976
0 0.4662777460538424 0.9247188568115234 0.01537029559795673 0.015271993783804087
0 0.15038069394918588 0.2335831385392409 0.032664940907404974 0.03248185377854567
0 0.32500670506403995 0.1368685135474572 0.035075095983651966 0.035329121809739336
0 0.6718989885770358 0.5767566240750827 0.016869178185096152 0.0170895503117488
0 0.27231717109680176 0.4408235549926758 0.019046306610107422 0.018973423884465143
0 0.6037475145780123 0.4060817498427171 0.015726676354041465 0.015749344458946817
0 0.13413831820854774 0.5364393821129432 0.022271761527428262 0.022179676936222956
0 0.31836260282076323 0.04469610177553617 0.019086104172926683 0.01929628849029541
0 0.6830059931828425 0.3525838485130897 0.05139864408052885 0.051387786865234375
0 0.4850637362553523 0.15108623871436486 0.027283741877629206 0.027257479154146634
0 0.3447892115666316 0.528228392967811 0.019692054161658652 0.01978125939002404
0 0.7891027010404147 0.49078134390024036 0.021330906794621393 0.021129608154296875
0 0.340791628910945 0.40304972575261044 0.014435401329627404 0.014856631939227764
0 0.8246625753549429 0.691642687870906 0.028238443227914665 0.028393965501051683
0 0.32109465965857875 0.4873189192551833 0.02057515657865084 0.02040855701153095
0 0.7940502166748047 0.06235187787276048 0.014301006610576924 0.014232837236844577
0 0.636553690983699 0.6599766657902644 0.016843649057241585 0.016732435960036058
0 0.3562042529766376 0.4857800190265362 0.036261558532714844 0.035902243394118086
0 0.2343111771803636 0.5687623390784631 0.0436704342181866 0.04419502845177284
0 0.751243884746845 0.6717517559344952 0.025608649620643027 0.02528513394869291
0 0.36432992495023286 0.29438499303964466 0.09697738060584435 0.09615157200739934
0 0.4870623441842886 0.9497771629920373 0.014730453491210938 0.014623495248647837
0 0.37329816818237305 0.5191544019258939 0.046303749084472656 0.04484117948091947
0 0.64185854104849 0.6743438427264874 0.029789851262019232 0.02961100064791166
0 0.11843765698946439 0.07995299192575309 0.03107474400446965 0.030756248877598688
0 0.7010541329017053 0.2372917762169471 0.021916756263146035 0.022147692166841947
0 0.585608959197998 0.277267364355234 0.015097104586087741 0.01483304683978741
0 0.3919380628145658 0.5417842864990234 0.015886526841383714 0.016076968266413763
0 0.13644897937774658 0.861689934363732 0.019557769481952373 0.02000706012432392
0 0.1640942280109112 0.9634912931002103 0.02787202138167161 0.027941190279447116
0 0.21765611721919134 0.09061684058262752 0.014536490807166466 0.014703622231116662
0 0.24728890565725473 0.8181454585148737 0.014246170337383565 0.014056865985576924
0 0.79589660351093 0.466458614055927 0.018151503342848558 0.01794859079214243
0 0.15949368476867676 0.7089708768404447 0.02963557610144982 0.029893141526442308
0 0.5800859377934382 0.917174192575308 0.014386397141676683 0.014279585618239183
0 0.2550672751206618 0.014817622991708608 0.025189619797926683 0.02524299346483671
0 0.3858611767108624 0.4637305186345027 0.03643343998835637 0.03613207890437199
0 0.6679361783541166 0.8974731151874249 0.0533905029296875 0.053834181565504804
0 0.28336820235619176 0.3817259715153621 0.03183522591224083 0.03142210153432993
0 0.529618079845722 0.27774832798884463 0.03414491506723257 0.034046099736140326
0 0.32582547114445615 0.18103394141564003 0.04186555055471567 0.0416566408597506
0 0.49052663949819714 0.2813871090228741 0.04914672558124249 0.051445264082688555
0 0.48730835547814 0.2876729231614333 0.041883028470552884 0.039827713599571817
0 0.4163953340970553 0.47327059965867263 0.025011796217698317 0.024448981651893027
0 0.29372701278099644 0.3704051971435547 0.01831828630887545 0.018422053410456732
0 0.1911737735454853 0.19873791474562424 0.028441795935997598 0.02882209190955529
0 0.5085225472083459 0.48873321826641375 0.04914239736703726 0.05040520888108473
0 0.49465755315927357 0.9743486551138071 0.014984424297626201 0.015171491182767428
0 0.36232768572293794 0.510983393742488 0.021941625154935397 0.021832686204176683
0 0.14861789116492638 0.23031243911156288 0.027947645920973558 0.028562509096585788
0 0.1944549450507531 0.03281237528874324 0.09981148059551533 0.06333167736346905
0 0.49913681470430815 0.4987507600050706 0.031236575200007513 0.03096455794114333
