0 0.11788379229032077 0.6316908322847806 0.1669003413273738 0.16483336228590745
0 0.5308236342210036 0.556211911714994 0.08151949368990384 0.08202824225792518
0 0.12330046066871056 0.49403586754432094 0.05616125693688026 0.055712333092322715
0 0.12163771115816556 0.8610027019794171 0.06982641953688401 0.06926580575796273
0 0.3391322356003981 0.7388478792630709 0.20841174859267014 0.19151834341195914
0 0.5147325809185321 0.8997840881347656 0.06559474651630108 0.06546313946063702
0 0.45268865732046276 0.5947980880737305 0.08517984243539664 0.08516311645507812
0 0.4496452991779034 0.520380790417011 0.06430677267221305 0.06472125420203576
0 0.9643186422494742 0.32254670216487 0.036512521597055286 0.03648823958176833
0 0.15402711354769194 0.4256282586317796 0.07763176697951096 0.07854461669921875
0 0.7015651556161734 0.46405872931847203 0.028972479013296273 0.028783211341271035
0 0.6246428856482873 0.5117306342491736 0.02492204079261193 0.025238770705003005
0 0.4871924106891339 0.776877183180589 0.02331697023831881 0.023411383995643027
0 0.702218275803786 0.263002689068134 0.1275480710543119 0.12730011573204628
0 0.21709145032442534 0.18311751805819 0.08734893798828125 0.08617291083702674
0 0.7797061480008639 0.15862910564129168 0.11097071721003605 0.11242789488572341
0 0.6876998314490685 0.6977562537560096 0.026351341834435098 0.02626184316781851
0 0.2828583533947284 0.2664709457984337 0.01932987800011268 0.019300387455866888
0 0.7629459087665265 0.041772883671980635 0.036534822904146634 0.03648464496319111
0 0.4043113268338717 0.2881850279294528 0.05533900627723107 0.05578455558189979
0 0.09904140692490798 0.3352358157818134 0.028232501103327826 0.028127670288085938
0 0.12761361782367414 0.9332832923302283 0.02289575796860915 0.0228121830866887
0 0.6638653828547552 0.877525256230281 0.019954681396484375 0.019979330209585335
0 0.04056207491801335 0.3955794847928561 0.04864003108097957 0.04871221689077524
0 0.18090385657090408 0.22101956147413987 0.01914387482863206 0.019195409921499398
0 0.361210089463454 0.8140242649958684 0.020638025723970853 0.020776015061598558
0 0.9139126997727615 0.4859457749586839 0.03278644268329327 0.032698411207932696
0 0.018040148111490104 0.9432392120361328 0.023260996891902044 0.023288726806640625
0 0.06313850787969735 0.9423138545109675 0.0223466341312115 0.02225494384765625
0 0.40822282204261195 0.6192984947791467 0.01653575897216797 0.016402317927433893
0 0.18379838650043195 0.37291860580444336 0.05813400561992939 0.05896260188176082
0 0.22582241205068734 0.3760244662945087 0.025029109074519232 0.025162183321439303
0 0.24970447100125825 0.8454855405367337 0.020116292513333835 0.019974341759314902
0 0.09682328884418194 0.9575661879319411 0.017752574040339544 0.01779321523813101
0 0.05212980050307054 0.8808576143704928 0.02062372060922476 0.020658493041992188
0 0.42273763509897083 0.6724849114051232 0.021227469811072715 0.021255053006685697
0 0.28557573831998384 0.13271748102628267 0.018476046048677884 0.01840497897221492
0 0.5019911252535306 0.694781230046199 0.015770765451284554 0.015612969031700721
0 0.38707993580744815 0.5878820052513709 0.03034356924203726 0.030719537001389723
0 0.47554470942570615 0.21107979921194223 0.10177186819223258 0.10375275978675255
0 0.07932079755342923 0.48388811258169323 0.02770572442274827 0.02820440439077524
0 0.504582405090332 0.6526354276216947 0.038654180673452526 0.03845361562875601
0 0.6648134818443885 0.5890107521644006 0.038583608774038464 0.038885996891902044
0 0.25184847758366513 0.8931104219876803 0.053643960219163164 0.05461047245905949
0 0.08414026407095102 0.40253103696382964 0.08327003625723031 0.08026533860426682
0 0.563528794508714 0.03548321815637442 0.03199005126953125 0.03221285343170166
0 0.3093598439143254 0.24856512363140398 0.02438963376558744 0.0243073610159067
0 0.3363064252413236 0.7794333237868089 0.01646144573505108 0.016324850229116585
0 0.2059931938464825 0.8533270909236028 0.016116802509014424 0.01610418466421274
0 0.3855338463416466 0.7768876002385066 0.020641620342548076 0.02098993154672476
0 0.3553606913639949 0.41002317575307995 0.016944298377403848 0.016660396869365986
0 0.2277967379643367 0.8513218806340144 0.015512613149789663 0.015596536489633413
0 0.08961955400613639 0.4478176557100736 0.06356978416442871 0.06484325115497296
0 0.24743109482985276 0.9852553147536057 0.05617970686692458 0.027280367337740384
0 0.3041801452636719 0.627229250394381 0.03154153090256911 0.031871758974515475
0 0.7528241964486929 0.09395511333759014 0.07670329167292668 0.07840453661405124
0 0.3915349520169772 0.08281037440666786 0.026899044330303486 0.02694542591388409
0 0.05299475101324228 0.826753176175631 0.02064042824965257 0.020789953378530648
0 0.4865376032315768 0.45284608694223255 0.023126822251539964 0.02362852830153245
0 0.9121849353496845 0.028618253194368802 0.06736990121694711 0.055156249266404375
0 0.22616474445049578 0.4479547647329477 0.06622116382305439 0.06492556058443509
0 0.2719961679898776 0.9490189185509315 0.058867307809682995 0.05908364516038161
0 0.5621844805203952 0.5111911113445575 0.05739754896897536 0.05851408151479868
0 0.12112276370708759 0.12325072288513184 0.01739810063288762 0.017188402322622445
0 0.8837114480825571 0.4961546751169058 0.017429938683143027 0.017475128173828125
0 0.42482515481802136 0.026567271122565635 0.022962423471304085 0.022821563940781813
0 0.15810819772573617 0.19094903652484602 0.016279358130234938 0.016184293306790866
0 0.6071918194110577 0.97803101172814 0.01856378408578726 0.018534440260667067
0 0.7247110513540415 0.040714080517108626 0.02791448739858774 0.02804921452815716
0 0.22376691378079927 0.8831251584566556 0.018135731036846455 0.018368647648737982
0 0.47676886045015776 0.7139986478365384 0.01957541245680589 0.019158583420973558
0 0.6486376982468826 0.9438775869516226 0.016433128943810098 0.016149374154897835
0 0.683324593764085 0.4296441444983849 0.06743475107046273 0.0675210219163161
0 0.16241889733534592 0.8775040553166316 0.01588740715613732 0.015849773700420674
0 0.5121470231276292 0.7065800886887771 0.018908133873572715 0.018942612868088942
0 0.5444226631751428 0.389372312105619 0.025729986337515023 0.025835770827073317
0 0.76056275000939 0.8527216544518104 0.016226841853215143 0.016298880943885215
0 0.7849837816678561 0.31270118860098034 0.015112216656024639 0.015177506666917067
0 0.007607641701514904 0.48128780951866734 0.015318534695185147 0.04273854769193209
0 0.4843416947584886 0.6331464327298678 0.01660501039945162 0.016713655911959134
0 0.5728451288663424 0.6739000173715445 0.014929404625525841 0.014786206758939303
0 0.047430804142585166 0.3212303014901968 0.019701673434330866 0.01983363811786358
0 0.37512757227971005 0.10146126380333534 0.023520836463341348 0.02331084471482497
0 0.5543979498056265 0.48387850247896635 0.020357865553635817 0.02017842806302584
0 0.3379973631638747 0.8214068779578576 0.01567415090707632 0.015520535982572116
0 0.005542791806734526 0.29100887592022234 0.01115258840414194 0.015630722045898438
0 0.7328881483811599 0.8412430103008564 0.021405440110426683 0.021631974440354567
0 0.3072638511657715 0.5066636158869817 0.021433023306039665 0.021626985990084134
0 0.14989420083852914 0.15267286850855902 0.014922031989464393 0.015030292364267202
0 0.19076266655555138 0.18578542195833647 0.016603836646446817 0.016300421494704027
0 0.29729502017681414 0.11728514157808743 0.016982188591590293 0.01707759270301232
0 0.14009439945220947 0.197909611922044 0.015036399547870342 0.014943929818960337
0 0.24757029460026667 0.3158665436964769 0.03759127396803636 0.037687173256507285
0 0.8233806903545673 0.3752629206730769 0.04530187753530649 0.04510908860426683
0 0.20811935571523812 0.6413712868323693 0.06689401773306039 0.06783206646259014
0 0.6164182516244742 0.31332144370445836 0.01527841274554913 0.015638204721304085
0 0.18487464464627779 0.8399627392108624 0.01664865933931791 0.016779092641977165
0 0.12566954355973464 0.0456472451870258 0.2112116630260761 0.09091934790978065
0 0.344082025381235 0.36884227165809047 0.021301416250375602 0.021628379821777344
0 0.4310793876647949 0.15713689877436712 0.05098298879770132 0.05027231803307167
0 0.6220112580519456 0.35150513282189 0.07032555800217849 0.07017781184269832
0 0.061258164735940784 0.19376466824458197 0.04035306893862211 0.04020148057204027
0 0.19133901596069336 0.511439690223107 0.10595094240628757 0.10657559908353366
0 0.390628851377047 0.3921102010286771 0.031690817612868086 0.03182301154503456
0 0.8254874302790716 0.08911688511188214 0.032255906325120196 0.03245296845069298
0 0.6757266704852765 0.8996137472299429 0.014822446382962741 0.014729133019080529
0 0.008089721202850342 0.41652360329261195 0.01624409969036396 0.08496864025409405
0 0.40992204959575945 0.019437001301692083 0.014203731830303486 0.014406597385039696
0 0.21052105610187238 0.7984074812669021 0.020805909083439753 0.021004603459284857
0 0.47989863615769607 0.17266225814819336 0.014291176429161659 0.01420747316800631
0 0.3625052892244779 0.9026749684260442 0.015866646399864785 0.015926654522235576
0 0.6364156282865084 0.5387596717247596 0.07536139855018029 0.07642137087308444
0 0.5205562298114483 0.5960462276752179 0.02371978759765625 0.023507191584660456
0 0.8691080533541166 0.02478193319760836 0.022974161001352165 0.02291293327624981
0 0.09459464366619404 0.3580942153930664 0.019252557020920973 0.019082289475661058
0 0.6968344908494216 0.7229485144981971 0.015161954439603366 0.015076563908503605
0 0.5663664891169622 0.05702007733858549 0.014886122483473558 0.014653737728412334
0 0.2224881098820613 0.14542158750387338 0.015655664297250602 0.015697552607609674
0 0.7898437793438251 0.37912992330697864 0.014908717228816105 0.014919427724984976
0 0.5963867994455191 0.19804822481595552 0.014946277324969951 0.014959922203650841
0 0.4060697555541992 0.5984223439143255 0.02285487835223858 0.022715201744666465
0 0.04962507578042837 0.9660045917217548 0.016455705349261943 0.016406132624699518
0 0.6072209798372709 0.4267072310814491 0.06153172713059645 0.06113910675048828
0 0.5273063366229718 0.977785770709698 0.017854983990009014 0.017568001380333535
0 0.1818376504457914 0.7217030158409705 0.0775906122647799 0.07747239332932693
0 0.049542523347414456 0.47881170419546276 0.029136300086975098 0.02933164743276743
0 0.6761043255145733 0.11156483796926644 0.04466335590069111 0.045673553760235124
0 0.24701633820166954 0.48362159729003906 0.020279590900127705 0.020135145920973558
0 0.9699037992037259 0.4270950464101938 0.025078406700721152 0.024845123291015625
0 0.20260190963745117 0.917088141808143 0.015440060542179989 0.015433678260216346
0 0.7204042581411508 0.8603911766639123 0.014794863187349759 0.015244557307316707
0 0.6185833857609675 0.48880778826200044 0.025625082162710335 0.025084642263559196
0 0.31081195978017956 0.5970266048724835 0.04668925358698918 0.04537347646859976
0 0.026600640553694505 0.17531910309424767 0.053225966600271374 0.1065057240999662
0 0.031039730860636786 0.5016805942241962 0.026641914477715127 0.026654830345740683
0 0.1836695671081543 0.8578073061429538 0.01542069361760066 0.015402133648212139
0 0.9822006225585938 0.2185649321629451 0.03334544255183293 0.03376362873957707
0 0.8836295788104718 0.7448558807373047 0.015532273512620192 0.015696305495042067
0 0.6350738818828876 0.3870407984806941 0.01634949904221755 0.016199405376727764
0 0.2582106590270996 0.8254395264845628 0.014457775996281551 0.014187446007361779
0 0.850401364839994 0.39105547391451323 0.014728839580829326 0.014944223257211538
0 0.09147851283733661 0.8042098558866061 0.015100387426523061 0.015115884634164663
0 0.8269738417405349 0.09160182109245887 0.027350792518028848 0.026631850462693434
0 0.27686240122868466 0.47190255385178786 0.03798253719623272 0.03751564025878906
0 0.5635740573589618 0.3025704530569223 0.018485436072716348 0.018672062800480768
