0 0.5529248897845929 0.629611088679387 0.0783543219933143 0.0788861421438364
0 0.7029869373028095 0.7754107255202073 0.05584848844088041 0.05557676462026743
0 0.46112742790809047 0.448910823235145 0.046785794771634616 0.04671786381648137
0 0.32681597196138823 0.3602553881131686 0.04658713707557091 0.04681587219238281
0 0.7200403947096604 0.5096603907071627 0.1431736579308143 0.14462918501633865
0 0.3330940833458534 0.39928329907930815 0.045114884009728067 0.04559113429142879
0 0.3909213359539325 0.7052431106567383 0.07459178337684044 0.07426863450270432
0 0.46710711259108323 0.7655730614295373 0.1006479996901292 0.09929715670072116
0 0.6439809065598708 0.7382816901573768 0.026614555945763223 0.026482215294471152
0 0.6165991563063401 0.9426062657282903 0.11913039134098934 0.10935533963716947
0 0.5586353448721079 0.5058645835289588 0.059038749107947715 0.05960757915790264
0 0.3058887261610765 0.7407481853778546 0.048630934495192304 0.04815820547250601
0 0.7104916205772986 0.09283633415515606 0.09776042057917668 0.097396758886484
0 0.43874051020695615 0.6702233094435471 0.05012981708233173 0.04921795771672176
0 0.772583741408128 0.31441123668964094 0.04544507540189303 0.04891659663273738
0 0.26284900078406703 0.6722550025353065 0.027870618380033053 0.027857853816105768
0 0.40529500521146333 0.9480159466083233 0.0327757321871244 0.03276912982647236
0 0.2616502321683444 0.9074502358069787 0.06938772935133714 0.0688794943002554
0 0.2538298093355619 0.8604231614332932 0.057764713580791764 0.057432908278245196
0 0.5170310093806341 0.44701392834003156 0.02354885981633113 0.023511079641488884
0 0.6855438672579252 0.7107322399432843 0.026590934166541465 0.026630695049579326
0 0.3504766317514273 0.23809377963726336 0.027995476355919473 0.028058492220365085
0 0.4847244849571815 0.056464777542994574 0.024889432466947116 0.025027990341186523
0 0.22647467026343712 0.2321153053870568 0.043641823988694414 0.0634168478158804
0 0.2835690424992488 0.14201695185441238 0.15572151770958534 0.2771945549891545
0 0.2521313703977145 0.5134352904099685 0.019394617814284105 0.019264881427471455
0 0.6256749079777644 0.941184557401217 0.02235973798311674 0.0221713139460637
0 0.6356923029972956 0.4846640733572153 0.027004241943359375 0.02692237267127404
0 0.6326444332416241 0.8984208473792443 0.03744316101074219 0.03754615783691406
0 0.30316778329702526 0.9297780257004958 0.02685825641338642 0.026888920710637018
0 0.23084570811345026 0.41172306354229266 0.037471844599797174 0.03775941408597506
0 0.45601577025193435 0.3524986413808969 0.02828187208909255 0.02847627493051382
0 0.5752785756037786 0.7217872326190655 0.02458022190974309 0.024367259098933294
0 0.22931839869572565 0.3483540094815768 0.044277264521672174 0.04496302971473107
0 0.6898620312030499 0.43244295853834885 0.02603002694936899 0.026038389939528245
0 0.7308678260216346 0.6890314542330228 0.04495092538686899 0.044485825758713946
0 0.3827916658841647 0.6402309124286358 0.03252146794245793 0.03241465641902043
0 0.5751237502464881 0.3904132843017578 0.03864273658165565 0.03830513587364784
0 0.292810109945444 0.3032694963308481 0.022829642662635215 0.022843214181753304
0 0.5086572353656476 0.21261950639578012 0.01945158151479868 0.019555201897254355
0 0.2823148323939397 0.7821834270770733 0.06483118350689228 0.06422923161433293
0 0.7228140464195838 0.405576412494366 0.024381050696739785 0.024475831251878005
0 0.5332855811485877 0.988229017991286 0.03478461045485277 0.022151653583233174
0 0.7562247056227464 0.638710462130033 0.03821358313927284 0.039066314697265625
0 0.3658159696138822 0.3320950728196364 0.01777348151573768 0.017610770005446214
0 0.5926342744093674 0.7403106689453125 0.017486132108248197 0.017443730280949518
0 0.6885827871469351 0.9806003570556641 0.07106751662034255 0.03620617206280048
0 0.5737207119281476 0.8178897270789514 0.027741505549504206 0.0279391362116887
0 0.7213539710411658 0.5895132284898025 0.025431412916917067 0.025651271526630107
0 0.45006539271428037 0.6166386237511268 0.02352303725022536 0.023695982419527493
0 0.2380059315608098 0.38344639998215896 0.03164452772874098 0.03146655742938702
0 0.35293373694786656 0.5691526853121244 0.07856501065767728 0.07735164348895733
0 0.39414299451387846 0.7548893415010892 0.0636141116802509 0.06336329533503605
0 0.7754267179048978 0.6919441223144531 0.0464630126953125 0.04781781710111178
0 0.5246755893413837 0.9638483340923603 0.03321412893442007 0.033607189471905045
0 0.26955549533550555 0.35027727713951695 0.01905199197622446 0.018885392409104567
0 0.6446120922382061 0.20313037358797514 0.02854435260479267 0.02805152306189904
0 0.6585316291222205 0.8180223611684946 0.020684168888972357 0.02104949951171875
0 0.3184816653911884 0.6504501196054312 0.016082176795372598 0.01608760540301983
0 0.4813406284038837 0.6642991579495944 0.02482942434457632 0.024581175584059495
0 0.7018177325908954 0.9362740149864783 0.023146996131310098 0.022946284367487982
0 0.39787182441124547 0.3691127116863544 0.023416812603290264 0.023337437556340143
0 0.7570389234102689 0.7385356609637921 0.03168634267953726 0.03140346820537861
0 0.2881336028759296 0.829829216003418 0.016659113077016976 0.016457337599534255
0 0.7402709080622747 0.7217041895939753 0.021255933321439303 0.02124757033128005
0 0.6205907234778771 0.5104308495154748 0.026184522188626803 0.026540829585148737
0 0.7083695485041692 0.2913002601036659 0.08412830646221454 0.08638844123253456
0 0.481443111713116 0.8911172426663913 0.02861477778508113 0.028179168701171875
0 0.50604248046875 0.4573716383713942 0.21805484478290266 0.2167201408973107
0 0.4248401935283954 0.6463504204383264 0.016777625450721152 0.016568990854116585
0 0.34490423936110276 0.6397523880004883 0.031486217792217545 0.03136400076059195
0 0.7856440910926232 0.8334115835336539 0.018513606144831732 0.018452277550330527
0 0.23871262256915754 0.8972072601318359 0.02199209653414213 0.021617889404296875
0 0.5995475328885592 0.3035137469951923 0.18770848787747896 0.19280118208665115
0 0.3678704041701097 0.36582374572753906 0.03841884319598858 0.03913468580979567
0 0.379605586712177 0.9087239778958834 0.02882099151611328 0.029117290790264424
0 0.7345917775080755 0.8961161099947416 0.023972731370192308 0.024039048414963942
0 0.7092955662653997 0.868298603938176 0.03006715040940505 0.029720893272986777
0 0.4033196522639348 0.5731394107525165 0.017232381380521335 0.017167018010066107
0 0.7019937955416166 0.36173255626971906 0.02255835899939904 0.022855171790489785
0 0.4962456409747784 0.8880930680495042 0.028064874502328727 0.027832764845628005
0 0.6540526610154372 0.8280828916109525 0.041561273428109974 0.042424568763146035
0 0.4684441639826848 0.07771296684558575 0.025390184842623197 0.02557063102722168
0 0.45168575873741734 0.9763449155367337 0.024236679077148438 0.02434686514047476
0 0.6537273847139798 0.845146105839656 0.019223433274489183 0.019736069899338942
0 0.5542452151958759 0.5511151827298678 0.05207516596867488 0.051107553335336536
0 0.5515091235821064 0.5881462097167969 0.026687475351186898 0.02668908926156851
0 0.5334716943594126 0.36491254659799427 0.03878358694223257 0.039265926067645736
0 0.653776975778433 0.05431177524419931 0.09363027719350961 0.09612533679375282
0 0.5212463965782752 0.18909219595102164 0.03149289351243239 0.03170431577242338
0 0.7000764700082632 0.07419515573061429 0.1841442034794734 0.1464851819551908
0 0.7881426444420447 0.4602433718167819 0.01643503629244291 0.017074144803560697
0 0.23975300788879395 0.25854352804330677 0.0652026763329139 0.06418969080998348
0 0.38942571786733776 0.038824883791116566 0.01693564194899339 0.01719088737781231
0 0.5987126643841083 0.9194492193368765 0.029591853802020732 0.031079952533428486
0 0.6586181934063251 0.6925850648146409 0.019377781794621393 0.019158289982722357
0 0.48273218595064604 0.9159614856426532 0.03281886761005108 0.03323452289287861
0 0.6083281590388372 0.5269371913029597 0.0694880852332482 0.06932823474590595
0 0.24063785259540266 0.9843895251934345 0.030253116901104268 0.027127192570612982
0 0.38916903275709885 0.7707901000976562 0.04757330967829777 0.047919053297776446
0 0.758218398460975 0.5960084475003756 0.044561532827524036 0.044574884267953724
0 0.48439950209397536 0.4627230717585637 0.015463902400090145 0.015397732074444111
0 0.5750870337853065 0.9588164549607497 0.03015452164870042 0.030516551091120794
0 0.6173483775212214 0.5838619012099046 0.09331805889423077 0.0942697525024414
0 0.4238480054415189 0.07513378675167377 0.024532611553485576 0.024597690655634954
0 0.30973207033597505 0.5851617593031663 0.0963443059187669 0.09697730724628155
0 0.26037968122042143 0.32585800611055815 0.027155949519230768 0.027376615084134616
0 0.6314088381253756 0.9674233656663161 0.014751727764423076 0.015281383807842549
0 0.5881210840665377 0.9210099440354568 0.05194275195782001 0.05190541194035457
0 0.7387341719407302 0.9349255195030799 0.12325756366436298 0.12889245840219352
0 0.28090972166795 0.3805028475247897 0.05565291184645433 0.05625842167780949
0 0.340936147249662 0.47977425501896787 0.046025642981896035 0.04603004455566406
0 0.6323542228111854 0.62128419142503 0.02718940147986779 0.02754519535945012
0 0.48860491239107573 0.5832139528714694 0.02421848590557392 0.02430277604323167
0 0.759829594538762 0.4232383874746469 0.018096336951622598 0.018253032977764424
0 0.4131502371567946 0.8675667689396784 0.020213493934044473 0.020078218900240384
0 0.5657678017249475 0.039924451938042275 0.16425763643704927 0.0790638281748845
0 0.5382209924551157 0.7389749380258414 0.02520605233999399 0.02520018357496995
0 0.28542569967416614 0.568240055671105 0.054575626666729264 0.05521957690899189
0 0.7438164490919846 0.035356796704805814 0.0894307356614333 0.06933278303879958
0 0.6175282551692083 0.4692657544062688 0.042161061213566706 0.04164321605975811
0 0.7856393227210412 0.6343832749586839 0.016861988947941706 0.016636041494516227
0 0.24704911158635065 0.12479230073782113 0.01675862532395583 0.01647817171536959
0 0.6064888880803034 0.21259032762967622 0.046113821176382214 0.04599145742563101
0 0.5752204014704778 0.7941053830660306 0.024971595177283652 0.024938143216646634
0 0.695612540611854 0.6878530795757587 0.023453932542067308 0.023476820725661058
0 0.5922649823702298 0.9205206357515775 0.0440216064453125 0.040636502779447116
0 0.24701463259183443 0.17850870352524978 0.014693773709810697 0.015072492452768179
0 0.3970052645756648 0.30833823864276594 0.014728619502140926 0.014720403231107272
0 0.3998408684363732 0.6647052764892578 0.020477441641000602 0.02060699462890625
0 0.5124148588914138 0.3995557931753305 0.01676764855018029 0.016941217275766227
0 0.5114490068875827 0.7231908944936899 0.02101898193359375 0.020784818209134616
0 0.4327769646277794 0.7221380380483774 0.030706258920522835 0.03063818124624399
0 0.7657056955190805 0.4018537081204928 0.028786732600285456 0.029330106881948616
0 0.6294725124652569 0.40506370250995344 0.029735711904672477 0.030091505784254808
0 0.31502668674175555 0.3054342086498554 0.020088049081655648 0.020340149219219502
0 0.7782575167142428 0.21523226224459135 0.01877564650315505 0.01876236842228816
0 0.48562922844519985 0.6685063288762019 0.025614811823918268 0.02655176016000601
0 0.7457923889160156 0.6526440840501052 0.013266196617713341 0.013583550086388221
0 0.40900410138643706 0.4472798567551833 0.018842477064866286 0.018729429978590745
0 0.498358102945181 0.34195679884690505 0.015033281766451322 0.014980022723858174
