0 0.5586784069354718 0.5417641859788161 0.06689658531775841 0.06737929124098557
0 0.8597893348106971 0.03163676537000216 0.06442466148963341 0.0612563445017888
0 0.20996985068688026 0.35478966052715594 0.07795231158916767 0.07784836108867939
0 0.5143843430739182 0.16730697338397688 0.059088633610652044 0.058918182666485124
0 0.048767878459050104 0.3971730012160081 0.05862061793987568 0.05792779188889723
0 0.07248894984905536 0.25408238631028396 0.05921317980839656 0.05873570075401893
0 0.1878993694598858 0.16575864645150992 0.059829381796029896 0.06037191244272085
0 0.876107435960036 0.43062745607816255 0.07335868248572716 0.07411824739896335
0 0.1380938566648043 0.6553082099327674 0.057152748107910156 0.05672660240760216
0 0.36046673701359677 0.34836347286517805 0.09883411114032452 0.09903790400578426
0 0.49747283642108625 0.21603136796217698 0.06098028329702524 0.0602105947641226
0 0.7412454164945163 0.5130561681894156 0.07519971407376803 0.07588723989633414
0 0.2662777900695801 0.16093019338754508 0.07484766153188852 0.07515504726996788
0 0.4514266894413875 0.16979747552138108 0.07302496983454777 0.0739887677706205
0 0.7410567356989934 0.12719971400040847 0.048639150766225964 0.04926804395822378
0 0.6824778043306791 0.385923825777494 0.04889238797701322 0.04884631817157452
0 0.6099556409395658 0.236450378711407 0.018941145676832933 0.018975551311786357
0 0.09455587313725398 0.9869308471679688 0.022618623880239632 0.021634321946364183
0 0.43932239825908953 0.33321464978731596 0.05665918496938852 0.056222182053786054
0 0.5482769012451172 0.034590840339660645 0.027292251586914062 0.027024278273949258
0 0.7242557819073017 0.9193781339205228 0.025138268103966348 0.02526268592247596
0 0.7540178298950195 0.7827142568734976 0.02794647216796875 0.027988727276141826
0 0.45337966772226185 0.44765358704787034 0.05677523979773888 0.05692144540640024
0 0.45759127690241885 0.5194911956787109 0.07210628802959736 0.07381028395432693
0 0.24643929188068098 0.5234521719125601 0.04220430667583759 0.04244540287898137
0 0.7958839123065655 0.6144596246572641 0.06146445641150841 0.062231944157527044
0 0.10735299037053035 0.29969263076782227 0.06408849587807289 0.06413921943077674
0 0.8370609283447266 0.39611207521878755 0.020134852482722357 0.02004065880408654
0 0.7847332587608924 0.4851190493657039 0.04159135084885817 0.04180497389573317
0 0.7347577168391302 0.9684571486253005 0.023228278526893027 0.022931612454927884
0 0.17061141821054313 0.8041034845205454 0.03428352796114408 0.033990713266225964
0 0.20806613335242638 0.7084632286658654 0.052600787236140326 0.05299861614520733
0 0.24224152931800255 0.035632890004378096 0.0835429705106295 0.06907171469468337
0 0.07302432793837327 0.6285843482384315 0.023923195325411283 0.023670783409705527
0 0.6333652643057016 0.3308509679941031 0.0219876216008113 0.021869512704702523
0 0.14938655266394982 0.47026458153357875 0.03403472900390625 0.03380878155048077
0 0.35495640681340146 0.4144450334402231 0.046320548424353965 0.04613150083101713
0 0.3336957418001615 0.8860654830932617 0.06713691124549279 0.0671994135929988
0 0.6129798155564529 0.4877480360177847 0.055579112126277044 0.05597063211294321
0 0.09023798429048978 0.2139740173633282 0.03666866742647611 0.03632794893704928
0 0.5818042021531326 0.20442852607140174 0.01906747084397536 0.01913562187781701
0 0.958092029278095 0.7440830377432016 0.05915920551006611 0.09687394362229568
0 0.5786539224477915 0.8439438159649189 0.02320685753455529 0.023323939396784857
0 0.12844111369206354 0.7769707899827224 0.05438151726355919 0.05442531292255108
0 0.779421512897198 0.25940675001878005 0.024747701791616585 0.025006220890925482
0 0.27902958943293643 0.6465333791879507 0.018421686612642728 0.01824158888596755
0 0.4692085706270658 0.7165952829214243 0.01864198537973257 0.018604572002704326
0 0.10332296444819523 0.3679604163536659 0.0366669434767503 0.037132556621844955
0 0.9516033025888296 0.08210517809941219 0.03526849013108473 0.03487970278813289
0 0.9755319448617789 0.31543735357431263 0.024668180025540866 0.02554453336275541
0 0.14309105506310096 0.4062549884502704 0.02771307871891902 0.027637188251201924
0 0.08533658431126522 0.15816767399127668 0.03306132096510667 0.03279660298274113
0 0.10799199801224929 0.670627447275015 0.017614144545335036 0.017603654127854567
0 0.6690621009239783 0.09958517551422119 0.02747931847205529 0.02752577341519869
0 0.900032483614408 0.925998541025015 0.019353719858022835 0.019301487849308893
0 0.7780270209679236 0.9471360720120944 0.018306732177734375 0.01834840040940505
0 0.11326441398033729 0.1305363911848802 0.024022799271803636 0.02394525821392353
0 0.07795166969299316 0.7184236233051007 0.035118781603299655 0.03486721332256611
0 0.6254084660456731 0.3917698126572829 0.019297379713792067 0.019426639263446514
0 0.9168054874126728 0.9067492851844201 0.02248206505408654 0.022448613093449518
0 0.5480208763709435 0.08171284198760986 0.017199149498572715 0.017358908286461465
0 0.675525005047138 0.4963780916654147 0.0659650655893179 0.06630538060114934
0 0.24878307489248422 0.2792019477257362 0.05879622239332933 0.0580138426560622
0 0.8958950042724609 0.2941719568692721 0.024091280423677884 0.02407990969144381
0 0.6745738983154297 0.5381594071021447 0.05439552894005409 0.054342416616586536
0 0.22860061205350435 0.2325455225431002 0.028207852290226862 0.027942950908954326
0 0.10437215291536771 0.550874453324538 0.02970156302818885 0.029672549321101263
0 0.727944960960975 0.9481047850388747 0.01970217778132512 0.019495450533353366
0 0.7404014880840595 0.3011272687178392 0.021657797006460335 0.02152813397921049
0 0.3014733607952411 0.09108550731952374 0.03641708080585186 0.036302878306462213
0 0.7396417764516977 0.28083007152263934 0.020780123197115384 0.020797069256122295
0 0.049715477686661944 0.21552208753732535 0.03391156746790959 0.03349447250366211
0 0.7728468088003305 0.2908936280470628 0.01796722412109375 0.017912791325495794
0 0.6200657624464768 0.5333797014676608 0.06032650287334736 0.05922266153188852
0 0.4917045006385216 0.36521236713115984 0.021289972158578727 0.02145048288198618
0 0.4070356809175931 0.28986443006075346 0.03183966416579027 0.031916178189791165
0 0.7242173414963943 0.5714686100299542 0.03822003878079928 0.03837732168344351
0 0.8293860508845403 0.4398483496445876 0.027615767258864183 0.02764107630803035
0 0.3143784816448505 0.3160427166865422 0.027118536142202523 0.027245814983661357
0 0.8411802878746619 0.2494217432462252 0.025459436269906852 0.02541974874643179
0 0.17941905901982233 0.10329605982853816 0.0378572757427509 0.03823133615347055
0 0.9076821253849909 0.23799030597393328 0.039497082050030045 0.038873525766225964
0 0.2786942995511569 0.3604861039381761 0.017840018639197715 0.01796238238994892
0 0.12532183757195106 0.07009220581788284 0.02225032219519982 0.022326185153080866
0 0.3828330406775841 0.13476124176612267 0.0549625983605018 0.055192177112285905
0 0.27223825454711914 0.5699966137225811 0.01814093956580529 0.01802349090576172
0 0.4444912396944486 0.6282865817730243 0.019778104928823616 0.01988557668832632
0 0.5364904403686523 0.7428012994619516 0.01649812551645132 0.016440905057466947
0 0.5959552618173453 0.9859426938570462 0.019307063176081732 0.019238105187049277
0 0.5821990599999061 0.4179074580852802 0.05158277658315805 0.051935562720665567
0 0.17226446591890776 0.7659939986008865 0.04384480072901799 0.044415987454927884
0 0.37170758614173305 0.25590155674861026 0.031178694504957933 0.03094819875863882
0 0.4069059078509991 0.5399887745197003 0.023758888244628906 0.02376402341402494
0 0.821874398451585 0.6388050959660456 0.016464673555814303 0.01638339116023137
0 0.5205032642071064 0.7174758911132812 0.016876880939190205 0.016703092134915866
0 0.5126895170945388 0.6139750480651855 0.023501762977013223 0.023910008943997897
0 0.40495916513296276 0.24680484258211577 0.037797047541691706 0.03774613600510817
0 0.3542383634127103 0.08507966995239258 0.09286653078519382 0.09187982632563664
0 0.017309493743456326 0.5863268191997821 0.014774781007033128 0.021392968984750602
0 0.6227309887225811 0.016789219700373136 0.017023086547851562 0.01693280155842121
0 0.5077983782841609 0.45017634905301607 0.038014778724083535 0.03709969153771034
0 0.06805651004497822 0.0404965877532959 0.030467125085683968 0.030763862224725578
0 0.9103308457594651 0.5337586769690881 0.01804498525766226 0.018096190232496995
0 0.27516885904165417 0.4980958425081693 0.06218308668870192 0.062469188983623795
0 0.9746795067420373 0.4224396485548753 0.019179124098557692 0.01936685121976412
0 0.7970454142643855 0.13449380947993353 0.04100667513333834 0.040629020104041465
0 0.5069472973163311 0.3087880794818585 0.035705272967998795 0.036130630053006686
0 0.32079458236694336 0.017132950516847465 0.057100809537447415 0.03338367893145634
0 0.5788791729853704 0.6752092654888446 0.02254596123328576 0.022748947143554688
0 0.1271773209938636 0.24900212654700646 0.03675761589637169 0.03690947019136869
0 0.6351757049560547 0.8115909282977765 0.015628227820763223 0.015897017258864183
0 0.7908018552339994 0.2183224604679988 0.02150110098031851 0.021428254934457634
0 0.2536615041586069 0.21924196756803072 0.02325274394108699 0.022820069239689753
0 0.09524064797621506 0.06613583748157208 0.03075687701885517 0.03060803046593299
0 0.9662829179030198 0.4835553536048302 0.042755420391376205 0.05668288010817308
0 0.41185665130615234 0.4145665535560021 0.039591422447791465 0.03945585397573618
0 0.3230268038236178 0.4080227338350736 0.023506604708158053 0.023551354041466348
0 0.5083174338707557 0.5593961568979117 0.03436763469989483 0.0345609371478741
0 0.17914880239046538 0.9458787624652569 0.0249022703904372 0.02504876943734976
0 0.2171177497276893 0.121551880469689 0.04268360137939453 0.043314566979041465
0 0.9397216209998498 0.3692797880906325 0.06528443556565505 0.06457270108736478
0 0.44434397037212664 0.04419123667937059 0.14818242880014273 0.08648992501772367
0 0.9728039961594802 0.7954565194936899 0.018012120173527643 0.017996861384465143
0 0.2967621363126315 0.6127318602341872 0.02265159900371845 0.02278929490309495
0 0.560908684363732 0.09795897740584153 0.025998922494741585 0.0257717646085299
0 0.8498099400446966 0.6342030305128831 0.050074063814603366 0.050400807307316706
0 0.5872529836801382 0.12756432019747221 0.02384031735933744 0.02422941648043119
0 0.7341242570143479 0.20937936122600848 0.015680459829477165 0.015584725600022536
0 0.8028921714195838 0.2653198608985314 0.019782139704777643 0.02030669725858248
0 0.5249439386221079 0.7731446486253005 0.04406474186823918 0.044316805326021634
0 0.23427823873666617 0.10101766769702618 0.03525587228628305 0.035220127839308515
0 0.7490236575786884 0.8038834791917068 0.015900245079627402 0.015714205228365384
0 0.8037553200354943 0.40866958178006685 0.04793607271634615 0.048480987548828125
0 0.31885458872868466 0.5350976357093225 0.04089560875525841 0.04106404231144832
0 0.7062095495370718 0.17710001652057356 0.01672231234036959 0.016686696272629958
0 0.04369021837527935 0.7481660842895508 0.03551024657029372 0.035115755521334134
0 0.9561205643873948 0.559480593754695 0.06087068411020132 0.06310580326960637
0 0.7923890627347506 0.5646238327026367 0.04915956350473257 0.049518585205078125
0 0.1985338284419133 0.27393392416147083 0.036226896139291614 0.03622509883000301
0 0.5565372980557955 0.6176442366379958 0.1105181620671199 0.1094808945289025
0 0.8393655190101037 0.27012417866633487 0.029512992272010215 0.029394076420710638
0 0.36994024423452526 0.5172162422767053 0.05518634502704327 0.05632855341984676
0 0.9474673637977014 0.28313572590167707 0.01567708528958834 0.016005332653339092
0 0.6106207920954778 0.8372680957500751 0.04391171382023738 0.044587942270132214
0 0.09770260407374455 0.4046718157254733 0.04413476357093224 0.04343817784236027
0 0.2838410230783316 0.6322284111609826 0.014679835392878605 0.014680128831129808
0 0.14396225489102876 0.3532902644230769 0.04943070044884315 0.05003034151517428
0 0.5137697733365573 0.807246574988732 0.0494844730083759 0.04987599299504207
0 0.6447200775146484 0.7415559475238507 0.060664983896108776 0.06056785583496094
0 0.1641713289114145 0.042295414667863115 0.01762705582838792 0.0173721038378202
0 0.25742749067453236 0.08512947192558876 0.04791978689340445 0.04697192632235014
0 0.16822204223045936 0.8387066034170297 0.028572779435377855 0.028680948110727165
0 0.6201499058650091 0.7105414317204402 0.017642681415264424 0.01807741018442007
0 0.9271741280188928 0.13917059164780837 0.10793568537785457 0.11009792181161734
0 0.07566783061394325 0.9148016709547776 0.01640919538644644 0.016512357271634616
0 0.8856314145601712 0.9569639792809119 0.0152741945706881 0.015102973351111779
0 0.4702342106745793 0.5329881448012131 0.016036400428185098 0.015783016498272236
0 0.7160663604736328 0.24086895355811486 0.016154949481670674 0.015978666452261116
0 0.5935007975651667 0.7229265799889197 0.015275661761944111 0.015138332660381611
0 0.8656933124248798 0.6073605097257174 0.05991803682767428 0.06061546619121845
0 0.06540188422569862 0.7391723486093374 0.01912400355705848 0.01955281771146334
0 0.21459080622746393 0.0550921971981342 0.016402391286996696 0.016219927714421198
0 0.031559494825509876 0.46299604269174427 0.025057728473956768 0.025195195124699518
0 0.49423833993765026 0.5980377564063439 0.031949410071739785 0.031865706810584433
0 0.09218251705169678 0.4055021726168119 0.038923446948711686 0.03904526050274189
0 0.7003062321589544 0.6415004730224609 0.03560080895057091 0.03576748187725361
0 0.5397414060739371 0.2067410762493427 0.03197948749248798 0.03185822413517879
0 0.14983125833364633 0.9846624227670523 0.014616856208214393 0.015092116135817308
0 0.49990753027109 0.07136384798930241 0.035313899700458236 0.034343912051274225
0 0.34148781116192156 0.6399570611807016 0.015671583322378304 0.015789031982421875
0 0.7032644565288837 0.6732336924626277 0.014855751624474159 0.014878493088942308
0 0.6446101115300105 0.4407397416921762 0.057506561279296875 0.057491375849797174
0 0.9631506112905649 0.5688482431265024 0.04568129319411058 0.04722727262056791
0 0.09903498796316293 0.4460603273831881 0.015982994666466348 0.016127659724308893
0 0.6834363203782302 0.45587891798753005 0.02375001173753005 0.024283922635591947
0 0.8909816741943359 0.49524784088134766 0.03827872643103966 0.0379032721886268
0 0.13169294137221116 0.7291575211745042 0.021529417771559495 0.021867018479567308
0 0.3511176842909593 0.8382502335768479 0.03628452007587139 0.036710885854867786
0 0.7899794211754432 0.5522960882920486 0.01726194528432993 0.01842916928804838
0 0.5702962875366211 0.34569450525137096 0.02824577918419471 0.028364034799429085
0 0.6994110987736628 0.6926058255709134 0.017963115985576924 0.018318322988656852
0 0.9123966510479267 0.785924324622521 0.05411030695988582 0.05552189166729267
0 0.6510431583111103 0.14765088374798113 0.031574249267578125 0.03149905571570763
0 0.5798912415137658 0.3040030002593994 0.016375248248760518 0.016547753260685846
0 0.5564993344820462 0.4385668681218074 0.04662777827336238 0.04639992347130409
0 0.6256641241220328 0.4209567583524264 0.03592476477989784 0.03600736764761118
0 0.9593020952664889 0.2997019841120793 0.021484521719125602 0.021318582388070915
0 0.22522959342369667 0.3105430603027344 0.015438519991361178 0.015430377079890324
0 0.24667875583355242 0.7825122246375451 0.052312997671274036 0.05334912813626803
0 0.4835677513709435 0.5616613901578463 0.025226593017578125 0.02520407163179838
0 0.5022004567659818 0.07185504069695106 0.027327757615309495 0.02766620195828951
0 0.47713000957782453 0.39496883979210484 0.027477411123422477 0.02767181396484375
0 0.8140329214242789 0.23177115733806902 0.020640740027794473 0.02077905948345478
0 0.515378108391395 0.5063031269953802 0.0404968995314378 0.04001925541804387
0 0.65765564258282 0.7504567366379958 0.01732664841871995 0.017137820904071514
0 0.20488735345693734 0.3031052809495192 0.044773028447077826 0.044994354248046875
0 0.9064618624173678 0.6310561253474309 0.04452221210186298 0.043861132401686445
0 0.5800585379967322 0.11075274760906513 0.015010393582857572 0.014796568797184871
0 0.3542922826913687 0.5324479983403132 0.015221962561974159 0.014794496389535757
0 0.3029811932490422 0.4117256678067721 0.015500582181490384 0.015856376061072715
0 0.16287922859191895 0.7627483514639047 0.021273392897385817 0.021510197566105768
0 0.485318477337177 0.5603843468886155 0.02097775385929988 0.02054735330434946
0 0.624056889460637 0.7080477934617263 0.02508101096520057 0.024788342989408053
0 0.40624325092022234 0.24020869915301984 0.030948052039513223 0.030021264002873346
0 0.32006065662090594 0.5298794966477615 0.0353240966796875 0.03462351285494291
0 0.4722572106581468 0.07904126093937801 0.014547201303335337 0.014566623247586764
0 0.4236019574678861 0.5737339166494516 0.013941031235914964 0.014090244586651143
0 0.08822346650637113 0.5212853138263409 0.04004667355464055 0.040354435260479264
0 0.14139544046842134 0.22444943281320426 0.01826781492966872 0.018224716186523438
0 0.15562193210308367 0.7344774099496695 0.027252940031198356 0.027832618126502402
0 0.28811137492840105 0.06820923548478347 0.026117471548227165 0.026044350404005785
