0 0.7824465678288386 0.664040785569411 0.05684456458458534 0.05695401705228365
0 0.4125073139484112 0.6134139941288874 0.03497505187988281 0.03466496100792518
0 0.6151224649869479 0.7586598029503455 0.04243256495549129 0.04169904268704928
0 0.25974378219017613 0.3445883530836839 0.023948045877309945 0.024074701162484977
0 0.4753409899198092 0.6497944318331205 0.0295718266413762 0.029487022986778848
0 0.37523365020751953 0.7542049701397235 0.01890138479379507 0.018672356238731973
0 0.5991301169762244 0.9789393498347356 0.04049389178936298 0.03725154583270733
0 0.3191679807809683 0.719174311711238 0.024571051964393027 0.024670527531550482
0 0.7250170340904822 0.9538979163536658 0.09267586928147536 0.08706430288461539
0 0.6047535676222581 0.5723775716928335 0.036706190842848554 0.03634951664851262
0 0.47142982482910156 0.8974600571852464 0.053211358877328724 0.05262844379131611
0 0.33601144643930286 0.5892735261183518 0.08525246840256911 0.08388563302847055
0 0.3395537596482497 0.6398089482234075 0.025073858407827523 0.02537991450383113
0 0.5813575157752404 0.22059103158804086 0.04146121098445012 0.04133202479435848
0 0.4561702288114108 0.9878691893357497 0.019600941584660456 0.018083719106820915
0 0.6355191744290866 0.8637368128849909 0.06819706696730393 0.06857050382173978
0 0.6859477116511419 0.5800334123464731 0.0171051025390625 0.016770436213566706
0 0.629701174222506 0.6897403276883639 0.03354013883150541 0.033266654381385215
0 0.3243809479933519 0.7016614033625677 0.1421363353729248 0.15514300419734076
0 0.20434759213374212 0.8378658294677734 0.029692393082838792 0.029685093806340143
0 0.5510121859036959 0.35672939740694487 0.02327706263615535 0.02332782745361328
0 0.6159727389995868 0.7341242570143479 0.03199078486515926 0.032749029306265026
0 0.5016726713914138 0.5121019803560697 0.031588040865384616 0.03193884629469652
0 0.5915718812208909 0.5085428678072416 0.020421394935021035 0.020436947162334736
0 0.7160475804255559 0.6896186241736779 0.01569513174203726 0.015504983755258413
0 0.37761493829580456 0.6436981788048377 0.018540675823505107 0.01863861083984375
0 0.3265946094806378 0.023845894978596613 0.016021068279559795 0.01627597900537344
0 0.5314950209397536 0.9366012719961313 0.020656879131610576 0.020530113807091348
0 0.6292625573965219 0.3029444951277513 0.015250866229717549 0.015406278463510366
0 0.5241716091449444 0.4920634489793044 0.026305785545935996 0.026505690354567308
0 0.349554575406588 0.9372910719651443 0.04907065171461839 0.04845076340895433
0 0.5651808518629807 0.6988162994384766 0.015780082115760215 0.015598297119140625
0 0.4639537517841046 0.8543296227088342 0.021518560556265023 0.021796593299278848
0 0.31264947010920596 0.8586009098933294 0.04207823826716496 0.04268382145808293
0 0.2182011604309082 0.35467015779935396 0.015610694885253906 0.015544671278733473
0 0.47824599192692685 0.8659584338848407 0.015341098491962139 0.015023745023287259
0 0.29177271402799165 0.7103833418626052 0.15775691545926607 0.1671139643742488
0 0.3477011460524339 0.9718479743370643 0.04504834688626803 0.04579984224759615
0 0.678601338313176 0.45461368560791016 0.021883157583383415 0.022482578571026143
0 0.599848380455604 0.5958155118502103 0.01774773230919471 0.01800845219538762
0 0.6644183672391452 0.9747208081758939 0.0668031252347506 0.045609547541691706
0 0.7428078284630408 0.5674095153808594 0.029721920306865986 0.029924686138446514
0 0.735686522263747 0.8389076819786658 0.017852049607496995 0.017743330735426683
0 0.5710321939908541 0.734500004695012 0.05151814680833083 0.051534065833458535
0 0.2221972758953388 0.7367952786959134 0.10993796128493089 0.12069555429311898
0 0.26708463522104114 0.8301410675048828 0.0210269047663762 0.021060943603515625
0 0.6611455037043645 0.009687913151887747 0.032588812021108776 0.018673291573157676
0 0.5848720623896673 0.6774259713979868 0.018148422241210938 0.018316122201772835
0 0.696560052724985 0.5335881159855769 0.015904940091646634 0.015755653381347656
0 0.4262225077702449 0.8960971832275391 0.03413083003117488 0.034401233379657455
0 0.5546401097224309 0.5616095983065091 0.020345247708834134 0.02019610771766076
0 0.427306578709529 0.9813484778771033 0.016141598041240986 0.016459831824669473
0 0.6857830927922175 0.652439704308143 0.01456920917217548 0.014440389779897837
0 0.3371438246506911 0.1389873853096595 0.014634792621319111 0.014690124071561374
0 0.69904298048753 0.4748837397648738 0.016788189227764424 0.017016264108511116
0 0.29671355394216686 0.06561157336601844 0.014107447404127855 0.013893622618455153
0 0.6302804946899414 0.2781516588651217 0.019699830275315505 0.019898708050067607
0 0.5635812832758977 0.6308765411376953 0.02461103292611929 0.024522047776442308
0 0.18455967536339393 0.186262845993042 0.015615169818584736 0.015868150270902194
0 0.1980725801908053 0.09253743978647086 0.01489881368783804 0.015018059657170223
0 0.61332944723276 0.3252131388737605 0.022104263305664062 0.02216793940617488
0 0.19954400796156663 0.7359311764056866 0.06777708347027118 0.09517904428335336
0 0.2579795764042781 0.30394660509549654 0.016095381516676683 0.0160218018751878
0 0.5334513737605169 0.7006499950702374 0.01473390139066256 0.014966231126051683
0 0.24834682391240046 0.7407031426062951 0.017542105454664964 0.01728057861328125
0 0.2808946462777945 0.19609638360830453 0.014624228844275841 0.015253433814415565
0 0.18823772210341233 0.86772948044997 0.020695319542518027 0.021141932560847357
0 0.35907826056847203 0.0882723148052509 0.015246831453763522 0.0152129026559683
0 0.5569610228905311 0.6535285802987906 0.031687369713416465 0.031701894906850964
0 0.18706195171062762 0.17380340282733625 0.014334385211651143 0.013968981229341947
0 0.2557212389432467 0.23946776756873497 0.015079645010141226 0.014745272122896634
0 0.4297110117398776 0.8957785826462966 0.023053756126990683 0.023689416738656852
0 0.1686418056488037 0.2984008972461407 0.012903176821195163 0.014469440166766826
0 0.3387561578017015 0.02614681995832003 0.06889644035926232 0.050582436414865345
0 0.23429195697490984 0.9386884249173678 0.04767256516676683 0.04834248469426082
