0 0.3854201390193059 0.6079628284160907 0.13549071091871995 0.13935074439415565
0 0.4752505375788762 0.29663883722745454 0.18387589087853065 0.1864610451918382
0 0.35589027404785156 0.3662868279677171 0.12087455162635216 0.12199614598200871
0 0.622262221116286 0.7093833776620718 0.3063662969149076 0.3091003711407001
0 0.2570017117720384 0.767180662888747 0.06940606924203727 0.06983126126802884
0 0.2885387127216046 0.0932150620680589 0.20515573941744292 0.18402888224675104
0 0.696930665236253 0.19481123410738432 0.05723087604229267 0.05683407416710487
0 0.8951942737285907 0.510109387911283 0.04703844510591947 0.04710828340970553
0 0.9090835864727314 0.9205993505624624 0.03950192378117488 0.03949165344238281
0 0.9597238393930289 0.5605476819551908 0.04823449941781851 0.055091564471905045
0 0.6703570439265325 0.10618542707883395 0.06774051372821514 0.06786034657404973
0 0.925750365624061 0.831818360548753 0.046740165123572715 0.047073657696063705
0 0.33005531017596906 0.983212397648738 0.03308296203613281 0.02902045616736779
0 0.7145643967848557 0.8967326971200796 0.04993644127478966 0.04971606914813702
0 0.9747913067157452 0.9529509911170373 0.024399684025691107 0.03259071936974159
0 0.12818604249220628 0.7587869350726788 0.04576752736018254 0.045180100661057696
0 0.15506632511432356 0.09518384016477145 0.06514905049250676 0.06511138035700871
0 0.11870824373685397 0.1280501622420091 0.20965187366192156 0.2308480556194599
0 0.7232195047231821 0.5821397487933819 0.03206546490009014 0.03213148850661058
0 0.6371715985811673 0.5041043941791241 0.020744763887845553 0.02061301011305589
0 0.8523769378662109 0.15609858586237982 0.029376103327824518 0.029569103167607233
0 0.44277337881234974 0.5327882766723633 0.05421917255108173 0.05433449378380409
0 0.6999568939208984 0.4315013151902419 0.0188143803523137 0.01879149216871995
0 0.8060477330134466 0.4303900645329402 0.040206615741436295 0.0402837900015024
0 0.28841447830200195 0.08623464290912335 0.02454838385948768 0.02461158770781297
0 0.19350348986112154 0.27185953580416167 0.027489662170410156 0.027519042675311748
0 0.4176430335411659 0.13254501269413874 0.09099035996657151 0.08966966775747445
0 0.7560448279747596 0.49825481268075794 0.028565040001502402 0.028371664193960335
0 0.9200806250939002 0.9708730257474459 0.038512890155498795 0.03905633779672476
0 0.6683157407320462 0.858861336341271 0.041971646822415866 0.04200539222130409
0 0.4618970430814303 0.928011967585637 0.02129789499136118 0.021292759821965143
0 0.42085596231313854 0.42946547728318435 0.021863864018366888 0.021646939791165866
0 0.8973511915940505 0.9552274850698618 0.028688577505258415 0.02873816856971154
0 0.10185816654792199 0.9616748369657077 0.01754146355849046 0.01746705862192007
0 0.7368423755352314 0.7951427606435922 0.029180086576021634 0.02899654094989483
0 0.8384195474477915 0.832982430091271 0.0375978029691256 0.03734148465670072
0 0.6811675291794997 0.8886077587421124 0.020139400775615986 0.02014585641714243
0 0.182265593455388 0.46466376231266904 0.019476817204402044 0.019381303053635817
0 0.1913596116579496 0.5334372153648963 0.026250655834491435 0.02661763704740084
0 0.4939746123093825 0.9694021665132962 0.022575818575345553 0.022762445303109977
0 0.8095924670879657 0.036907448218419 0.031100639930138223 0.030874114770155687
0 0.40448885697584885 0.417448117182805 0.024167941166804388 0.024054527282714844
0 0.2584543228149414 0.5188054304856521 0.05284412090594952 0.053361085745004505
0 0.592476331270658 0.9607037764329177 0.016715269822340745 0.0167385981633113
0 0.8990083841177133 0.09969445375295785 0.019688532902644232 0.01994121991671049
0 0.7731723051804763 0.9874257307786208 0.022827735314002402 0.020589094895582933
0 0.34816279778113735 0.2276273507338304 0.04708385467529297 0.0475152089045598
0 0.5994126246525691 0.13002184721139762 0.02446468059833233 0.02477752245389498
0 0.49887851568368763 0.8711097423846905 0.01905089158278245 0.019119849571814902
0 0.6026434898376465 0.41121204082782453 0.02230996351975661 0.02229793255145733
0 0.14196200554187483 0.7904969728910006 0.018295086347139798 0.018346199622521035
0 0.35251272641695464 0.3104262351989746 0.05680979215181791 0.056994071373572715
0 0.7311920752892127 0.870179689847506 0.019364283635066107 0.019281534048227165
0 0.6531419020432693 0.37070641150841344 0.029180380014272835 0.029125213623046875
0 0.6420596196101263 0.22945862550001878 0.06496253380408654 0.06462640028733474
0 0.7930918473463792 0.9726376166710486 0.016785254845252402 0.01683631310096154
0 0.69036315037654 0.5600786209106445 0.022884662334735576 0.023070775545560397
0 0.20180737055264986 0.48608002295860875 0.01926414783184345 0.01907524695763221
0 0.4689485843365009 0.8650558911837064 0.02042359572190505 0.020609195415790264
0 0.1653766265282264 0.45163514063908505 0.16045797788179839 0.15465120168832633
0 0.7766819000244141 0.6792601071871244 0.025255349966195915 0.025410872239332933
0 0.8047299018272986 0.5125695008497971 0.035854192880483776 0.03589314680833083
0 0.08861328088320218 0.30447479394766 0.02242431273827186 0.022402029771071214
0 0.3157518826998197 0.6746751345120944 0.03004002571105957 0.030234410212590143
0 0.9119730729323167 0.6816574243398813 0.14743658212515023 0.18935086176945612
0 0.659544431246244 0.9034208884605994 0.018290299635667067 0.018172190739558294
0 0.9534433805025541 0.8218479156494141 0.027268042931189902 0.026539729191706732
0 0.4602073522714468 0.8271430822519156 0.02226433387169471 0.02230101365309495
0 0.8020309301523062 0.5515335523165189 0.017906922560471755 0.017522078294020433
0 0.781898205096905 0.6198057027963492 0.016529376690204326 0.016687539907602165
0 0.7889650785006009 0.7335222684420072 0.0365594717172476 0.03576234670785757
0 0.4870177415701059 0.5140809646019568 0.022974821237417366 0.02315858694223257
0 0.4878835678100586 0.5605262609628531 0.015276688795823317 0.0150453127347506
0 0.7999899937556341 0.7918335841252253 0.02493110069861779 0.025726905235877402
0 0.05392586267911471 0.203736635354849 0.016340915973369893 0.016087825481708232
0 0.5158541019146259 0.9133621362539438 0.01702748812161959 0.017225265502929688
0 0.47205246411837065 0.28421082863440883 0.015828792865459736 0.015770912170410156
0 0.7776685861440805 0.9464218433086689 0.02355047372671274 0.023609161376953125
0 0.18528597171490008 0.3278917899498573 0.015568366417518029 0.015635270338792067
0 0.03221250038880568 0.8534484276404748 0.04368566549741305 0.06744150015024039
0 0.5151110795828012 0.8556919831496018 0.01993905580960787 0.01978272658128005
0 0.43390604165884167 0.9122838240403396 0.016457777756911058 0.016461005577674277
0 0.21663216444162223 0.5576336934016302 0.016734856825608473 0.016806529118464544
0 0.19194602966308594 0.12084656495314378 0.02183085221510667 0.021742930779090293
0 0.8659260823176458 0.5062616788423978 0.01728644737830529 0.016896908099834736
0 0.8008105204655573 0.2538495430579552 0.015324959388146034 0.01527265401986929
0 0.8784178953904372 0.2741089967580942 0.01816382774939904 0.01789694565993089
0 0.4256141735957219 0.3497284742502066 0.015886600200946514 0.01616514646089994
0 0.8127750983605018 0.12042816785665658 0.26388256366436297 0.23794084328871506
0 0.8196127964900091 0.5421498372004583 0.016501940213716947 0.01638339116023137
0 0.2610923510331374 0.2695738352262057 0.014624999119685246 0.014501424936147837
0 0.7721934685340295 0.5226331123938928 0.027827923114483174 0.028113731971153848
0 0.21672399227435774 0.37772185985858625 0.015983141385591947 0.01573914747971755
0 0.16829156875610352 0.5885562896728516 0.014691426203801082 0.014685630798339844
0 0.8443260192871094 0.909333008986253 0.017489066490760215 0.01741189223069411
0 0.5517123662508451 0.9330973258385291 0.017404702993539665 0.0173184321476863
0 0.8708755786602314 0.3584454609797551 0.01433255122258113 0.014553510225736178
0 0.38130774864783656 0.1632989736703726 0.025033070490910456 0.025351707751934346
0 0.27609784786517805 0.2757607606741098 0.02126004145695613 0.021245222825270433
0 0.7761993408203125 0.8880663651686448 0.034996326153094955 0.035020094651442304
0 0.574370237497183 0.2148160567650428 0.08026643899770883 0.079223449413593
0 0.11787722660945012 0.11129924884209266 0.025413659902719352 0.025459454609797552
0 0.5973195296067458 0.8748801304743841 0.019026536207932692 0.018970782940204326
0 0.4099760422339806 0.09767012412731464 0.01741680732140174 0.016943839880136344
0 0.3893888913668119 0.8754262190598708 0.022290743314302884 0.0221707270695613
0 0.29195547103881836 0.5875169680668757 0.015368975125826322 0.015175819396972656
0 0.07922531091249906 0.6251245645376352 0.01564948375408466 0.015430303720327524
0 0.896211550785945 0.7896646352914664 0.04443960923414964 0.04445794912484976
0 0.6812653174767127 0.5792044126070462 0.049508314866286054 0.04928310100848858
0 0.5360494026770959 0.42584411914532 0.017000638521634616 0.017092778132512018
0 0.8587844555194561 0.601153667156513 0.057745860173152044 0.05807040287898137
0 0.08463393724881686 0.010036553327853862 0.014072785010704627 0.014450041147378774
0 0.748131091778095 0.6030556605412409 0.0352630615234375 0.03436558063213642
0 0.35798534980187047 0.5496926307678223 0.06224808326134315 0.060890564551720254
0 0.7997349959153396 0.36764034858116734 0.014296605036808895 0.0143736325777494
0 0.6282492417555589 0.3463902106651893 0.04061596210186298 0.04079363896296574
0 0.36618870955247146 0.2570194831261268 0.016292278583233174 0.016353020301231973
0 0.762972905085637 0.7999059236966647 0.01977392343374399 0.019861368032602165
0 0.8812720959003155 0.8424094273493841 0.013442259568434495 0.013668647179236779
0 0.6337337493896484 0.460117743565486 0.060784559983473554 0.06238680619459886
0 0.27381394459651065 0.2736366345332219 0.028279928060678337 0.027760395636925332
0 0.17970699530381423 0.6515879997840295 0.01471567153930664 0.014778870802659255
0 0.7645254868727464 0.5598246501042292 0.017392378586989183 0.01757504389836238
0 0.8346651517427884 0.7747501960167518 0.0198516845703125 0.019604903001051683
0 0.8793069399320163 0.1568765640258789 0.021565950833834134 0.02155801883110633
0 0.6469529958871695 0.44387179154616135 0.09037428635817307 0.09163328317495492
0 0.8765734159029447 0.949616212111253 0.017249327439528245 0.017519437349759616
0 0.07339214361630954 0.9682389772855319 0.11413656748258151 0.05829268235426683
0 0.21197097118084246 0.5823403871976413 0.01611038354726938 0.016092593853290264
0 0.562263928926908 0.9082199976994441 0.016570017887995794 0.016809610220102165
0 0.217132935157189 0.38396703279935396 0.07238358717698318 0.07121130136343148
0 0.3816232681274414 0.4380694536062387 0.026827225318321817 0.027033659128042366
0 0.29808943088238055 0.05016419520744911 0.017048028799203727 0.017691263785729043
0 0.875151854294997 0.7594404954176682 0.014757303091195913 0.014830075777493991
0 0.7535599195040189 0.7756849435659555 0.02155729440542368 0.021327385535606973
