0 0.5324268341064453 0.9053121713491586 0.14238093449519232 0.14165320763221154
0 0.584327771113469 0.21784164355351374 0.06425857543945312 0.06382043545062725
0 0.39329965297992414 0.48317821209247297 0.10453451596773587 0.10504964681772086
0 0.6510538688072791 0.6567644706139197 0.059189136211688705 0.05973141009990986
0 0.5275420408982497 0.11397776236900917 0.03801727294921875 0.03816710985623873
0 0.6049254490778997 0.7656298417311448 0.025230847872220553 0.025550255408653848
0 0.39798575181227464 0.7872111980731671 0.020566500150240384 0.020451765794020433
0 0.3597923425527719 0.034191314990703874 0.029753758357121393 0.029939917417672966
0 0.590453734764686 0.7925686469444861 0.032930961022010215 0.03272570096529447
0 0.5813435774583083 0.0915982906634991 0.037848252516526446 0.037638334127572864
0 0.623771227323092 0.31812370740450346 0.15613618263831505 0.22760824056772086
0 0.47391752096322864 0.6914000144371619 0.021100997924804688 0.02086155231182392
0 0.3490631030156062 0.8711974804217999 0.056044431833120495 0.055642934945913464
0 0.41193276185255784 0.1681828498840332 0.04865690378042368 0.048960236402658314
0 0.432806528531588 0.31122534091656023 0.02724001957820012 0.026778441209059495
0 0.6447004171518179 0.7923281742976263 0.030716822697566107 0.030375260573167067
0 0.46900243025559646 0.15558780156649077 0.07979356325589694 0.08220606583815354
0 0.6956134209266076 0.8767794829148513 0.032258840707632214 0.03239250183105469
0 0.30182931973383975 0.6321433140681341 0.017896615541898288 0.017929810744065505
0 0.34360562838040865 0.14582089277414176 0.03644899221567007 0.036995227520282455
0 0.6398057204026443 0.5803414124708909 0.029601170466496393 0.029359964224008415
0 0.5666635586665227 0.7353157630333533 0.01882758507361779 0.018801762507512018
0 0.48969202775221604 0.776588513300969 0.03694754380446214 0.03694064800555889
0 0.3997208521916316 0.05380447552754329 0.03139437161959135 0.030990004539489746
0 0.47197319911076474 0.6467713576096755 0.01906277583195613 0.01852240929236779
0 0.5207429298987756 0.4424757957458496 0.021354161776029147 0.021201940683218148
0 0.44361393268291766 0.08777956779186542 0.03431364206167368 0.03444805512061486
0 0.38416216923640323 0.5626302865835336 0.027699397160456732 0.027916981623722956
0 0.424658151773306 0.41762597744281477 0.03980930034930889 0.039663534898024336
0 0.4635542356050931 0.2993094004117526 0.035852285531850964 0.035538820120004505
0 0.3278386042668269 0.7020366375262921 0.016644844642052285 0.016506488506610576
0 0.6607566246619592 0.7402924024141752 0.016393221341646634 0.016457190880408652
0 0.6851445711576022 0.6770852895883414 0.032403212327223554 0.03230711129995493
0 0.3815742639394907 0.8656387329101562 0.018322137685922477 0.018393736619215745
0 0.6142471020038311 0.6424726339486929 0.021456351647010215 0.021479973426231973
0 0.6382151383620042 0.7392981602595403 0.018744248610276442 0.018897276658278245
0 0.3219439433171199 0.06639373302459717 0.02027548276461088 0.02029114503126878
0 0.3015277935908391 0.7526922225952148 0.027979117173414964 0.03435868483323317
0 0.5707445878248948 0.6782586024357722 0.04613480201134315 0.046339768629807696
0 0.6687542841984675 0.49874078310452974 0.01645205571101262 0.01649328378530649
0 0.6832370758056641 0.7590723771315354 0.017866868239182692 0.01795372596153846
0 0.655556898850661 0.878417235154372 0.04224718534029447 0.042167957012469955
0 0.40325326185960036 0.9000241939838116 0.0757588606614333 0.07559937697190505
0 0.3422123835637019 0.9300237802358774 0.06139725905198317 0.061073009784405045
0 0.3819865446824294 0.7243212186373197 0.0186001704289363 0.01856084970327524
0 0.37438587042001575 0.3204832077026367 0.07225205348088191 0.07323952821584848
0 0.4740272668691782 0.4849708263690655 0.06241901104266827 0.0634761223426232
0 0.5312669460590069 0.7122815939096304 0.02060670119065505 0.020800663874699518
0 0.5404572853675256 0.35752032353327823 0.027884556696965143 0.02846688490647536
0 0.3650182577279898 0.25055736761826736 0.06733263455904447 0.0653515228858361
0 0.6513727628267728 0.8104664729191706 0.017002105712890625 0.016843795776367188
0 0.6762429750882663 0.5363477560190054 0.023241776686448317 0.023450851440429688
0 0.4791942009559044 0.40445591853215146 0.018824137174166165 0.01882450397198017
0 0.6571533496563251 0.5243967496431791 0.01911339393028846 0.018995138315054085
0 0.3594105060283954 0.6577759522658128 0.10730745242192195 0.10668270404522236
0 0.41164838350736177 0.0963294139275184 0.020812401404747598 0.021039485931396484
0 0.30823931327232945 0.784131123469426 0.01986980438232422 0.01954064002403846
0 0.5588607421288123 0.37855111635648286 0.017600426307091348 0.017389590923602764
0 0.38641093327448917 0.20847223355219915 0.015038123497596154 0.01500375454242413
0 0.3711263950054462 0.36490381681002104 0.015565432035006009 0.015804437490609977
0 0.6701554518479568 0.44657146013700044 0.035748995267427884 0.03527149787315956
0 0.6631267254169171 0.7615498762864333 0.018166762131911058 0.018236306997445915
0 0.317655453315148 0.0895067178286039 0.028011175302358773 0.027956485748291016
0 0.5180633251483624 0.03606887964101938 0.04063078073354868 0.04010207836444561
0 0.5783953299889197 0.6366379811213567 0.04848392193134014 0.04770454993614784
0 0.5251217622023362 0.624233392568735 0.027458924513596755 0.026938475095308743
0 0.5850662084726187 0.48676461439866286 0.01897151653583233 0.018611687880295973
0 0.3507524637075571 0.9869239513690655 0.06791378901554988 0.025456355168269232
0 0.41043567657470703 0.8115994380070612 0.11853687579815204 0.11517539391150841
0 0.4011540779700646 0.0828995888049786 0.02283903268667368 0.02255109640268179
0 0.6829948425292969 0.37797186924861026 0.032407320462740384 0.0327756588275616
0 0.30713807619535005 0.8497242560753455 0.042921873239370495 0.05873401348407452
0 0.5999177052424505 0.5879898071289062 0.04897220318134014 0.04907666719876803
0 0.6064627720759466 0.861632567185622 0.02890190711388221 0.028779249924879808
0 0.3968775822566106 0.39613481668325573 0.0701914567213792 0.07094823397122897
0 0.45400612170879656 0.6386745159442608 0.01944101773775541 0.019801506629356973
0 0.440191782437838 0.7219305038452148 0.09473609924316406 0.09457910977877103
0 0.2982963231893686 0.7972987248347356 0.015720257392296426 0.015504396878756009
0 0.6992387771606445 0.8557972541222205 0.017346895658052884 0.016506048349233773
0 0.4110896037175105 0.2866564163794884 0.021124619704026442 0.020949803865872897
0 0.5452838310828576 0.3170923086313101 0.023455693171574518 0.02250957489013672
0 0.3181920785170335 0.961239741398738 0.06866095616267277 0.07073446420522836
0 0.6394791969886193 0.8428633763239934 0.028572669396033652 0.0286557124211238
0 0.49811495267427885 0.06429785948533279 0.015843758216271035 0.01555631710932805
0 0.4829166852510892 0.22388124465942383 0.024001928476186898 0.02403428004338191
0 0.4458653376652644 0.6561713585486779 0.017331049992487982 0.01762977013221154
0 0.48621599490825945 0.02489762122814472 0.03159280923696665 0.03202308141268217
0 0.6771033360407903 0.6986088385948768 0.017101141122671273 0.017382401686448317
0 0.45717283395620495 0.029961145841158353 0.01819302485539363 0.01759952765244704
0 0.4447799829336313 0.02517158710039579 0.06382340651292068 0.04840173171116756
0 0.30828674022968 0.5966647221491888 0.015140826885516826 0.014966524564302884
0 0.6652465233435998 0.5932868810800406 0.025626549353966348 0.025818311251126803
0 0.6056271699758676 0.578280155475323 0.024186134338378906 0.024175277123084433
0 0.44425480182354266 0.6249765249399039 0.016860301677997295 0.01645234914926382
0 0.44228652807382435 0.5291843414306641 0.015609080974872295 0.015966121967022236
0 0.6693212068997897 0.4507169723510742 0.02599672170785757 0.02540749769944411
0 0.6287910754864032 0.0987714804135836 0.06293223454402043 0.06228858232498169
0 0.44614138970008266 0.5695176491370568 0.020431005037747897 0.020606481111966647
0 0.6115763737605169 0.9714552072378305 0.05193930405836839 0.04922279944786659
