0 0.5646723233736478 0.2973663256718562 0.15241681612454927 0.15343079200157753
0 0.4887029207669772 0.14159812377049372 0.1023241189809946 0.1039888858795166
0 0.3961057662963867 0.4176408327542819 0.12347103999211238 0.12419539231520432
0 0.12437118016756497 0.27324852576622594 0.0765539682828463 0.0765529045691857
0 0.23248907235952523 0.33620548248291016 0.07382436899038461 0.07312767322246845
0 0.6732867314265325 0.17094742334806 0.06533490694486178 0.06523862251868615
0 0.4714190409733699 0.29539332023033726 0.05617479177621695 0.05652016859788161
0 0.23914131751427284 0.45704174041748047 0.0447535148033729 0.04422569274902344
0 0.6059580582838792 0.17311747257526106 0.06419754028320312 0.0638584723839393
0 0.485108889066256 0.5971985596876878 0.04490118760329027 0.044811102060171276
0 0.2990371263944186 0.33922657599815953 0.052082208486703724 0.05270062960111178
0 0.12975505682138297 0.21879142981309158 0.08567424920889047 0.08461809158325195
0 0.0657718823506282 0.09923344392042893 0.09073141904977652 0.09024964846097507
0 0.6349871708796575 0.9302234649658203 0.032767075758713946 0.032874767596905045
0 0.81444945702186 0.2942950542156513 0.05981181218073918 0.06010635082538311
0 0.33416263873760516 0.7742801079383264 0.0479730459359976 0.04860540536733774
0 0.7173728942871094 0.1600369123312143 0.08657983633188102 0.08518318029550406
0 0.09581622710594764 0.15695551725534293 0.03566721769479605 0.03532739786001352
0 0.36600347665640026 0.13569454963390642 0.1239013855273907 0.1261753118955172
0 0.6131530908437876 0.08490980588472806 0.03487102801983173 0.03528589468735915
0 0.5130348939162034 0.46700389568622297 0.018117757943960335 0.018003023587740384
0 0.7069287666907678 0.8166352785550631 0.024770443256084736 0.02499536367563101
0 0.7313180336585412 0.05478548086606539 0.03295766390286959 0.03271240225205055
0 0.28183533595158505 0.9645019677969126 0.027840834397536058 0.027640122633713942
0 0.2439445715684157 0.5535722879263071 0.02234374559842623 0.022371438833383415
0 0.17682997996990496 0.09000226167532113 0.025035784794734076 0.02500768808218149
0 0.010434510616155772 0.4371692950908954 0.018560469150543213 0.018645286560058594
0 0.11235877183767465 0.45051809457632214 0.01873163076547476 0.01845851311316857
0 0.17919283646803635 0.1988078264089731 0.029691476088303786 0.02978339562049279
0 0.4253738843477689 0.33255679790790266 0.01827870882474459 0.018229851355919473
0 0.07364720564622146 0.25862748806293195 0.020576330331655648 0.020737171173095703
0 0.5929990181556115 0.25603099969717175 0.03622172429011418 0.03617007915790264
0 0.39292518909160906 0.5184000455416166 0.10520113431490384 0.10298215425931491
0 0.32312994736891526 0.5299585782564603 0.03413638701805702 0.03409781822791466
0 0.6932356907771184 0.595877794119028 0.021584437443659857 0.021779720599834736
0 0.09585811541630672 0.4692189143254207 0.018906116485595703 0.01861887711745042
0 0.7216861431415265 0.02776468717134916 0.03316996647761418 0.03270225341503437
0 0.6908938334538386 0.041065486577840954 0.03177364055926983 0.03214322603665865
0 0.8719703967754657 0.8422945462740384 0.020321479210486777 0.020340846135066107
0 0.7795829039353591 0.11646131368783805 0.018182754516601562 0.01818682597233699
0 0.4646624051607572 0.22132717646085298 0.08052576505220853 0.07774092600895809
0 0.6226975367619441 0.8439352328960712 0.02927061227651743 0.028949444110576924
0 0.8082360487717849 0.9120530348557693 0.01877740713266226 0.01900658240685096
0 0.6011417095477765 0.19646780307476336 0.016713802631084736 0.01701780465932993
0 0.9158366276667669 0.23603540200453538 0.0736995110144982 0.07511465366070087
0 0.1928547162276048 0.5935325989356408 0.0175627561715933 0.01740873776949369
0 0.1561905420743502 0.10391837816972 0.031765094170203574 0.031588077545166016
0 0.8474998474121094 0.24545775927030122 0.06418756338266227 0.06453671822181115
0 0.12585805929624116 0.4998509333683894 0.01643791565528283 0.016378109271709736
0 0.14813806460453913 0.5839333901038537 0.023828433110163763 0.023555608896108773
0 0.1369324830862192 0.1815350605891301 0.0302887696486253 0.03019098135141226
0 0.5637550720801721 0.08825894502493051 0.031744223374586836 0.0318871965775123
0 0.9763009731586163 0.04063377472070547 0.046101936927208535 0.050583445108853854
0 0.2760459092947153 0.6369220293485202 0.07356540973369892 0.07338347801795372
0 0.3872792904193585 0.6818068577693059 0.016040948721078727 0.015755873460036058
0 0.20783310670119065 0.2974718167231633 0.020556890047513522 0.020492040193997897
0 0.9120125403771033 0.9350781073937049 0.01737800011268029 0.017391204833984375
0 0.17102819222670335 0.43178653717041016 0.038059271298922025 0.03847063504732572
0 0.7115557743952825 0.2651194792527419 0.0186917231633113 0.018480887779822715
0 0.36987781524658203 0.5001335877638596 0.016144385704627402 0.016014979435847357
0 0.039084333639878496 0.026774523349908683 0.07930739109332745 0.05293768644332886
0 0.18306095783527082 0.5324681722200834 0.027775911184457634 0.028238663306603067
0 0.6038169860839844 0.947232173039363 0.015522296612079326 0.015623826246995192
0 0.34462969119732195 0.18918301508976862 0.03674022967998798 0.036688804626464844
0 0.5004686942467322 0.9709478525015024 0.016501206618088942 0.016330132117638223
0 0.39128897740290713 0.9781097998985877 0.017530294565054085 0.017260331373948317
0 0.17891340989332932 0.4705206064077524 0.01527573512150691 0.014840639554537259
0 0.21903368142934945 0.6683729611910306 0.06948603116548978 0.06936234694260818
0 0.24349155792823204 0.199705747457651 0.017060096447284404 0.01706834939809946
0 0.44294628730187047 0.015056777458924513 0.039352710430438705 0.028883580978100117
0 0.00639167485328821 0.8721334017240084 0.012892673795039836 0.021225122305063102
0 0.097305206152109 0.05787766896761381 0.016385793685913086 0.01639901674710787
0 0.0040603566628236035 0.4896804369412936 0.008102894975588871 0.017971625694861777
0 0.2326377905332125 0.10812303653130165 0.029176858755258415 0.029085966256948616
0 0.8678624079777644 0.2878909477820763 0.08970935528094952 0.0889902114868164
0 0.20175788952754095 0.13497673548184907 0.015808508946345404 0.015791709606464092
0 0.9693572704608624 0.9820211850679837 0.03271014873798077 0.031963348388671875
0 0.11817532319288987 0.11656486071073092 0.01629330561711238 0.016197938185471755
0 0.6767690365131085 0.0200884067095243 0.06281001751239483 0.03918794485238882
0 0.09526294011336106 0.34312857114351714 0.018206027837900016 0.01823278573843149
0 0.8002649453970102 0.0578845005768996 0.021947127122145433 0.021900525459876426
0 0.06606850257286659 0.1674190117762639 0.07964711922865647 0.07770934471717247
0 0.0037097827746317936 0.523500919342041 0.007373477403934185 0.017081260681152344
0 0.22607289827786958 0.5788508928739108 0.017841265751765326 0.01841112283559946
0 0.25662750464219314 0.701390266418457 0.022764205932617188 0.02279237600473257
0 0.32399430641761195 0.7331830538236178 0.0747074714073768 0.07604364248422477
0 0.49741297501784104 0.9600799267108624 0.015198414142315205 0.015334496131310096
0 0.3335710672231821 0.5718085215641902 0.06826032125032865 0.0694437760573167
0 0.08034727206596962 0.4774668766902043 0.017752885818481445 0.017601820138784554
0 0.6063534663273737 0.6402525534996619 0.014210334190955529 0.014136827909029447
0 0.21435994368333083 0.46036507533146787 0.01409758054293119 0.014139322134164663
0 0.406245781825139 0.6417396985567533 0.013967440678523136 0.013948440551757812
0 0.17667370576124924 0.43855769817645734 0.047405389639047474 0.04943524874173678
0 0.687043336721567 0.27374561016376203 0.041533250075120196 0.042180574857271634
0 0.02651439034021818 0.378815247462346 0.014678230652442345 0.01481312971848708
0 0.18202552428612342 0.44724024259127104 0.04126614790696364 0.03929607684795673
0 0.2539892013256366 0.07100910865343533 0.01642293196458083 0.016615803425128643
0 0.7502608666053185 0.181399602156419 0.01994177011343149 0.019747807429387018
0 0.006563007258451902 0.39707646003136265 0.013078213884280277 0.015906040485088643
0 0.12074666756850022 0.3204723871671237 0.01489861194904034 0.014623421889085036
0 0.7637274815486028 0.23593737528874323 0.03774056067833534 0.03710357959453876
0 0.9900566981388972 0.27045767123882586 0.019602848933293268 0.02815407973069411
0 0.1741513839134803 0.04143137198228102 0.024418390714205228 0.02434848822080172
0 0.45514605595515323 0.21943000646737906 0.06489489628718449 0.06844751651470478
0 0.4298713023845966 0.28313424037053037 0.027680397033691406 0.028256342961237982
0 0.4327053656944862 0.7830634483924279 0.01712314899151142 0.017127550565279447
0 0.058408141136169434 0.43933644661536586 0.01478726130265456 0.014813643235426683
0 0.01279996450130756 0.1529673062838041 0.025696447262397178 0.05454037739680363
