0 0.8306098351111779 0.42766409653883714 0.13541294978215143 0.1368839557354267
0 0.2413356487567608 0.06582909822463989 0.07596998948317307 0.0762260235272921
0 0.564901718726525 0.8931685227614182 0.07075346433199368 0.07047389103816105
0 0.3453756845914401 0.556580506838285 0.07067115490253155 0.07047103001521184
0 0.555482974419227 0.8123708871694711 0.14663234123816857 0.1449253375713642
0 0.6423157912034255 0.7883862715501052 0.04369002122145433 0.044084402231069714
0 0.42174155895526594 0.7499011846689078 0.0478663077721229 0.04810377267690805
0 0.15684683506305402 0.021278743560497578 0.04733756872323843 0.04102592284862812
0 0.6352988756619967 0.680302986731896 0.05605228130634014 0.056091602032001205
0 0.39221741602971005 0.7357715459970328 0.021414683415339544 0.021165114182692308
0 0.27042686022244966 0.9356398215660682 0.05678198887751652 0.05655758197490986
0 0.14841052202078012 0.22781801223754883 0.048188209533691406 0.04838132858276367
0 0.4591211539048415 0.8319628055279071 0.04620786813589243 0.046235304612379804
0 0.20609199083768404 0.1228634760929988 0.07402559427114633 0.07367016718937801
0 0.40134767385629505 0.26442975264329177 0.04475857661320613 0.04488017008854793
0 0.6560871417705829 0.4297819137573242 0.05066636892465445 0.05062103271484375
0 0.6119114802433894 0.44259427143977237 0.036491100604717545 0.036414146423339844
0 0.31854893611027646 0.4734157415536734 0.03657854520357572 0.036813002366286054
0 0.4267127330486591 0.6490557743952825 0.026683293856107272 0.026952743530273438
0 0.27753529181847203 0.28520842698904186 0.24703069833608773 0.26122280267568737
0 0.7700845278226413 0.2701601248521071 0.020860818716195915 0.020641657022329476
0 0.6024668033306415 0.9769964218139648 0.04506404583270733 0.04128544147198017
0 0.11924560253436749 0.30321093705984264 0.03293936069195087 0.03286174627450796
0 0.8248317425067608 0.07522456004069401 0.05907146747295673 0.06010304047511174
0 0.4955897698035607 0.6047883033752441 0.03202746464655949 0.03232493767371544
0 0.8446323688213642 0.34177545400766224 0.058655078594501205 0.05888792184682993
0 0.4065492336566632 0.5160582615778997 0.04905128479003906 0.04902194096491887
0 0.2870370057912973 0.6061571561373197 0.017330096318171576 0.017386656541090745
0 0.3709286176241361 0.39050813821645886 0.03376491253192608 0.03377855741060697
0 0.4660190435556265 0.92443480858436 0.027220946091871995 0.02738365760216346
0 0.4697091029240535 0.6656139080341046 0.029832986684945915 0.029815673828125
0 0.2561396818894606 0.25863489737877476 0.022991217099703275 0.022881507873535156
0 0.79015196286715 0.11027107788966252 0.0340275397667518 0.033463276349581204
0 0.41997491396390474 0.035823157200446494 0.03506029569185697 0.03553136495443491
0 0.11962253313798171 0.08782251064593975 0.015958382533146784 0.015756900493915264
0 0.1454913982978234 0.5621388141925519 0.01704967938936674 0.017173400292029746
0 0.6698634807880108 0.45004785977877104 0.019754849947415866 0.01905397268442007
0 0.3389422343327449 0.6117682823768029 0.02604528573843149 0.026195819561298076
0 0.7318125504713792 0.5582926823542669 0.04141998291015625 0.04151226924015926
0 0.10487948931180514 0.3826441764831543 0.03391882089468149 0.033680108877328724
0 0.48287395330575794 0.6290036714993991 0.018901238074669473 0.018939091609074518
0 0.5571918487548828 0.6007521335895245 0.04304651113656851 0.043061403127817005
0 0.40607584439791167 0.45986300248366135 0.035997830904447116 0.036205145028921276
0 0.6902729914738581 0.5969425348135141 0.04346906221829928 0.04343370290902945
0 0.7089143899770883 0.7319093850942758 0.040902944711538464 0.04074654212364784
0 0.8424199911264273 0.9805165804349459 0.038272857666015625 0.03431496253380409
0 0.8537857349102314 0.9347136570857122 0.016832791841947116 0.016772343562199518
0 0.13049963804391715 0.381406123821552 0.017804292532113884 0.01794301546536959
0 0.5337279026324933 0.15201009236849272 0.22768688201904297 0.23670313908503607
0 0.6812733870286208 0.36630762540377104 0.2405425218435434 0.22153577437767616
0 0.5606162731464093 0.8011699823232797 0.03162662799541767 0.03175265972430889
0 0.8878591977632962 0.15532997938302848 0.04378421490009014 0.04933294883141151
0 0.47627493051382214 0.35638365378746617 0.028095098642202523 0.027909572307880107
0 0.12710253091958854 0.5821704130906326 0.03301603977496807 0.032991849459134616
0 0.23209311411930963 0.5484336706308218 0.01650094985961914 0.01682002727801983
0 0.9023601091825045 0.31295332541832555 0.014861326951246995 0.01813991253192608
0 0.20464750436636117 0.9924483666053185 0.018798167888934795 0.013172149658203125
0 0.4018818415128268 0.8069080206064078 0.017043700584998496 0.01694327134352464
0 0.6242875319260818 0.7137304452749399 0.07003897887009841 0.07098564734825721
0 0.6304932374220628 0.9490189919104943 0.031187057495117188 0.031040338369516227
0 0.2229009775015024 0.9448272998516376 0.04001676119290865 0.03940640963040865
0 0.3644247055053711 0.20506616739126352 0.015540416424091045 0.015354523291954627
0 0.8674470461331881 0.2866326845609225 0.06657820481520432 0.06608346792367789
0 0.37662388728215146 0.3101301926832933 0.03701239365797777 0.03664530240572416
0 0.32236429361196667 0.8542012434739333 0.017026607806865986 0.016893533559945915
0 0.25780802506666917 0.9026178213266226 0.030403504004845254 0.030963604266826924
0 0.5291034991924579 0.6416371418879583 0.02743192819448618 0.027320128220778245
0 0.21678898884699896 0.4596201456510104 0.05046639075646034 0.04966999934269832
0 0.19432724439180815 0.9291855738713191 0.04184920971210186 0.04208814180814303
0 0.7194778735821064 0.6703290205735427 0.033393566425030045 0.0330358651968149
0 0.09716947262103741 0.9236742166372446 0.024613307072566107 0.02499242929311899
0 0.638226582453801 0.12082391518812913 0.0451960930457482 0.045180944296029896
0 0.10386201968559852 0.957252209003155 0.01540532478919396 0.015119112454927884
0 0.3519206413855919 0.6982230406541091 0.016028477595402643 0.01631003159743089
0 0.301843129671537 0.8824887642493615 0.025736221900353067 0.026063038752629206
0 0.3156776428222656 0.5162356816805326 0.01536112565260667 0.015327526972844051
0 0.4891188694880559 0.692400858952449 0.03030681610107422 0.030013157771183893
0 0.869115242591271 0.7776005084698017 0.031257335956280045 0.031379993145282455
0 0.2469165141765888 0.8684682112473708 0.014747546269343449 0.014787820669320913
0 0.7353311685415415 0.16291091992304876 0.03267933772160457 0.03304147720336914
0 0.26443987626295823 0.129676497899569 0.045043578514685996 0.04563124363238995
0 0.5116072434645432 0.8866043090820312 0.0167084473830003 0.016696636493389424
0 0.401455072256235 0.4974651336669922 0.014399161705603966 0.014653866107647236
0 0.2944651750417856 0.5826888451209435 0.016099929809570312 0.016138150141789362
0 0.5988958065326397 0.593632698059082 0.02638413355900691 0.02648192185621995
0 0.17467632660498986 0.418393428509052 0.06949868569007286 0.0700671856219952
0 0.601368940793551 0.59422911130465 0.0323186287513146 0.032314447256234974
0 0.3864129139826848 0.944073383624737 0.02951475290151743 0.029449903048001803
0 0.4492640495300293 0.7269149193396935 0.021726021399864785 0.02158634479229267
0 0.4457506766686073 0.5972659771259015 0.024140651409442607 0.024017480703500602
0 0.12383591211759128 0.2534879721128024 0.0267483271085299 0.026363556201641377
0 0.295653746678279 0.9904995698195237 0.028497769282414362 0.017471166757436898
0 0.2768400265620305 0.41232409844031703 0.01514134040245643 0.015081552358774038
0 0.5314204876239483 0.3837103476891151 0.0345765627347506 0.03331331106332632
0 0.22443591631375825 0.4466805091271034 0.06374586545504056 0.06454012944148137
0 0.45897626876831055 0.7634067535400391 0.042439827552208535 0.042665334848257214
0 0.5277729401221642 0.40213199762197643 0.027479905348557692 0.026970496544471152
0 0.7016082910391 0.6931968102088342 0.032697237454927884 0.03273494427020733
0 0.6773055149958684 0.6530567315908579 0.03608615581805889 0.03533480717585637
0 0.4274708674504207 0.63116821875939 0.013758439284104567 0.013704153207632212
0 0.2922954559326172 0.012111856387211727 0.018386400662935697 0.018339991569519043
0 0.6516099342933068 0.9848506634051983 0.049007415771484375 0.02703519967886118
0 0.3856914226825421 0.9452274029071515 0.03624534606933594 0.03521405733548678
0 0.6321097887479342 0.2242867396428035 0.07531078045184796 0.07692806537334736
