0 0.07883352499741775 0.7492175469031701 0.13700347680311936 0.18959632286658654
0 0.7597280649038461 0.11391656215374286 0.059844677264873795 0.05971655478844276
0 0.607073710514949 0.6989505474384015 0.1234127924992488 0.1248157207782452
0 0.24469931309039777 0.044464973302987904 0.13689235540536734 0.08608599809499887
0 0.22173633942237267 0.16791075926560622 0.045159523303692155 0.04482121650989239
0 0.09249929281381461 0.09323408053471492 0.054247214243962213 0.05420765509972206
0 0.5430611096895658 0.7434181800255408 0.04680677560659555 0.04663350031926082
0 0.47129036830021787 0.4240083694458008 0.03995044414813702 0.03992814284104567
0 0.9307758624737079 0.8575269258939303 0.10933567927433895 0.11276978712815505
0 0.8713927635779748 0.5097344838655912 0.02762750478891226 0.027477337763859674
0 0.5423548038189228 0.2273714175591102 0.23575504009540266 0.23347814266498274
0 0.37747859954833984 0.6579665404099685 0.03355759840745192 0.03350565983698918
0 0.4396209716796875 0.6416834317720853 0.04205043499286358 0.041655320387620196
0 0.247072513286884 0.27338451605576736 0.029037842383751504 0.02875793897188627
0 0.7596988677978516 0.29946316205538237 0.029408674973707933 0.02941410358135517
0 0.7191908909724309 0.36443255497859073 0.038420457106370196 0.038285402151254505
0 0.5202105228717511 0.03486862549415001 0.02588785611666166 0.02567450816814716
0 0.5256271362304688 0.549908344562237 0.020357792194073018 0.020365494948167067
0 0.6003837585449219 0.6040421999417819 0.02690300574669471 0.026984288142277643
0 0.6828651428222656 0.16594930795522836 0.023477847759540264 0.02360072502723107
0 0.7562838334303635 0.6310518704927884 0.019694695105919473 0.019398322472205527
0 0.482083614055927 0.11035530383770283 0.021457818838266227 0.021406815602229193
0 0.705632576575646 0.03261252549978403 0.02342370840219351 0.023561789439274713
0 0.9610145275409405 0.7417515974778396 0.019310437715970553 0.019177070030799277
0 0.8965096106896033 0.09873716647808368 0.019664617685171273 0.019460421342116136
0 0.8071749760554388 0.5322795647841233 0.026885106013371393 0.027061315683218148
0 0.7716181828425481 0.02202189197907081 0.03267875084510216 0.03222917134945209
0 0.6343914912297175 0.9671196570763221 0.02031091543344351 0.02042550307053786
0 0.565516471862793 0.48808978154109073 0.017018244816706732 0.01679647885836088
0 0.43343206552358776 0.5932478537926307 0.039096832275390625 0.039465097280649036
0 0.5509414672851562 0.924138069152832 0.02104054964505709 0.021218373225285456
0 0.36118602752685547 0.18575851733867937 0.11485464756305401 0.1178595102750338
0 0.43582798884465146 0.11099745677067684 0.06982612609863281 0.07042506566414466
0 0.4365901213425856 0.6954140296349158 0.01770180922288161 0.01763607905461238
0 0.7458011187039889 0.41854066115159255 0.01786041259765625 0.01784544724684495
0 0.7569493513840896 0.7877136377187876 0.26637003971980167 0.2537042177640475
0 0.8918773944561298 0.3788729447584886 0.02465996375450721 0.024719091562124398
0 0.08553440754230206 0.8513620816744291 0.1471520203810472 0.15777147733248198
0 0.9417888201200045 0.11505981592031625 0.019704378568209134 0.01986532944899339
0 0.335235595703125 0.6933909196120042 0.02194345914400541 0.02194800743689904
0 0.7372420384333684 0.7696590423583984 0.017186091496394232 0.017229373638446514
0 0.1004480765416072 0.9693759771493765 0.0977478760939378 0.056940518892728366
0 0.5650456135089581 0.5486834966219388 0.024612280038686898 0.025011869577261116
0 0.728551277747521 0.5125067784236028 0.01762243417593149 0.0175779049213116
0 0.8299933213454026 0.8965605222261869 0.023703795212965745 0.024285096388596755
0 0.9468317765455979 0.3613667121300331 0.020909529465895433 0.021316895118126504
0 0.7432714608999399 0.4870456548837515 0.07782510610727164 0.07839026817908654
0 0.5693116554847131 0.5248325788057767 0.02017864814171424 0.02010800288273738
0 0.7543054727407602 0.21570482620826134 0.015561617337740384 0.015595216017503005
0 0.6710620293250451 0.4970983358529898 0.02356998737041767 0.02357174799992488
0 0.9398747224074143 0.9475249510544997 0.09018927354079026 0.09098141009990986
0 0.28620059673602766 0.5985131630530725 0.01641222146841196 0.016206888052133415
0 0.6792601071871244 0.7624161060039814 0.028212914100060098 0.028250620915339544
0 0.728545408982497 0.6072357617891752 0.11318911038912259 0.11335064814640926
0 0.2229191523331862 0.8243441948523889 0.03715089651254507 0.037496713491586536
0 0.8667099292461689 0.7125609471247747 0.024277613713191107 0.02463839604304387
0 0.6326873485858624 0.3838788179250864 0.0232086181640625 0.023338978107158955
0 0.9148889688345102 0.14975169988778922 0.016291398268479567 0.016192839695857122
0 0.3422428277822641 0.31676413462712216 0.017027928278996393 0.017281752366286058
0 0.4247159224290114 0.358209096468412 0.12702222970815805 0.12671135022090033
0 0.7379738734318659 0.7959341636070838 0.016865950364332933 0.016597894521859977
0 0.27892222771277797 0.8391553438626803 0.015142000638521634 0.015103560227614183
0 0.6211989476130559 0.8435764312744141 0.021860269399789665 0.021855574387770433
0 0.7701817292433518 0.7512570894681491 0.3208789825439453 0.32254673884465146
0 0.30684557327857387 0.6956468728872446 0.02080671603863056 0.020976139948918268
0 0.742457756629357 0.45063290229210484 0.0290072514460637 0.028656959533691406
0 0.6250715255737305 0.5032427127544696 0.0172576904296875 0.01719049307016226
0 0.8777644084050105 0.7988873995267428 0.021378150353064902 0.021416884202223558
0 0.7136510702279898 0.30817017188439 0.017916165865384616 0.017924693914560173
0 0.7767350123478816 0.7298696224506085 0.018591660719651442 0.018774032592773438
0 0.096366836474492 0.038245439529418945 0.14204691006587103 0.07605151946728046
0 0.5578550192025992 0.6235988323505108 0.02501964569091797 0.02480037395770733
0 0.024825265774360068 0.9278099353496845 0.023667642703423135 0.024313706618088942
0 0.8065095314612756 0.574808304126446 0.0548097170316256 0.05397958021897536
0 0.04500386348137489 0.0634201169013977 0.07404677684490497 0.0915915690935575
0 0.5234501912043645 0.5845227241516113 0.02016903803898738 0.020159501295823317
0 0.2896561806018536 0.2870127787956825 0.018783716055063102 0.019000933720515326
0 0.36354299692007214 0.9020796555739182 0.015122413635253906 0.015010540301983174
0 0.9516297853910006 0.8470721611609826 0.016616234412560098 0.016597601083608773
0 0.5862053357637845 0.858921271104079 0.03989461752084585 0.03952437180739183
0 0.9246183542104868 0.5720679943378155 0.01551055908203125 0.015339191143329326
0 0.29815141971294695 0.676941284766564 0.02119929973895733 0.020893390362079326
0 0.9624912555401142 0.11713068301861103 0.01674681443434495 0.016540013826810397
0 0.9533091325026292 0.4868052555964543 0.035383371206430286 0.035287710336538464
0 0.8096444056584284 0.38292565712561977 0.014578305757962741 0.014482351449819712
0 0.9152660369873047 0.44304532271165115 0.014603101290189303 0.014404590313251201
0 0.734840833223783 0.8698607958280123 0.09119708721454327 0.0887766617995042
0 0.7573918562669021 0.21801462540259728 0.15111835186298078 0.15022714321429914
0 0.8844889860886794 0.3521316968477689 0.026291333712064303 0.026021590599646933
0 0.7032409081092248 0.7033113332895132 0.07329559326171875 0.07356643676757812
0 0.6570505729088416 0.4002529291006235 0.04044048602764423 0.04075021010178786
0 0.9267385922945462 0.5929308304419885 0.09977546105018029 0.10439395904541016
0 0.1669947367448073 0.3090802339407114 0.016839100764347956 0.01684269538292518
0 0.2542871328500601 0.5039057364830604 0.17975807189941406 0.18565882169283354
0 0.883822514460637 0.2571764359107384 0.01774773230919471 0.017213894770695612
0 0.8283825654249924 0.8963138873760517 0.028649256779597357 0.0289459228515625
0 0.6805579845721905 0.5721761996929462 0.03164819570688101 0.030911078819861777
0 0.34640910075261044 0.22893582857572115 0.016013292165902946 0.015990550701434795
0 0.37296346517709583 0.45380441959087664 0.08224149850698617 0.08220335153432992
0 0.4927256657527043 0.7407030692467322 0.022859720083383415 0.023502203134390023
0 0.32717110560490537 0.11517061636998104 0.02756016071026142 0.02743189151470478
0 0.14281647021953875 0.9031813694880559 0.023693304795485277 0.023584512563852165
0 0.22501090856698844 0.5393015788151667 0.014137671544001652 0.013971915611853966
0 0.1426394352546105 0.49869731756357044 0.018340074099027194 0.01871659205510066
0 0.8224325913649339 0.007094452014336219 0.022110572228064902 0.012658320940457858
0 0.5600450222308819 0.5989842414855957 0.016182972834660456 0.016078728895920973
0 0.8105741647573618 0.4825896849999061 0.014227647047776442 0.01432052025428185
0 0.3539131971505972 0.03077916457102849 0.015158506540151743 0.015105485916137695
0 0.3846023632929875 0.8188922588641827 0.014551162719726562 0.014438042273888221
0 0.5243848653940054 0.4906718914325421 0.018370995154747598 0.017719415517953727
0 0.4811036770160382 0.03840504242823674 0.08265040471003605 0.07460828927847055
0 0.9787984994741586 0.8024941957913913 0.014263739952674279 0.018303504356971152
0 0.7297036097599909 0.2768555421095628 0.20769794170673078 0.21468155200664812
0 0.6675120133620042 0.8893841963547927 0.03361922044020433 0.034242483285757214
0 0.8290214538574219 0.9341288346510667 0.13916719876802885 0.12324832035945012
0 0.38536981435922474 0.3187371767484225 0.017630357008713942 0.017606441791240986
