0 0.35131465471707857 0.717491443340595 0.17086051060603216 0.17243458674504206
0 0.6764413393460788 0.592129267179049 0.10786966177133414 0.10716687715970553
0 0.1049507397871751 0.7153650430532602 0.12045181714571439 0.14193182725172776
0 0.7113210971538837 0.9277600508469802 0.18944710951585036 0.1414789053109976
0 0.4849502123319186 0.08730600430415227 0.08125796684852013 0.08230334061842698
0 0.2862953772911659 0.2205955432011531 0.19796107365534857 0.19352032588078424
0 0.4110104487492488 0.27689200181227464 0.10552501678466797 0.10538401970496544
0 0.3365531334510216 0.43155141977163464 0.041595752422626205 0.04120005094088041
0 0.46489502833439755 0.7995426471416767 0.1494775918813852 0.1508815471942608
0 0.45583468217116135 0.13943838156186616 0.04654818314772386 0.04644304055434007
0 0.09412954403803898 0.02034229040145874 0.04490513067979079 0.038811949583200306
0 0.08727396451509915 0.10791303561283992 0.04107925983575674 0.0416574294750507
0 0.8953540508563702 0.4334355867826022 0.057817312387319714 0.05757067753718449
0 0.2502717971801758 0.7668726994441106 0.026064285865196817 0.026232499342698317
0 0.2258461438692533 0.10862537530752328 0.15043751093057486 0.15206124232365534
0 0.20651839329646185 0.6404884778536283 0.05572010920597957 0.055618579571063705
0 0.2920330854562613 0.8421138616708609 0.026993678166316107 0.02687219473031851
0 0.6214530651385968 0.30530648965101975 0.044036571796123795 0.04377596194927509
0 0.599732912503756 0.838783704317533 0.024105072021484375 0.024227729210486777
0 0.9203736965472882 0.467498779296875 0.05294931851900541 0.053577276376577526
0 0.46258262487558216 0.5517731813284067 0.03779528691218449 0.037798588092510514
0 0.5743470558753381 0.2683730308826153 0.035372220552884616 0.03566738275381235
0 0.18557112033550555 0.15424099335303673 0.04606767801138071 0.046348975254939154
0 0.4188203811645508 0.20067794506366438 0.06317446782038762 0.06393029139592098
0 0.2572709046877347 0.022212881308335524 0.030133174015925482 0.02995633161984957
0 0.4800813381488507 0.8867557965792142 0.01984258798452524 0.019752942598783053
0 0.25064776493952823 0.8835924588716947 0.029190210195688102 0.029204441950871393
0 0.6169652205247146 0.48848368571354794 0.021895922147310697 0.022039266733022835
0 0.07215251372410701 0.32809077776395357 0.025723035518939678 0.025652225200946514
0 0.4609966278076172 0.21074357399573693 0.021487602820763223 0.021476195408747747
0 0.13947268632742074 0.881259771493765 0.01969436498788687 0.01979989271897536
0 0.4002820528470553 0.40755682725172776 0.01935298626239483 0.019203626192533053
0 0.7206919743464544 0.22749445988581732 0.020850548377403848 0.020664728604830228
0 0.24994908846341646 0.38050636878380406 0.03289024646465595 0.03299999237060547
0 0.07261587106264554 0.9035202906681941 0.01943861521207369 0.019412407508263223
0 0.275635315821721 0.4690498938927284 0.01810477330134465 0.01792760995718149
0 0.11083299380082351 0.6436176300048828 0.027131135647113506 0.0270843505859375
0 0.17948013085585374 0.3434249437772311 0.03992781272301307 0.040116310119628906
0 0.3658910164466271 0.8473571630624624 0.028884300818810098 0.028660994309645433
0 0.17718689258282 0.19295219274667594 0.024355594928448018 0.024449935326209433
0 0.1544354145343487 0.19923072594862717 0.018538658435528096 0.018642315497765176
0 0.8220691680908203 0.8340819432185247 0.036502838134765625 0.03643299983097957
0 0.05358592363504263 0.8413201845609225 0.02196350464454064 0.03521229670597957
0 0.08210815833165096 0.7615758455716647 0.024934145120474007 0.024968954233022835
0 0.3668087078974797 0.30930412732637846 0.02022530482365535 0.020507152263934795
0 0.5223061855022724 0.30817332634559047 0.022693120516263522 0.02284532326918382
0 0.36424886263333833 0.952139634352464 0.018368647648737982 0.018367180457481973
0 0.2598401583158053 0.8987152393047626 0.016346051142765924 0.016276139479417067
0 0.2824267057272104 0.6862587561974158 0.023306993337777946 0.023861811711237982
0 0.3233024157010592 0.32932464893047625 0.025694627028245192 0.025995841393103965
0 0.0914530662389902 0.9629253240732046 0.021273686335637018 0.021357609675480768
0 0.6684390581571139 0.365205141214224 0.018707862267127402 0.01886888650747446
0 0.2087836999159593 0.7121931956364558 0.01861117436335637 0.018514193021334134
0 0.5055386836712177 0.04853895077338585 0.02192269838773287 0.021769404411315918
0 0.32288514650785005 0.49596166610717773 0.02399752690241887 0.024021442119891826
0 0.13502404322991005 0.0715552751834576 0.022290413196270283 0.022179181759174053
0 0.46214701579167294 0.6067147254943848 0.06623099400446965 0.06579157022329477
0 0.08622375818399283 0.5268945693969727 0.018082343615018405 0.01780069791353666
0 0.4061914590688852 0.34130191802978516 0.02506909003624549 0.02566102834848257
0 0.12070065278273362 0.7045031327467698 0.017888839428241435 0.017418788029597357
0 0.3148667262150691 0.3756103882422814 0.018724863345806416 0.019020447364220254
0 0.08452144952920768 0.6933591549213116 0.015401803530179538 0.01531234154334435
0 0.12915923045231745 0.154190888771644 0.01770639419555664 0.017432763026310846
0 0.13492888670701247 0.9418384845440204 0.01706559841449444 0.016962344829852764
0 0.3680370037372296 0.768240708571214 0.02379461435171274 0.023760575514573317
0 0.502728902376615 0.17483960665189302 0.016312085665189303 0.016254315009483926
0 0.08378546971541184 0.3636465072631836 0.019650019132173978 0.01930867708646334
0 0.5583208524263822 0.7417991344745343 0.02796283135047326 0.028471726637620192
0 0.21887859931358924 0.9280099135178786 0.016329105083759014 0.016149080716646634
0 0.6151582644535944 0.6931470724252554 0.13604259490966797 0.13430345975435698
0 0.6285343903761643 0.6400081927959735 0.026897577139047477 0.027188521165114183
0 0.2740795062138484 0.8743058718167819 0.029636383056640625 0.029221754807692308
0 0.41876686536348784 0.16914675785945013 0.01542194073016827 0.015688639420729417
0 0.21399674048790565 0.3564966641939603 0.015583551847017728 0.01574428264911358
0 0.5333105967595027 0.047279756802778974 0.03966962374173678 0.039818864602309004
0 0.594746259542612 0.45709290871253383 0.017059839688814603 0.01702719468336839
0 0.5475822962247409 0.6613574394812951 0.033876198988694414 0.03441062340369591
0 0.07242088134472187 0.40308592869685245 0.02552648691030649 0.025572850153996393
0 0.6581515532273513 0.7777917568500226 0.0457768073448768 0.04594142620380108
0 0.33672189712524414 0.12309774068685678 0.025385563190166768 0.02542589260981633
0 0.8582926530104417 0.9854293236365685 0.016904390775240384 0.016779679518479567
0 0.16420423067533052 0.9163508782019982 0.016308087569016676 0.01620630117563101
0 0.925449958214393 0.644321294931265 0.01914699261005108 0.01912263723520132
0 0.33777801807110125 0.9095004155085638 0.015761742225060098 0.01586297842172476
0 0.16191953879136306 0.46982948596660906 0.022420296302208535 0.022419856144831732
0 0.09114874326265775 0.870386710533729 0.015861988067626953 0.015839503361628607
0 0.37140292387742263 0.3810705771813026 0.01800955258882963 0.018341798048753005
0 0.10081921173976018 0.15614018073448768 0.015319512440608097 0.015021186608534593
0 0.07990471216348502 0.188550747357882 0.021614918342003457 0.02154959165132963
0 0.580513807443472 0.8006815543541541 0.0698237785926232 0.06837096581092247
0 0.06575035131894626 0.5160293579101562 0.03187940670893742 0.031456287090594955
0 0.3477290960458609 0.3859004240769606 0.029104086068960335 0.029160572932316706
0 0.19234585762023926 0.31140466836782604 0.019958899571345404 0.020133550350482646
0 0.16904911628136268 0.6675841991717999 0.014638533959021935 0.01452167217548077
0 0.13025861520033616 0.6317718212421124 0.014452017270601712 0.014487633338341346
0 0.5123757582444411 0.14953319842998797 0.015763062697190505 0.015509311969463643
0 0.41146208689763 0.882529405447153 0.027338468111478366 0.027112667377178486
0 0.38849570200993466 0.6303351475642278 0.01839168255145733 0.018412076509915866
0 0.4761028289794922 0.5850895368135892 0.019470581641564004 0.01934183560884916
0 0.33589799587543195 0.3743368662320651 0.02812363551213191 0.02799092806302584
0 0.8439630361703726 0.7444618665255033 0.016290811391977165 0.01668519240159255
0 0.4509086242088905 0.47117016865656924 0.01622596153846154 0.01624716245211088
0 0.11554278777195857 0.37492165198692906 0.021914041959322415 0.022185398982121393
0 0.8798577235295222 0.7776069641113281 0.016451175396259014 0.016056647667518027
0 0.36942511338454026 0.8762673598069411 0.04397260225736178 0.043361663818359375
0 0.5374256647550143 0.43720608491163987 0.016121717599722054 0.016060609083909255
0 0.3342296893780048 0.9362321266761193 0.016991688654972956 0.016803741455078125
0 0.1143182791196383 0.18789067635169396 0.01612567901611328 0.01631949498103215
0 0.14723542103400597 0.7000420643733098 0.022251110810499925 0.02236630366398738
0 0.9193462958702674 0.7330266512357272 0.016469221848707933 0.01612237783578726
0 0.7377486595740685 0.6166207973773663 0.032202500563401446 0.03175045893742488
0 0.11196358387286846 0.775853523841271 0.016237937487088717 0.016180772047776442
0 0.7496412717379056 0.5791298792912409 0.02648338904747596 0.0263211176945613
0 0.14744032346285307 0.35392045974731445 0.02237708751971905 0.022528795095590446
0 0.2016457777756911 0.3884983796339769 0.016831618088942308 0.016817092895507812
0 0.3343941615178035 0.06546781154779288 0.017131585341233473 0.017389700962946966
0 0.30409534160907453 0.9074331430288461 0.015157552865835337 0.015146255493164062
0 0.0988082060447106 0.40769657721886265 0.01780280700096717 0.01754335256723257
0 0.20332530828622672 0.7416494809664212 0.04393775646503155 0.043204967792217545
0 0.41231419489933896 0.07493164447637704 0.016241807204026442 0.016216342265789326
0 0.8919613177959735 0.0696356067290673 0.022563054011418268 0.0223464140525231
0 0.7279592660757211 0.5268463721642127 0.059074695293719955 0.05941170912522536
0 0.5089767896212064 0.7858542662400466 0.01515645247239333 0.015035629272460938
0 0.7233793552105243 0.4001352603618915 0.01652952340932993 0.016242834237905648
0 0.11629407222454365 0.3625942376943735 0.01642131805419922 0.016195150522085335
0 0.28893136978149414 0.9884100693922776 0.014724658085749699 0.0143890380859375
0 0.06286887022165152 0.563930658193735 0.01554573499239408 0.015542690570537861
0 0.16028070449829102 0.8521102024958684 0.014381986397963304 0.014294257530799279
0 0.39560534403874326 0.38807164705716646 0.015648034902719352 0.01585219456599309
0 0.7544905589177058 0.49166206213144154 0.021007684560922477 0.021376683161808893
0 0.9307549549983098 0.9707874884972205 0.03883200425368089 0.03841898991511418
0 0.8621454238891602 0.7417860764723557 0.08489828843336839 0.08424201378455529
0 0.10767061893756573 0.9845211322490985 0.017463812461266152 0.017529120812049277
0 0.8091011047363281 0.8125013204721304 0.016126485971304085 0.01590097867525541
0 0.2594912969149076 0.3019277866070087 0.031378599313589245 0.031110836909367487
0 0.22948354941148025 0.8133920522836539 0.014572877150315505 0.014564220721905049
0 0.23713093537550706 0.4138492070711576 0.01449878399188702 0.014676607572115384
0 0.5370586468623235 0.9489894280066857 0.021105472858135518 0.021349686842698317
0 0.3014947451077975 0.6882855341984675 0.04672153179462139 0.047106229341947116
0 0.9466580611008865 0.8175814701960638 0.015073922964242788 0.015360025259164663
0 0.8883690467247596 0.07787854854877178 0.016108879676231973 0.015608879236074595
0 0.9381430699275091 0.7774416116567758 0.03216464702899639 0.0468591543344351
0 0.28905322001530576 0.6315714029165415 0.014825564164381761 0.014806600717397837
0 0.1341413718003493 0.36044612297644985 0.014326865856464092 0.01421062762920673
0 0.14331570038428673 0.6106568850003756 0.014621257781982422 0.014313477736253005
0 0.47842143132136417 0.2795312221233661 0.023656551654522236 0.023506531348595254
0 0.08177526180560772 0.1675886741051307 0.02222127180833083 0.022902488708496094
0 0.14489173889160156 0.31972837448120117 0.015481508695162259 0.015585092397836538
0 0.4353515918438251 0.6309540821955755 0.0210569088275616 0.020554029024564303
0 0.43048678911649263 0.5787329306969275 0.01612553229698768 0.015934137197641227
0 0.3764908497150128 0.966616703913762 0.021073634807880107 0.021045391376201924
0 0.2989373207092285 0.8904420412503756 0.015015675471379207 0.015012007493239183
0 0.21511039367088905 0.043806571226853594 0.05929143612201397 0.06001859444838304
0 0.8540697831373948 0.6247912920438327 0.04598529522235577 0.04657613314115084
0 0.8832208193265475 0.7550208751971905 0.028101994441105768 0.028201763446514424
0 0.7443568889911358 0.13115250147306 0.06623224111703727 0.06572187863863431
0 0.2588295569786659 0.9309951342069186 0.01426087892972506 0.014388304490309495
0 0.9371773646428034 0.01619593225992643 0.025836797860952523 0.029401802099668063
0 0.16865877004770133 0.40733619836660534 0.058251225031339206 0.057315753056452826
0 0.09492043348459098 0.886889384343074 0.014409175285926232 0.014486459585336538
0 0.1540248577411358 0.6502452263465295 0.01782402625450721 0.018500401423527643
0 0.47841526911808896 0.6825689169076773 0.10114713815542367 0.10153814462515023
0 0.6258415809044471 0.7954471294696515 0.020328228290264424 0.02007924593411959
0 0.18948914454533503 0.3551753117487981 0.014422856844388522 0.013453850379356971
0 0.12172659543844369 0.13664959027216986 0.015271553626427284 0.015380675976092998
0 0.41980706728421724 0.4983557921189528 0.015327160175030049 0.015190858107346755
0 0.2529928134037898 0.5702641560481145 0.015420913696289062 0.015547825739933895
0 0.34327066861666167 0.37980160346397984 0.03824395399827223 0.03747155116154598
0 0.11023963414705716 0.24929717870859 0.0729556129528926 0.07146908686711238
0 0.17134549067570612 0.28072843184837926 0.016518005957970254 0.016315423525296725
0 0.17321291336646447 0.42542017423189604 0.013960764958308293 0.013872880202073317
0 0.3730953656710111 0.007998231511849623 0.015746043278620794 0.013942899612280039
