0 0.30821385750403774 0.48014163970947266 0.1418321316058819 0.2193929232083834
0 0.5900955200195312 0.4971548593961276 0.027528909536508415 0.027361723092886116
0 0.3297688410832332 0.014645785093307495 0.02645536569448618 0.026255529660444994
0 0.6373185377854568 0.17419085135826698 0.019374847412109375 0.019259306100698616
0 0.37856501799363357 0.4648638138404259 0.018732584439791165 0.018910848177396335
0 0.30422500463632435 0.05092685956221361 0.017005406893216647 0.01685201204740084
0 0.5483608979445237 0.5618062386145959 0.3146670414851262 0.30368775587815505
0 0.49613028306227464 0.051042611782367416 0.017979988685021035 0.01784339317908654
0 0.40906946475689226 0.0810079574584961 0.017003939701960638 0.016963371863731973
0 0.3995365729698768 0.4474793947660006 0.0613103279700646 0.06171622643103966
0 0.4809124286358173 0.3563534663273738 0.02887109609750601 0.028948050278883714
0 0.6437298701359675 0.048125587976895846 0.016086431650015023 0.01596489319434533
0 0.6092404218820425 0.6966241689828726 0.02099161881666917 0.020712925837590143
0 0.5044064154991736 0.27706390160780686 0.1418483440692608 0.14362287521362305
0 0.5476296498225286 0.6680165804349459 0.01742979196401743 0.017489506648137018
0 0.4778242844801683 0.12638167234567496 0.014849002544696514 0.014566935025728665
0 0.5472229444063627 0.16457522832430327 0.014794276310847355 0.014726051917442909
0 0.42211660972008336 0.0734099058004526 0.014678955078125 0.014481471135066105
0 0.47289756628183216 0.2073074854337252 0.014611244201660156 0.014778357285719652
0 0.5472913888784555 0.3708504896897536 0.014417648315429688 0.014409652123084435
0 0.6841950049767127 0.511012444129357 0.01453693096454327 0.014298659104567308
0 0.30051125012911284 0.23810452681321365 0.08903011908897987 0.08414569267859826
0 0.5923949021559495 0.22657955609835112 0.014045421893780049 0.014002323150634766
0 0.4746738580557016 0.11609567128694974 0.013653828547551082 0.013296255698570838
0 0.4032455591055063 0.10796976089477539 0.013538654033954326 0.013964139498197116
0 0.7379166529728816 0.326573005089393 0.013991282536433293 0.013944919292743389
