0 0.2680814266204834 0.9290573413555439 0.040491727682260364 0.04008219792292668
0 0.2951510502741887 0.39095427439763 0.046241393456092246 0.04623677180363582
0 0.7517855717585638 0.01381003512785985 0.03177232008713942 0.026127349871855516
0 0.7752050253061148 0.23388022642869216 0.02880125779371995 0.028816956740159255
0 0.4594537294827975 0.08054421498225285 0.021212137662447415 0.021246254444122314
0 0.28273914410517764 0.18233506496136004 0.01817035675048828 0.018374919891357422
0 0.35777583489051235 0.2439575928908128 0.01876992445725661 0.01877443607036884
0 0.7220799372746394 0.9443853084857647 0.09732202383188102 0.09926928006685697
0 0.2833693577693059 0.5062369933495154 0.01580920586219201 0.016000821040226862
0 0.4614790402925931 0.23021973096407378 0.018606919508713942 0.018799341641939603
0 0.8181876402634841 0.9590295644906851 0.017723670372596152 0.019786834716796875
0 0.5324485118572528 0.9175112064068134 0.014314871567946214 0.014311863825871395
0 0.7651292360745944 0.20822558036217323 0.024270277756911058 0.0242154781634991
0 0.6410311185396634 0.8309650421142578 0.01535327617938702 0.015338310828575721
0 0.3567989789522611 0.25647867642916167 0.01590420649601863 0.01581294719989483
0 0.7921540920551007 0.6010398864746094 0.015631455641526442 0.015397878793569712
0 0.6951570510864258 0.12446983043964092 0.031203636756310098 0.031683114858774036
0 0.3415867732121394 0.26357012528639573 0.015988716712364785 0.015910001901479866
