0 0.5620410625751202 0.8881864547729492 0.07670021057128906 0.07716208237868089
0 0.28497993029080904 0.1218395599952111 0.03689010326678936 0.037168099330021784
0 0.4527571751521184 0.4070705267099234 0.03580738947941707 0.03589204641488882
0 0.6928641979510968 0.9549489388099084 0.059354928823617786 0.05969164921687199
0 0.3533614231989934 0.408390265244704 0.026163101196289062 0.02633843055138221
0 0.8058310288649339 0.9783455775334284 0.02394837599534255 0.02408746572641226
0 0.31267672318678635 0.4270210266113281 0.03877990062420185 0.03912485562838041
0 0.5615889475895808 0.07758193749647874 0.021559788630558893 0.021929337428166315
0 0.48955667935884917 0.973397475022536 0.04650585467998798 0.04553721501277043
0 0.37758658482478213 0.7602961613581731 0.046740165123572715 0.04665316068209135
0 0.28854854290301984 0.48907070893507737 0.0379335696880634 0.037947654724121094
0 0.5715183844933143 0.7804963038517878 0.13866497920109674 0.14498167771559495
0 0.27620722697331357 0.46213810260479266 0.0324090810922476 0.03230197613055889
0 0.5552413280193622 0.9538748814509466 0.059743294349083535 0.059816213754507214
0 0.8710390237661508 0.2904511598440317 0.028145716740534857 0.028015870314378005
0 0.30188098320594203 0.19002397243793195 0.05362914158747746 0.053694725036621094
0 0.2915947437286377 0.24682873945969802 0.05741328459519606 0.0572668955876277
0 0.4149826489962064 0.18140411376953125 0.026591374323918268 0.026653436514047477
0 0.8763974996713492 0.4422784218421349 0.07184776893028846 0.07152322622445914
0 0.3547413165752704 0.30232033362755406 0.05708577082707332 0.0571593504685622
0 0.3825201621422401 0.6533956527709961 0.04162333561823918 0.04122484647310697
0 0.45342386685884917 0.7962317099938025 0.0977466289813702 0.0998853536752554
0 0.29868731131920445 0.2932327160468468 0.03892993927001953 0.03867343755868765
0 0.4125980964073768 0.0962377511537992 0.02763197972224309 0.027603552891657904
0 0.45466426702646107 0.8426328805776743 0.022762225224421576 0.022574938260591947
0 0.5870365729698768 0.20414084654587966 0.026546184833233174 0.026665980999286357
0 0.7275900473961463 0.27529268998366135 0.06812887925368089 0.06862354278564453
0 0.3971709471482497 0.3470250643216647 0.04580086928147536 0.04529102032001202
0 0.21779500521146333 0.5727313481844388 0.026378484872671273 0.026637517488919772
0 0.4172358879676232 0.6762202336237981 0.016930360060471755 0.016838513887845553
0 0.21886187333327073 0.3733833753145658 0.032806396484375 0.03275159689096304
0 0.4493981141310472 0.7380431248591497 0.02285927992600661 0.023067474365234375
0 0.1374285679597121 0.43748631844153774 0.016713344133817233 0.01659048520601713
0 0.32643633622389573 0.49958269412700945 0.02401425288273738 0.023567566504845254
0 0.8042781536395733 0.900607916025015 0.03162853534405048 0.03155018733097957
0 0.21093867375300482 0.5402934734637921 0.031891199258657604 0.03178603832538311
0 0.1940469008225661 0.34945385272686297 0.03068703871506911 0.030710807213416465
0 0.3056340584388146 0.46691050896277797 0.023946688725398138 0.02445250291090745
0 0.2641617701603816 0.6587827389056866 0.02300060712374174 0.02308170612041767
0 0.4742547548734225 0.42426703526423526 0.01725460932804988 0.017515916090745192
0 0.4187768055842473 0.7487404896662786 0.034981800959660456 0.03460884094238281
0 0.9308638939490685 0.7658578432523288 0.013501680814302884 0.021014286921574518
0 0.5111799973707932 0.5470197750971868 0.14731832650991586 0.15082029195932242
0 0.35157144986666167 0.5367527741652268 0.03945321303147536 0.03945600069486178
0 0.0671455768438486 0.7180871963500977 0.01662142460162823 0.020017330463115986
0 0.7594875922569861 0.5179830331068772 0.08151714618389423 0.08028565920316257
0 0.6636069371150091 0.4673263109647311 0.015812507042518027 0.015842951261080228
0 0.4623439128582294 0.26573933087862456 0.027433322026179388 0.02748903861412635
0 0.7281912290132962 0.9329396027785081 0.02290960458608774 0.02293821481557993
0 0.19050730191744292 0.5622546489422138 0.02538618674645057 0.025753021240234375
0 0.49762494747455305 0.20827069649329552 0.029445061316856973 0.02921273158146785
0 0.7357862912691556 0.24582800498375526 0.06021411602313702 0.06092489682711088
0 0.5799500392033503 0.09338571475102352 0.022353098942683294 0.022587409386268027
0 0.06843027701744667 0.9315752616295447 0.014899859061607948 0.01581294719989483
0 0.460333384000338 0.4732606594379132 0.030938221858097956 0.030781672551081732
0 0.4593057632446289 0.29445767402648926 0.019202159001277044 0.019385667947622445
0 0.10630574593177208 0.06823284809405987 0.03383449407724234 0.03398704528808594
0 0.33427000045776367 0.7579546708327073 0.025950871981107272 0.025831956129807692
0 0.3521431409395658 0.5027271417471079 0.027231216430664062 0.027583782489483174
0 0.3945817213792067 0.07585444817176232 0.024748728825495794 0.02486272958608774
0 0.1641555932851938 0.5710994647099421 0.02443855542403001 0.024356255164513223
0 0.5260233512291541 0.18835841692410982 0.022628197303185098 0.02293227269099309
0 0.10305877832266 0.10619182770068829 0.051628406231219955 0.0521994187281682
0 0.24284700246957633 0.011397469502228957 0.03595931713397686 0.02151673573714036
0 0.7865314483642578 0.35875844955444336 0.050580538236177884 0.050111037034254804
0 0.2722767683175894 0.09097763208242562 0.04499677511361929 0.04526508312958937
0 0.610516621516301 0.16829923483041617 0.022665904118464544 0.022583594689002402
0 0.3793755311232347 0.44638567704420823 0.0388490236722506 0.03973843501164363
0 0.0952987945996798 0.43191168858454776 0.022194568927471455 0.021838554969200723
0 0.6399056361271784 0.1656499459193303 0.03099676278921274 0.03106524394108699
0 0.5474489285395696 0.5655527114868164 0.07910677102895883 0.07886673853947566
0 0.49149267490093523 0.17365827927222618 0.025295771085298978 0.024619029118464544
0 0.16225290298461914 0.5461188096266526 0.029800781836876504 0.030055853036733773
0 0.919320326585036 0.33964256139901966 0.036359200110802285 0.03900505946232723
0 0.17276914303119367 0.04511160575426542 0.03579425811767578 0.036158194908728965
0 0.1494894944704496 0.47698384064894456 0.01712523973905123 0.01679339775672326
0 0.8240266946645883 0.38308345354520357 0.02889281052809495 0.0289308841411884
0 0.6412170116717999 0.2051388300382174 0.018761414747971755 0.01867081568791316
0 0.29407490216768706 0.5484808041499212 0.018978595733642578 0.018998439495380107
0 0.5549351618840144 0.3778695326585036 0.04988552973820613 0.0493927001953125
0 0.6550370729886569 0.02651600195811345 0.0177310063288762 0.017813503742218018
0 0.07470913575245784 0.578234599186824 0.03404310116401085 0.044990246112530045
0 0.49008633540226865 0.7370784466083233 0.04643792372483473 0.04601551936222957
0 0.10977726716261643 0.9597442333514874 0.07306421720064603 0.07197512113131009
0 0.6920876136192908 0.1474663385978112 0.03660495464618389 0.03719364679776705
0 0.17507241322444037 0.8124377910907452 0.022362158848689154 0.022649618295522835
0 0.5843174274151142 0.6879310607910156 0.03249447162334736 0.032006483811598554
0 0.0819540390601525 0.5144530076246995 0.04534409137872549 0.04788838900052584
0 0.09126613690302922 0.5513017727778509 0.03381024874173678 0.03384949610783504
0 0.13407305570749137 0.03539187403825613 0.03567644265981821 0.035812134926135726
0 0.3207649817833534 0.3250601841853215 0.03167488024784969 0.03198799720177284
0 0.20845515911395734 0.029396219895436212 0.0320897102355957 0.032310508764707126
0 0.8296347398024339 0.04155398790652935 0.019637181208683893 0.019844376123868503
0 0.07565292028280404 0.6872661297137921 0.03438815703758827 0.047466278076171875
0 0.44431312267596906 0.22432529009305513 0.03387033022367037 0.03388434190016527
0 0.17522863241342398 0.8137433712299054 0.02714993403508113 0.026912542489858773
0 0.5483375696035532 0.6662968122042142 0.04045383746807392 0.04007999713604267
0 0.3218121895423302 0.4841443575345553 0.01771398691030649 0.0180050776554988
0 0.758576173048753 0.32037536914532 0.03788625277005709 0.03743771406320425
0 0.30481741978571963 0.6709492756770208 0.03232251680814303 0.0323492196890024
0 0.21132707595825195 0.2006678948035607 0.03879891909085787 0.03896639897273137
0 0.08935938431666447 0.6132018749530499 0.0348047476548415 0.0346227792593149
0 0.1180566824399508 0.35068732041579026 0.03744127200200008 0.03720914400540865
0 0.25175971251267654 0.3386525007394644 0.022829495943509616 0.022611104525052585
0 0.39560802166278547 0.2876293842609112 0.024901683513934795 0.024862142709585335
0 0.15425773767324594 0.6465859046349158 0.03517738672403189 0.03535725520207332
0 0.28349795708289516 0.33061834482046276 0.03743201035719652 0.03870699955866887
0 0.8235173592200646 0.3352524684025691 0.041898287259615384 0.04320511451134315
0 0.24743190178504357 0.04284738577329195 0.015330314636230469 0.015428467438771175
0 0.23287606239318848 0.864051525409405 0.05001192826491136 0.04946400569035457
