0 0.4843414380000188 0.12012291871584378 0.10316247206467849 0.1038043865790734
0 0.3039749585665189 0.3006775929377629 0.12247877854567307 0.12208190331092247
0 0.7319719608013446 0.36690455216627854 0.1450647207406851 0.14539353664104754
0 0.8318311251126803 0.5571030836838943 0.04458207350510817 0.0449522458589994
0 0.7007741194504958 0.14892566204071045 0.06256264906663161 0.06236896148094764
0 0.6391220092773438 0.9418926239013672 0.05445421659029447 0.053878490741436295
0 0.7619677323561448 0.611493184016301 0.07921952467698318 0.07942874615009014
0 0.25514804399930513 0.09648536718808688 0.15290135603684646 0.15437362744258
0 0.5898730938251202 0.6335061146662786 0.08012683574969952 0.08088287940392128
0 0.4422663908738356 0.4592880102304312 0.06804422231820914 0.0670939225416917
0 0.36719256180983323 0.35487119968120867 0.06456360450157753 0.06398399059589092
0 0.8214186154879056 0.8422261751615084 0.07260689368614784 0.07185627863957332
0 0.2979866908146785 0.4167311741755559 0.044696661142202526 0.04483310992901142
0 0.6357919252835788 0.25437395389263445 0.055495885702279896 0.0558324960561899
0 0.3785972595214844 0.8905717409574069 0.05473012190598708 0.054506742037259616
0 0.4274157377389761 0.20091563004713792 0.050310648404634915 0.05009262378399189
0 0.19389845774723932 0.3783252789424016 0.0510718272282527 0.05169332944429838
0 0.5784936318030725 0.8104526813213642 0.04224733205942007 0.042054396409254804
0 0.827676039475661 0.10165257637317364 0.05579464252178486 0.05657465641315167
0 0.5730724334716797 0.13192425324366644 0.05568548349233774 0.05547980161813589
0 0.8087139129638672 0.7817890460674579 0.083770751953125 0.08381124643179086
0 0.8369927039513221 0.6008150394146259 0.044853503887469955 0.04570315434382512
0 0.2211611454303448 0.3325320757352389 0.053014901968149036 0.053594424174382135
0 0.46500561787531924 0.9308389516977164 0.04541353078988882 0.04516293452336238
0 0.38536860392643857 0.4415623591496394 0.03485569587120643 0.034638404846191406
0 0.46016473036545974 0.5831439678485577 0.07579297285813552 0.07721651517427884
0 0.48306538508488583 0.8588174673227164 0.04318721477801983 0.04216208824744591
0 0.16806628153874323 0.1048818459877601 0.034896254539489746 0.03505549064049354
0 0.17055999315701997 0.41651700093195987 0.05705562004676232 0.057806821969839245
0 0.4612643535320575 0.3877251331622784 0.07669822986309345 0.07727923760047326
0 0.7758485353910006 0.4787480280949519 0.12442926260141227 0.12339459932767428
0 0.6313500771155725 0.763550538283128 0.03324802105243389 0.03335277850811298
0 0.38793497819166917 0.981505614060622 0.04946429912860577 0.03487396240234375
0 0.3925262231093187 0.05407149058121901 0.024640596829927884 0.024734772168673
0 0.4349213380080003 0.8498246853168194 0.023739447960486777 0.02396392822265625
0 0.3416604995727539 0.17766932340768668 0.029702406663161058 0.029735821944016676
0 0.6175576723538913 0.1702729738675631 0.04020602886493389 0.03937964255993183
0 0.43512571774996245 0.7641108586237981 0.04852133530836839 0.04937274639423077
0 0.43804436463576096 0.9523460681621845 0.01998248467078576 0.019947052001953125
0 0.5540250998276931 0.24812658016498274 0.07725341503436749 0.07790829585148738
0 0.4371818762559157 0.7175969343919021 0.03908868936391977 0.039253528301532455
0 0.6629663614126352 0.0651375284561744 0.04729813795823317 0.0478747899715717
0 0.3501374904926007 0.867422837477464 0.07352740948016827 0.07406469491811898
0 0.19404246256901667 0.44495017711932844 0.025767693152794473 0.025704017052283652
0 0.7400133426372821 0.17972856301527756 0.03756977961613582 0.037395477294921875
0 0.29545263143686146 0.5422722743107722 0.061730604905348554 0.06175026526817909
0 0.3792401827298678 0.9547607715313251 0.02865468538724459 0.028391617995042067
0 0.79217896094689 0.7069455660306491 0.01776548532339243 0.01753366910494291
0 0.5396714577308068 0.655738903925969 0.04099464416503906 0.04092891399676983
0 0.8148800776554987 0.6868777641883264 0.08911279531625602 0.09183898338904747
0 0.4190556452824519 0.4026952890249399 0.018521675696739785 0.01855644812950721
0 0.487271785736084 0.6983037361731896 0.02884358626145583 0.0283966064453125
0 0.7075244463407077 0.2602679912860577 0.059285530677208535 0.05956591092623197
0 0.7588421748234675 0.15167166636540338 0.02941131591796875 0.029430242685171273
0 0.8022801325871394 0.24233467762286848 0.019555311936598558 0.019658565521240234
0 0.3522995435274564 0.3426102858323317 0.01683205824631911 0.01692991990309495
0 0.5183233481187087 0.19139385223388672 0.03218276684100811 0.03312595073993389
0 0.5208230018615723 0.16730455251840445 0.03369492750901442 0.03399732479682335
0 0.4663248062133789 0.5247272344735953 0.041744378896859974 0.04175846393291767
0 0.3959708580603966 0.5262726270235502 0.03679671654334435 0.0378874265230619
0 0.7002140925480769 0.5563072791466346 0.016137049748347357 0.016184586745042067
0 0.6184558868408203 0.6662688622107873 0.03574972886305589 0.03651516254131611
0 0.6025521938617413 0.8410047384408804 0.026408268855168268 0.02679619422325721
0 0.5025818164532001 0.8718240444476788 0.0155946291410006 0.015950423020582933
0 0.5633354920607346 0.5846124428969163 0.018575228177584134 0.018633475670447715
0 0.47858700385460484 0.7530414874737079 0.03267346895658053 0.03296397282527043
0 0.1595647518451397 0.4816473447359525 0.03975483087392954 0.057744613060584433
0 0.6607032189002404 0.18409248498769906 0.041077833909254804 0.04115933638352614
0 0.2591045636397142 0.3974911616398738 0.033369284409743086 0.03420448303222656
0 0.45172823392427885 0.2563465191767766 0.01819023719200721 0.018599400153526895
0 0.4480727269099309 0.9763751396766076 0.05125639988825871 0.04323225754957933
0 0.6570086112389197 0.38329748006967396 0.03500146132249098 0.035001901479867786
0 0.7396780160757211 0.7782641190748948 0.030921202439528245 0.029880817119891826
0 0.4996833801269531 0.553780409005972 0.025761971106896035 0.02604249807504507
0 0.5882136271550105 0.3681457226092999 0.05704028789813702 0.05678418966440054
0 0.7247675382173978 0.7891313112699069 0.04902032705453726 0.04660577040452223
0 0.2877046144925631 0.7161927590003381 0.048272206233097956 0.04922147897573618
0 0.3864465860220102 0.4601779350867638 0.016505314753605768 0.016107705923227165
0 0.21181882344759428 0.05744377007851234 0.016834112314077523 0.016805685483492337
0 0.6299988673283503 0.1503127538240873 0.015543717604417067 0.015248445364145132
0 0.6202228252704327 0.6999859443077674 0.021277207594651442 0.021506089430588942
0 0.5229595257685735 0.6271977791419396 0.04144624563363882 0.040532625638521634
0 0.7770968217116135 0.1985601278451773 0.12509301992563102 0.1250757804283729
0 0.47057804694542515 0.3094012553875263 0.015461481534517728 0.015304271991436299
0 0.33550090056199294 0.8788391260000376 0.03957851116473858 0.04034893329326923
0 0.7919973960289588 0.2757832453801082 0.04798478346604567 0.04814478067251352
0 0.38317291553203875 0.20653222157404974 0.0318299807035006 0.0322423348060021
0 0.22689577249380258 0.5372245128338153 0.0222625365624061 0.02204132080078125
0 0.5943117141723633 0.32052058439988357 0.04009584280160757 0.04102670229398287
0 0.8260656503530649 0.28090645716740537 0.03276326106144832 0.03281762049748348
0 0.25725239973801833 0.3704018226036659 0.014591840597299429 0.014499811025766226
0 0.5922829554631159 0.9092432168813852 0.020109029916616585 0.019147139329176683
0 0.34738881771381086 0.5289397606482873 0.016446700462928183 0.016417943514310397
0 0.28571585508493275 0.6931255047137921 0.2906635357783391 0.32761328036968523
0 0.6503224739661584 0.47591275435227615 0.01603082510141226 0.016164266146146335
0 0.4998171879695012 0.5299072632422814 0.028956780066856973 0.029064251826359674
0 0.7872129587026743 0.6638770470252404 0.03816091097318209 0.03902376615084135
0 0.3648567199707031 0.47471009767972505 0.015276762155386118 0.015068861154409556
0 0.27642422456007737 0.48055824866661656 0.02460472400371845 0.024898749131422777
0 0.6302413940429688 0.37758453075702375 0.02024694589468149 0.020359626183143027
0 0.2163845575772799 0.4379403774554913 0.03945438678448017 0.03992814284104567
0 0.24152420117304876 0.4160935328556941 0.020879195286677435 0.020636485173152044
0 0.5918235778808594 0.5725265649648813 0.033196669358473554 0.033098000746506914
0 0.5042340205265925 0.25829241825984073 0.022456829364483174 0.022950502542349007
0 0.5837942636930026 0.6987850482647235 0.020276289719801683 0.020265725942758415
0 0.21851653319138747 0.8480658897986779 0.040508123544546276 0.04166074899526743
0 0.25166893005371094 0.7595766507662259 0.024970494783841647 0.02471190232496995
0 0.35378485459547776 0.5154418211716872 0.016144238985501803 0.016011458176832933
0 0.6939650315504807 0.10760710789607121 0.02701568603515625 0.026673023517315205
0 0.6447303478534405 0.7769261140089768 0.015440720778245192 0.015435879047100361
0 0.8428259629469651 0.5122534678532527 0.03297512347881611 0.04606716449444111
0 0.6802817858182467 0.9318379622239333 0.02554159898024339 0.025944342980018027
0 0.5736937156090369 0.4054104731633113 0.06224470872145433 0.06244050539456881
0 0.5690894493689904 0.7361384171705979 0.02318734389085036 0.023630875807542067
0 0.5138808397146372 0.6109827481783353 0.02926349639892578 0.029584884643554688
0 0.3818327830387996 0.21051993736853966 0.025023680466871995 0.023694992065429688
0 0.347650014437162 0.9417136265681341 0.01905984144944411 0.01874571580153245
0 0.6590213775634766 0.7964904491717999 0.028656446016751803 0.029063298152043268
0 0.4517944042499249 0.34461432236891526 0.04778509873610277 0.04815747187687801
0 0.4856267342200646 0.4888779933636005 0.026161560645470254 0.026405847989595853
0 0.6521298335148737 0.8251316363994892 0.014291323148287259 0.014129638671875
0 0.3799646817720853 0.20936808219322792 0.01785564422607422 0.01846760969895583
0 0.5215338927048904 0.5316261511582595 0.016994769756610576 0.017169072077824518
0 0.4739195750309871 0.9682109539325421 0.019225927499624398 0.01921815138596755
0 0.8499751457801232 0.26356990520770734 0.019154768723707933 0.029181847205528848
0 0.4169347102825458 0.6147718062767615 0.04543795952430138 0.04557925004225511
0 0.6140409616323618 0.49437632927527797 0.03893324045034555 0.03958885486309345
0 0.82012205857497 0.8884378579946665 0.017764751727764424 0.01773687509390024
0 0.5683047954852765 0.5621417852548453 0.020120914165790264 0.020355371328500602
0 0.6804337134728065 0.810729246873122 0.016325730543870192 0.01615010775052584
0 0.3473471494821402 0.07093837627997765 0.02543471409724309 0.025391798753004808
0 0.8464750143197867 0.7639990586500901 0.031023465670072116 0.043710561899038464
0 0.8344103006216196 0.6420230865478516 0.020190899188701924 0.020098759577824518
0 0.8477212465726413 0.9403001345120944 0.03293140117938702 0.057693774883563705
0 0.3920460480910081 0.24678894189687875 0.014339887178861178 0.014277935028076172
0 0.31688730533306414 0.2253731214083158 0.08661688291109525 0.08412683927095853
0 0.367646730863131 0.488468390244704 0.016680203951322116 0.015940005962665264
0 0.8114817692683294 0.4353494644165039 0.037027799166165866 0.037479547353891224
0 0.8406709524301382 0.31891874166635364 0.026005671574519232 0.025614353326650765
0 0.382446655860314 0.8225683065561148 0.028955899752103366 0.028809033907376803
0 0.30917468437781703 0.012576773762702942 0.021399846443763144 0.021134488857709445
