0 0.7770766478318435 0.7186195666973407 0.2181110382080078 0.22127870412973258
0 0.1978938762958233 0.9526882171630859 0.13433662744668814 0.09309812692495492
0 0.7258865649883564 0.5103183159461389 0.052399708674504206 0.051811511699969955
0 0.4414361807016226 0.05309257599023672 0.05118061945988582 0.051455176793611966
0 0.25238864238445574 0.19080277589651254 0.13074599779569185 0.13144951600294846
0 0.5693031457754282 0.6878949678861178 0.032703326298640326 0.03302970299353966
0 0.47615726177509016 0.9261030050424429 0.0493170664860652 0.049936147836538464
0 0.35566197908841646 0.24033139302180365 0.03425246018629808 0.03476355626032902
0 0.6564380939190204 0.09046704952533428 0.032661144550030045 0.03249480174137996
0 0.46918447201068586 0.8011293411254883 0.021816253662109375 0.021943312424879808
0 0.4629539343026968 0.5905780792236328 0.02987040006197416 0.029890940739558294
0 0.2403994340163011 0.06247985363006592 0.04337662916917067 0.043707627516526446
0 0.3549491808964656 0.37494219266451323 0.05584093240591196 0.05663079481858473
0 0.299650082221398 0.10854823772723858 0.032906752366286054 0.03289670210618239
0 0.8901232205904447 0.3592665745661809 0.016207768366887018 0.01856092306283804
0 0.19689273834228516 0.6644998697134165 0.025183971111591045 0.025316385122445915
0 0.633248549241286 0.139884902880742 0.047800504244290866 0.047755883290217474
0 0.8282225682185247 0.01833475553072416 0.02173130328838642 0.021530976662269004
0 0.17375927705031174 0.4426160959097055 0.05256198002741887 0.05297690171461839
0 0.14249143233666053 0.6341970150287335 0.018721727224496696 0.01876244178185096
0 0.7554906698373648 0.48262706169715297 0.023354163536658652 0.023604172926682692
0 0.6160646585317758 0.19760645352877104 0.035480645986703724 0.03513791010929988
0 0.4538598427405724 0.9858402839073768 0.03238677978515625 0.02527794471153846
0 0.7218770247239333 0.2505760376270001 0.016249730036808893 0.016281274648813102
0 0.7317346426156851 0.034296851891737715 0.05012042705829327 0.04961548401759221
0 0.349822998046875 0.44432819806612456 0.03622275132399339 0.03611322549673227
0 0.6984407718365009 0.8145509866567758 0.06468816903921273 0.06434015127328727
0 0.4558048981886644 0.371549679682805 0.06345778245192307 0.06365181849553035
0 0.5135097503662109 0.8844757080078125 0.0608521975003756 0.059339670034555286
0 0.5777168273925781 0.22987640821016753 0.017324007474459134 0.017522665170522835
0 0.12241295667795035 0.6774653654832107 0.0446016421684852 0.05590013357309195
0 0.5451271350567157 0.9484198643611028 0.01773218008188101 0.017635638897235576
0 0.3071055779090294 0.01632558611723093 0.031300984896146335 0.029843041530022256
0 0.21398331568791315 0.6836115030141977 0.018328226529634915 0.018460787259615384
0 0.6176817967341497 0.5666589003342849 0.06236850298368014 0.06505614060621995
0 0.18210095625657302 0.12992457243112418 0.05356154075035682 0.0540165901184082
0 0.7460685143103967 0.07058874918864323 0.04696185772235577 0.046751710084768444
0 0.5302566748399001 0.1318246584672194 0.03004316183236929 0.029635099264291618
0 0.3308268326979417 0.059006113272446856 0.03774188115046574 0.03797692518967848
0 0.837974108182467 0.43828399364764875 0.12188163170447716 0.1990076211782602
0 0.7843096806452825 0.03942436896837675 0.045032354501577526 0.04474934247823862
0 0.6196688138521634 0.09231394070845383 0.015564845158503605 0.015603413948645959
0 0.15888414016136757 0.7672671538132888 0.03173688741830679 0.031742095947265625
0 0.35149222153883714 0.48559144827035755 0.03396034240722656 0.03414234748253456
0 0.5961519388052133 0.9804647885836087 0.025584294245793268 0.025580772986778848
0 0.1864199821765606 0.5842534578763522 0.014632811913123498 0.014513309185321514
0 0.7182314212505634 0.3826475143432617 0.032666573157677285 0.032230377197265625
0 0.19655686158400315 0.487912471477802 0.03918618422288161 0.03786013676570012
0 0.677099007826585 0.893123039832482 0.0451960930457482 0.04544478196364183
0 0.4005095408512996 0.24555011895986703 0.015714645385742188 0.015781475947453424
0 0.6372930086576022 0.9326224693885217 0.015903766338641826 0.016614767221304085
0 0.5994246923006498 0.8491117037259616 0.05315215771014874 0.053612782404972956
0 0.1795497674208421 0.7420397538405198 0.019939129169170674 0.020007793719951924
0 0.337823170882005 0.13473586852733904 0.061997560354379505 0.06189234440143292
0 0.5140889974740835 0.48032327798696667 0.08344459533691406 0.08354010948768029
0 0.4687516139103816 0.4457431939932016 0.03760447868934044 0.03712947552020733
0 0.48177499037522536 0.99310852931096 0.018552486713115986 0.012577643761268029
0 0.6826978096595178 0.4001133625323956 0.02724178020770733 0.027632493239182692
0 0.8428570674015925 0.5799380449148325 0.0164797856257512 0.016678443321814902
0 0.402128843160776 0.7093347402719351 0.03342291025015024 0.03301327045147236
0 0.41864596880399263 0.35305991539588344 0.014473841740534855 0.014426158024714543
0 0.715030156649076 0.38327642587515026 0.026262723482572116 0.026522416334885817
