0 0.40174370545607346 0.0778962465432974 0.09327162229097806 0.09489026436438927
0 0.29392077372624326 0.053619522314805254 0.040626819317157455 0.040807485580444336
0 0.8550132604745718 0.8700271753164438 0.24509253868689904 0.2460607381967398
0 0.8574949411245493 0.7503786087036133 0.027565589317908652 0.02765831580528846
0 0.7203213618351862 0.750177970299354 0.029703580416165866 0.029607039231520433
0 0.13186537302457368 0.3293910393348107 0.025408818171574518 0.025219257061298076
0 0.03148512198374821 0.18276634583106408 0.03562397223252516 0.03554692635169396
0 0.7452733700092022 0.7849870094886193 0.03592050992525541 0.03550103994516226
0 0.43953778193547177 0.19824939507704514 0.04462924370398888 0.04512489759005033
0 0.4570462153508113 0.37686553368201625 0.03918955876277043 0.039064847506009616
0 0.10746946701636681 0.1892824539771447 0.03599816102247972 0.03608887012188251
0 0.02072830842091487 0.6146469483008752 0.022996150530301608 0.025908910311185397
0 0.34981756943922776 0.7789691044734075 0.02038427499624399 0.0202484130859375
0 0.7084478231576773 0.3267989525428185 0.0357054196871244 0.035719871520996094
0 0.3829620434687688 0.30800225184513974 0.02617784646841196 0.026216580317570612
0 0.7307106164785532 0.19384175080519456 0.03867604182316707 0.03895231393667368
0 0.9625630745520959 0.14021760683793288 0.03372808603140024 0.03362503418555626
0 0.19428099118746245 0.2518002986907959 0.025199523338904746 0.02515752498920147
0 0.9628107364361103 0.060489993828993574 0.021628599900465745 0.021834043356088493
0 0.3893299469581017 0.6153811674851638 0.12639551896315354 0.12932777404785156
0 0.4904937744140625 0.7425550314096304 0.037035575279822715 0.036987011249248795
0 0.37488504556509167 0.3515772452721229 0.04699281545785757 0.04733965947077824
0 0.1961673956650954 0.8191817356989934 0.024935502272385817 0.02519959669846755
0 0.07639685502419105 0.7116149022028997 0.019651385454031136 0.019618694598858174
0 0.39221668243408203 0.04290843468445998 0.03514722677377554 0.034577140441307656
0 0.18068177883441633 0.3784667895390437 0.034108602083646335 0.034109995915339544
0 0.13026511669158936 0.09267761157109188 0.024427322240976188 0.02460472400371845
0 0.46058276983407825 0.15179643264183632 0.04269093733567458 0.04301588351909931
0 0.7660818833571214 0.9719540522648737 0.06287031907301682 0.05233353834885817
0 0.33333954444298375 0.6718003199650691 0.022936527545635518 0.02301201453575721
0 0.07303880728208102 0.8317451477050781 0.03280353546142578 0.03292406522310697
0 0.8204441070556641 0.15186561070955718 0.028789520263671875 0.0289306273827186
0 0.0971527833205003 0.7306869213397686 0.018622801854060247 0.0187225341796875
0 0.2972557728107159 0.44915279975304234 0.029995478116548978 0.029736665578988884
0 0.10044626089242789 0.7244363197913537 0.1842983319209172 0.20734376173753005
0 0.36800318497877854 0.9294037452110877 0.03485738314115084 0.035219045785757214
0 0.4068573071406438 0.704281733586238 0.027469781728891227 0.027723165658804085
0 0.15122266916128305 0.05062815776238075 0.021573983705960788 0.021624950262216423
0 0.08211985001197228 0.11504130180065449 0.021283296438363884 0.021251476727999173
0 0.28876234934880185 0.6906580558189979 0.028690594893235426 0.028707064115084134
0 0.3756100948040302 0.11440653984363262 0.022128912118765023 0.0223691280071552
0 0.5214988268338717 0.7741473271296575 0.03053107628455529 0.03047972459059495
0 0.2759275803199181 0.41106807268582857 0.027430057525634766 0.027223880474384014
0 0.8853202232947717 0.7467924264761118 0.05549885676457332 0.05400775029109074
0 0.6891134702242337 0.3993644347557655 0.018886859600360576 0.018914149357722357
0 0.20662491138164812 0.6114528729365423 0.020888548630934495 0.02087101569542518
0 0.5315683071429913 0.4743361473083496 0.0344084226168119 0.03432787381685697
0 0.18982151838449332 0.13724623276637152 0.0219574341407189 0.02214334561274602
0 0.6757401686448318 0.9085630270150992 0.017771207369290866 0.017885941725510817
0 0.5039388216458834 0.329193482032189 0.04184906299297626 0.04203708355243389
0 0.33715105056762695 0.2031873739682711 0.041661776029146634 0.04121974798349234
0 0.8758520713219275 0.29782865597651553 0.02450106694148137 0.02452993392944336
0 0.3841298543489896 0.6832560025728666 0.024022982670710638 0.024027897761418268
0 0.7822672770573542 0.23940071692833534 0.031057211068960335 0.03146090874305138
0 0.12633721645061785 0.3972909633929913 0.018928967989408053 0.018958605252779447
0 0.24383060748760516 0.7237322147075946 0.01904010772705078 0.01887673598069411
0 0.48496312361497146 0.48215763385479266 0.02892303466796875 0.029304064237154447
0 0.01805246564058157 0.7560169513408954 0.018317392239203818 0.02484556344839243
0 0.04678457058393038 0.9686263157771184 0.058315625557532676 0.05679057194636418
0 0.2342055760897123 0.06854124252612774 0.04892121828519381 0.04937305817237267
0 0.37511572471031773 0.4666937314547025 0.021842443026029147 0.02201505807729868
0 0.46862528874323917 0.5252647766700158 0.04173088073730469 0.041656860938439004
0 0.94342774611253 0.5282960304847131 0.022752028245192308 0.022878206693209134
0 0.5124351794903095 0.6944286639873798 0.0464776846078726 0.047151418832632214
0 0.151989771769597 0.3671880868765024 0.023411053877610426 0.02361899155836839
0 0.8314740107609675 0.7510863817655123 0.01803926321176382 0.017971625694861777
0 0.3075609573951134 0.23222019122197077 0.026059884291428786 0.026475833012507513
0 0.4029550552368164 0.2028335057772123 0.023230772752028245 0.023470951960637018
0 0.8477341578556941 0.25527018767136794 0.03082759563739483 0.030262250166672926
0 0.9305284940279447 0.22262158760657677 0.0164486811711238 0.016559600830078125
0 0.3292829073392428 0.14218585307781512 0.04118772653432993 0.04078978758591872
0 0.04332221929843609 0.24682191702035758 0.06374685580913837 0.0636899654681866
0 0.2676497239332933 0.5609499124380258 0.01656789046067458 0.016652914193960335
0 0.60106871678279 0.10317103679363544 0.026101332444411058 0.02617019873399001
0 0.5161107870248648 0.37676451756403995 0.023461048419658955 0.023740328275240384
0 0.23818819339458758 0.7824991666353666 0.035015179560734674 0.03489068838266226
0 0.16831548397357649 0.5784607667189378 0.019567342904897835 0.01972623971792368
0 0.4843874711256761 0.14919011409466082 0.015512393071101261 0.015281053689809946
0 0.36875086564284104 0.3273619138277494 0.033100128173828125 0.0329290536733774
0 0.7585262885460486 0.29548153510460484 0.01799612778883714 0.01805701622596154
0 0.12151279816260704 0.8785549310537485 0.016444903153639574 0.016600828904371995
0 0.17232003578772911 0.8765807518592248 0.035506175114558294 0.034905653733473554
0 0.033905240205618054 0.31735167136559117 0.017158985137939453 0.017324154193584736
0 0.9553617330697867 0.255185237297645 0.015951156616210938 0.0160061762883113
0 0.21971843792841986 0.31635361451369065 0.017534182621882513 0.01749874995304988
0 0.8858537673950195 0.09254092436570388 0.20400370084322417 0.18373980888953576
0 0.14205599748171294 0.900507560143104 0.015015547092144307 0.014947744516225962
0 0.39287882584791917 0.8661917906541091 0.02858763474684495 0.02870662395770733
0 0.9034494253305289 0.951082889850323 0.1005545396071214 0.09113003657414363
0 0.3375722811772273 0.5262371943547175 0.01893160893366887 0.01866296621469351
0 0.4039915891794058 0.7492391146146334 0.02159536801851713 0.0215145991398738
0 0.7347172223604642 0.5663427206186148 0.015812213604266826 0.01572388869065505
0 0.8237945850078876 0.4707041520338792 0.01480865478515625 0.014910184420072116
0 0.7547038885263296 0.21986869665292594 0.026735745943509616 0.026430863600510817
0 0.8520350089439979 0.3065792413858267 0.015573648306039663 0.015552924229548527
0 0.9726500144371619 0.19927173394423264 0.023127629206730768 0.023072426135723408
0 0.01856920696221865 0.9417117192195013 0.020319739213356607 0.029763148381159857
0 0.24246390049274152 0.6957211127647986 0.029259975139911357 0.029687147874098558
0 0.3204541573157677 0.4602650862473708 0.01696315178504357 0.01713253901554988
0 0.7627845177283654 0.6652361062856821 0.020142775315504808 0.020199995774489183
0 0.019709165279681865 0.26256447571974534 0.014659936611468975 0.014884875370905949
0 0.44639139909010667 0.502571179316594 0.02007601811335637 0.01997830317570613
0 0.6733510677631085 0.2813882644359882 0.04289729778583233 0.04233899483313927
0 0.8224793947660006 0.21030345329871544 0.015849773700420674 0.01589312920203576
0 0.16480838335477388 0.13293170928955078 0.019142847794752855 0.0189663446866549
0 0.10615908182584323 0.3467541474562425 0.020285698083730843 0.020288467407226562
0 0.8964102818415716 0.2310642462510329 0.02254310021033654 0.022188626802884616
0 0.4655733842116136 0.3150657140291654 0.026790618896484375 0.026655050424429085
0 0.41923787043644833 0.8050829080434946 0.020875270550067607 0.021092341496394232
0 0.9587210875291091 0.1721645318544828 0.03765575702373798 0.037650768573467545
0 0.2049903136033278 0.8727566645695612 0.026549852811373197 0.02659753652719351
0 0.7585179255558894 0.9071188706618089 0.014967404879056491 0.01488964374248798
0 0.3744974136352539 0.49191097112802357 0.01970019707312951 0.019817645733173076
0 0.5047348462618314 0.990547253535344 0.046744273259089544 0.01757475046011118
0 0.6445309565617487 0.31256855451143706 0.033476756169245794 0.033675120427058294
0 0.313446228320782 0.27209303929255557 0.02107832981989934 0.021177035111647386
0 0.5047291608957144 0.18168944578904372 0.017667623666616585 0.017372864943284255
0 0.43324800638052136 0.45225070073054385 0.024201099689190205 0.024535399216871995
0 0.9351592430701623 0.12812192623431867 0.016001187838040866 0.016025286454420824
0 0.318970643557035 0.0808028166110699 0.014798164367675781 0.014842693622295674
0 0.7180657019981971 0.44537940392127406 0.023976839505709134 0.024312532865084134
0 0.26668577927809495 0.8642731446486253 0.015791966364933893 0.015926361083984375
0 0.3747263321509728 0.7282037734985352 0.03037122579721304 0.03025025587815505
0 0.8749615595890925 0.26113651348994327 0.025597792405348558 0.025534923260028545
0 0.9429278740516076 0.7483794872577374 0.04610795241135817 0.04704959575946514
0 0.2694530487060547 0.34459616587712216 0.0253140009366549 0.025748179509089544
0 0.31310176849365234 0.42341158940241885 0.02474053089435284 0.02497555659367488
0 0.3353657355675331 0.5506780697749212 0.01812465374286358 0.018230438232421875
0 0.5368610528799204 0.6610716306246244 0.019214116610013522 0.019338461068960335
0 0.5410353954021747 0.29165093715374285 0.015343445997971755 0.01514291763305664
0 0.7227159646841196 0.8169241685133714 0.03165905292217548 0.03151145348182091
0 0.5939151690556452 0.7959134028508112 0.01569476494422326 0.015736799973707933
0 0.5788979163536658 0.31200276888333833 0.021337215717022236 0.02145671844482422
0 0.11299770611983079 0.41965418595534104 0.013881775049062876 0.013845297006460337
0 0.25293827056884766 0.353912903712346 0.015380859375 0.015018096336951623
0 0.49205655318040115 0.19328938997708833 0.015202889075646034 0.015177066509540264
0 0.5651915623591497 0.8759722342857947 0.015029393709622897 0.015112510094275841
0 0.1225502215898954 0.5557629145108737 0.0471803408402663 0.047644468454214245
0 0.5255841475266677 0.5569221056424655 0.02554636735182542 0.02517832242525541
0 0.015437841415405273 0.8411065615140475 0.013883223900428185 0.017353057861328125
0 0.6893948775071365 0.3586424680856558 0.04432986332820012 0.04427359654353215
0 0.38083626673771787 0.5356546915494479 0.029866585364708535 0.03122109633225661
0 0.36275691252488357 0.5923406160794772 0.025655819819523737 0.02543302682729868
0 0.12762678586519682 0.24860598490788385 0.019053165729229268 0.019413507901705228
0 0.16385569939246544 0.15306633252363938 0.028190759512094352 0.02836122879615197
0 0.39043551224928635 0.6690120697021484 0.013959884643554688 0.014371138352614183
0 0.7704865382267878 0.1827091803917518 0.031207744891826924 0.031479908869816706
0 0.5789201443011944 0.13878264793982872 0.02149479205791767 0.021443256965050332
0 0.5043056928194486 0.6476839505709134 0.014821419349083534 0.014657827524038462
0 0.39313257657564604 0.6505565643310547 0.014120395366962139 0.013977931096003605
0 0.12351366189809945 0.04131814149709848 0.014675433819110576 0.014820096584466787
0 0.6420808938833383 0.035109178378031805 0.022435995248647835 0.022140232416299675
0 0.605438232421875 0.8826004908635066 0.04143861623910757 0.04123482337364784
0 0.4045543670654297 0.5233436731191782 0.019404778113731973 0.01948826129619892
0 0.32393404153677136 0.04348215231528649 0.014496143047626201 0.01448210386129526
0 0.7439104226919321 0.4237508773803711 0.03261478130634014 0.03275724557729868
0 0.6691025954026443 0.13792258959550124 0.0184170649601863 0.01869689501248873
0 0.7107500663170447 0.4117160943838266 0.03379396291879507 0.03334133441631611
0 0.6022019753089318 0.6069054236778846 0.01462261493389423 0.014524459838867188
0 0.1548475302182711 0.7339905958909255 0.05208510618943434 0.05176250751201923
0 0.6924351912278396 0.011307161587935228 0.025700789231520433 0.02074096753047063
0 0.3952333743755634 0.171994869525616 0.021185948298527643 0.021467208862304688
0 0.8832635145920974 0.51592834179218 0.08879353449894832 0.08359923729529747
0 0.5571591670696552 0.6484446158775916 0.020917525658240683 0.020870795616736777
0 0.3405587122990535 0.40897424404437727 0.014863967895507812 0.015035042395958534
0 0.26892673052274263 0.12630948653587928 0.01615619659423828 0.016220239492563102
0 0.7053922506479117 0.14472781694852388 0.02194947462815505 0.022011463458721455
0 0.6482709004328802 0.34554342123178333 0.03426801241361178 0.03415181086613582
0 0.28182777991661656 0.6571674346923828 0.014123916625976562 0.014136387751652645
0 0.5543935482318585 0.9293199685903696 0.015099305372971755 0.01527874286358173
0 0.07594661529247577 0.8969518954937274 0.015924435395460863 0.01568940969613882
0 0.09785012098459098 0.28906946915846604 0.016923831059382513 0.01703753838172326
0 0.1888293486375075 0.2335065328157865 0.015192251939039964 0.015301704406738281
0 0.03198558779863211 0.6750821333665115 0.013609744035280667 0.01351180443396935
