0 0.6882842137263372 0.5847779787503756 0.2697636530949519 0.26887248112605167
0 0.22982534995445839 0.9510510518000677 0.05482607621413011 0.05487486032339243
0 0.24177180803739107 0.6727494459885818 0.0554815439077524 0.05529315655048077
0 0.2752952575683594 0.5900782071627103 0.04784518021803636 0.04797935485839844
0 0.8018163534311148 0.02281703857275156 0.03178875262920673 0.031070901797367975
0 0.19150539544912484 0.6163857533381536 0.031659566439115085 0.03278218782865084
0 0.5814553774320163 0.043786938373859115 0.02737734867976262 0.027342922412432157
0 0.2932650859539325 0.6218575697678786 0.03593752934382512 0.03603183306180514
0 0.7917784910935622 0.2528451406038724 0.07660146859975961 0.13114452362060547
0 0.773964368380033 0.013550956661884602 0.021498753474308893 0.02124859507267292
0 0.6663806621844952 0.8487506279578576 0.03560227614182692 0.035498399000901446
0 0.7897478250356821 0.04798623231741098 0.0249026371882512 0.024901720193716195
0 0.2218169432419997 0.7080374497633714 0.02015553987943209 0.019994002122145433
0 0.6598179156963642 0.11118874183067909 0.0451208261343149 0.044888936556302585
0 0.6640399052546575 0.8861186687762921 0.03412422767052284 0.034015655517578125
0 0.19427761664757362 0.4258258159344013 0.048199910383958086 0.05235165816086989
0 0.5975154729989859 0.9454201918381911 0.10488202021672176 0.10308837890625
0 0.6503931192251352 0.17549872398376465 0.0689532940204327 0.06880507102379432
0 0.8011320554293119 0.1530470848083496 0.016171968900240384 0.01613330841064453
0 0.6020864706773025 0.42351605341984677 0.09201409266545223 0.09069031935471755
0 0.5539150971632737 0.8569167210505559 0.10756316551795372 0.1089618389423077
0 0.40954307409433216 0.10956281882065994 0.09341063866248497 0.09399835879986103
0 0.21906045766977164 0.32726548268244815 0.01682890378511869 0.01672084514911358
0 0.557860227731558 0.3843548114483173 0.026470771202674277 0.02646497579721304
0 0.59542754980234 0.17086173937870905 0.05648370889516977 0.056725685413067155
0 0.36938076752882737 0.029390192948854886 0.02075818868783804 0.020584519092853252
0 0.6742434868445764 0.03541153440108666 0.0604705810546875 0.060730617779951826
0 0.6086163887610803 0.7503411219670222 0.026109842153695915 0.025724117572490986
0 0.2610913423391489 0.8901999546931341 0.0635683353130634 0.06351324228140023
0 0.6874907566950872 0.8764623495248648 0.03541124784029447 0.03523606520432692
0 0.4938667737520658 0.12399883453662579 0.02450847625732422 0.024573564529418945
0 0.35108683659480167 0.33683072603665865 0.015246171217698317 0.015633509709284857
0 0.2513334567730243 0.38664931517380935 0.06058663588303786 0.0590358147254357
0 0.2767319495861347 0.4890618691077599 0.032903304466834433 0.03322762709397536
0 0.7819752326378455 0.08982464900383583 0.06543878408578727 0.06521388200613168
0 0.2793861902677096 0.6770538916954627 0.03438689158512996 0.034494253305288464
0 0.6951926304743841 0.019391369361143846 0.03906807532677284 0.03729723508541401
0 0.7652439704308143 0.3706826430100661 0.041851043701171875 0.04186395498422476
0 0.6145462623009315 0.05526539454093346 0.015054996197040264 0.014923618390009953
0 0.31789310161884016 0.8688666270329402 0.09702183650090145 0.09800353417029747
0 0.7818921896127554 0.9013514151939979 0.028209979717548076 0.028163763192983773
0 0.7529494945819561 0.863743048447829 0.06040397057166466 0.060803926908052884
0 0.2028330289400541 0.8221874237060547 0.017023086547851562 0.016918182373046875
0 0.2570627469282884 0.4245773462148813 0.03012847900390625 0.031070709228515625
0 0.21953771664546087 0.6066823372474084 0.028290748596191406 0.027916981623722956
0 0.2658246297102708 0.4582215455862192 0.01478264882014348 0.014598993154672476
0 0.7085268314068134 0.1060024408193735 0.04752701979417067 0.047495401822603665
0 0.691378300006573 0.18225776232205904 0.07809800368088943 0.07511208607600285
0 0.6831318781926081 0.9589482820951022 0.01625794630784255 0.0161135746882512
0 0.1954462344829853 0.6837890331561749 0.021014580359825723 0.021107013408954326
0 0.24524109180157 0.8129071455735427 0.02022662529578576 0.020386329064002402
0 0.19060340294471154 0.2339633428133451 0.04764391825749324 0.05379126622126652
0 0.24646194164569563 0.6166588709904597 0.02873362027681791 0.028755774864783652
0 0.5851791088397686 0.3533433767465445 0.019771282489483174 0.019791676447941706
0 0.5495440776531513 0.013889000965998722 0.018196252676156852 0.01814003174121563
0 0.20693335166344276 0.9900887562678411 0.047788766714242786 0.019310437715970553
0 0.820800047654372 0.10289832261892465 0.020093477689302884 0.021000495323768027
0 0.21209441698514497 0.9819956559401292 0.03867648198054387 0.033746572641225964
0 0.7410970100989709 0.20908175981961763 0.0670017829308143 0.06476512322059044
0 0.4373304293705867 0.21883348318246695 0.026168676523061898 0.02659775660588191
0 0.5485999034001277 0.3396793512197641 0.020862872783954326 0.021017074584960938
0 0.7065282968374399 0.8498030442457932 0.03824116633488582 0.0378729013296274
0 0.2972672169025128 0.19326166006234977 0.016156930189866286 0.016007386721097507
0 0.20493558736947867 0.859248894911546 0.01971149444580078 0.019333472618689902
0 0.2590567698845497 0.5029336489163913 0.014509311089148888 0.01491238520695613
0 0.5866656670203576 0.017521117742245015 0.021161226125863884 0.020959638632260837
0 0.46025386223426235 0.225158508007343 0.020337765033428486 0.02017659407395583
0 0.7394764239971454 0.0856179824242225 0.020329402043269232 0.020152715536264274
0 0.7977378551776593 0.7862045581524189 0.026482655451847956 0.026712857759915866
0 0.6603456643911508 0.9723676534799429 0.0711203355055589 0.04836331881009615
0 0.19138288497924805 0.8285127786489633 0.015175966116098257 0.015032401451697716
0 0.3644592578594501 0.6296372780433068 0.031902166513296276 0.03170453585111178
