0 0.6630400144136869 0.6497940650353065 0.06496928288386418 0.06494492750901443
0 0.21638980278602013 0.1460413015805758 0.05111151475172777 0.051251668196458086
0 0.4644358708308293 0.335387816795936 0.03184993450458233 0.031757354736328125
0 0.5832785092867337 0.35747095254751354 0.026440547062800482 0.026324345515324518
0 0.4435863494873047 0.6322288513183594 0.030022034278282754 0.02982477041391226
0 0.6167954664963943 0.11996554411374606 0.019715235783503607 0.019549113053541917
0 0.7079720863929162 0.6759795408982497 0.05076731168306791 0.05064113323505108
0 0.8133958669809195 0.2760449923001803 0.0158993647648738 0.016405545748197116
0 0.59203551365779 0.6518605305598333 0.023222996638371393 0.02333993178147536
0 0.6997806108914889 0.3247844989483173 0.019425465510441706 0.01950491391695463
0 0.8064831953782302 0.42380464993990385 0.025439335749699518 0.025390184842623197
0 0.4342036614051232 0.6462572537935697 0.017911470853365384 0.017811995286207933
0 0.216675538283128 0.5963976199810321 0.01774897942176232 0.0175018310546875
0 0.5490987117473896 0.15195088203136736 0.017954606276292067 0.01775842446547288
0 0.30808386435875523 0.0919184501354511 0.018381779010479268 0.017792903459989108
0 0.2945950214679425 0.014026358723640442 0.02664463336651142 0.026240346523431633
0 0.6892872590285081 0.2330753253056453 0.03251868027907152 0.033487173227163464
0 0.223268802349384 0.7178393143873948 0.03092340322641226 0.030698336087740384
0 0.27949657806983363 0.15680382801936224 0.02208434618436373 0.02229419121375451
0 0.4760795006385216 0.7886081842275766 0.01705345740685096 0.017123002272385817
0 0.589935669532189 0.27186914590688854 0.016350305997408353 0.01671578333928035
0 0.7722675616924579 0.7882895836463342 0.015500875619741587 0.0153045654296875
0 0.3592835206251878 0.014004695873994093 0.018166468693659857 0.017983560378734883
0 0.6226302660428561 0.7493092463566706 0.04072115971491887 0.04092113788311298
0 0.6893451397235577 0.3912692070007324 0.016995650071364183 0.01706416790301983
0 0.3216089101938101 0.06300730888660137 0.01695676950307993 0.016991963753333457
0 0.7999740013709435 0.4406535808856671 0.04749914316030649 0.055595691387469955
0 0.46424341201782227 0.2175729091350849 0.015541443457970252 0.015494126539963942
0 0.5784404827998235 0.7836149655855619 0.016460932218111478 0.01666406484750601
0 0.72919067969689 0.7488314555241511 0.015278889582707332 0.015176186194786659
0 0.3817935356727013 0.9834863956157978 0.051985667302058294 0.03051596421461839
0 0.6672534209031326 0.7724682000967172 0.015215653639573317 0.014986478365384616
0 0.5169980709369366 0.9263874934269831 0.06325149536132812 0.06319280771108773
0 0.1833337270296537 0.8204486553485577 0.024222850799560547 0.024691948523888223
0 0.7206618235661433 0.45718083014855015 0.037044671865609974 0.03696940495417668
0 0.741005384005033 0.6732777815598708 0.016207181490384616 0.0159451411320613
0 0.6178651222815881 0.7164466564471905 0.018099564772385817 0.018176739032451924
0 0.7656149497398963 0.2595206774198092 0.014330643873948317 0.013865140768197866
0 0.23157954216003418 0.6499928694504958 0.0147706545316256 0.014719449556790866
