0 0.17293820014366737 0.4314452318044809 0.045986358936016374 0.045777467580942005
0 0.37619436704195464 0.6149780566875751 0.02753316439115084 0.0275875971867488
0 0.6087465286254883 0.16436272401076096 0.03280478257399339 0.0324702262878418
0 0.4484747373140775 0.29607569254361665 0.023374117337740384 0.023765013768122747
0 0.8445072174072266 0.34839131281926083 0.032472463754507214 0.03311861478365385
0 0.3241991629967323 0.5453632794893705 0.022491014920748197 0.022743811974158652
0 0.7871510432316706 0.016143785073206976 0.029079437255859375 0.028999920074756328
0 0.5994860575749323 0.8617638808030349 0.018576768728402946 0.018475165733924277
0 0.2828017748319186 0.4985957512488732 0.030925824091984674 0.030771695650540866
0 0.45202005826509917 0.2652766154362605 0.018913415762094352 0.01869539114145132
0 0.189451841207651 0.6052700923039362 0.025661395146296576 0.025612317598783053
0 0.2205481345836933 0.3882044278658353 0.03541774016160231 0.035268196692833535
0 0.7464020802424505 0.07403743267059326 0.017360540536733773 0.017258258966299202
0 0.17330274215111366 0.37386226654052734 0.02572353069598858 0.025934806236853965
0 0.43213393138005185 0.058145834849430963 0.018784302931565505 0.018763982332669772
0 0.18323667232806867 0.95495788867657 0.04730297968937801 0.04711209810697115
0 0.33179341829740083 0.12138076928945687 0.017831802368164062 0.017845740685096152
0 0.15510225296020508 0.14106650535876936 0.019157849825345553 0.019005683752206657
0 0.18193472348726714 0.34706805302546573 0.027802173907940205 0.027729327862079326
0 0.3188556157625638 0.9263476591843826 0.03120723137488732 0.03113394517164964
0 0.5178735439593976 0.19937856380756086 0.026767437274639424 0.026711243849534255
0 0.1512487118060772 0.51269898047814 0.028397303361159105 0.036920400766225964
0 0.160250003521259 0.6079282760620117 0.02579942116370568 0.025630364051231973
0 0.5553023264958308 0.3473354486318735 0.01715396000788762 0.016978337214543268
0 0.14493843225332406 0.3891458878150353 0.0195771364065317 0.021585831275353067
0 0.4192776313194862 0.2743232066814716 0.016794864947979268 0.016782687260554388
0 0.5472508943997897 0.28924164405235875 0.017836790818434495 0.017904318295992337
0 0.4463034042945275 0.792118659386268 0.01720589857835036 0.01705316396859976
0 0.4845460011408879 0.12534684401292068 0.02178617624136118 0.021774915548471305
0 0.17061708523676947 0.1514448385972243 0.015925040611853965 0.01613609607403095
0 0.8498221910916842 0.08324064658238338 0.0172576904296875 0.017198819380540114
0 0.7234955567580003 0.034899319593723006 0.022239098182091348 0.022816635095156156
0 0.35447017963115984 0.08543660090519832 0.025037031907301683 0.025205873526059665
0 0.5502823682931753 0.8106621228731595 0.015404040996844951 0.015222549438476562
0 0.6676199986384466 0.47554386579073393 0.015668575580303486 0.0158083989070012
0 0.1502151214159452 0.5467629799476037 0.026209226021399863 0.032692982600285456
0 0.37074063374445987 0.27887245324941784 0.34771178318903995 0.34857874650221604
0 0.3091999934269832 0.5881745265080378 0.022221858684833232 0.02244259760929988
0 0.3277319027827336 0.9788184532752404 0.05399315173809345 0.03889318612905649
0 0.26996267758882964 0.2508202332716722 0.01527577180128831 0.015067540682279147
0 0.15756051356975848 0.40091811693631685 0.0143433717580942 0.014714387746957632
0 0.23632055062514085 0.8647234990046575 0.0246579463665302 0.025275303767277643
0 0.6314495526827298 0.03549882540336022 0.01872869638296274 0.01907355051774245
0 0.2261195549598107 0.42513209122877854 0.016583736126239482 0.016550504244290866
0 0.3646071507380559 0.4201193589430589 0.018173071054311898 0.01834253164438101
0 0.1723005588238056 0.877506476182204 0.0682901327426617 0.09799854572002704
0 0.14148132617657 0.1595755357008714 0.011409392723670373 0.01627644208761362
0 0.5496066166804388 0.03868138331633348 0.05211654076209435 0.052700583751385026
0 0.5056597269498385 0.09814906120300293 0.01827261998103215 0.018360431377704326
0 0.2704889407524696 0.43714604010948765 0.014868662907527043 0.014683063213641826
0 0.5814782289358286 0.16746983161339393 0.020508472736065205 0.02041207827054537
0 0.30173349380493164 0.45413607817429763 0.062061309814453125 0.06069403428297777
0 0.194520326761099 0.37886703931368315 0.020591148963341348 0.020964769216684196
