0 0.2938701372880202 0.07670495143303505 0.0716097538287823 0.07087265528165378
0 0.10694648669316219 0.8026573474590595 0.018828061910775993 0.018800735473632812
0 0.02686175016256479 0.3339074941781851 0.027482913090632513 0.027431341317983773
0 0.35632973450880784 0.7143037502582257 0.03804969787597656 0.03835854163536659
0 0.1384008114154522 0.8838907388540415 0.0308990111717811 0.031196007361778848
0 0.20558467278113732 0.8027081122765174 0.023932823768028848 0.02396568885216346
0 0.1288308180295504 0.8332337599534255 0.03134371684147762 0.03155840360201322
0 0.5576620835524339 0.23862633338341346 0.022411346435546875 0.02271380791297326
0 0.10808915358323318 0.7055939160860502 0.03453500454242413 0.03470010023850661
0 0.12453664266146146 0.9067655710073618 0.016754517188439004 0.016835726224459134
0 0.11053690543541542 0.766325437105619 0.08878487807053786 0.08823394775390625
0 0.49895084821260893 0.2901332928584172 0.017257323631873496 0.017286227299616888
0 0.11542129516601562 0.752196532029372 0.01703497079702524 0.017803779015174277
0 0.5435315278860239 0.9443184045644907 0.020055770874023438 0.020161848801832933
0 0.24401096197275016 0.9612516256479117 0.014897419856144832 0.014624375563401442
0 0.38031977873582107 0.8766266749455378 0.022864488454965446 0.0227810786320613
0 0.26178444348848784 0.7813981129572942 0.018146588252140924 0.018000382643479567
0 0.8319432185246394 0.17486953735351562 0.016599655151367188 0.016484480637770433
0 0.5831403732299805 0.4650171720064603 0.015647227947528545 0.015739587637094352
0 0.08617797264685997 0.7870470193716196 0.015475089733417217 0.015487084021935096
0 0.9237934992863581 0.7287571246807392 0.0557092519906851 0.055084228515625
0 0.029404761699529793 0.1461018415597769 0.023704139085916374 0.023946578686053935
0 0.258052789247953 0.5166489527775691 0.015287289252647987 0.015200321490948018
0 0.6209090306208684 0.8489886063795823 0.028380430661714993 0.02916878920335036
0 0.39480873254629284 0.987820918743427 0.01964150942288912 0.018879083486703727
0 0.10053209158090445 0.7357424222506009 0.025934439439039964 0.02555362994854267
0 0.09865351823660043 0.9417734879713792 0.02570625451894907 0.02564576955942007
0 0.01406894509608929 0.4368437987107497 0.015733631757589486 0.01829044635479267
0 0.014288321137428284 0.24116864571204552 0.016059263394429132 0.0188443110539363
0 0.41020496074969953 0.6941387469951923 0.08072853088378906 0.07935832096980168
