0 0.3811231759878305 0.9146252412062424 0.1737975340623122 0.16651138892540565
0 0.07712999673990104 0.5472780007582444 0.15402942437392014 0.190215697655311
0 0.4577074417701134 0.15169954299926758 0.12090404217059796 0.1212913439824031
0 0.5106653800377479 0.2575646180372972 0.12632509378286508 0.12584788982684797
0 0.7233536060039814 0.8106252963726337 0.20513197091909555 0.2088755094088041
0 0.5773678559523362 0.61306487596952 0.07503949678861178 0.07536836770864633
0 0.9100550138033353 0.48827516115628755 0.0652609605055589 0.06465376340425931
0 0.2722315421471229 0.9740168498112605 0.058746154491718 0.04624513479379507
0 0.7073638622577374 0.5095461331881009 0.08475288977989784 0.08336925506591797
0 0.2656349769005409 0.3263536599966196 0.0675506591796875 0.06763634314903846
0 0.29013657569885254 0.6876776768611028 0.061969060164231524 0.06276996319110577
0 0.1951440664438101 0.6538991194504958 0.028437981238731973 0.02840086129995493
0 0.37926915975717396 0.21042559697077826 0.09010138878455529 0.09015743549053486
0 0.8000406118539664 0.9595596606914814 0.05435723524827223 0.05436207697941707
0 0.6932521233191857 0.5994699918306791 0.053246571467472956 0.05300551194411058
0 0.9132474752572867 0.8201139890230619 0.02100196251502404 0.020860671997070312
0 0.6223586155818059 0.7126598358154297 0.024309745201697715 0.023750892052283652
0 0.5769486060509315 0.6937558834369366 0.03646278381347656 0.036891790536733776
0 0.7461304297814002 0.13564186829787034 0.04183461115910457 0.041828852433424726
0 0.25063164417560285 0.7726066295917218 0.033644639528714694 0.033595892099233776
0 0.8431039223304162 0.7062050746037409 0.031491646399864785 0.03175852848933293
0 0.3667515241182767 0.29543179732102615 0.04260752751277043 0.04257803696852464
0 0.3098006615271935 0.2276312754704402 0.04894256591796875 0.048850719745342545
0 0.9842470609224759 0.8022025181696966 0.031320425180288464 0.03522021953876202
0 0.2954986645625188 0.05555473841153658 0.10876545539269081 0.10640226877652682
0 0.8759998908409705 0.02500208753805894 0.051348172701322116 0.048342691018031195
0 0.7706559254572942 0.5699874437772311 0.019676355215219352 0.019778618445763223
0 0.9053343992966872 0.4183258276719313 0.04926505455603966 0.0494385499220628
0 0.2366943542773907 0.6518766696636493 0.03259603793804462 0.03233968294583834
0 0.46708062978891224 0.838096912090595 0.03155356187086839 0.03172977154071514
0 0.40421045743502104 0.7405574505145733 0.05014478243314303 0.04972487229567308
0 0.8740780903742864 0.2859686337984525 0.0616612067589393 0.062451876126802884
0 0.7200836768517127 0.22226874644939715 0.028729658860426683 0.028842742626483623
0 0.738406254695012 0.30266510523282564 0.018991910494290866 0.01909039570735051
0 0.8127373915452224 0.5089775965763972 0.034445542555588946 0.03456599895770733
0 0.9249679858867939 0.7269282707801232 0.045317429762620196 0.04565092233511118
0 0.26323547730079067 0.17505682431734526 0.02004392330463116 0.020094798161433294
0 0.7409734725952148 0.6467833885779748 0.06474773700420673 0.064635680272029
0 0.6337680083054763 0.17990743196927583 0.047181349534254804 0.04713029127854567
0 0.40870871910682094 0.622672594510592 0.05205697279710036 0.0518804696890024
0 0.6889207546527569 0.1904443594125601 0.06435218224158654 0.06506861173189603
0 0.07971741602971004 0.8256731033325195 0.03160208463668823 0.031383514404296875
0 0.9618704869196966 0.17632605479313776 0.07531532874474159 0.09588395632230319
0 0.5223024808443509 0.6329791729266827 0.05419833843524639 0.055391164926382214
0 0.604866834787222 0.7580410883976862 0.04241092388446514 0.042183215801532455
0 0.8487160022442157 0.7662134904127854 0.017642094538762018 0.017710172213040866
0 0.46036815643310547 0.30681426708514875 0.018192144540640023 0.018455065213716947
0 0.4877018561730018 0.8759871262770432 0.04182155315692608 0.04180350670447716
0 0.8380169501671424 0.06000864505767822 0.05861194317157452 0.059686679106492266
0 0.46628541212815505 0.8002243041992188 0.03628899500920223 0.036314890934870794
0 0.02572997946005601 0.20593984310443586 0.05136197805404663 0.05649163172795223
0 0.3670467963585487 0.8885948474590595 0.040420825664813705 0.03949590829702524
0 0.9868472172663763 0.2550385365119347 0.026076390193058893 0.03654014147244967
0 0.06081205606460571 0.7102809319129357 0.033900875311631426 0.03382668128380409
0 0.7104381414560171 0.07213469193531917 0.03285774817833534 0.03276671813084529
0 0.11810999650221604 0.7320531698373648 0.034978243020864636 0.03466928922213041
0 0.4391107192406288 0.7076275165264423 0.0273129389836238 0.027361062856820915
0 0.5480587299053485 0.8805877245389498 0.026422647329477165 0.02679927532489483
0 0.5965318313011756 0.3170112463144156 0.026397264920748197 0.027000280526968148
0 0.6323971381554236 0.9018650054931641 0.03585723730233999 0.03527567936823918
0 0.7787168942964994 0.2514982590308556 0.0597375723031851 0.059514339153583236
0 0.5652066010695237 0.34185343522291917 0.021494058462289665 0.021521935096153848
0 0.3568871571467473 0.7967910766601562 0.03817206162672777 0.03751094524676983
0 0.4201083550086388 0.5665486409113958 0.04197370089017428 0.042832594651442304
0 0.5051103371840256 0.07274702879098746 0.016234617966871995 0.016715324842012845
0 0.8277945885291467 0.6827090336726263 0.021712376521183893 0.021885505089393027
0 0.8442709996150091 0.15135034231039193 0.03279583270733173 0.033084484247060925
0 0.5480426641610953 0.674132567185622 0.044444964482234076 0.04477779681865986
0 0.6156246478740985 0.2301904971782978 0.040974983802208535 0.040651688208946817
0 0.6020347888653095 0.9725829637967623 0.021193577693058893 0.020992279052734375
0 0.36830634337205154 0.5964959217951848 0.02967489682711088 0.029789117666391227
0 0.4368115938626803 0.8251470419076773 0.033344268798828125 0.034304105318509616
0 0.3365928943340595 0.3882347253652719 0.021131222064678486 0.02125725379356971
0 0.18805997188274676 0.7050870748666617 0.019537008725679837 0.019490755521334134
0 0.20459197117732122 0.8775920867919922 0.02241373062133789 0.022757897010216348
0 0.9336060744065505 0.316989751962515 0.03210155780498798 0.03235046680157001
0 0.6213788986206055 0.9239235657912034 0.03336348900428185 0.0335241464468149
0 0.5380355761601374 0.03588736745027395 0.014921188354492188 0.014698509986584004
0 0.35773431337796724 0.1048357761823214 0.06109809875488281 0.0593263185941256
0 0.8696352151724008 0.972970228928786 0.014188619760366587 0.014351477989783654
0 0.9797784365140475 0.40129335110004133 0.040073394775390625 0.04742981837346004
0 0.9917380993182843 0.7643332848182092 0.016340989332932692 0.048037015474759616
0 0.8176800654484675 0.11001488795647255 0.03693067110501803 0.03596344360938439
0 0.48174410599928635 0.6378589043250451 0.03277045029860277 0.03419142503004808
0 0.9268379211425781 0.5738089268024151 0.026646540715144232 0.026551320002629206
0 0.005563448254878704 0.7258468774648813 0.011140667475186862 0.017015750591571514
0 0.13147057019747221 0.864266615647536 0.04135764562166654 0.04160015399639423
0 0.49299951700063854 0.9684581756591797 0.06681368901179387 0.058494861309344955
0 0.4844379791846642 0.6458444595336914 0.021373602060171273 0.02135951702411358
0 0.7933982702401968 0.21480431923499474 0.13745660048264724 0.13793299748347357
0 0.7587983791644757 0.44302911024827224 0.06928238501915565 0.07072991591233474
0 0.8312706580528846 0.3398387615497296 0.014639340914212741 0.014722237220177284
0 0.5010736905611478 0.0773021808037391 0.0892791748046875 0.0873251328101525
0 0.29283571243286133 0.17481719530545747 0.02976813683143029 0.029895268953763522
0 0.38082555624154896 0.34289660820594203 0.015138185941256009 0.01543441185584435
0 0.06420450027172382 0.792170524597168 0.015415338369516226 0.015458033635066105
0 0.9588975172776443 0.46775150299072266 0.08388489943284255 0.08523823664738582
0 0.3609021993783804 0.7967121417705829 0.044907789963942304 0.04502047025240385
0 0.369114142197829 0.36440255091740537 0.038102370042067304 0.0383296379676232
0 0.13694839294140154 0.8868788205660306 0.04332914719214806 0.042609875018780045
0 0.9496963941133939 0.7212552290696365 0.021521348219651442 0.021435664250300482
0 0.17288978283221906 0.6966587946965144 0.01884805239163912 0.0192868159367488
0 0.5819869408240685 0.863045912522536 0.025696240938626803 0.02514501718374399
0 0.47792768478393555 0.6005284602825458 0.029027278606708232 0.029097336989182692
0 0.3428509418780987 0.12425378652719352 0.09906504704402043 0.09859881034264198
0 0.9223439876849835 0.23143957211421087 0.01742098881648137 0.017535833212045524
