0 0.10278818240532508 0.2506347436171312 0.19835950778080866 0.2669516343336839
0 0.709582255436824 0.7093243232140174 0.08739295372596154 0.0874795180100661
0 0.7267566094031701 0.8064918518066406 0.03145129864032452 0.031436920166015625
0 0.06208151578903198 0.0924082352564885 0.028797562305743877 0.028719498560978815
0 0.9219958965594952 0.5696358313927283 0.04616810725285457 0.045675424429086536
0 0.7086513225848858 0.33167072442861706 0.026076096754807692 0.02601777590238131
0 0.7873810254610502 0.42444735306959885 0.026014328002929688 0.026161634005033053
0 0.6515860190758338 0.7972585237943209 0.018356469961313102 0.01853311978853666
0 0.967554679283729 0.6588243337777945 0.02108148428109976 0.02098817091721755
0 0.9827007880577674 0.26119107466477615 0.01723656287560096 0.021378297072190505
0 0.19494852652916542 0.25667443642249477 0.02634275876558744 0.026597976684570312
0 0.975988167982835 0.1492219062951895 0.02998175987830529 0.030915608772864707
0 0.9125461578369141 0.7436451545128455 0.01804205087515024 0.017879486083984375
0 0.8539302532489483 0.9459505081176758 0.023035489595853366 0.022835951585036058
0 0.6775385049673227 0.22266708887540376 0.021726168118990384 0.021980725801908053
0 0.8128392879779522 0.022798302081915047 0.028222010685847357 0.028142209236438457
0 0.49659175139207107 0.03172061764276945 0.03503990173339844 0.03506679259813749
0 0.1208343872657189 0.5868746684147761 0.018961502955510065 0.01894804147573618
0 0.4590485646174504 0.15452306087200457 0.01801432096041166 0.01821147478543795
0 0.5780942623431866 0.9096275476308969 0.02132269052358774 0.021294373732346755
0 0.27243581184974086 0.3073760179372934 0.018733684833233174 0.019070185147798978
0 0.5547499289879432 0.4554157623877892 0.017340586735652044 0.017301412729116585
0 0.29839312113248384 0.05694761643042931 0.019614182985745944 0.019680078213031475
0 0.9726782578688401 0.11136308083167443 0.024794358473557692 0.024898602412297174
0 0.9048307858980619 0.7719568839439979 0.018061711237980768 0.01795035142164964
0 0.8668014819805439 0.37908267974853516 0.017858358529897835 0.01790310786320613
0 0.21374768477219802 0.0447843074798584 0.03733979738675631 0.03714206585517296
0 0.8833844111515925 0.8273038130540115 0.035796092106745794 0.03564995985764723
0 0.4570060143103966 0.8299232629629282 0.01701222933255709 0.01702279310960036
0 0.49337181678185094 0.18314394584068885 0.029036595271183893 0.029241048372708835
0 0.4069011394794171 0.92323061136099 0.02718353271484375 0.027130273672250602
0 0.8600215911865234 0.5314114643977239 0.017782944899338942 0.017660140991210938
0 0.9676741086519681 0.8059513385479267 0.021100851205679085 0.021204434908353366
0 0.8402990194467398 0.5270214080810547 0.019199371337890625 0.01914559877835787
0 0.6145651157085712 0.3561573028564453 0.01622596153846154 0.016267923208383415
0 0.7417899645291842 0.28918009537916917 0.021276473999023438 0.021437975076528695
0 0.9471071683443509 0.4857047154353215 0.035064403827373795 0.03501319885253906
0 0.6699486512404221 0.7788806328406701 0.03084432161771334 0.030611038208007812
0 0.15339887142181396 0.018695049560987033 0.03174772629371056 0.03210511115881113
0 0.9217887291541467 0.6510947300837591 0.015995905949519232 0.0158535883976863
0 0.7143871600811298 0.5669306241548978 0.01876068115234375 0.01908698448768029
0 0.3083222829378568 0.8038460658146784 0.01988704387958233 0.02003302940955529
0 0.34236772243793195 0.8428105574387771 0.015542397132286659 0.01555926983173077
0 0.9182743659386268 0.46953560755803037 0.023459507868840143 0.02351834223820613
0 0.982695799607497 0.7775096893310547 0.013386066143329326 0.017758882962740384
0 0.9411979822012094 0.5203984700716459 0.05733416630671574 0.05786917759821965
0 0.1593640034015362 0.8974095858060397 0.03417659722841703 0.03412980299729567
0 0.8093072451077975 0.8582053551307092 0.02290960458608774 0.023188664362980768
0 0.19498762717613807 0.2219259922321026 0.025288875286395732 0.02496161827674279
0 0.9749807944664588 0.7360588954045222 0.016910552978515625 0.016707493708683893
0 0.581128193781926 0.8163582728459284 0.02422354771540715 0.02452820997971755
0 0.21840306428762582 0.34543514251708984 0.016539353590745192 0.016429901123046875
0 0.9151109548715445 0.9097476372352014 0.01727881798377404 0.017649137056790866
0 0.9338844739473783 0.9685994661771334 0.03090535677396334 0.030703911414513223
0 0.3543608005230243 0.6297929470355694 0.038395001338078424 0.03893602811373197
0 0.8791348383976862 0.5519558466397799 0.029914269080528848 0.02981105217566857
0 0.3595783527080829 0.5416661409231333 0.019823661217322715 0.019637914804311898
0 0.29230517607468826 0.6152750895573542 0.09019140096811148 0.08885735731858474
0 0.48080048194298375 0.38827239550077 0.024702072143554688 0.024649766775277946
0 0.8042056010319636 0.39306127108060396 0.02379123981182392 0.023862692025991585
0 0.972017948444073 0.20986667046180138 0.01779967087965745 0.017561949216402493
0 0.9730570866511419 0.9611709301288311 0.01576819786658654 0.015875889704777643
0 0.8869769023014948 0.4101409912109375 0.01984376173753005 0.01972829378568209
0 0.9750216557429388 0.02898608262722309 0.018169109637920674 0.018378303601191595
0 0.9657146747295673 0.9001520597017728 0.01583554194523738 0.01574530968299279
0 0.6357018397404597 0.8583624913142278 0.02503175001878005 0.025188739483173076
0 0.36026554841261643 0.18867826461791992 0.02070771730863131 0.020595843975360576
0 0.9262564732478216 0.04605029179499699 0.015377631554236779 0.015236361668660091
0 0.4257308519803561 0.2540306311387282 0.0158688471867488 0.016149227435772236
0 0.08258722378657414 0.768716445335975 0.01823213008733896 0.018294114332932692
0 0.9233769636887771 0.6815867790809045 0.014938061053936299 0.014966818002554087
0 0.3367021634028508 0.710722409761869 0.0988007325392503 0.09824518057016227
0 0.4555516976576585 0.9597998399000901 0.048865171579214245 0.048591907207782455
0 0.5440459618201623 0.3947734832763672 0.07941554142878605 0.07978747441218449
0 0.9390612382155198 0.6658039093017578 0.015013768122746395 0.014691866361177884
0 0.7524416996882513 0.1355020266312819 0.07604188185471755 0.07467192869919997
0 0.8983375842754657 0.21076580194326547 0.015682513897235576 0.01553792219895583
0 0.4299127138577975 0.6065365717961237 0.0584410887498122 0.05882468590369591
0 0.970724839430589 0.4237676767202524 0.015181908240685096 0.015597123366135817
0 0.5315204033484826 0.8630251517662635 0.028413038987379808 0.028757828932542067
0 0.6683977567232572 0.3857122567983774 0.014851790208082933 0.014436281644381009
0 0.5177931418785682 0.21175241470336914 0.022603695209209736 0.0218199583200308
0 0.9262203803429236 0.8402730501615084 0.020111670860877402 0.02045411330003005
0 0.3327358686006986 0.5240112451406626 0.015572767991286058 0.016021875234750602
0 0.4303148709810697 0.009275378516087165 0.03030703617976262 0.018083303020550653
0 0.12413191795349121 0.6656018770658053 0.014777110173152043 0.014676607572115384
0 0.8461950008685772 0.41970447393564075 0.017165404099684495 0.01705022958608774
0 0.49871275975153995 0.5192809471717248 0.014003460223858174 0.013901050274188701
0 0.13629980270679182 0.6596849881685697 0.017262917298537035 0.017413212702824518
0 0.28374417011554426 0.25205225210923415 0.014676057375394382 0.014513969421386719
0 0.907562989455003 0.15209761032691368 0.08172137920673077 0.08172038885263297
0 0.2608371697939359 0.7908527667705829 0.01909505403958834 0.019172081580528848
0 0.6856852311354417 0.5302845881535456 0.017413799579326924 0.01776577876164363
0 0.7425294289222131 0.04441171426039476 0.01932863088754507 0.01935692704640902
0 0.38500807835505557 0.8154359964224008 0.018498053917518027 0.018611027644230768
0 0.9100755544809195 0.8250616513765775 0.017470433161808893 0.017580179067758415
0 0.6785232837383564 0.5005452082707331 0.021464714637169473 0.02184442373422476
0 0.4732057864849384 0.12460672855377197 0.07138252258300781 0.0733936933370737
0 0.9160286830021784 0.13733684099637544 0.014262566199669471 0.014237367189847507
0 0.7111966793353741 0.5876954885629507 0.02010008004995493 0.02024951347937951
0 0.39986140911395734 0.2785806472484882 0.014915026151216947 0.01471853256225586
0 0.4197795574481671 0.5199341407189002 0.01385806157038762 0.013403819157527043
0 0.9771269284761869 0.6051635008591872 0.017201350285456732 0.017243311955378607
0 0.9394989747267503 0.7797608008751502 0.015793726994441107 0.015666961669921875
0 0.3345926358149602 0.32836129115178037 0.027881769033578727 0.02746728750375601
0 0.8723926544189453 0.11435943383436936 0.015239422137920674 0.01528008167560284
0 0.1676951004908635 0.5757264357346755 0.058621699993426986 0.058423555814302884
0 0.5998088763310359 0.1687499193044809 0.020601932819073018 0.020847100477952223
0 0.12459942927727333 0.8977012634277344 0.0183560664837177 0.018352801983173076
0 0.27633997110220104 0.6394280653733474 0.10654376103327824 0.1040650881253756
0 0.6239838233360877 0.7552851163423978 0.02719541696401743 0.027699103722205527
0 0.20144431407635027 0.20484407131488508 0.018179049858680137 0.018646827110877402
0 0.35631407224214995 0.18527801220233625 0.028059665973369893 0.02793752230130709
0 0.5678159273587741 0.5648344480074369 0.01583407475398137 0.016001774714543268
0 0.9850972982553335 0.24276243723355806 0.012804324810321514 0.015881868509145882
