0 0.45322667635404146 0.9487118354210486 0.06552300086388221 0.06553151057316707
0 0.3898497728201059 0.4364524254432091 0.07889439509465145 0.07955712538499099
0 0.377325571500338 0.9738848025982196 0.04852559016301082 0.04814632122333233
0 0.8132091668935922 0.18630379896897536 0.03931206923264723 0.03930928156926082
0 0.2572305385883038 0.7692595995389498 0.030117254990797777 0.030063629150390625
0 0.11593893858102652 0.8475418090820312 0.12806158799391526 0.1337720430814303
0 0.2906016203073355 0.925545912522536 0.08650390918438251 0.08752646813025841
0 0.5286432412954477 0.7077617645263672 0.020208138685960036 0.020140721247746393
0 0.3243748958294208 0.09174931966341458 0.02998696840726412 0.0300483382665194
0 0.273849579004141 0.03617321527921236 0.03732171425452599 0.03763863673576942
0 0.9252887872549204 0.612276187309852 0.027449827927809495 0.02763256659874549
0 0.12498949124262883 0.42945722433236927 0.020415782928466797 0.020517495962289665
0 0.29596548814039964 0.9882200681246244 0.02852483896108774 0.019941183236929085
0 0.7132541949932392 0.9897921635554388 0.01848572951096755 0.015460968017578125
0 0.19855944926922137 0.8739042282104492 0.02624346659733699 0.026204329270582933
0 0.6592766688420222 0.061039117666391224 0.026136251596304085 0.026224631529587965
0 0.3301913554851825 0.13524038975055402 0.0727070294893705 0.07245533282940204
0 0.7618879905113807 0.5161037445068359 0.03484667264498197 0.03518977532019982
0 0.06435058667109562 0.09743635471050556 0.03336086639991173 0.04348410092867338
0 0.7131035878108098 0.588228335747352 0.017575924213115986 0.017520977900578424
0 0.4646789844219501 0.875079448406513 0.0655813950758714 0.06680473914513221
0 0.5529244496272161 0.8900068723238431 0.04476312490609976 0.04458706195537861
0 0.723440903883714 0.48596569207998425 0.04963185237004207 0.050362733694223255
0 0.3319505544809195 0.7009158501258264 0.08635572286752555 0.08651351928710938
0 0.5635142693152795 0.7384152045616736 0.23403138380784255 0.24129280677208534
0 0.6228224680973933 0.6057431881244366 0.08021251971905048 0.07806645906888522
0 0.1456543207168579 0.4745265520535983 0.02152224687429575 0.02147073012131911
0 0.08434482721182016 0.41761247928325945 0.021012232853816107 0.02087512383094201
0 0.7499250265268179 0.6131095886230469 0.016910846416766826 0.01662313021146334
0 0.2742888010465182 0.738062858581543 0.0473780265221229 0.04693339421198918
0 0.08518125460698055 0.8867343022273138 0.051225520097292386 0.050817049466646634
0 0.2145214814406175 0.8461146721473107 0.03146494351900541 0.03156075110802284
0 0.6607620532696064 0.5492141430194561 0.06770089956430289 0.06827691885141227
0 0.4293098816504845 0.18068225567157453 0.021848311791053183 0.021639090317946214
0 0.08956368152911846 0.9896466915424054 0.024693819192739632 0.018252152663010817
0 0.7326868497408353 0.6784116304837741 0.019498091477614183 0.019551497239332933
0 0.6139409725482647 0.8101253509521484 0.030166479257436898 0.0303494380070613
0 0.24719528051523063 0.1865517909710224 0.05519734896146334 0.05638694763183594
0 0.08557291214282696 0.6637309147761419 0.017309170502882738 0.017728218665489785
0 0.8989018660325271 0.19487283780024603 0.0189822270320012 0.018780341515174277
0 0.22217662517841047 0.024756745650218084 0.02150282493004432 0.021420937318068285
0 0.6139501791733962 0.5628012510446402 0.04129871955284706 0.04097791818472055
0 0.4001455307006836 0.9260752751277044 0.05778312683105469 0.057717543381911054
0 0.6708850127000076 0.14001877491290754 0.016979217529296875 0.016766914954552285
0 0.6601761304415189 0.645447510939378 0.019329951359675482 0.019243680513822116
0 0.6122078528771033 0.5399413842421311 0.03545849139873798 0.035378529475285456
0 0.2716842247889592 0.40591999200674206 0.08594846725463867 0.08565829350398137
0 0.19530683297377366 0.3501414519089919 0.03087458243736854 0.030644783606896035
0 0.25907239547142613 0.09056874421926644 0.2622529176565317 0.1793971795302171
0 0.745605101952186 0.03433343768119812 0.08114213209885818 0.06654092440238366
0 0.12975113208477312 0.4120168319115272 0.16227260002723107 0.21905114100529596
0 0.5355374262883112 0.9339380997877854 0.01649313706618089 0.016364170954777643
0 0.8999013900756836 0.6687630139864408 0.014096480149489183 0.014726492074819712
0 0.7156979487492487 0.9459825662466196 0.030549269456129808 0.030324789193960335
0 0.9086074829101562 0.6462258559006911 0.014442737285907451 0.014824940608097957
0 0.22907455150897688 0.07439501468951885 0.018826631399301384 0.01916085756742037
0 0.3227547865647536 0.9873652824988732 0.026329920842097357 0.020819737361027643
0 0.09356955381540152 0.9608730903038611 0.015125678135798527 0.01503460223858173
0 0.480563970712515 0.9804060275738056 0.03082128671499399 0.03015723595252404
0 0.8650006514329177 0.6068161084101751 0.016197791466346152 0.016286483177771933
0 0.36522590197049654 0.3581691521864671 0.03380107879638672 0.03389409872201773
0 0.5510652248676007 0.038439883635594294 0.07175474900465745 0.06759080520043007
0 0.5229554543128381 0.9140338897705078 0.016202486478365384 0.016025543212890625
0 0.14368535005129301 0.3021492591271034 0.04613493039057805 0.04697227478027344
0 0.9049992194542518 0.7142683909489558 0.03434283916766827 0.03404587965745192
0 0.4819314663226788 0.08964441372798039 0.016938502971942607 0.016859898200401895
0 0.8646577688363882 0.5183336918170636 0.08619895348182091 0.08629417419433594
0 0.29103810970599836 0.20577027247502253 0.03632141993596004 0.0360411130464994
0 0.6996876643254206 0.43999569232647234 0.042243664081280045 0.04210743537315956
0 0.2818296872652494 0.0989906512773954 0.02719006171593299 0.028083086013793945
0 0.511977379138653 0.48993440774770886 0.03184663332425631 0.03195351820725661
0 0.8093928557175857 0.6514809681819036 0.027978163499098558 0.027673868032602165
0 0.08186152348151574 0.1469558569101187 0.055621128815871015 0.05564117431640625
0 0.18146617595966047 0.28556381739102876 0.01972499260535607 0.019755730262169473
0 0.8596644768348107 0.8105702767005334 0.02332129845252404 0.02312440138596755
0 0.9054153148944561 0.6514399601862981 0.08490577110877404 0.08623093825120193
0 0.3092038081242488 0.6915627993070163 0.04776105513939491 0.048523242657001205
0 0.257932919722337 0.5748464877788837 0.10327573922964242 0.10547329829289363
0 0.6127873200636643 0.5467333426842322 0.04414675785945012 0.044676560621995196
0 0.7837082789494441 0.16691295917217547 0.03526746309720553 0.03547726227686955
0 0.18376392584580642 0.31786540838388294 0.0190121210538424 0.01871072329007662
0 0.5217215464665339 0.8659604879525992 0.04497806842510517 0.04526050274188702
