0 0.33552382542536807 0.9266457190880408 0.1934943565955529 0.1434763394869291
0 0.6234620901254507 0.8742619294386643 0.07782187828650841 0.0775448725773738
0 0.5069707356966459 0.12243344233586238 0.06179391420804537 0.06200067813579853
0 0.4564552307128906 0.42771310072678786 0.05936021071213942 0.05926190889798678
0 0.6451192268958459 0.39801883697509766 0.047825006338266224 0.04770454993614784
0 0.6061973938575158 0.10886560953580417 0.04920526651235727 0.04914731245774489
0 0.24402939356290376 0.1533663272857666 0.07631133152888371 0.07677536744337815
0 0.5388284829946665 0.641356321481558 0.10178316556490384 0.10163336533766526
0 0.23062474911029524 0.7312972729022686 0.08751854529747596 0.08702146089993991
0 0.6249526830819937 0.48415246376624477 0.0288540766789363 0.028895011314978965
0 0.42888641357421875 0.8558652584369366 0.044470053452711836 0.045031180748572715
0 0.3865687663738544 0.5473501498882587 0.02196216583251953 0.021817574134239785
0 0.5087154828585111 0.03397915913508488 0.03445155803973858 0.03481192772205059
0 0.5749466235821064 0.4626625501192533 0.02298604525052584 0.023055443396935098
0 0.5061293015113244 0.7242389092078576 0.032166627737192005 0.03246718186598558
0 0.804839354294997 0.37900198422945464 0.028639866755558893 0.029619436997633714
0 0.45860686668982875 0.23767482317410982 0.022898747370793268 0.022797877971942607
0 0.7265814267672025 0.6596217522254357 0.03124105013333834 0.031067774846003607
0 0.4479246139526367 0.8941780970646784 0.04053658705491286 0.04031049288236178
0 0.7693258432241586 0.6989382230318509 0.09624041043795072 0.13947354830228365
0 0.6825895309448242 0.5098343995901254 0.020598631638746995 0.020401881291316107
0 0.6556314321664664 0.24805692526010367 0.023161961482121393 0.02292214907132662
0 0.3207523272587703 0.20276465782752404 0.03134793501633864 0.03171895100520207
0 0.5412626633277307 0.9025286160982572 0.12130385178786057 0.1223300053523137
0 0.37514044688298154 0.7860075143667368 0.020230733431302585 0.020261030930739183
0 0.7670638744647686 0.7983430715707632 0.07441564706655648 0.0747821514423077
0 0.5508039547846868 0.32998077686016375 0.0189206783588116 0.01877007117638221
0 0.7930321326622596 0.40699283893291766 0.03179462139423077 0.03181677598219652
0 0.47799000373253453 0.9232654571533203 0.03443483205942007 0.03459490262545072
0 0.6464767456054688 0.4908257997952975 0.021678924560546875 0.021845377408541165
0 0.7137849514301007 0.2593221297630897 0.018074769240159255 0.018002950228177585
0 0.7891513384305514 0.13204017052283654 0.06427603501539964 0.06707081427940956
0 0.47158072544978213 0.06948820902751042 0.032777052659254804 0.031972564183748685
0 0.24983611473670372 0.22212923490084135 0.061510672936072715 0.06284684401292068
0 0.44569085194514346 0.126043989108159 0.024979224571814902 0.02470537332388071
0 0.4218086829552284 0.5982752579909104 0.016415229210486777 0.016182899475097656
0 0.8102356837346003 0.33682361015906703 0.018313481257512018 0.018958165095402643
0 0.3650243832514836 0.5755816973172702 0.017517823439378005 0.017487305861253005
0 0.7261070838341346 0.8219146728515625 0.036325894869290866 0.035552685077373795
0 0.5649607731745794 0.38018468710092396 0.019595953134390023 0.019589350773737982
0 0.5083808165330154 0.5179474170391376 0.15640684274526742 0.15442525423490083
0 0.7612125690166767 0.26420292487511265 0.018321110652043268 0.018079024094801683
0 0.2809036878439096 0.8094414197481595 0.09578539774968074 0.0951384030855619
0 0.7690282968374399 0.49142921887911284 0.044984083909254804 0.04453615041879507
0 0.49884664095365083 0.06210463322125948 0.016626504751352165 0.01661959061255822
0 0.30089547083928037 0.019759558714353122 0.016412001389723558 0.01649766701918382
0 0.29796934127807617 0.39998186551607573 0.019440284142127402 0.01948415316068209
0 0.29845606363736665 0.6844797134399414 0.06533325635469876 0.06642092191256009
0 0.723874018742488 0.8966966042151818 0.03754351689265324 0.0377508310171274
0 0.7982397079467773 0.29404082665076625 0.025565367478590745 0.025968624995304987
0 0.7379954411433294 0.3330749731797438 0.02129393357496995 0.021430309002216045
0 0.733516106238732 0.31502716357891375 0.020433572622445915 0.02072629561791053
0 0.7825399545522836 0.45765084486741286 0.021117577185997598 0.021345211909367487
0 0.5500797858605018 0.9873733520507812 0.022659741915189303 0.021173623891977165
0 0.45897395794208234 0.03582120858705961 0.02046056894155649 0.020224644587590143
0 0.640302144564115 0.2215265860924354 0.038332572350135215 0.03847188215989333
0 0.4186653724083534 0.0572738739160391 0.016785548283503607 0.0168456114255465
0 0.7819318771362305 0.3152775764465332 0.016503260685847357 0.016492330110990085
0 0.8079325602604792 0.20745990826533392 0.024942544790414665 0.02966139866755559
0 0.5513676129854642 0.21087983938363883 0.01750916701096755 0.01764847682072566
0 0.5259644801800067 0.25508733896108776 0.041779591487004206 0.042514911064734824
0 0.2733431045825665 0.7495203018188477 0.027605093442476712 0.027505874633789062
0 0.7042738107534555 0.8729076385498047 0.025957841139573317 0.02591529259314904
0 0.7912621864905725 0.9546090639554538 0.0171966552734375 0.01724375211275541
0 0.6868273661686823 0.49109686337984526 0.018371728750375602 0.018490131084735576
0 0.2018265724182129 0.7925770832942083 0.03819850774911734 0.04720511803260216
0 0.79986205467811 0.6133050918579102 0.038276378925030045 0.04171004662146935
0 0.3721638459425706 0.2397897060100849 0.07046347398024339 0.07051152449387771
0 0.7674856919508714 0.6114411720862756 0.020931830772986777 0.020658346322866585
0 0.3938402029184195 0.46465484912578875 0.03013772230881911 0.03057377155010517
0 0.6826620835524339 0.25812970674954927 0.01698890099158654 0.01688495049109826
0 0.7003069657545823 0.038809514962709867 0.07989678016075721 0.07463194773747371
0 0.43318344996525693 0.052978258866530195 0.01681357163649339 0.016999657337482158
0 0.4103103784414438 0.3993402627798227 0.10529107313889724 0.10429455683781551
0 0.21369020755474383 0.847679064824031 0.06193124330960787 0.06520770146296574
0 0.47202510100144607 0.6079714848445013 0.02795256101168119 0.027678269606370192
0 0.6583340718195989 0.946812629699707 0.11126004732572116 0.10199825580303486
0 0.338130730849046 0.42081319368802583 0.016490642841045674 0.016739478478064902
0 0.32639639194195086 0.6661451779879056 0.014643669128417969 0.014718715961162861
0 0.697261223426232 0.2856142337505634 0.022805434006911058 0.022525640634390023
0 0.6711100064791166 0.9582721270047702 0.08479455801156852 0.0769968766432542
0 0.5625896087059608 0.7550704662616436 0.01941233414870042 0.019319974459134616
0 0.2926787596482497 0.3096570601830116 0.030234116774338942 0.029849859384390023
0 0.4152483573326698 0.1337884756234976 0.01476581280048077 0.014714204348050632
0 0.5879077177781326 0.4855632781982422 0.015137452345628005 0.015181688161996694
0 0.2505620626302866 0.3956675896277794 0.0649863023024339 0.06585928109975961
0 0.6586117377647986 0.3431525230407715 0.017798497126652643 0.017476595365084134
0 0.4820244862483098 0.24175576063302848 0.01762698246882512 0.017703423133263223
0 0.256673134290255 0.8773869734544021 0.01972051767202524 0.01934198232797476
0 0.7092628479003906 0.5120246226970966 0.02611380357008714 0.025892991286057692
0 0.48215726705697864 0.053517396633441634 0.021830925574669473 0.021950666721050557
0 0.27543280674861026 0.2712065256558932 0.042563365055964544 0.04348432100736178
0 0.7557720037607046 0.6264835504385141 0.02397331824669471 0.024062376755934495
0 0.6207031836876502 0.9383916121262771 0.04054051179152269 0.04159956711989183
0 0.42760364825908953 0.9637256035437951 0.10741013746995193 0.07094280536358173
0 0.4227174978989821 0.6116856428293082 0.02483367919921875 0.024601056025578424
0 0.389009035550631 0.8613573221059946 0.021361571091871995 0.021605564997746393
0 0.5829060261066144 0.36821306668795073 0.017562719491811898 0.01729451693021334
0 0.6485391029944787 0.4662157205434946 0.017050963181715745 0.017093731806828424
0 0.7885784002450796 0.08670440086951622 0.023576002854567308 0.023733180302840013
0 0.43793711295494664 0.23751258850097656 0.014899473923903245 0.015039590688852163
0 0.59844603905311 0.6967090459970328 0.0198975342970628 0.01991873521071214
0 0.49595895180335414 0.2904376433445857 0.015204576345590444 0.015439216907207783
0 0.5453879283024714 0.8001375931959885 0.019745019766000602 0.019619868351862982
0 0.5465997549203726 0.3099347628079928 0.014475088853102464 0.014214809124286357
0 0.45099995686457706 0.8234089337862455 0.025105769817645732 0.02466157766488882
0 0.5552821526160607 0.7435844127948468 0.20456049992487982 0.20581582876352164
0 0.5646095275878906 0.9734024634728065 0.02152736370380108 0.021553626427283652
0 0.3026297642634465 0.3291036532475398 0.015096150911771335 0.015199587895320011
0 0.2524119707254263 0.051439560376680814 0.023235321044921875 0.022832595385037936
0 0.7064228057861328 0.9066261144784781 0.033479543832632214 0.032636055579552285
0 0.4421101350050706 0.2565859831296481 0.01775697561410757 0.017873470599834736
0 0.8131388150728666 0.23192805510300857 0.015150216909555288 0.026970569904033955
0 0.20059545223529524 0.8692483901977539 0.022654239947979268 0.022384203397310697
0 0.6176062363844651 0.019168404432443473 0.01884944622333233 0.019042409383333646
0 0.5322105701153095 0.8774059002216046 0.018329033484825723 0.018290886512169473
0 0.5425554422231821 0.6631770500769982 0.015437492957481971 0.015198634221003605
0 0.706236325777494 0.5132236480712891 0.022498497596153848 0.022815410907451924
0 0.5859796083890475 0.3369315587557279 0.01584317133976863 0.015901785630446214
0 0.44664918459378755 0.2517869289104755 0.018534146822415866 0.01761003640981821
0 0.5452618232140174 0.3653091650742751 0.014633618868314303 0.01428684821495643
0 0.2617724858797513 0.8688441790067233 0.045470017653245196 0.044672599205603965
0 0.44063839545616734 0.38544244032639724 0.03873568314772386 0.03852521456204928
0 0.7619284116304837 0.42858563936673677 0.021966200608473558 0.022405624389648438
