0 0.8965009542611929 0.4528899926405687 0.05436354417067308 0.053704481858473554
0 0.7800838763897235 0.39791136521559495 0.07413512009840745 0.0749197739821214
0 0.8193985865666316 0.5751824012169471 0.06854834923377404 0.0683449965256911
0 0.38499850493211013 0.48058077005239636 0.02895839397723858 0.028744330772986777
0 0.3424052458543044 0.7599796882042518 0.03656357985276442 0.03633264394906851
0 0.1389610217167781 0.40273387615497297 0.029124700106107272 0.02919637239896334
0 0.6510151349581205 0.5478955048781174 0.041898140540489785 0.04173682286189152
0 0.12128833624032828 0.5513219099778396 0.025220944331242487 0.0251617431640625
0 0.6459815685565655 0.4794928477360652 0.03532673762394832 0.03534228985126202
0 0.29694362787099987 0.7706888639009916 0.024457711439866286 0.024391907912034255
0 0.9227663186880258 0.8356384130624624 0.021733797513521634 0.021629773653470553
0 0.5751602466289814 0.4142094392042894 0.026403427124023438 0.026336009685809795
0 0.14708812420184797 0.7661615518423227 0.020215951479398288 0.02050605187049279
0 0.2873367896446815 0.6279454598060021 0.026307986332820013 0.026501582219050482
0 0.4183558684128981 0.017742090500318088 0.050708917471078724 0.033617060918074385
0 0.09815179384671725 0.5090981263380784 0.026456686166616585 0.026690042935884915
0 0.9421414595383865 0.9010929694542518 0.020869034987229567 0.021317261915940505
0 0.8886087857759916 0.8030615586500901 0.032198392427884616 0.03214762761042668
0 0.17279155437762922 0.4455062426053561 0.023526705228365384 0.02372294205885667
0 0.693402363703801 0.528927546281081 0.04572222783015324 0.04601412553053636
0 0.5679206114548904 0.46619349259596604 0.01970364497258113 0.019696455735426683
0 0.3476921228262094 0.410369506249061 0.02232199448805589 0.022102942833533652
0 0.8483718725351187 0.15973967772263747 0.025708858783428486 0.026017299065223105
0 0.40715136894812953 0.733105732844426 0.01880337641789363 0.0188448979304387
0 0.3121020977313702 0.24200819088862494 0.024492850670447715 0.02446724818303035
0 0.4061357058011569 0.6252429668719952 0.023639678955078125 0.023721878345196065
0 0.6196651458740234 0.949750386751615 0.021500660822941706 0.021889759944035456
0 0.18789348235497108 0.8616299262413611 0.03297226245586689 0.03292758648212139
0 0.14314129719367394 0.5066392238323505 0.02230066519517165 0.022322581364558294
0 0.9079045515794021 0.9202607961801382 0.026263897235576924 0.026307326096754808
0 0.5753721824059119 0.5134603060208834 0.02434202340932993 0.024271671588604268
0 0.7960347395676833 0.18956712576059195 0.026357650756835938 0.02648272881141076
0 0.43826594719519985 0.13103050452012283 0.028335131131685697 0.02829874478853666
0 0.24092534872201773 0.8657050499549279 0.05322625086857723 0.05419716468224159
0 0.23716328694270208 0.6137240850008451 0.01982270754300631 0.020214594327486478
0 0.5508471268873948 0.6386986512404221 0.02260002723106971 0.02275672325721154
0 0.8107140614436223 0.46401240275456357 0.025822859544020433 0.025992466853215143
0 0.699038945711576 0.8233966827392578 0.019150220430814303 0.018938798170823317
0 0.6167677365816556 0.6308062626765325 0.03613196886502779 0.03612562326284555
0 0.6715148045466497 0.38476067322951096 0.02332760737492488 0.023414245018592246
0 0.10515880584716797 0.27324344561650205 0.02576475877028245 0.025764612051156852
0 0.23002925285926232 0.9198851952185998 0.01865555689885066 0.0186306880070613
0 0.22951228802020734 0.5118392797616812 0.01863376910869892 0.018653429471529447
0 0.7843622060922476 0.4660216478201059 0.028748292189378005 0.02858286637526292
0 0.7294493455153245 0.8379766024076022 0.016103597787710335 0.016086871807391826
0 0.06550422998575064 0.2835065768315242 0.019692356769855205 0.019569910489595853
0 0.6330595016479492 0.5149687253511869 0.027650833129882812 0.027619141798753005
0 0.6977255160991962 0.7551693549522986 0.016525855431189902 0.016637215247521035
0 0.8360137939453125 0.8832905109112079 0.027492816631610576 0.027402731088491585
0 0.4824925936185397 0.8422861832838792 0.02027761019193209 0.020473186786358174
0 0.31001028647789586 0.39171387599064755 0.02104920607346755 0.021134009728064902
0 0.6785470522367038 0.3433383794931265 0.01644134521484375 0.016352506784292366
0 0.8264353091900165 0.3516114308283879 0.05820303696852464 0.05919566521277794
0 0.9023886460524339 0.8293838500976562 0.02452820997971755 0.024545669555664062
0 0.6698850484994742 0.12239203086266151 0.019332739023061898 0.019274289791400615
0 0.10000304075387809 0.76409912109375 0.016812838040865384 0.016882969782902643
0 0.9089082571176382 0.0751307881795443 0.028487572303185098 0.02841634933765118
0 0.6261951006375827 0.4972239274245042 0.02594419626089243 0.02592600308931791
0 0.4671603716336764 0.6529026765089768 0.01644105177659255 0.016173142653245192
0 0.12627262335557204 0.7101072164682242 0.015612510534433218 0.015534914456881009
0 0.9379630455603967 0.03785496491652269 0.028974386361929085 0.029065847396850586
0 0.6746020683875451 0.5091603352473333 0.04515501169057993 0.04526798541729267
0 0.10361695289611816 0.25889864334693324 0.019878240732046273 0.01902936055110051
0 0.5789516522334173 0.9064152057354267 0.0160982425396259 0.015994878915640023
0 0.48287391662597656 0.568697635944073 0.0197146489070012 0.019672100360576924
0 0.3442636269789476 0.6921019920935998 0.017467278700608473 0.017494935255784255
0 0.6134333977332482 0.37019084050105167 0.06049757737379808 0.059064424954927884
0 0.23584453876201922 0.45671595059908354 0.019567122826209433 0.019227981567382812
0 0.45354285606971156 0.6613942659818209 0.016464966994065505 0.016673454871544473
0 0.2392574090224046 0.825288332425631 0.02064404120812049 0.020615210899939902
0 0.8919720282921424 0.05854380130767822 0.020687249990609977 0.020758830584012546
0 0.5920259035550631 0.28786497849684495 0.028532028198242188 0.028330656198354866
0 0.6958053295428936 0.3822041291456956 0.017795269305889424 0.01766857734093299
0 0.4015903106102577 0.4970340361961952 0.017741570105919473 0.01736794985257662
0 0.5857104521531326 0.6957030663123498 0.016050338745117188 0.016132061298076924
0 0.3236648119412936 0.8719657017634466 0.016762806819035456 0.016777625450721152
0 0.9105029472937951 0.7166286615224985 0.02370482224684495 0.023613416231595553
0 0.8381977081298828 0.8493198981651893 0.015688089224008415 0.015946608323317308
0 0.8453138791597806 0.39846548667320836 0.04929205087515024 0.049493569594163164
0 0.14617478847503662 0.6091622205880972 0.01555771094102126 0.015613629267765926
0 0.5274347892174354 0.8398921673114483 0.0163723872258113 0.01613954397348257
0 0.7200891788189228 0.7821256197415866 0.016031265258789062 0.016213637131911058
0 0.6744963572575495 0.32628550896277797 0.01785762493426983 0.017502564650315505
0 0.4618055270268367 0.7332564133864182 0.025034244243915264 0.025075178879957933
0 0.40124093569242036 0.14544233909020057 0.016381337092472956 0.016458878150353067
0 0.5266068165118878 0.6989594239455003 0.03004932403564453 0.030652706439678486
0 0.7479541485126202 0.8289219782902644 0.02811123774601863 0.027520399827223558
0 0.5225827143742487 0.5829670245830829 0.015806931715745192 0.01564172598031851
0 0.7346392411452073 0.9154281616210938 0.04804640549879808 0.04751997727614183
0 0.5237757242642916 0.6536301832932693 0.01489565922663762 0.014903728778545674
0 0.4110685128432054 0.0740195054274339 0.034544798044057995 0.03443330984849196
0 0.25925909555875337 0.16321332638080305 0.042003631591796875 0.04216701250809889
0 0.519130853506235 0.2829163991487943 0.0196536137507512 0.019502016214224007
0 0.45339577014629656 0.7020802131065955 0.01869348379281851 0.018444354717548076
0 0.3472280502319336 0.8296816165630634 0.021246836735652044 0.02126899132361779
0 0.907595341022198 0.7501371090228741 0.025547027587890625 0.025144136868990384
0 0.3574943542480469 0.6461159632756159 0.01761759244478666 0.0175323486328125
0 0.3026593098273644 0.6051976497356708 0.01727430637066181 0.01703482407789964
0 0.6002399738018329 0.47499770384568435 0.020448611332820013 0.02023454812856821
0 0.5592236885657678 0.1271527913900522 0.13228005629319411 0.13278862146230844
0 0.49076256385216344 0.6598793910099909 0.0148313962496244 0.01470184326171875
0 0.36521427447979266 0.6658360407902644 0.01494004176213191 0.015081112201397236
0 0.2805271882277269 0.0213204759817857 0.039734913752629206 0.03926914471846361
0 0.61852843944843 0.46747108606191784 0.0219271733210637 0.021784415611853965
0 0.24115909062899077 0.47791070204514724 0.014486863062931942 0.014578599196213942
0 0.12011394133934608 0.19750004548292893 0.13924591357891375 0.145630249610314
0 0.46601222111628604 0.5397545007558969 0.020408043494591348 0.019856966458834134
0 0.7679229149451623 0.3097281822791466 0.014911064734825721 0.014827581552358774
0 0.3515123220590445 0.2662744705493634 0.01450333228478065 0.014570272885836087
0 0.7707308255709134 0.955252427321214 0.06302701509915866 0.061336517333984375
0 0.10414036420675424 0.6043721712552584 0.11740891750042255 0.12961666400615984
0 0.5014104109544021 0.7400423196645883 0.26564510052020734 0.25942021149855393
0 0.2569727897644043 0.9497774564302884 0.015747437110314004 0.01571934039776142
0 0.13794543192936823 0.7493703548724835 0.014911724970890926 0.014612931471604567
0 0.8217054513784555 0.7975111741286057 0.014468853290264424 0.014229407677283654
0 0.545283134167011 0.8306422600379357 0.01703299008882963 0.017270601712740384
0 0.10555342527536246 0.03389588227638832 0.01546166493342473 0.0156708130469689
0 0.7457117667564979 0.7974935678335336 0.017906042245718148 0.017547020545372598
0 0.6839843163123498 0.39826026329627406 0.018471204317533053 0.018275921161358174
0 0.3007708146021916 0.5665160692655123 0.021823406219482422 0.022251275869516227
0 0.5588727730971116 0.40069345327524036 0.01523890862098107 0.015478574312650241
0 0.07728688533489521 0.7258488581730769 0.03463653417733999 0.03478783827561598
0 0.059017520684462324 0.427614688873291 0.014813111378596379 0.014974667475773739
0 0.22518055255596453 0.8878829662616436 0.03349091456486629 0.03416794996995192
0 0.9132488690889798 0.21772340627817008 0.0858011979323167 0.15075638661017784
0 0.21609207300039437 0.5432500472435584 0.016587110666128304 0.016647779024564303
0 0.08620547331296481 0.28296610025259167 0.020614990821251504 0.02071688725398137
0 0.49210570408747745 0.7323170441847581 0.03296749408428486 0.03208717933067909
0 0.8134991572453425 0.8058972725501428 0.015909635103665866 0.01606119596041166
0 0.21573613240168646 0.4124228037320651 0.014152160057654748 0.013962305509127103
0 0.4782605538001427 0.6314799969012921 0.014372898982121395 0.014354999248798076
0 0.865751706636869 0.6172857284545898 0.0224606440617488 0.02226565434382512
0 0.8234101808988131 0.4299892278817984 0.028423015887920674 0.028275269728440505
0 0.2634920340317946 0.8838383601262019 0.02475437751183143 0.0256045414851262
0 0.3977065819960374 0.984531989464393 0.015381886408879207 0.015341538649338942
0 0.7513344104473407 0.1550455093383789 0.08301602877103366 0.08212345380049485
0 0.4907994637122521 0.7264015491192157 0.04115420121413011 0.04067582350510817
0 0.9276350461519681 0.7841758728027344 0.03587781465970553 0.03556354229266827
0 0.470129343179556 0.5001252247737005 0.014520865220289964 0.014461150536170373
0 0.5680176661564753 0.02104364908658541 0.05726535503680889 0.04092726340660682
0 0.3850825383112981 0.9726710686316857 0.015519068791316105 0.015210958627554087
0 0.6671459491436298 0.4206987160902757 0.023154038649338942 0.022977168743426982
0 0.6940093407264123 0.26944697820223296 0.018473991980919473 0.018429902883676384
0 0.7961438985971304 0.4841218361487755 0.0173947260929988 0.01730170616736779
0 0.7550220489501953 0.43328248537503755 0.04588391230656551 0.04659315255972055
0 0.5833137952364408 0.65741700392503 0.016235938439002402 0.016001774714543268
0 0.8200564751258264 0.6197873629056491 0.017719855675330527 0.01739212182851938
0 0.7001800537109375 0.3141444279597356 0.014494969294621395 0.014299906217134915
0 0.8201571244459885 0.48633142618032604 0.016208355243389424 0.0163882328913762
0 0.2376998938046969 0.26550766137930065 0.015279733217679538 0.015531173119178185
0 0.06169644227394691 0.34873382861797625 0.014437354527986966 0.014443324162409855
0 0.8740598238431491 0.9832310309776893 0.04467010498046875 0.028377679678109977
0 0.7634359506460336 0.5324442936823919 0.031197034395658053 0.031240316537710335
0 0.684112548828125 0.13276457786560059 0.01552288348858173 0.01575132516714243
0 0.475522701556866 0.43182556445782 0.014426598182091346 0.014727372389573317
0 0.7513591326200045 0.23972192177405724 0.05185992901141827 0.051919020139254056
0 0.4579019913306603 0.6805463204017053 0.020424622755784255 0.020729945256159857
0 0.269212007522583 0.4728976763211764 0.01451283234816331 0.014499370868389424
0 0.22024017113905686 0.9840485499455378 0.01585850348839393 0.01566476088303786
0 0.3542801050039438 0.04197905613825871 0.08141855093149039 0.07847028512221116
0 0.6055870056152344 0.9168262481689453 0.21077992365910456 0.16407658503605768
0 0.5193876119760367 0.7060687725360577 0.02528513394869291 0.02561041025015024
0 0.25835084915161133 0.9180521598229041 0.01449885735144982 0.014581680297851562
0 0.7544774275559646 0.813994627732497 0.024927872877854567 0.024686079758864183
0 0.27844735292287975 0.45490195200993466 0.014342821561373197 0.014343555157001201
0 0.8730992537278396 0.6295937024630033 0.03409312321589543 0.033722950862004206
0 0.5644449454087478 0.30078963133004993 0.027552164517916165 0.027522710653451774
0 0.2349704595712515 0.7699448512150691 0.01457683856670673 0.014410018920898438
0 0.462343876178448 0.5409081532404973 0.01645044180063101 0.016916715181790866
0 0.6556817568265475 0.9892931718092698 0.019720811110276442 0.01757988562950721
0 0.8372639876145583 0.79889649611253 0.014411632831280049 0.01429279033954327
0 0.58911683009221 0.6528078225942758 0.030851364135742188 0.03012261023888221
0 0.232298704294058 0.5727187670194186 0.017741056588979866 0.017457081721379206
0 0.5102329254150391 0.7326966065626878 0.07485903226412259 0.039891609778771035
0 0.06639125713935265 0.9211849799522986 0.030438551535973184 0.031095064603365384
0 0.17090188539945161 0.19621962767380935 0.030190394474909857 0.02902423418485201
0 0.5268752391521747 0.0485952771626986 0.051550058218149036 0.0520172302539532
0 0.25919518103966344 0.8359903188852164 0.017957540658804085 0.018091641939603366
0 0.7225591219388522 0.861380723806528 0.016862135667067308 0.0168148921086238
0 0.7148020817683294 0.8069151364839994 0.014001112717848558 0.013476151686448317
0 0.6209256832416241 0.04396565143878643 0.06337327223557693 0.0626980341397799
0 0.2831449508666992 0.9011118228618915 0.03818533970759465 0.04028012202336238
0 0.2372911893404447 0.3628080441401555 0.015870020939753607 0.015940299400916465
0 0.3122172722449669 0.6147088637718787 0.014985176233144907 0.014944003178523136
0 0.2238004941206712 0.5583402193509616 0.016876990978534404 0.01683176480806791
0 0.45287429369412935 0.561252447275015 0.016348985525277946 0.01619544396033654
0 0.326082523052509 0.434112182030311 0.01486968994140625 0.0147552490234375
0 0.1617421920482929 0.20656970831064078 0.016280064216026895 0.016102680793175332
0 0.17673243009127104 0.5251068335313064 0.026552383716289815 0.02627079303448017
0 0.926423219534067 0.22437455103947565 0.014138148381159855 0.014095233036921574
0 0.49439092782827526 0.677742444551908 0.01630533658541166 0.01622185340294471
0 0.17746415505042443 0.013822310245954074 0.03260517120361328 0.026505933358119085
0 0.5919661155113807 0.45903866107647234 0.025944636418269232 0.025047155526968148
0 0.5292988190284142 0.488618777348445 0.015088668236365685 0.015257321871243991
0 0.9221752606905423 0.129754717533405 0.06991136991060697 0.07719867046062763
