0 0.4665787403400128 0.1825423240661621 0.1007844484769381 0.10195459769322322
0 0.5478737170879657 0.11721293742840107 0.10380891653207633 0.10265042231633113
0 0.5009134365962102 0.4682895220243014 0.07332288301908053 0.0730742674607497
0 0.6094854061420147 0.03646947558109577 0.1261469034048227 0.07298103204140297
0 0.4457270548893855 0.3296666145324707 0.09647765526404747 0.09826124631441556
0 0.3304609518784743 0.8526405921349158 0.08843414600078876 0.08787272526667668
0 0.41785900409405047 0.8241384946382962 0.10313092745267428 0.10207308255709134
0 0.6306827251727765 0.7633030231182392 0.08324553416325496 0.0825204115647536
0 0.41585438068096453 0.1298317267344548 0.06498366135817307 0.06431988569406363
0 0.34765140826885516 0.39358219733605015 0.04424476623535156 0.043870779184194714
0 0.5657635101905236 0.6383497531597431 0.06182538546048678 0.06069256709172176
0 0.6423673629760742 0.32726816030649036 0.06975878201998197 0.06901968442476712
0 0.3170920518728403 0.5964849912203275 0.06563861553485577 0.06603328998272236
0 0.6839162386380709 0.7347073188194861 0.08477959266075721 0.0839541508601262
0 0.2834320435157189 0.45968345495370716 0.0646973389845628 0.06478001521183895
0 0.48324284186730015 0.7970221592829778 0.09066611069899339 0.08934505169208233
0 0.3447584005502554 0.6602461154644306 0.019110459547776442 0.01884328402005709
0 0.3748810107891376 0.4523612535916842 0.030216217041015625 0.030222379244290866
0 0.7421600635235126 0.28517801945026106 0.027432074913611777 0.02754350808950571
0 0.32068296579214245 0.23604846000671387 0.022286048302283652 0.022333181821382962
0 0.3268640958345853 0.2841362769787128 0.020448831411508415 0.02005742146418645
0 0.41204159076397234 0.5064067106980544 0.06546959510216346 0.06612051450289212
0 0.3940853705772987 0.4296440344590407 0.020990371704101562 0.020897718576284554
0 0.5782898389376127 0.2695416853978084 0.022911658653846152 0.022815997783954326
0 0.6720564181988056 0.21618050795335036 0.02050355764535757 0.020262388082650993
0 0.6119135343111478 0.8884864220252404 0.016036253709059495 0.016030531663161058
0 0.3906744443453275 0.38872586763822115 0.016659076397235576 0.016890745896559495
0 0.5081923558161809 0.8747056814340445 0.027032852172851562 0.026862657987154447
0 0.4244827857384315 0.4055158174954928 0.02603802314171424 0.026036776029146634
0 0.5954330884493314 0.4891501206618089 0.0819853269136869 0.08100318908691406
0 0.6153750419616699 0.07696210421048678 0.04798060197096605 0.04744082230788011
0 0.713927489060622 0.2453006230867826 0.030538412240835335 0.030668185307429388
0 0.6471856924203726 0.23118901252746582 0.03768011239858774 0.037679268763615534
0 0.5501238749577448 0.237551028911884 0.052441963782677285 0.05192008385291466
0 0.38066937373234677 0.5280309457045335 0.017178462101862982 0.01733735891488882
0 0.2844800398899959 0.31853573138897234 0.03575277328491211 0.03606392787053035
0 0.5721313036405123 0.8108153709998498 0.07181167602539062 0.07107397226186898
0 0.4050294435941256 0.726801505455604 0.10072018549992488 0.1019894526554988
0 0.43799473689152646 0.8923359650831956 0.04718296344463642 0.04636691166804387
0 0.6096579478337214 0.22779088753920335 0.039298717792217545 0.03964358109694261
0 0.6863180307241586 0.11514783822573148 0.05220706646259014 0.051722508210402265
0 0.5158609243539664 0.9101405510535607 0.029704900888296273 0.0293426513671875
0 0.6934822522676908 0.03550178271073561 0.05117944570688101 0.04995697278242845
0 0.726985711317796 0.05012613076430101 0.02510687021108774 0.02504011530142564
0 0.5712135021503155 0.2193602782029372 0.044382535494290866 0.04488042684701773
0 0.6653399834266076 0.19872896487896258 0.018205789419320915 0.017982629629281852
0 0.28565340775709885 0.8931766656728891 0.061781149644118086 0.06200188856858473
0 0.2507288089165321 0.1433869875394381 0.031662354102501504 0.035747711475078874
0 0.3675052202664889 0.3001246452331543 0.031081273005558893 0.03099668942964994
0 0.5578838495107797 0.26823938809908354 0.017703716571514424 0.01799348684457632
0 0.45253159449650693 0.07308429938096267 0.0337977776160607 0.03296063496516301
0 0.4617977509131798 0.8810245073758639 0.04030000246488131 0.03928111149714543
0 0.3875268055842473 0.6325226563673753 0.04880802447979267 0.0472105466402494
0 0.488093559558575 0.2914276123046875 0.026004791259765625 0.026229124802809495
0 0.27652188447805554 0.597503295311561 0.019161151005671576 0.01918161832369291
0 0.4902781706589919 0.01598761058770693 0.018128028282752402 0.01806097076489375
0 0.25258214657123274 0.34044166711660534 0.02016309591440054 0.020088342519906852
0 0.3942252672635592 0.30907718951885516 0.016652987553523138 0.016550137446476862
0 0.2834667976085956 0.28069239396315354 0.015464415917029748 0.015485836909367489
0 0.539080546452449 0.8776028706477239 0.01669472914475661 0.016813131479116585
0 0.4291185965904823 0.07852779901944675 0.03185272216796875 0.032039495614858776
0 0.6073052699749286 0.1783880087045523 0.029381458575908955 0.02957329383263221
0 0.6880718377920297 0.95697571681096 0.11188609783466046 0.08667212266188401
0 0.5975797359759991 0.6045607053316556 0.0616761721097506 0.060953727135291465
0 0.4962339401245117 0.5272429906404935 0.022752908559945915 0.022199263939490683
0 0.4336899977463942 0.2587333825918344 0.018524316641000602 0.018434891333946817
0 0.5164396212651179 0.6468690725473257 0.024722906259390023 0.024788489708533652
0 0.3868458087627704 0.32049237764798677 0.01957387190598708 0.019298333388108473
0 0.7073346651517428 0.08505797386169434 0.01794609656700721 0.017675908712240365
0 0.6036361547616812 0.899510750403771 0.016118709857647236 0.01577171912560096
0 0.42056116691002476 0.6140970816979041 0.018910334660456732 0.018900064321664665
0 0.5415848585275503 0.9237871903639573 0.019487527700570915 0.01920494666466346
0 0.7086498553936298 0.16852140426635742 0.023745610163762018 0.023631756122295674
0 0.43174222799447864 0.4807146512545072 0.05319976806640625 0.05329484205979567
0 0.5147086657010592 0.3355647600614108 0.0433964362511268 0.043430475088266224
0 0.6437374995304987 0.9216491259061373 0.0200653076171875 0.019917708176832933
0 0.352692017188439 0.04766961244436411 0.01783913832444411 0.01784038543701172
0 0.4104770513681265 0.026727809355809137 0.02325747563288762 0.022755544919234056
0 0.29605964513925404 0.6212428166316106 0.016944041618934043 0.01663075960599459
0 0.6091976899367112 0.9343913151667669 0.015735332782451924 0.015540489783653846
0 0.4571020786578839 0.6163567763108474 0.014471347515399639 0.01478903110210712
0 0.37114858627319336 0.3520536422729492 0.02737001272348257 0.027060875525841348
0 0.3118426983173077 0.011421861556860117 0.04298032247103178 0.022343658483945407
0 0.4310470727773813 0.578400941995474 0.021844130295973558 0.022049390352689303
0 0.2644205826979417 0.4050254821777344 0.04793145106388973 0.05864642216609074
0 0.6397665463961087 0.42057103377122146 0.019885723407451924 0.01992034912109375
0 0.6101518044104943 0.3796076774597168 0.05265191885141226 0.05329579573411208
0 0.5910546229435847 0.32139066549447864 0.036443050091083236 0.03566947350135216
0 0.5996236067551833 0.5637591435359075 0.03229845487154447 0.03133729787973257
0 0.7503009209266076 0.1995240908402663 0.02602357130784255 0.030496817368727464
0 0.3901563057532677 0.039116231294778675 0.05321627396803636 0.05058494897989126
0 0.38434424767127406 0.1488121381172767 0.01439835475041316 0.014653957807100736
0 0.35605265544011044 0.21358944819523737 0.018298515906700723 0.018311280470628005
0 0.320522455068735 0.43998025013850284 0.03520527252784142 0.03500769688532902
0 0.36228546729454625 0.9048067973210261 0.03304246755746695 0.03314971923828125
0 0.7095090425931491 0.10127324324387771 0.02091070321890024 0.020789384841918945
0 0.2890295615563026 0.04406134440348698 0.017029468829815205 0.01697672330416166
0 0.40808813388531023 0.08334054396702693 0.015735772939828727 0.015325582944429837
0 0.671117195716271 0.374940432035006 0.016579701350285456 0.016539353590745192
0 0.5052885642418494 0.6238393049973708 0.025582386897160456 0.025325775146484375
0 0.5285761906550481 0.9369839888352615 0.014741897583007812 0.014539571908804087
0 0.6667317610520583 0.8757140819842999 0.0730587885929988 0.07116200373722957
0 0.2906086261455829 0.7564974564772385 0.016630246089054987 0.016783787653996393
0 0.7331116016094501 0.1254176818407499 0.034440260667067304 0.034488219481248125
0 0.34566901280329776 0.36153360513540417 0.017655152540940505 0.01741174551156851
0 0.5863781708937424 0.8727215253389798 0.015728877140925482 0.015874569232647236
0 0.2620077499976525 0.14666562813978928 0.01817035675048828 0.019291400909423828
0 0.6572479834923377 0.5542774200439453 0.09831751309908353 0.09882662846491887
0 0.4355035194983849 0.6062221893897424 0.021583410409780648 0.021532132075383112
0 0.39337635040283203 0.5850944885840783 0.01643672356238732 0.016210409311147835
0 0.40675772153414214 0.7742453355055589 0.0326231442964994 0.031836436345027044
0 0.6618190912099985 0.2754389506119948 0.015055142916165866 0.014852267045241136
