0 0.4558118673471304 0.17385035294752854 0.08663346217228816 0.08536002269157997
0 0.58269530076247 0.6471871596116286 0.1446841313288762 0.15055495042067307
0 0.5006012182969314 0.8727006178635818 0.07079549936147836 0.07119061396672176
0 0.884945796086238 0.8255007817195013 0.03920613802396334 0.04057928232046274
0 0.43321396754338193 0.3433681634756235 0.03688254723182091 0.036805226252629206
0 0.8521313300499549 0.8650278678307166 0.025260338416466348 0.025290562556340143
0 0.4712104063767653 0.41647401222815883 0.06297155526968148 0.06322875389685997
0 0.33283827855036807 0.8433733720045823 0.031874436598557696 0.03199445284329928
0 0.5804470135615423 0.4914361880375789 0.09239658942589393 0.09245483691875751
0 0.42833684040949893 0.7044343948364258 0.025959088252140924 0.025728372427133415
0 0.864775510934683 0.972503662109375 0.019619574913611777 0.0195315434382512
0 0.40442730830265927 0.8817527477557843 0.023546659029447116 0.023518488957331732
0 0.7000685471754807 0.43947718693659854 0.017531321598933294 0.017551202040452223
0 0.8417543264535757 0.91082580272968 0.02140676058255709 0.021823296180138223
0 0.7256221771240234 0.6308072163508489 0.14821654099684495 0.14541229834923378
0 0.46689884479229266 0.8015648768498347 0.019879781282865085 0.019794170673076924
0 0.8803845919095553 0.5260196465712327 0.018435258131760817 0.01853664104755108
0 0.38251044200016904 0.814047226539025 0.020490059485802285 0.020576330331655648
0 0.7080775774442233 0.9773831000694861 0.01855776860163762 0.018341651329627402
0 0.4065701411320613 0.7556230104886569 0.034726509681114785 0.034599597637469955
0 0.7524927579439603 0.8609622075007513 0.07271341177133414 0.07175562931941105
0 0.2622796572171725 0.3148957399221567 0.020787495833176833 0.02074285653921274
0 0.27495514429532564 0.2716020987584041 0.27322009893564075 0.29764817311213565
0 0.8007315122164212 0.8839382758507361 0.06077663715069111 0.06070621197040264
0 0.395783204298753 0.8535055747398963 0.050642747145432696 0.048764742337740384
0 0.6825200594388522 0.44957311336810774 0.13463207391592172 0.13315728994516227
0 0.3098462911752554 0.033208342698904186 0.017641801100510817 0.01747611852792593
0 0.4718792988703801 0.37422521297748274 0.017480116624098558 0.01739927438589243
0 0.2446007911975567 0.6703822796161358 0.02691797109750601 0.02676215538611779
0 0.7357131517850436 0.3855071801405687 0.046726080087515026 0.04675784477820763
0 0.5294108024010291 0.5110417145949143 0.1571345696082482 0.1602149376502404
0 0.41117690159724307 0.9867001313429612 0.020598925076998197 0.020124288705679085
0 0.8277270977313702 0.337162237900954 0.045716505784254804 0.04556421133188101
0 0.12330549496870774 0.053621493853055514 0.01603421798119178 0.016071502978985127
0 0.5028000611525315 0.0496899623137254 0.053539422842172474 0.05128946671119103
0 0.16284454785860503 0.139716964501601 0.06413108568925124 0.06356050417973445
0 0.6859705998347356 0.5088538389939529 0.10279229971078727 0.10466766357421875
0 0.8601989012498122 0.9473071465125451 0.029163360595703125 0.02957916259765625
0 0.42642666743351865 0.9572218381441556 0.04128001286433293 0.041661776029146634
0 0.20883721571702224 0.4923890187190129 0.0194394038273738 0.019493249746469352
0 0.7778523518488958 0.41760804102971005 0.061654897836538464 0.060072825505183294
0 0.5307142551128681 0.5218699528620794 0.016628852257361777 0.01681856008676382
0 0.2666365916912372 0.17365336418151855 0.015987396240234375 0.015929258786714993
0 0.8504899098322942 0.01688901736186101 0.015046486487755409 0.015527954468360314
0 0.8312860635610727 0.637141227722168 0.06144450261042668 0.060934947087214544
0 0.407437801361084 0.3198721959040715 0.03987400348369892 0.03988146781921387
0 0.34206727834848255 0.9307346343994141 0.048052274263822116 0.047113858736478366
0 0.32704617426945615 0.8979401221642127 0.030198317307692308 0.02960351797250601
0 0.4873206065251277 0.2290820158444918 0.052814630361703724 0.05220182125384991
0 0.8756248033963717 0.3291184351994441 0.029196959275465745 0.029310960036057692
0 0.511487080500676 0.4617769901569073 0.06539242084209736 0.06496671529916617
0 0.715079087477464 0.8461382939265325 0.0492406991811899 0.049715482271634616
0 0.4748837397648738 0.3321347970228929 0.04337809636042668 0.04249448042649489
0 0.1261997497998751 0.6185945364145132 0.019838901666494515 0.019446446345402643
