0 0.30963732646061826 0.07694669870229867 0.15435504913330078 0.1495209107032189
0 0.2167687049278846 0.7373824486365685 0.12171605917123648 0.12151366013746995
0 0.1530165305504432 0.12154760727515587 0.05773434272179237 0.05730183307941143
0 0.826504633976863 0.37363360478327823 0.0743264418381911 0.07407951354980469
0 0.5651165155264047 0.2852469224196214 0.27434935936561 0.2853122857900766
0 0.07179005329425518 0.08224020554469182 0.14282785929166353 0.1633587800539457
0 0.21974523250873274 0.9697763002835788 0.08457565307617188 0.05616408128004808
0 0.8482303619384766 0.6432860447810247 0.04299105130709135 0.042762462909405045
0 0.4512945321890024 0.41597557067871094 0.09648733872633714 0.095825562110314
0 0.26274693929232085 0.8909292221069336 0.05967257573054387 0.05945675189678486
0 0.6166428052462064 0.41234500591571516 0.061124214759239785 0.06067584111140324
0 0.32863921385545 0.9257065699650691 0.07738949702336238 0.07681010319636418
0 0.7274898382333609 0.8659371596116286 0.2245941162109375 0.22861862182617188
0 0.33133521446814906 0.4466274701631986 0.0451654287484976 0.04516924344576322
0 0.8093514809241662 0.12793299785027137 0.051031846266526446 0.05102076897254357
0 0.9180995501004733 0.2749495322887714 0.04542834942157452 0.045375127058762774
0 0.640537848839393 0.7102355223435622 0.0464624258188101 0.046843455387995794
0 0.3798219974224384 0.513208059164194 0.11136113680326022 0.10937712742732121
0 0.10588409350468563 0.39249035028310925 0.045446029076209433 0.045241355895996094
0 0.040314821096567005 0.015617508154649 0.026159029740553636 0.025832212888277493
0 0.26177156888521635 0.30077494107759917 0.050156630002535306 0.04975201533390926
0 0.7212429046630859 0.2813721436720628 0.068115234375 0.06932500692514273
0 0.01776620287161607 0.5144139069777268 0.0354113899744474 0.04638965313251202
0 0.26927645389850324 0.33954591017503005 0.030298819908728965 0.030190541194035456
0 0.25258519099308896 0.5208359498244065 0.0795598030090332 0.08235865372877854
0 0.8189934950608474 0.04516497942117544 0.045876723069411054 0.04579078234159029
0 0.7699535076434796 0.13570018915029672 0.03168927706204928 0.031708167149470404
0 0.9388112288254958 0.7297935485839844 0.033507127028245196 0.03333194439227764
0 0.5905342102050781 0.03274647089151236 0.019433094904972956 0.01919876612149752
0 0.13282314630655143 0.4314574094919058 0.06820090000446026 0.067657103905311
0 0.5948629379272461 0.9227594228891226 0.039485784677358776 0.03946421696589543
0 0.6309028038611779 0.9189150883601263 0.055643521822415866 0.05535067044771635
0 0.5020157740666316 0.1631331993983342 0.04569933964655949 0.04628709646371695
0 0.24758615860572228 0.39498791327843297 0.0383452635544997 0.038672227125901446
0 0.2880033529721774 0.22109413146972656 0.023929705986609824 0.023538736196664665
0 0.9013915428748498 0.17504242750314566 0.01914068368765024 0.0189054195697491
0 0.1576089492210975 0.9318823447594275 0.03767607762263371 0.03750757070688101
0 0.6721142988938552 0.11922375972454365 0.027416522686298076 0.027266649099496696
0 0.4196731127225436 0.6760885532085712 0.06720909705528846 0.06802955040564904
0 0.5384395305926983 0.8539738288292518 0.030143591073843148 0.03002034700833834
0 0.3037779147808368 0.46604240857637846 0.03900968111478365 0.03885951408973107
0 0.6937296940730169 0.6323673541729267 0.018663553091195915 0.018658564640925482
0 0.44849249032827526 0.1266760275914119 0.04071353032038762 0.04047199395986704
0 0.9658175981961764 0.6848536271315354 0.04002585777869591 0.039763230543870196
0 0.620912111722506 0.8750008069551908 0.04410098149226262 0.04462110079251803
0 0.8742968485905573 0.747461905846229 0.025503892164963942 0.025524139404296875
0 0.35046940583449143 0.580294315631573 0.03875952500563402 0.038599381080040567
0 0.9543539193960336 0.4855527877807617 0.03675548846905048 0.036635985741248496
0 0.29674896827110875 0.5521791531489446 0.08322554368239182 0.08247441511887771
0 0.5354937039888822 0.8024705740121695 0.06413723872258113 0.06445693969726562
0 0.9765520829420823 0.9107609528761643 0.04294996995192308 0.05160361069899339
0 0.3887298290546124 0.5371999740600586 0.025875238271859977 0.025988358717698317
0 0.7438068389892578 0.5469982440655048 0.02328946040226863 0.023364433875450723
0 0.4569375698383038 0.3575125840994028 0.026196846595177285 0.0265505864070012
0 0.013676012937839214 0.8633471268873948 0.02735967361010038 0.04039749732384315
0 0.6077569814828726 0.03976007608266977 0.12056922912597656 0.07529038649338943
0 0.5504850240854117 0.42405264194195086 0.022754595829890326 0.02284416785606971
0 0.565821647644043 0.5031060438889724 0.06891896174504207 0.0690613526564378
0 0.5171600121718186 0.9596355878389798 0.024955089275653545 0.024814752432016227
0 0.6263680824866662 0.033074656358132 0.018089147714468148 0.018244426984053392
0 0.7257654483501728 0.6075612948491023 0.07248218242938702 0.073608031639686
0 0.7894951747013972 0.6329616399911734 0.01905676034780649 0.019063656146709736
0 0.3095257832453801 0.1610542077284593 0.023457967318021335 0.023717366732083835
0 0.3053582998422476 0.2723238101372352 0.02108155764066256 0.02114270283625676
0 0.8716241396390475 0.9633904970609225 0.03602247971754808 0.03633323082557091
0 0.7805583660419171 0.017217867649518527 0.019936194786658652 0.019796559443840615
0 0.07052563703977145 0.6573542081392728 0.020186919432419997 0.020137493426983174
0 0.1459804131434514 0.4752788543701172 0.022268918844369743 0.022232862619253304
0 0.7554706426767203 0.07870003810295692 0.016884290255033053 0.016619407213651217
0 0.9860773820143479 0.9591666001539964 0.02489647498497596 0.030854151799128607
0 0.7337791002713717 0.208159666794997 0.01679200392503005 0.016843649057241585
0 0.8643354269174429 0.7766567376943735 0.018714024470402643 0.01867191608135517
0 0.701205326960637 0.04276619507716252 0.035954988919771634 0.035137490584300116
0 0.31706608258760893 0.3820018034714919 0.02303028106689453 0.023232019864595853
0 0.7540419651911809 0.35530295738807094 0.020816216102013223 0.020760829632098857
0 0.4281750458937425 0.7356031124408429 0.03370754535381611 0.03375537578876202
0 0.8842303936298077 0.6447906494140625 0.01722541222205529 0.017173620370718148
0 0.9158106583815354 0.9550493680513822 0.02613654503455529 0.026401226337139424
0 0.39667070828951323 0.7490011361929086 0.025978235098031852 0.026105440579927884
0 0.7242738283597506 0.5173691969651443 0.01871519822340745 0.01867191608135517
0 0.1940584916334886 0.1876208231999324 0.018099418053260215 0.01794279538668119
0 0.587464295900785 0.6658744812011719 0.0700847185575045 0.07026085486778846
0 0.3088228519146259 0.6833385320810171 0.03170585632324219 0.03136444091796875
0 0.13682471788846529 0.5853491196265588 0.030714878669151895 0.030562547536996696
0 0.8868534381573017 0.9103571084829477 0.031052516056941107 0.03130032466008113
0 0.3959803214439979 0.47145506051870495 0.026761861947866585 0.026673537034254808
0 0.859906269953801 0.5454865235548753 0.036379300631009616 0.03623258150540865
0 0.7170552473801833 0.3221443249629094 0.01791220444899339 0.018097510704627402
0 0.5846198155329778 0.08694984362675594 0.057567743154672474 0.058188218336838946
0 0.2817999766423152 0.3639105283297025 0.03073457571176382 0.030735015869140625
0 0.16668371053842398 0.9792542090782752 0.03184583553901085 0.03126687269944411
0 0.5093053671029898 0.6867628831129807 0.04515486497145433 0.04523424001840445
0 0.03661826940683218 0.32425564986008865 0.02680817017188439 0.026789445143479567
0 0.16086952502910906 0.3122545022230882 0.020229697227478027 0.020187524648813102
0 0.8847048832820013 0.9432704632098858 0.035692068246694714 0.035934154803936295
0 0.9545280016385592 0.15315668399517351 0.019370299119215745 0.019135181720440205
0 0.5459246635437012 0.983437758225661 0.02961892348069411 0.028224064753605768
0 0.5523843765258789 0.8796744713416467 0.022738016568697415 0.022570096529447116
0 0.5861225128173828 0.801002942598783 0.02123862046461839 0.0210415766789363
0 0.6495996621938852 0.6356394107525165 0.028504004845252402 0.02859805180476262
0 0.7395326174222506 0.17950168022742638 0.02979865440955529 0.03006854424109826
0 0.0968170899611253 0.9605806790865384 0.022884919093205378 0.023134525005634014
0 0.8996137472299429 0.13384975836827204 0.015382620004507212 0.015376952978280874
0 0.7401142120361328 0.4590727732731746 0.017302439762995794 0.017080380366398737
0 0.10619950294494629 0.8931628740750827 0.02952443636380709 0.02974568880521334
0 0.26991697458120495 0.9534761722271259 0.03438626802884615 0.03418100797213041
0 0.7364892959594727 0.10891287143413837 0.036481417142427884 0.0364226194528433
0 0.03335381929691021 0.5933372057401217 0.018608469229478102 0.018355589646559495
0 0.743451191828801 0.5962687272291917 0.025173774132361777 0.02535101083608774
0 0.6906188084528997 0.1724213453439566 0.05991290165827824 0.05949197365687443
0 0.5232046567476712 0.7913058354304388 0.016126192533052884 0.016226548414963942
0 0.914578364445613 0.40212488174438477 0.026745135967548076 0.02687997084397536
0 0.9030773456280048 0.9747814031747671 0.025829608623798076 0.026072135338416465
0 0.19545830213106596 0.2319328234745906 0.01649922590989333 0.016477218041053183
0 0.8190146226149339 0.9845558313223032 0.026494539701021634 0.024768535907451924
0 0.08329296112060547 0.7411936246431791 0.01582468472994291 0.015728877140925482
0 0.25432425278883714 0.6599176847017728 0.014891331012432393 0.014774175790640024
0 0.10788518648881179 0.13387120687044585 0.030708147929264948 0.030393655483539287
0 0.37436628341674805 0.19238671889671913 0.019214776846078727 0.01921529036301833
0 0.02965502326305096 0.40497559767503005 0.02532736613200261 0.02547308114858774
0 0.9799512716440054 0.02225131942675664 0.021802168626051683 0.021370057876293477
0 0.8825484789334811 0.10840109678415152 0.021217786348783053 0.02099150877732497
0 0.1614395838517409 0.8751207498403696 0.017805172846867487 0.017793802114633415
0 0.9381998502291166 0.8727451471182016 0.028705596923828125 0.028832508967472956
0 0.25542504970843977 0.5955680700448843 0.028925675612229567 0.028968957754281852
0 0.1117776082112239 0.8498960641714243 0.01900196075439453 0.01900907663198618
0 0.3044410485487718 0.617034912109375 0.02706454350398137 0.027484013484074518
0 0.13543861645918626 0.7820637042705829 0.015401473412146935 0.015267592210036058
0 0.17887207177969125 0.3815755110520583 0.023868707510141227 0.02379182668832632
0 0.7742705711951623 0.0509181572840764 0.020287146935096152 0.0203857972071721
0 0.9293273045466497 0.12249486262981708 0.015311607947716346 0.015201715322641226
0 0.5995894211989182 0.4486224101139949 0.02823330805851863 0.028258250309870794
0 0.07782852649688721 0.6380849984975961 0.021171771563016452 0.021149708674504206
0 0.9417860324566181 0.7988030360295222 0.03573153569148137 0.0359344482421875
0 0.0848306784263024 0.7099924821120042 0.015940757898183968 0.015767024113581732
0 0.21169574444110578 0.4202905068030724 0.047983609713040866 0.048116243802584134
0 0.1447125948392428 0.5640214406527005 0.03806712077214168 0.03774723639855018
0 0.44648911402775693 0.04224303135505089 0.022276804997370794 0.022100934615501992
0 0.7761889237623948 0.5128339253939115 0.07567302997295673 0.0738691183236929
0 0.359645623427171 0.9546563075138972 0.017898999727689303 0.01765603285569411
0 0.46722984313964844 0.9710621467003455 0.022180850689227764 0.021826524000901442
0 0.5058154693016639 0.10397059183854324 0.022130819467397835 0.021907274539654072
0 0.10254988303551307 0.4736130420978253 0.025328672849214993 0.02529745835524339
0 0.8331159444955679 0.532630443572998 0.021158658541165866 0.02125835418701172
0 0.8030200371375451 0.45124112642728365 0.024343343881460335 0.02419119614821214
0 0.6089113675631009 0.9690267122708834 0.06573911813589242 0.05638826810396635
0 0.18857864233163688 0.3090964097243089 0.018170540149395283 0.018144607543945312
0 0.40175100473257214 0.1574872640463022 0.03417125115027794 0.033661879025972806
0 0.5185666451087365 0.6446701930119441 0.026678011967585638 0.026355449969951924
0 0.9779086479773889 0.07961001762977013 0.025017371544471152 0.02483635223828829
0 0.11651150079873893 0.940158697275015 0.024305398647601787 0.02438501211313101
0 0.9803082392765925 0.5239916214576135 0.03877874521108774 0.07031624133770283
0 0.6546041048490084 0.05134113935323862 0.03317612868088942 0.03317020260370695
0 0.784419793349046 0.31761433528019833 0.028952525212214544 0.028986343970665567
0 0.10460066795349121 0.6262091123140775 0.018964290618896484 0.018796187180739183
0 0.2376224811260517 0.4568665577815129 0.06059756645789513 0.05795420133150541
0 0.9123854270348182 0.1475483362491314 0.014437308678260216 0.014551511177649865
0 0.7302697988656851 0.1369776175572322 0.015997960017277643 0.015896173623891976
0 0.32284868680513823 0.17795623265779936 0.023871348454402044 0.02370027395395132
0 0.5292044419508714 0.8191421215350811 0.035730215219350964 0.035376328688401446
0 0.5886720877427322 0.07068369021782508 0.017618399399977464 0.017989507088294394
0 0.8002496866079477 0.5540345998910757 0.030218857985276442 0.030564088087815505
0 0.9169314457820013 0.0413514283987192 0.02808996347280649 0.028368711471557617
0 0.5949109150813177 0.013561541071304908 0.016236305236816406 0.016929830496127788
0 0.4288207934452937 0.819053209744967 0.01799627450796274 0.01784940866323618
0 0.8650145163902869 0.1355419158935547 0.017241257887620192 0.01713708730844351
0 0.7841768264770508 0.47884838397686297 0.02758657015286959 0.027824548574594352
0 0.04875811246725229 0.36985287299522984 0.0281375188093919 0.027878541212815505
0 0.42757474459134615 0.41611510056715745 0.03287858229417067 0.03315045283390926
0 0.056954654363485485 0.3103208908667931 0.02103731265434852 0.021675623380220853
0 0.6705880531897912 0.14851035521580622 0.04182243347167969 0.041929006576538086
0 0.3562440872192383 0.03281018825677725 0.022479497469388522 0.022397839106046237
0 0.44085187178391677 0.1802210441002479 0.021930401141826924 0.02196957514836238
0 0.9033069610595703 0.7574669764592097 0.026329920842097357 0.02636865469125601
0 0.12595615020165077 0.5225286483764648 0.01903361540574294 0.019224166870117188
0 0.37543025383582485 0.6931224236121545 0.021901497474083535 0.022037506103515625
0 0.32757095190194935 0.20336417051462027 0.019645544198843148 0.019644847282996543
0 0.46760111588698167 0.494108090033898 0.02104641841008113 0.02060560079721304
0 0.9533139742337741 0.19289489892812875 0.01987912104679988 0.019894746633676384
0 0.8513805682842548 0.98778930077186 0.02762574415940505 0.02080535888671875
0 0.5298002683199369 0.13575876676119292 0.046142578125 0.0463714232811561
0 0.9110437539907602 0.4286189446082482 0.024468348576472357 0.024523368248572715
0 0.7968986217792218 0.25168288671053374 0.016146733210637018 0.01605837161724384
0 0.18060944630549505 0.0699132359944857 0.01748004326453576 0.01749995121589074
0 0.5389372752262995 0.717987794142503 0.027089925912710335 0.026996905987079326
0 0.9413229135366586 0.4500870337853065 0.03836147601787861 0.0390162834754357
0 0.5170947588407077 0.5957806293780987 0.023494720458984375 0.023718613844651442
0 0.7007465362548828 0.4581116529611441 0.038054246168870196 0.0379481682410607
0 0.9092056567852314 0.3239189294668344 0.03472548264723558 0.0354771980872521
0 0.7208219674917368 0.5573446567241962 0.022522559532752402 0.022255384005033053
0 0.48754061185396635 0.9333438873291016 0.03366646399864784 0.03411513108473558
0 0.28391053126408505 0.3248732640193059 0.014119808490459736 0.014288535484900841
0 0.8260039549607497 0.49574639247013974 0.020474653977614183 0.020532901470477764
0 0.36097005697397083 0.3365831741919884 0.020876370943509616 0.02082545940692608
0 0.40396705040564906 0.6693099095271184 0.03957220224233774 0.038322742168719955
0 0.13356736990121695 0.9132826878474309 0.023485330434945915 0.02353829603928786
0 0.2431350854726938 0.26276118938739484 0.023588107182429388 0.02373952132004958
0 0.6475015786977915 0.39696194575383115 0.015686622032752402 0.015551346998948317
0 0.3360323905944824 0.7404801295353816 0.01827716827392578 0.018405620868389424
0 0.2278421658736009 0.46261266561654896 0.01655886723445012 0.01613895709698017
0 0.4755389140202449 0.8131267841045673 0.0236050532414363 0.023702181302584134
0 0.4862742790809044 0.5595541733961839 0.0340265860924354 0.03387715266301082
0 0.5541753768920898 0.6335230607252854 0.026702367342435397 0.025838118333082933
0 0.12073582869309646 0.6778371517474835 0.021586894989013672 0.020989197951096755
0 0.5743250113267165 0.8929447760948768 0.024860455439640924 0.024753570556640625
0 0.8581073467548077 0.02187595688379728 0.05542080218975361 0.04156564290706928
0 0.6943902969360352 0.13209029344411996 0.015592575073242188 0.015611831958477315
0 0.611218159015362 0.4665362284733699 0.023955565232496995 0.02427335885854868
0 0.2533720089839055 0.19210918133075422 0.016909159146822415 0.017597051767202523
0 0.9168057074913611 0.34087228775024414 0.05762158907376803 0.05821990966796875
0 0.7327404022216797 0.02722768600170429 0.022746893075796273 0.022623062133789062
0 0.7421659322885367 0.6161684623131385 0.020903367262620192 0.020362707284780648
0 0.7916799692007211 0.10083446135887733 0.015318503746619591 0.015221742483285757
0 0.7474083533653846 0.3370690712561974 0.015452311589167668 0.015645540677584134
0 0.5200786223778358 0.2821193841787485 0.021372868464543268 0.02117127638596755
0 0.7671793424166166 0.6988125581007737 0.017585167518028848 0.017719268798828125
0 0.6590206439678485 0.8091072669396033 0.031642913818359375 0.03220528822678786
0 0.057722742740924544 0.4409080652090219 0.02544826727647048 0.026050714346078727
0 0.29071505253131574 0.24815031198354867 0.04098837192241962 0.04053761408879207
0 0.20801137043879583 0.0980375179877648 0.03215569716233473 0.032063887669489935
0 0.18616808377779448 0.8391788189227765 0.03444033402663011 0.03411659827599159
0 0.3831178958599384 0.025769265798422005 0.028161342327411357 0.02884240333850567
0 0.9128477389995868 0.3835172653198242 0.01631003159743089 0.016595106858473558
0 0.4069598638094388 0.6137091563298152 0.015239422137920674 0.015085953932542067
0 0.4317017335158128 0.7113606379582331 0.02053546905517578 0.019655667818509616
0 0.4152829463665302 0.8546280494103065 0.03239147479717548 0.032323250403771035
0 0.7770425356351413 0.3097719412583571 0.0404205322265625 0.0399784675011268
0 0.4658720309917743 0.8966495073758639 0.03754982581505409 0.03766646751990685
0 0.2814020010141226 0.27969452051016 0.019656841571514424 0.01971736321082482
0 0.9481251056377704 0.5349674224853516 0.015289013202373799 0.015303098238431491
0 0.3237360440767728 0.8059957944429837 0.01693109365609976 0.016848050631009616
0 0.39083011333759016 0.8050620739276593 0.04356545668381911 0.04323313786433293
0 0.7811844165508564 0.3144727853628305 0.03363653329702524 0.03443468534029447
0 0.45714503068190354 0.6076189187856821 0.027585543118990384 0.027185880220853366
0 0.6563098614032452 0.7715432093693659 0.025527073786808893 0.025777376615084134
0 0.37299508314866286 0.7550095044649564 0.019969940185546875 0.019926071166992188
0 0.2182638828571026 0.3584246268639198 0.021442376650296725 0.02152677682729868
0 0.5586870633638822 0.488861083984375 0.02861199012169471 0.02913695115309495
0 0.8818004314716046 0.9901627027071439 0.027907151442307692 0.018116144033578727
0 0.38561245111318737 0.6091274848351111 0.02731176523061899 0.02755913367638221
0 0.628836411696214 0.3170665961045485 0.014821419349083534 0.015192545377291165
