0 0.6632193051851712 0.8329918201153095 0.15807019747220552 0.16092065664438102
0 0.4241974170391376 0.9419534389789288 0.12788523160494292 0.11284593435434195
0 0.3764614692101112 0.127304535645705 0.08809412442720853 0.08746238855215219
0 0.5623110991257888 0.6036809774545523 0.06633391747107872 0.06636942349947415
0 0.637412217947153 0.32359079214242786 0.0906376471886268 0.0882107661320613
0 0.6137951337374173 0.6726929591252253 0.04577167217548077 0.04571533203125
0 0.5309873727651743 0.45083045959472656 0.024349432725172777 0.02438838665301983
0 0.3836337603055514 0.20075233166034406 0.02454684330866887 0.024488229017991286
0 0.47698127306424654 0.36553060091458833 0.02889530475323017 0.02905434828538161
0 0.3013621110182542 0.9317043011005108 0.04771709442138672 0.04797216562124399
0 0.35691510714017427 0.23649019461411697 0.08145214961125301 0.08100021802462064
0 0.7341739947979267 0.49017627422626203 0.01677879920372596 0.017003279465895433
0 0.26643954790555513 0.5125944797809308 0.036523598891038164 0.04431863931509165
0 0.5579919081467849 0.4063010582557091 0.055963956392728366 0.05524283189039964
0 0.5136745159442608 0.8166006528414212 0.046162972083458535 0.045798081618088946
0 0.37295891688420224 0.600671988267165 0.044549795297475964 0.04450636643629808
0 0.27490700208223784 0.0404053651369535 0.05536468212421124 0.055327653884887695
0 0.6407753871037409 0.5072870621314416 0.047109163724459134 0.04812071873591496
0 0.29217079969552845 0.7681352908794696 0.06824775842519906 0.06806329580453727
0 0.3603373307448167 0.5567639424250677 0.018538401677058294 0.018500841580904447
0 0.32592047177828276 0.06287893882164589 0.03648275595444899 0.03639144163865309
0 0.6946437542255108 0.21647372612586388 0.043631333571213946 0.04355423267071064
0 0.5085588601919321 0.9574534342839167 0.056990550114558294 0.05670488797701322
0 0.36216673484215367 0.8919161283052884 0.058007313654972956 0.05977718646709736
0 0.29889304821307844 0.6174363356370193 0.020862872783954326 0.020690037653996393
0 0.6625251770019531 0.4797562819260817 0.04292385394756611 0.04275292616624098
0 0.7229903294489934 0.6019135988675631 0.019853738638070915 0.019910739018366888
0 0.6293238859910232 0.6022779391362116 0.03921068631685697 0.039007406968336836
0 0.32286838384775013 0.6331316874577448 0.09307039701021634 0.09175579364483173
0 0.4646175824678861 0.5648334943331205 0.04018343411959135 0.03978861295259916
0 0.6859860053429236 0.9648241629967322 0.04616399911733774 0.04572516221266527
0 0.3411593803992638 0.620358393742488 0.045960573049692005 0.04583740234375
0 0.5407480093149039 0.6664674465472882 0.0301364018366887 0.03130692702073317
0 0.6296529036301833 0.5660068071805514 0.04245420602651743 0.04206525362454928
0 0.640200321490948 0.7220895473773663 0.04845105684720553 0.047533622154822715
0 0.2973281420194186 0.6065334540147048 0.037220001220703125 0.036039572495680586
0 0.5729070810171274 0.6650566687950721 0.029364659236027643 0.029896662785456732
0 0.4650435814490685 0.6065672727731558 0.03118735093336839 0.031659566439115085
0 0.31102616970355695 0.6500409933236929 0.058802237877478965 0.058191739595853366
0 0.6305010135357196 0.2551748752593994 0.03175647442157452 0.03158789414625902
0 0.5249484502352201 0.7774576040414664 0.024542735173152044 0.024193396935096152
0 0.28528228172889125 0.839546276972844 0.01711863737839919 0.017047882080078125
0 0.5128823793851413 0.8502341050368089 0.041167846092810996 0.040505629319411054
0 0.7275017958420974 0.2560851757342999 0.03879840557391827 0.03888775752140926
0 0.5936813354492188 0.5742950072655311 0.03465901888333834 0.033921241760253906
0 0.7204027909498948 0.9458454572237455 0.022321701049804688 0.022084162785456732
0 0.5922350883483887 0.6413762019230769 0.025336632361778848 0.025563460129957933
0 0.6915409381573017 0.9837578993577224 0.03260333721454327 0.029658977801983174
0 0.6863547105055589 0.5231421544001653 0.014984717735877404 0.01533200190617488
0 0.699860719534067 0.18579545387854943 0.039406849787785456 0.03798748896672176
0 0.7251460735614483 0.4125958956204928 0.047796396108774036 0.04831900963416466
0 0.7156748404869666 0.5957327622633714 0.01533200190617488 0.015744722806490384
0 0.4401124440706693 0.818028083214393 0.042044639587402344 0.040854380680964544
0 0.6012519322908841 0.7253052638127253 0.033124410189115085 0.03279583270733173
0 0.31742040927593523 0.6412084286029522 0.07747327364408053 0.07586420499361478
0 0.34162227924053484 0.625760005070613 0.05769824981689453 0.05913983858548678
0 0.5713383234464205 0.6683204357440655 0.02573365431565505 0.025500957782451924
0 0.5010754145108737 0.6125684151282678 0.03539606241079477 0.03437878535344051
0 0.7279946253849909 0.4066606668325571 0.039794628436748795 0.03935021620530348
0 0.7226841266338642 0.1727153704716609 0.04430653498722957 0.04348299136528602
