0 0.7267373891977164 0.8783195935762845 0.13101504399226263 0.13132110008826622
0 0.7241577735314002 0.7001517369196966 0.1367472135103666 0.13685490534855768
0 0.6410392614511343 0.9486672328068659 0.14152834965632513 0.10107363187349759
0 0.6285607264592097 0.8222085512601413 0.1217184433570275 0.12425452012282151
0 0.6690996610201322 0.49966570047231823 0.07222483708308293 0.07298704294057992
0 0.27785622156583345 0.22350292939406174 0.03849502710195688 0.03886912419245793
0 0.8697659419133112 0.7737101774949294 0.04982816256009615 0.049542793860802285
0 0.16168807103083685 0.736821174621582 0.03688331750723032 0.037443894606370196
0 0.7837379162128155 0.4723728620089017 0.0649270277756911 0.06450975858248197
0 0.718313950758714 0.5673439686114972 0.022617926964393027 0.022220611572265625
0 0.8606569583599384 0.6144902522747333 0.04337501525878906 0.04334119650033804
0 0.7957412279569186 0.7443015025212214 0.03047033456655649 0.030027096088115986
0 0.7807846069335938 0.10626660860501803 0.054404038649338946 0.054377079010009766
0 0.856656001164363 0.029596021542182334 0.02071380615234375 0.020506638746995192
0 0.8012997553898737 0.9475244375375601 0.029057429387019232 0.028961915236253005
0 0.805968504685622 0.8329724531907302 0.029420119065504808 0.029268998366135817
0 0.2858240787799542 0.4539512854356032 0.01722607245812049 0.017287327693058893
0 0.08429098129272461 0.6049860440767728 0.019333087480985202 0.019278452946589544
0 0.43634803478534406 0.8936070662278396 0.05905488821176382 0.05919852623572716
0 0.5292869714590219 0.5303965715261606 0.08848806527944711 0.08741232065054086
0 0.2251455967242901 0.1336343105022724 0.02080954038179838 0.02108940711388221
0 0.5915166414701022 0.5811391977163461 0.017577097966120794 0.017629036536583535
0 0.7886594625619742 0.8598848489614633 0.017143689669095553 0.017157627986027643
0 0.6157838381253756 0.760519761305589 0.03443131080040565 0.03412158672626202
0 0.3423720139723558 0.20054355034461388 0.057022388164813705 0.05665735098031851
0 0.8243571061354417 0.8969529958871695 0.042017423189603366 0.042555002065805286
0 0.7236562875600961 0.6085210213294396 0.01912835928109976 0.01924925584059495
0 0.2558238689716046 0.803400993347168 0.05108987368070162 0.05110036409818209
0 0.7422778789813702 0.4544032170222356 0.04079495943509615 0.0407103024996244
0 0.12001971098092887 0.6597213745117188 0.050801827357365534 0.050409903893103965
0 0.17349932743952826 0.36020601712740385 0.04419238750751202 0.044153066781850964
0 0.7648168710561899 0.5278576337374173 0.02588492173414964 0.025597792405348558
0 0.13626685509314904 0.7464125706599309 0.015537628760704627 0.01595893272986779
0 0.16652516218332145 0.6414608588585486 0.05403559024517353 0.055013253138615534
0 0.5531145976139948 0.8983397850623498 0.11147543100210336 0.112335205078125
0 0.3340360934917743 0.24293063237116888 0.017294957087590143 0.017282632681039665
0 0.9097758073073167 0.7882597996638372 0.030174842247596152 0.029767843393179085
0 0.19170511685884917 0.2526995218717135 0.016025579892672025 0.0160978023822491
0 0.32422850682185245 0.7096497462346003 0.06827972485468937 0.06776369535006009
0 0.465087523827186 0.763422599205604 0.04664905254657452 0.04733980618990385
0 0.40852062518780047 0.7684902778038611 0.05672674912672777 0.05744846050555889
0 0.8172613290640024 0.8168277740478516 0.017191666823167067 0.01671013465294471
0 0.5879289920513446 0.6024909386268029 0.016637068528395433 0.016306657057542067
0 0.5323406732999362 0.672820678124061 0.07416717822735126 0.07381497896634616
0 0.5443700643686148 0.07523533014150766 0.016342896681565505 0.016330132117638223
0 0.6064688609196589 0.42827818943903995 0.016049311711237982 0.01611959017240084
0 0.3454699149498573 0.8968259371243991 0.016268069927509014 0.016175050001878005
0 0.9074646142812876 0.5403079252976638 0.0376133551964393 0.04225364098182091
0 0.10170232332669772 0.9171073620135968 0.016917081979604866 0.017125056340144232
0 0.1172560636813824 0.5750791109525241 0.015085422075711764 0.015404554513784556
0 0.6320268190824069 0.6306787637563852 0.02362662095289964 0.023533014150766227
0 0.4057945471543532 0.548127321096567 0.2687375728900616 0.26006713280311
0 0.401890387901893 0.8132425454946665 0.03270251934344952 0.03306858356182392
0 0.5798800541804388 0.20331920110262358 0.05460372337928185 0.05469322204589844
0 0.30663493963388294 0.31148855502788836 0.019965171813964844 0.020266166100135215
0 0.20563877545870268 0.6113467583289514 0.033445578355055586 0.03291804973895733
0 0.4838122587937575 0.39580587240365833 0.04865396939791166 0.04861728961651142
0 0.7818106137789212 0.5484830416165866 0.026260962853064902 0.026430130004882812
0 0.1972327048961933 0.3202662101158729 0.017890306619497445 0.017728512103740986
0 0.7831736344557542 0.9345030417809119 0.014717395489032451 0.014654599703275241
0 0.18120729006253755 0.6785490329448993 0.08176583510178786 0.08169951805701622
0 0.8283120668851413 0.687099603506235 0.018035008357121393 0.017696380615234375
0 0.08570520694439228 0.542991931621845 0.017508543454683743 0.017064461341271035
0 0.6192875642042893 0.18915458825918344 0.029455038217397835 0.02939576369065505
0 0.6277135702279898 0.46239067957951474 0.016529963566706732 0.01653597905085637
0 0.6137622686532828 0.5205713785611666 0.026618077204777643 0.026166842533991888
0 0.40271520614624023 0.19503666804387018 0.04504673297588642 0.044506219717172474
0 0.7310047149658203 0.20492175909189078 0.04839192903958834 0.04721964322603666
0 0.8214196425217849 0.12268479970785287 0.022234403170072116 0.02260118264418382
0 0.7820237966684195 0.814031014075646 0.03479473407451923 0.034963167630709134
0 0.713444342980018 0.7797467891986554 0.02811299837552584 0.02791419396033654
0 0.586325058570275 0.6674952140221229 0.039417266845703125 0.039375011737530045
0 0.5461365626408503 0.8777953661405123 0.13610517061673677 0.14814919691819411
0 0.5422267180222732 0.4210166931152344 0.06178899911733774 0.06240771366999699
0 0.2686770879305326 0.6061000457176795 0.03550364420964168 0.03558063507080078
0 0.5117867909944974 0.8706860909095178 0.021370741037222054 0.021257693950946514
0 0.8364210862379807 0.9587107438307542 0.016224787785456732 0.01615289541391226
0 0.6843360020564153 0.5911632684560922 0.029784275935246393 0.03056203402005709
0 0.8561542217548077 0.4198738978459285 0.01446063701923077 0.01470653827373798
0 0.20339012145996094 0.30107978674081654 0.08876294356126052 0.09211026705228366
0 0.22622027763953576 0.8773448650653546 0.04610787905179537 0.043692368727463946
0 0.4129546605623685 0.02902484627870413 0.01964679131141076 0.020001507722414456
0 0.14089520160968488 0.7106196330143855 0.04145897351778471 0.041591791006234974
0 0.6845464706420898 0.5974465516897348 0.023769231942983773 0.023019790649414062
0 0.3617494289691632 0.9262293302095853 0.014380675095778245 0.014367030217097355
0 0.8159478994516226 0.3945471690251277 0.023842444786658652 0.02417623079740084
0 0.5053569353543795 0.2896393629220816 0.06337488614595853 0.06308871049147385
0 0.6387823545015775 0.5474745677067683 0.026485736553485576 0.02621592008150541
0 0.441745978135329 0.7537555694580078 0.1216884759756235 0.12282973069411057
0 0.7299792949969952 0.03245676022309523 0.024039048414963942 0.024486715977008525
0 0.4645955012394832 0.8577101780818059 0.0386045896089994 0.03672937246469351
