0 0.19012238429142878 0.1668853759765625 0.08905520805945763 0.08949058789473313
0 0.13124452187464788 0.08403090330270621 0.05548834800720215 0.05570227824724638
0 0.690651013300969 0.15372186440687913 0.04663863548865685 0.04732949917133038
0 0.4425318791316106 0.7447486290564904 0.03814022357647236 0.03777371920072115
0 0.6507141406719501 0.52984435741718 0.02944183349609375 0.02966440640963041
0 0.24623969885019156 0.5393063471867487 0.06702848581167367 0.06886526254507211
0 0.13228911619919997 0.763453116783729 0.03443142083974985 0.034320831298828125
0 0.21732201943030724 0.3193606963524452 0.04561072129469652 0.045246197627140924
0 0.7933473587036133 0.14803832310896653 0.045737046461838946 0.04576692214378944
0 0.7123422622680664 0.23907114909245417 0.02388763427734375 0.02402356954721304
0 0.8617266141451322 0.8537572713998648 0.03229199923001803 0.03229111891526442
0 0.34759026307326096 0.4769582748413086 0.0378263913668119 0.0376898692204402
0 0.2890804364131047 0.14883949206425592 0.02239374014047476 0.022440616901104268
0 0.07702510173504169 0.7503120715801532 0.033972905232356146 0.034902719350961536
0 0.17580751272348258 0.5326866369981033 0.022832723764272835 0.02297797569861779
0 0.2073063483605018 0.8007517594557542 0.027549890371469352 0.02762295649601863
0 0.3420223089364859 0.14437084931593674 0.01859459510216346 0.018642755655141976
0 0.6999573340782752 0.2021672909076397 0.033284700833834134 0.033327689537635215
0 0.7257700700026292 0.9451117882361779 0.026477226844200723 0.026615142822265625
0 0.27027331865750825 0.7269059694730319 0.022065382737379808 0.021914555476262018
0 0.6087739651019757 0.531921019920936 0.0525966057410607 0.053037203275240384
0 0.06659575609060434 0.11239132514366737 0.019022776530339167 0.022942836468036357
0 0.8825646180372971 0.8078105633075421 0.05462983938363882 0.054184253399188705
0 0.7075248131385217 0.3394346603980431 0.020174319927509014 0.02010044684776893
0 0.7064460607675406 0.8714224008413461 0.02795102046086238 0.02770820030799279
0 0.6026002443753756 0.8967339442326472 0.06372833251953125 0.06381401648888221
0 0.34885032360370344 0.9823759519136869 0.02220740685096154 0.02232536902794471
0 0.7111561114971454 0.7080955505371094 0.031144362229567308 0.0313867422250601
0 0.2071371812086839 0.5734664476834811 0.03993445176344652 0.04019355773925781
0 0.33976884988638073 0.06916060814490685 0.037789564866286054 0.0377965707045335
0 0.13323494104238656 0.6722490604107196 0.018906556642972507 0.01876405569223257
0 0.8109725071833684 0.7559419778677133 0.02964958777794471 0.029361431415264424
0 0.7948366311880258 0.9352708229651818 0.02314611581655649 0.02289713346041166
0 0.07482107786031869 0.8342913114107572 0.028277158737182617 0.03729570828951322
0 0.6458319150484525 0.11458279536320613 0.01924412067119892 0.01939867093012883
0 0.17801275620093712 0.9903532908512995 0.01941820291372446 0.015926361083984375
0 0.37046043689434344 0.013655346173506517 0.038135381845327526 0.02624922073804415
0 0.917014635526217 0.6355082438542292 0.03993900005634014 0.03988163287823017
0 0.748778196481558 0.3419333237868089 0.016808729905348558 0.016684458805964544
0 0.27639981416555554 0.25954877413236177 0.019404191237229567 0.01921393321110652
0 0.3315257292527419 0.3981434748722957 0.03587532043457031 0.03577261704664964
0 0.07814488044151893 0.4959228588984563 0.032785273515261136 0.03321963090163011
0 0.1630411514869103 0.9646415710449219 0.01825846158541166 0.018018575815054085
0 0.7637251340425931 0.5862826567429763 0.04918054433969351 0.04935117868276743
0 0.7876060192401593 0.7269480778620794 0.019499852107121393 0.019686772273137018
0 0.6745754388662485 0.6888341170090896 0.023909495427058294 0.023828653188852165
0 0.28840039326594424 0.109497437110314 0.028709558340219352 0.0286410771883451
0 0.592241800748385 0.7982529860276443 0.018813353318434495 0.01841119619516226
0 0.18498851702763483 0.10109340227567233 0.06506138581496018 0.0656145902780386
0 0.5723458803617038 0.823098402756911 0.05736042903019832 0.05817985534667969
0 0.1530787577995887 0.2779226119701679 0.01781008793757512 0.01761927971473107
0 0.4708706782414363 0.6469750771155725 0.021867898794320915 0.021751257089468148
0 0.6744092060969427 0.9135026198167068 0.02249321570763221 0.022290743314302884
0 0.8629292708176833 0.12916317352881798 0.08725445087139423 0.08641972908606896
0 0.09521807157076322 0.7730696751521184 0.025326985579270583 0.025307288536658652
0 0.25565604063180775 0.1382070413002601 0.043833292447603665 0.04370705897991474
0 0.7862812922551081 0.03556853991288405 0.06600365271935096 0.06554704446059006
0 0.4682283034691444 0.5089568358201247 0.051618722768930286 0.05189778254582332
0 0.3296061295729417 0.03700363636016846 0.03053899911733774 0.03066834119650034
0 0.4789870335505559 0.8785834679236779 0.022675734299879808 0.022807488074669473
0 0.6885958451491135 0.07853209972381592 0.024892660287710335 0.024583119612473708
0 0.8983634068415716 0.7680988311767578 0.040117703951322116 0.03978861295259916
0 0.12864535588484544 0.6097615682161771 0.016455962107731745 0.016191996060884915
0 0.35451331505408656 0.6654354975773737 0.03510863964374249 0.03502097496619591
0 0.6427420102632962 0.18953965260432318 0.0203396723820613 0.020070662865271933
0 0.2659741915189303 0.887109976548415 0.01656796382023738 0.016294479370117188
0 0.08320732300098126 0.57774595113901 0.017886638641357422 0.01760409428523137
0 0.13657656082740197 0.20547213921180138 0.030324862553523138 0.030225827143742487
0 0.45304048978365385 0.6687189982487605 0.019184992863581732 0.019237224872295674
0 0.6440382737379807 0.9576094700739934 0.017825786884014424 0.017925262451171875
0 0.1833324799170861 0.8226063801692083 0.024732663081242487 0.024962645310621995
0 0.13095499919011042 0.42857192112849307 0.018254756927490234 0.01830269740178035
0 0.40512444422795224 0.7035661110511193 0.0377809084378756 0.03746443528395433
0 0.1427131432753343 0.8150154994084284 0.01709905037513146 0.0169064448429988
0 0.8645852895883414 0.19452839631300706 0.03528536283052885 0.035229976360614486
0 0.6729652698223407 0.6721417353703425 0.017493468064528245 0.017558464637169473
0 0.17325724088228667 0.47098511915940505 0.04190254211425781 0.04196020273061899
0 0.6529988508958083 0.21357600505535418 0.01764546907865084 0.01755663064809946
0 0.827454713674692 0.6400822125948392 0.05305128831129808 0.052790274986853965
0 0.5231524980985202 0.5428460194514348 0.015678845919095553 0.015800916231595553
0 0.14991450309753418 0.929404772244967 0.016064203702486478 0.01588293222280649
0 0.12998117850377008 0.9511133340688852 0.020282745361328125 0.020203517033503607
0 0.0726167605473445 0.4090133446913499 0.02780762085547814 0.03086112095759465
0 0.7875176943265475 0.11198197878324069 0.02641120323768029 0.026137682107778695
0 0.2547266483306885 0.041264158028822676 0.015721724583552435 0.0158005035840548
0 0.36675203763521635 0.38754793313833386 0.030518165001502402 0.030372032752403848
0 0.831547370323768 0.990516735957219 0.016934321476862982 0.015874569232647236
0 0.0649251937866211 0.04566081670614389 0.015430908936720628 0.020285588044386644
0 0.6089255259587214 0.9712702677800105 0.032876234788161054 0.03255873460036058
0 0.5398333622859075 0.6831167661226712 0.025443150446965143 0.025270608755258415
0 0.08366058422968937 0.8006634345421424 0.04600710135239821 0.05923139131986178
0 0.8727854948777419 0.5949658247140738 0.03096947303185096 0.030843661381648138
0 0.7327629969670222 0.18126572095430815 0.044180063100961536 0.04342181865985577
0 0.3844158466045673 0.5376437260554388 0.0386194082406851 0.03851523766150841
0 0.29395147470327526 0.3470953427828275 0.04503015371469351 0.04474229079026442
0 0.11915899240053617 0.5036372038034292 0.02672439355116624 0.026710363534780648
0 0.23245448332566482 0.8878584641676682 0.015206116896409255 0.015455686129056491
0 0.8470328404353216 0.9747150127704327 0.023071729219876803 0.023200548612154447
0 0.5863563831035907 0.7456480172964243 0.07854065528282753 0.07845805241511418
0 0.8810096153846154 0.5374434911287748 0.04929762620192308 0.049898661099947415
0 0.3404188889723558 0.5442116810725286 0.05749012873722957 0.05737378047062801
0 0.7574170185969427 0.7288929865910456 0.016878714928260215 0.016934908353365384
0 0.854212394127479 0.35672576610858625 0.03146919837364784 0.031717740572415866
0 0.4617487834050105 0.020295106447660007 0.017173180213341348 0.01701561762736394
0 0.8959301435030423 0.2640058444096492 0.015055436354417067 0.015038453615628757
0 0.20970439910888672 0.9668423579289362 0.015158946697528545 0.014958014855018029
0 0.7332135714017428 0.827515382033128 0.018579923189603366 0.0188137934758113
0 0.49382466536301833 0.953513292165903 0.024654681865985576 0.024848791269155648
0 0.3402700424194336 0.44550301478459287 0.023073269770695612 0.023004825298602764
0 0.7584899022028997 0.1388524312239427 0.02138387239896334 0.021622217618502103
0 0.3013200576488788 0.5075013820941632 0.015890818375807542 0.01609963637131911
0 0.07627623356305636 0.520232604100154 0.021233696203965407 0.021039302532489482
0 0.34705301431509167 0.9492213909442608 0.015158579899714543 0.014997335580679087
0 0.8998217949500451 0.6725397843580979 0.034402113694411054 0.0346978994516226
0 0.6481954134427584 0.8517049642709585 0.04080743056077223 0.04011330237755409
0 0.48456654181847203 0.7183419741117038 0.03047004112830529 0.029984107384314902
0 0.8496051935049204 0.07644557035886325 0.01940331092247596 0.01922262631929838
0 0.19997451855586126 0.2883291061107929 0.02770574276263897 0.027692097883958083
0 0.29326897401076096 0.5430987431452825 0.027252930861253005 0.02738644526554988
0 0.10755694829500638 0.4855213898878831 0.019162691556490384 0.018965941209059495
0 0.10814840060013992 0.4394392967224121 0.015728216904860277 0.015496253967285156
0 0.13294874704801118 0.29619367306049055 0.014894485473632812 0.014685924236591045
0 0.7619741879976712 0.93737059373122 0.015659478994516227 0.015481948852539062
0 0.5643843504098746 0.9732341766357422 0.05080758608304537 0.048390902005709134
0 0.253188811815702 0.7794628143310547 0.015352285825289212 0.015098865215594951
0 0.29373807173508865 0.3761493976299579 0.025203594794640176 0.024906451885516826
0 0.760708735539363 0.09207655833317684 0.016283181997445915 0.016139470613919772
0 0.7162695664625901 0.646675550020658 0.030695695143479567 0.030727679912860576
0 0.07120486406179574 0.7811043079082782 0.022147252009465143 0.030611184927133415
0 0.7965796544001653 0.2271873950958252 0.03194368802584135 0.03151783576378456
0 0.3897245113666241 0.8834205040564904 0.016917595496544473 0.016936375544621393
0 0.8250170487623948 0.9401176159198468 0.06140459500826322 0.06102312528170072
0 0.8372667019183819 0.1380317577948937 0.044612737802358776 0.043649490063007064
0 0.7428926321176382 0.6029797333937424 0.03567182100736178 0.03621189410869892
0 0.33491915922898513 0.011107087135314941 0.02447032928466797 0.020722861473376934
0 0.40843897599440354 0.6613375590397761 0.015345206627478966 0.015227684607872596
0 0.1019814472932082 0.9437055587768555 0.018626928329467773 0.018585205078125
0 0.31840096987210786 0.3738583784836989 0.02093051030085637 0.021266056941105768
0 0.6312811924861028 0.9488278168898362 0.03378706711989183 0.03369698157677284
0 0.08354895848494309 0.2969635816720816 0.01706411288334773 0.017239790696364183
0 0.9021037175105169 0.8972038855919471 0.031829540546123795 0.03189835181603065
0 0.36356727893535906 0.388763794532189 0.02551379570594201 0.02529628460223858
0 0.47371174738957333 0.6971876437847431 0.01952846233661358 0.019272730900691107
0 0.0784142384162316 0.5228162178626428 0.02139344123693613 0.021436324486365683
0 0.7853405292217548 0.1089312480046199 0.029222928560697116 0.029567975264329176
0 0.6915655869704026 0.03751533765059251 0.03852272033691406 0.03907365065354567
0 0.25826080028827375 0.3892710025493915 0.01521469996525691 0.015122633713942308
0 0.1865055010868953 0.2903692905719464 0.03908744225135216 0.038707806513859674
0 0.3389057746300331 0.6975834186260517 0.03167856656588041 0.031922560471754804
0 0.3357566686776968 0.3693670126108023 0.016953101524939902 0.017124762901893027
0 0.6507318936861478 0.30049540446354794 0.022868816669170674 0.022901608393742487
0 0.2337338374211238 0.5550162975604718 0.014431476593017578 0.014973126924954928
0 0.08981688206012432 0.4260993737440843 0.018132870013897236 0.0179290037888747
0 0.571721993959867 0.6868000764113206 0.03265102093036358 0.03223624596228966
0 0.8703269958496094 0.11856201978830191 0.0186154292179988 0.018392122708834134
0 0.130980711716872 0.6234185145451472 0.014081991635836087 0.013745821439302884
0 0.8116516700157752 0.11577093601226807 0.029030726506159857 0.02987531515268179
0 0.3352651596069336 0.9937706727247971 0.020097072307880107 0.011277125431941105
0 0.28995596445523775 0.9714320256159856 0.017994477198674128 0.0180816650390625
0 0.9011859893798828 0.064437774511484 0.07716516348031852 0.12272999836848332
0 0.5100936522850623 0.7233018141526443 0.0169832523052509 0.016630906325120192
0 0.7565209315373347 0.011871750538165752 0.016055767352764424 0.016563236713409424
0 0.5510758253244253 0.9409597837007962 0.05560104663555439 0.05601296058067909
0 0.22546067604651818 0.5041428712698129 0.015003314385047326 0.015158139742337741
0 0.3546764667217548 0.7006009908822867 0.06506831829364483 0.06529852060171273
0 0.7836908927330604 0.906285652747521 0.01605958205003005 0.016265869140625
0 0.5744686860304612 0.9883602582491361 0.04734890277569111 0.022272256704477165
0 0.6893071394700271 0.3616762161254883 0.03328382051908053 0.033559212317833535
0 0.35131216049194336 0.6652945004976712 0.023376611562875602 0.0246579096867488
0 0.23503538278432992 0.3926258820753831 0.014468559852013221 0.014588649456317607
0 0.21858849892249474 0.4620531155512883 0.04297029055081881 0.04249697465163011
0 0.9058167384221003 0.5722831946152908 0.04124289292555589 0.040906319251427285
0 0.20680794349083534 0.6330733666053185 0.015578893514779897 0.015340218177208534
0 0.29872751235961914 0.3478090946490948 0.04054693075326773 0.03784267718975361
0 0.4194184083205003 0.9613395104041467 0.01435543940617488 0.014134040245643029
0 0.7888369193443885 0.9631614685058594 0.015893055842472956 0.01634949904221755
0 0.595463752746582 0.7288743532620944 0.04500858600323017 0.04456798846905048
0 0.8707796243520883 0.9192743301391602 0.014980903038611779 0.014932632446289062
0 0.06689062485328087 0.3535326444185697 0.01605209020467905 0.01921697763296274
0 0.15043585117046648 0.5540702526385968 0.04291384036724384 0.04331412682166466
0 0.6946306962233323 0.6978905017559345 0.01733266390286959 0.017993046687199518
0 0.5674698903010442 0.6403086735652044 0.01557159423828125 0.015623239370492788
0 0.23697946621821478 0.8606466146615835 0.014531575716458835 0.014600607065054087
0 0.6956232511080228 0.27045334302462065 0.013636955848106971 0.013513491703913761
0 0.8928976792555589 0.49611931580763596 0.0388494638296274 0.03907460432786208
0 0.4877185087937575 0.25199299592238206 0.015994512117826022 0.015879264244666465
0 0.8067475832425631 0.09575178073002742 0.013787196232722355 0.014039112971379207
0 0.20942915402925932 0.7030611771803635 0.014057672940767728 0.01427459716796875
0 0.815310551570012 0.5954979016230657 0.020617558405949518 0.01976490020751953
