0 0.49995532402625453 0.18468726598299468 0.030434388380784255 0.030754492833064154
0 0.5161648530226487 0.10916396287771371 0.03508597153883714 0.0347746335543119
0 0.478183599618765 0.020830454734655526 0.07010320516733023 0.040768169439755954
0 0.5009026527404785 0.27592382064232457 0.01838265932523287 0.018562793731689453
0 0.6611383878267728 0.7196223919208233 0.022481184739332933 0.02231876666729267
0 0.8054607097919171 0.3290252685546875 0.029847071721003607 0.029812446007361777
0 0.49218141115628755 0.08421430220970741 0.018511845515324518 0.018580441291515645
0 0.3355708489051232 0.6555059873140775 0.03878652132474459 0.03888614361102764
0 0.5146785149207482 0.560281386742225 0.04933613997239333 0.049544187692495495
0 0.2980063695173997 0.19406564419086164 0.016254681807297926 0.01621525104229267
0 0.33509012369009167 0.07236321155841534 0.030895086435171273 0.030896425247192383
0 0.1955858193911039 0.3765124174264761 0.015109869150015024 0.015205163222092848
0 0.8020736254178561 0.23778095612159142 0.017707237830528848 0.018226770254281852
0 0.3246630888718825 0.05314783408091618 0.024935795710637018 0.02510704444004939
0 0.21125061695392316 0.03609675168991089 0.014333541576678935 0.014320309345538799
0 0.32276314955491286 0.7315018727229192 0.022881727952223558 0.02294745812049279
0 0.52069458594689 0.13942632308373085 0.015552374032827524 0.015531356518085185
0 0.4117936354417067 0.25834094561063325 0.017506819504957933 0.018277314993051384
0 0.388647592984713 0.6591324439415565 0.013734964224008413 0.013829304621769832
0 0.519709587097168 0.08358381344721867 0.017314764169546273 0.017051861836360052
0 0.34356080568753755 0.09436140610621525 0.02553426302396334 0.025434457338773288
0 0.8014279879056491 0.03931950605832613 0.02023139366736779 0.020692073381864108
0 0.3171188281132625 0.37892987177922177 0.01527111346905048 0.015140680166391226
0 0.7677331337561975 0.5290442246657151 0.018135951115534857 0.018137271587665264
0 0.6500729047335111 0.8434947087214544 0.02360696059006911 0.02391815185546875
0 0.6197426135723407 0.15120366903451773 0.020740215594951924 0.0205230712890625
0 0.17795548072228065 0.849841044499324 0.013438958388108473 0.01428692157451923
0 0.23425951370826134 0.8177836491511419 0.015477437239426833 0.015614142784705529
0 0.6050766798166128 0.991489263681265 0.018285824702336237 0.014403123121995192
0 0.6314634176400992 0.16425360166109526 0.01589232224684495 0.01592085911677434
0 0.6550099299504206 0.47465375753549427 0.035470228928786054 0.035531117365910456
0 0.5971841078538161 0.8454648531400241 0.02689493619478666 0.026287372295673076
0 0.5797228079575759 0.5934619169968826 0.019308163569523737 0.019623609689565804
0 0.4331412682166466 0.5957261965825007 0.03978303762582632 0.04079239185039814
0 0.5357590455275315 0.9679650526780349 0.015677818885216348 0.01556103046123798
0 0.5726063801692083 0.5452040892380935 0.029506683349609375 0.029642691979041465
0 0.8053508905264047 0.23720946678748497 0.023604759803185098 0.023485770592322715
0 0.5017063434307392 0.06856049024141751 0.0163271977351262 0.016450148362379808
0 0.19863156171945426 0.5244197111863357 0.04802766213050255 0.05029502281775841
0 0.5077461829552283 0.09482556122999924 0.015879264244666465 0.01580920586219201
