0 0.19042730331420898 0.1372753014931312 0.059855167682354264 0.05902204146751991
0 0.15800358698918268 0.42225063764131987 0.03741264343261719 0.03731940342829777
0 0.09983007724468525 0.892272215623122 0.03718702609722431 0.037217360276442304
0 0.8485870361328125 0.7101974487304688 0.041183178241436295 0.04092759352463942
0 0.0958935572550847 0.0626957370684697 0.036469111075768106 0.036540865898132324
0 0.1356358528137207 0.10084058688237117 0.028226595658522386 0.028350316561185397
0 0.3244199019211989 0.559508910545936 0.02878423837515024 0.029056695791391227
0 0.03182388268984281 0.2594911135160006 0.025857182649465706 0.026134601006141074
0 0.2992843848008376 0.49765469477726865 0.028180635892427884 0.02830226604755108
0 0.19144428693331206 0.8783739530123197 0.02253099588247446 0.022494096022385817
0 0.08204028239616981 0.5702247252831092 0.02990614450894869 0.02981846149151142
0 0.09967264762291542 0.6388725867638221 0.019486280588003304 0.01957115760216346
0 0.8754462462205154 0.567818128145658 0.020982889028695915 0.021205021784855768
0 0.9440631866455078 0.4687241040743314 0.02913841834435096 0.028945335975060098
0 0.1536889259631817 0.5746027873112605 0.031928062438964844 0.03204756516676683
0 0.11331372994642991 0.04240203820742094 0.02276956118070162 0.022512158522239097
0 0.8510460486778846 0.4636092185974121 0.025982196514423076 0.026081158564640924
0 0.9419410412128155 0.13985251463376558 0.020627535306490384 0.02065308277423565
0 0.12186965575584999 0.22769586856548601 0.020971041459303636 0.021118530860314004
0 0.9784026512732873 0.4853831071120042 0.01960167518028846 0.019381156334510215
0 0.1254724539243258 0.5676766175490159 0.021901020636925332 0.021939204289362982
0 0.2994089676783635 0.822247945345365 0.02158366716825045 0.02147806607759916
0 0.2528711465688852 0.7668313246506911 0.027898861811711237 0.028088789719801683
0 0.09409284591674805 0.19695698297940767 0.021628049703744743 0.021541338700514574
0 0.21584455783550555 0.6776947608360877 0.019353499779334433 0.01918367239145132
0 0.09491840692666861 0.7110695472130408 0.021916572864239033 0.02209648719200721
0 0.8865045400766226 0.7220010023850661 0.048729236309344955 0.04964388333834135
0 0.543602283184345 0.8786421555739182 0.020845853365384616 0.020801250751201924
0 0.6956239847036508 0.6657565190241888 0.019192915696364183 0.019345503586989183
0 0.1895432472229004 0.8185223799485427 0.02008504133958083 0.020093771127554085
0 0.08057817128988412 0.6255366985614483 0.02132245210500864 0.02122042729304387
0 0.2524664585406964 0.371034182035006 0.019613889547494743 0.019526114830603965
0 0.04115582429445707 0.9096034856942984 0.02004683934725248 0.02018106900728666
0 0.30251633203946626 0.9316817063551682 0.01834704325749324 0.01849541297325721
0 0.32027185880220854 0.8490553635817307 0.04057431221008301 0.03960741483248197
0 0.4713564652663011 0.7556161880493164 0.017407343937800482 0.017364501953125
0 0.47446720416729266 0.48392956073467547 0.01614724672757662 0.016161551842322715
0 0.196289979494535 0.9490757722121018 0.017834223233736478 0.017690658569335938
0 0.46463229106022763 0.9244673802302434 0.01956015366774339 0.019463172325721152
0 0.7181048026451697 0.26780247688293457 0.020547133225661058 0.020608241741473857
0 0.8696399101844201 0.5334087518545297 0.019619281475360576 0.019705552321213942
0 0.901127448448768 0.2969972353715163 0.017616858849158652 0.01775961655836839
0 0.7227026866032527 0.4054102530846229 0.017882860623873197 0.01781008793757512
0 0.30123494221613956 0.8965458503136268 0.02246746650108924 0.022574938260591947
0 0.09353342423072228 0.1758704002086933 0.016991872053879958 0.016818523406982422
0 0.09328985214233398 0.4825536287747897 0.015257651989276592 0.015073922964242788
0 0.2757914983309232 0.4112729292649489 0.017186605013333835 0.01690952594463642
0 0.22349838110116813 0.12142586708068848 0.016223320594200723 0.016326207381028395
0 0.01997263156450712 0.9090331150935247 0.01858344444861779 0.018274747408353366
0 0.3841400146484375 0.38400811415452224 0.036150418795072116 0.036517950204702526
0 0.2978978523841271 0.27573792751018816 0.01918623997614934 0.01906409630408654
0 0.3998902761019193 0.407596808213454 0.016896467942457933 0.016562388493464544
0 0.15378145071176383 0.07069143882164589 0.016684935643122747 0.01663653667156513
0 0.9881000518798828 0.22044794376079851 0.01837290250338041 0.02782744627732497
0 0.5380920997032752 0.6417870154747596 0.01709439204289363 0.017145890455979567
0 0.562098869910607 0.09750883395855243 0.015917631296011116 0.0160522827735314
0 0.42026204329270583 0.22693978823148286 0.018401072575495794 0.01826814504770132
0 0.42697858810424805 0.0383576200558589 0.018484042241023138 0.01848118121807392
0 0.6840167412391076 0.6358994704026443 0.01670690683218149 0.016679030198317308
0 0.8287437145526593 0.18819554035480207 0.02082971426156851 0.020846036764291618
0 0.9722038415762094 0.40507991497333234 0.018227210411658652 0.018272253183218148
0 0.19458559843210074 0.01357979728625371 0.016650970165546123 0.016374739316793587
0 0.28563416921175444 0.8705529433030349 0.016190162071814902 0.016311058631310098
0 0.8164683121901292 0.5429585530207708 0.016132354736328125 0.01595643850473257
0 0.5265027192922739 0.011881718268761268 0.016576180091271035 0.016624042621025674
0 0.9477960146390475 0.4911804932814378 0.018757159893329326 0.018393589900090143
0 0.10038330004765438 0.5840154794546274 0.017358926626352165 0.016973348764272835
0 0.4784540029672476 0.09416624215932992 0.01475216792179988 0.014702246739314152
0 0.11453087513263409 0.7079414954552283 0.015369488642765926 0.015218588022085337
0 0.7073682638315054 0.1489245708172138 0.015753819392277643 0.015642312856820915
0 0.47414141434889573 0.8683700561523438 0.017405876746544473 0.017375652606670674
0 0.12980342828310454 0.47125306496253383 0.014605485475980319 0.014847461993877705
0 0.2778136179997371 0.21246618490952712 0.019693594712477464 0.019562207735501803
0 0.1412967901963454 0.48001912923959583 0.015030310704157902 0.015047513521634616
0 0.4379498041593112 0.17840942969689003 0.015644660362830527 0.01560805394099309
0 0.6127627446101263 0.6514850029578576 0.018455652090219352 0.01896080603966346
0 0.30748576384324294 0.9697435819185697 0.018999759967510518 0.0193634033203125
0 0.42916103509756237 0.9221546466533954 0.015275661761944111 0.015387021578275241
0 0.8258432241586539 0.6928719740647536 0.01672201890211839 0.016716150137094352
0 0.8191099900465745 0.2042107215294471 0.015176186194786659 0.015178093543419471
0 0.15583188717181867 0.47125948392427885 0.019613119272085335 0.019398835989145134
0 0.23420245830829328 0.5892088229839618 0.014795229985163761 0.014838585486778846
0 0.5084060155428373 0.19976414166964018 0.015390396118164062 0.015288793123685397
0 0.7950156285212591 0.18008233950688288 0.014653866107647236 0.014632775233342098
0 0.4031972885131836 0.9866492931659405 0.015116178072415866 0.014687758225661058
0 0.28378820419311523 0.03681298402639536 0.014867122356708232 0.015030732521644006
0 0.0950479324047382 0.8646310659555289 0.026955531193659857 0.026402693528395433
0 0.42925761296198917 0.46256457842313325 0.015027706439678486 0.014750187213604268
0 0.12056603798499474 0.5368077571575458 0.015842731182391826 0.015899291405310996
0 0.7595789249126728 0.9585573489849384 0.016013072087214544 0.015825565044696514
0 0.08032155953920804 0.7556871267465445 0.01598180257357084 0.016100516686072715
0 0.38350868225097656 0.8719585125262921 0.017717654888446514 0.01732767545259916
0 0.43422878705538237 0.8264859272883489 0.03009201930119441 0.030115567720853366
0 0.31983404893141526 0.40526177332951474 0.03763983799861027 0.03762670663686899
0 0.9667535928579477 0.5535657222454364 0.015663733849158652 0.015691390404334433
0 0.17280167799729568 0.10070639390211839 0.015030860900878906 0.014993814321664663
0 0.2556025431706355 0.5284347900977502 0.018221048208383415 0.018064352182241585
0 0.15560819552494928 0.03740108930147611 0.025824363415057842 0.02675318717956543
0 0.7795033088097205 0.1967933728144719 0.015720954308143027 0.01593355032113882
0 0.35797566633958083 0.43309747255765474 0.014914292555588942 0.014680128831129808
0 0.9879226684570312 0.3028724376971905 0.015929002028245192 0.0166625242966872
0 0.3195673135610727 0.8693464719332181 0.021288064809945915 0.022183344914362982
0 0.30846837850717396 0.8798072521503155 0.018122159517728366 0.017795856182391826
0 0.46062440138596755 0.3903283706078163 0.013703566331129808 0.013385405907264123
0 0.6796513337355393 0.3650338099553035 0.015120726365309495 0.014982223510742188
0 0.8884227459247296 0.8026171464186448 0.014775789701021634 0.015110602745643029
0 0.3086778200589694 0.8435874352088342 0.02158245673546424 0.021569178654597357
0 0.4176053267258864 0.9901846372164212 0.017462950486403245 0.015306912935697116
0 0.9509493020864633 0.29490379186776966 0.017480116624098558 0.0177002686720628
0 0.5375327330369216 0.6133923897376428 0.014303500835712139 0.014128024761493389
0 0.4292157980111929 0.9033853090726413 0.014382289006159855 0.014234396127554087
0 0.1541583354656513 0.05248778599959154 0.021306478060208835 0.022398728590745192
0 0.1290279901944674 0.20020114458524263 0.01513215211721567 0.015501315777118389
0 0.8954152327317458 0.06239604949951172 0.014538104717548076 0.014494235698993389
0 0.23686522703904372 0.18275536023653471 0.014653279231144832 0.014601414020244893
0 0.13571443924537072 0.9244036307701697 0.018977972177358773 0.018814233633188102
0 0.3535875173715445 0.38528831188495344 0.015040911160982572 0.014976428105280949
0 0.5997654841496394 0.48911813589242786 0.014524459838867188 0.014500838059645433
0 0.15412057363069975 0.03356630297807547 0.021478652954101562 0.020846188068389893
0 0.08560861074007474 0.9585160475510818 0.014702246739314152 0.014803666334885817
0 0.13386086317209098 0.39460893777700573 0.013796182779165415 0.013785875760591947
0 0.8661813002366286 0.7967670147235577 0.015322465163010817 0.015433384821965145
0 0.03475398742235624 0.9254712324876052 0.015636526621305026 0.015570713923527645
0 0.3275008568396935 0.107529328419612 0.014490127563476562 0.014477693117581882
0 0.31007744715763974 0.844439433171199 0.02457560025728666 0.02730252192570613
0 0.2361007653749906 0.7061535028310922 0.014303464155930739 0.014297778789813701
0 0.2844751247992882 0.2271736034980187 0.01840807841374324 0.018354342533991888
0 0.6814289093017578 0.5093731513390174 0.013938170212965745 0.014224565946138822
0 0.47815990447998047 0.01672462087411147 0.013658523559570312 0.013777521940378042
0 0.05248183929003202 0.8348563267634466 0.013571335719181942 0.01359249995304988
0 0.5746272894052359 0.8092190669133112 0.015070254986102764 0.014984130859375
0 0.064125473682697 0.8804454803466797 0.028849986883310173 0.02903410104604868
0 0.8767506526066706 0.7872222020075872 0.01568016639122596 0.015369268564077524
0 0.4016364904550406 0.4464102524977464 0.013876841618464543 0.01408679668719952
0 0.1378041414114145 0.9377168508676382 0.017852636483999398 0.01783018845778245
0 0.11103303615863507 0.35848236083984375 0.01482842518733098 0.014999096210186299
0 0.15689242803133452 0.04196743323252751 0.0274355228130634 0.028231354860159066
0 0.24451358501727766 0.40888500213623047 0.015112363375150241 0.014991466815655049
0 0.5597861363337591 0.3070096969604492 0.01363981687105619 0.013608418978177585
