0 0.5519672540517954 0.5275564927321214 0.14472550612229568 0.14848635746882513
0 0.10655949665949895 0.08091191145089957 0.06273693304795486 0.06313474820210384
0 0.6709359975961539 0.5043965853177584 0.1424839313213642 0.14473973787747896
0 0.1256546974182129 0.5992386891291692 0.09511569830087516 0.09538342402531551
0 0.18924379348754883 0.8712984231802133 0.10113972883958083 0.1006457989032452
0 0.13478357975299543 0.7394391573392428 0.10855539028461163 0.10892281165489784
0 0.7594878856952374 0.511720767387977 0.09996179433969352 0.09666949052077073
0 0.4918830211345966 0.19993064953730658 0.04300058805025541 0.04289109890277569
0 0.3247511937068059 0.4862212401169997 0.20146778913644645 0.1961039029634916
0 0.6161907636202298 0.9625350511991061 0.02621768071101262 0.02649351266714243
0 0.8718200096717248 0.8985394697922927 0.022115560678335335 0.021979111891526442
0 0.8687064831073468 0.37659586392916167 0.02696081308218149 0.02715125450721154
0 0.8866318922776443 0.4753727546105018 0.06437976543719952 0.06421947479248047
0 0.5302090644836426 0.30858494685246396 0.02547733600323017 0.025453714224008415
0 0.6119255285996658 0.228227083499615 0.02436997340275691 0.024261988126314603
0 0.8809154217059796 0.03210158072985136 0.03580460181603065 0.03607515188363882
0 0.8160523634690505 0.3454695481520433 0.02934852013221154 0.029240241417518027
0 0.1110550990471473 0.6749427501971905 0.05901054235605093 0.0591278076171875
0 0.10925962374760555 0.1207884091597337 0.03229929850651668 0.03205391076894907
0 0.12124224809499887 0.9293042696439303 0.07178038817185622 0.07261437636155349
0 0.18949156541090745 0.37211297108576846 0.026646760793832634 0.026535694415752705
0 0.16145680500910833 0.09143627606905423 0.02449034727536715 0.0245815790616549
0 0.538330995119535 0.66222410935622 0.020937772897573616 0.020990518423227165
0 0.46857525752140927 0.4336102925814115 0.052056385920597956 0.05197979853703426
0 0.5692594234759991 0.9054740025446966 0.029686414278470553 0.029622004582331732
0 0.7395684168888972 0.031091772592984714 0.04273781409630409 0.04259920120239258
0 0.5586714377770057 0.16080150237450233 0.025933045607346755 0.025886975801908053
0 0.7605677384596604 0.30347537994384766 0.020605820875901442 0.020716520456167366
0 0.69489075587346 0.32167442028339094 0.030911812415489785 0.03102698692908654
0 0.5906609755295974 0.38192448249230015 0.019987839918870192 0.020233007577749398
0 0.5848524387066181 0.22522596212533805 0.0189211918757512 0.018662636096660908
0 0.8178644913893479 0.310609927544227 0.02197412344125601 0.022023127629206732
0 0.7794155707726111 0.3698002008291391 0.04126812861515926 0.04143179379976713
0 0.24986953001755935 0.23097801208496094 0.02821005307711088 0.02786540985107422
0 0.7929722712590144 0.022580458567692682 0.018329326923076924 0.01804392269024482
0 0.8983416924109826 0.9724115958580604 0.01808650677020733 0.01840826181265024
0 0.2351824687077449 0.6814668361957257 0.05601376753586989 0.05582882807804988
0 0.10395574569702148 0.8384577677800105 0.08784536214975211 0.15698579641488883
0 0.327429331265963 0.14864729000971869 0.029729036184457634 0.029700646033653848
0 0.3513799814077524 0.0849847885278555 0.021664546086237982 0.021436306146474984
0 0.1166533140035776 0.14742972300602838 0.019738123967097357 0.019729247459998496
0 0.12366086703080398 0.5821508994469275 0.020589278294489935 0.019920789278470553
0 0.7240450198833759 0.9567596728985126 0.023873109083909255 0.023983588585486777
0 0.6322086774385892 0.16503429412841797 0.01813360360952524 0.0179593012883113
0 0.474457520705003 0.3700144841120793 0.018401219294621393 0.01845235090989333
0 0.2123877085172213 0.3465431653536283 0.018646607032189004 0.01864315913273738
0 0.9160162118765024 0.5178244664118841 0.04305546100323017 0.04428452711838942
0 0.9032101264366736 0.6589289445143479 0.07012323232797477 0.08439870981069711
0 0.20977966602032 0.9507173391488882 0.028088789719801683 0.028229199923001803
0 0.8166302901047927 0.2554472409761869 0.022773155799278848 0.023092269897460938
0 0.42198973435621995 0.66894164452186 0.04653431819035457 0.04668162419245793
0 0.47389426598182094 0.12164060886089618 0.017046561607947715 0.01714317615215595
0 0.48519317920391375 0.9894425318791316 0.017035851111778848 0.015627934382512018
0 0.377867001753587 0.9776691290048453 0.021036441509540264 0.020933884840745192
0 0.578493778522198 0.16801852446336013 0.027126312255859375 0.027323429401104268
0 0.7312049865722656 0.1671620515676645 0.020177694467397835 0.020183746631328877
0 0.9029480860783503 0.33448127599862904 0.06468611497145432 0.06407466301551232
0 0.7558134519136869 0.22762810266934907 0.0224759028508113 0.02236186541043795
0 0.5853022428659292 0.9875657008244441 0.028102654677170973 0.021670121413010817
0 0.48682564955491286 0.7874576128446139 0.10384178161621094 0.10578170189490685
0 0.7507373369657077 0.2836420169243446 0.025785446166992188 0.0257568726172814
0 0.1799152447627141 0.3199192927433894 0.0667363038429847 0.0674582444704496
0 0.25635422193087065 0.580104241004357 0.019196510314941406 0.019276252159705527
0 0.3543496865492601 0.06914185560666598 0.025750453655536357 0.02611851692199707
0 0.8274654975304236 0.8508310317993164 0.21394758958082932 0.301637942974384
0 0.7685097914475661 0.042584905257591836 0.017653832068810098 0.01761727837415842
0 0.5955407802875226 0.7361511817345252 0.019391426673302285 0.019022721510667067
0 0.8832677694467398 0.112861128953787 0.03335013756385216 0.0336452447451078
0 0.2504844848926251 0.12665759600125825 0.04859579526461088 0.04911716167743389
0 0.9291745699368991 0.11501815685859093 0.016698103684645433 0.01718724690950834
0 0.31443097041203427 0.6987960521991436 0.05816765931936411 0.057614839993990384
0 0.28683812801654524 0.22264392559344953 0.023652076721191406 0.023752139164851263
0 0.3146533966064453 0.8716807732215295 0.03257678105280949 0.03231664804311899
0 0.7414784798255334 0.2631234022287222 0.021469262930063102 0.02103871565598708
0 0.7998988811786358 0.45833433591402495 0.023880591759314902 0.023707169752854567
0 0.4781646728515625 0.9339276827298678 0.03208439166729267 0.031988290640024036
0 0.18474289087148812 0.08818226594191331 0.017484371478740986 0.017444060398982122
0 0.7797365188598633 0.3327047274662898 0.042059678297776446 0.04316080533541166
0 0.6309400705190805 0.605410099029541 0.11957476689265324 0.11499309539794922
0 0.26501648242657 0.8464811031634991 0.026916137108435996 0.026924573458158053
0 0.24158525466918945 0.17713354184077337 0.04566618112417368 0.04531449538010817
0 0.6432558206411508 0.23703521948594314 0.016579261192908652 0.016980941479022685
0 0.65869507422814 0.2271412702707144 0.017253582294170674 0.01702990898719201
0 0.9192066926222581 0.9163510249211237 0.01598989046536959 0.016010284423828125
0 0.6375468327448919 0.7399933888362005 0.017625075120192308 0.018206963172325723
0 0.2713916118328388 0.0855938196182251 0.019890895256629355 0.019601711860069863
0 0.23205933204064003 0.945435303908128 0.01485457787146935 0.01493542010967548
0 0.5819171758798453 0.43773181621844953 0.022502312293419473 0.022545007558969352
0 0.2113045912522536 0.007031963994869819 0.01738735345693735 0.013299491543036241
0 0.38188963669996995 0.9549884796142578 0.04561482943021334 0.04482680100661058
0 0.3348873578585111 0.9418550638052133 0.021330906794621393 0.02165075448843149
0 0.7280494983379657 0.09736402218158428 0.024449275090144232 0.024713993072509766
0 0.8445191016564002 0.014664000043502221 0.021067399245042067 0.02100474788592412
0 0.7158737182617188 0.9350302769587591 0.016350966233473558 0.016639856191781852
0 0.27483149675222546 0.1481642172886775 0.04694505838247446 0.047108393449049726
0 0.15637810413654035 0.9743653077345628 0.017185761378361628 0.01712212195763221
0 0.8872095254751352 0.3519670046292819 0.03530208881084736 0.03458125774676983
0 0.09737662168649527 0.4723330277663011 0.021790211017315205 0.021797767052283652
0 0.7162967095008264 0.41045005504901594 0.051977891188401446 0.0518192878136268
0 0.5283803206223708 0.15544882187476525 0.0195315434382512 0.019669202657846305
0 0.41579503279465896 0.24219885239234337 0.015845812284029447 0.01565709480872521
0 0.38987343127910906 0.769198491023137 0.01847663292518029 0.018685267521784857
0 0.3513298768263597 0.3427569315983699 0.018718572763296273 0.01867397014911358
0 0.3570781120887169 0.8462938161996695 0.017082801231971152 0.017250647911658652
0 0.06767513201786922 0.36884395892803484 0.016836936657245342 0.019545481755183294
0 0.6569880705613357 0.25447869300842285 0.01632558382474459 0.016286886655367337
0 0.751407109774076 0.1818996576162485 0.014923829298753005 0.014902041508601261
0 0.4632624112642728 0.7218443063589243 0.027510789724496696 0.027364290677584134
0 0.396973023047814 0.9171515244704026 0.024231103750375602 0.024320602416992188
0 0.5514850616455078 0.8199336712176983 0.03128961416391226 0.03148328340970553
0 0.14488421036646917 0.9742477857149564 0.1423948544722337 0.05023031968336839
0 0.2488076503460224 0.7852026132436899 0.03805211874154898 0.037963573749248795
0 0.6419218503511869 0.2545166199023907 0.014872917762169471 0.014870570256159855
0 0.09733802538651687 0.21123106663043684 0.015092061116145207 0.014963553502009464
0 0.5306157332200271 0.6870067302997296 0.019219691936786357 0.01943060067983774
0 0.41174998650184047 0.3834715989919809 0.025014583881084736 0.02505918649526743
0 0.4036092024583083 0.934170649601863 0.020119446974534255 0.020212613619290866
0 0.5101596392118014 0.21103281241196853 0.014184071467472957 0.013715670658991886
0 0.32834441845233625 0.4635429382324219 0.027040481567382812 0.02652579087477464
0 0.4726902154775766 0.17916187873253456 0.020252814659705527 0.01996011000413161
0 0.8368335137000451 0.02485737892297598 0.01808929443359375 0.018126496901878945
0 0.8957164470966046 0.6092890959519607 0.08490151625413161 0.09388380784254807
0 0.733606925377479 0.7991514939528245 0.07475867638221154 0.07806132389948918
0 0.7983349286592923 0.43212091005765474 0.02727816655085637 0.027315873366135817
0 0.5640417979313777 0.7930203951322116 0.03540662618783804 0.03501422588641827
0 0.8427273676945612 0.6706067598783053 0.06302965604341947 0.06386081988994892
0 0.9290994497445914 0.1696930665236253 0.0156710698054387 0.015825638404259317
0 0.39333409529465896 0.8937633220966046 0.027805034930889424 0.028851729172926683
0 0.15531349182128906 0.29424106157743013 0.014708298903245192 0.014740430391751803
0 0.160156983595628 0.39470800986656773 0.014928074983450083 0.01457515129676232
0 0.2549137335557204 0.09129722301776592 0.02245605908907377 0.022632892315204326
0 0.8885591947115384 0.10088142981896034 0.015217414269080529 0.014857989091139574
0 0.44979216502263 0.06666212815504807 0.021864817692683294 0.022402231509868916
0 0.6827606788048377 0.6601292536808894 0.01498119647686298 0.015184549184945913
0 0.5963951991154597 0.6816212580754206 0.020433572622445915 0.020680647629957933
0 0.9080342512864333 0.5670034702007587 0.06078558701735277 0.08347276540902945
0 0.8670971210186298 0.30853678629948544 0.026723714975210335 0.026378338153545674
0 0.4384576357327975 0.9312474911029522 0.027303328880896933 0.027606817392202523
0 0.8287534713745117 0.2219407741840069 0.019072312575120192 0.019096814669095553
0 0.8837937575120193 0.2626642814049354 0.06475683358999398 0.06425809860229492
0 0.4711559002216046 0.6309616382305439 0.07448035020094651 0.07656152431781475
0 0.8140774506788987 0.16443131520197943 0.041658841646634616 0.04160459224994366
0 0.7667372776911809 0.730467282808744 0.041810255784254804 0.04113622812124399
0 0.7828485048734225 0.14603021511664757 0.023203923152043268 0.022989438130305365
0 0.4431282556973971 0.8067528651310847 0.06778863760141227 0.06868890615609977
0 0.8594285524808444 0.3051780003767747 0.015774946946364183 0.01761139356173002
0 0.8705863952636719 0.3092869245089017 0.022879380446213942 0.02250526501582219
0 0.6275490980881911 0.2387549877166748 0.014744391808143029 0.014901491311880259
0 0.6894195263202374 0.19015844051654524 0.014764052170973558 0.01482237302339994
0 0.586482414832482 0.6156943394587591 0.047430772047776446 0.04734992980957031
0 0.9191135993370643 0.45162120232215297 0.024829571063701924 0.024865223811222956
0 0.7484783025888296 0.6138580028827374 0.12085943955641526 0.12454854525052585
0 0.31893436725323016 0.2247603856600248 0.01765595949613131 0.01775209720318134
0 0.2165698638329139 0.17852559456458458 0.054870201991154596 0.055837548696077786
0 0.9355600797213041 0.02172443729180556 0.00948788569523738 0.017793481166546162
0 0.7538031798142654 0.24740230120145357 0.016500032865084134 0.016052869650033805
0 0.10072053395784818 0.4716786237863394 0.02778009267953726 0.027370379521296576
0 0.467566050015963 0.48384442696204555 0.0487977541410006 0.04862704643836388
0 0.47476086249718297 0.07094610654390775 0.020064133864182692 0.01983950688288762
0 0.9173767383282001 0.012402853140464196 0.03968136127178486 0.02385949630003709
0 0.39290831639216495 0.8872597034160907 0.022544200603778545 0.022009922907902643
0 0.37572864385751575 0.6941356658935547 0.07255187401404747 0.07175474900465745
0 0.45773014655480015 0.5528151438786433 0.07474033649151142 0.07473358741173378
0 0.42295169830322266 0.8937470362736628 0.02330193152794471 0.023276695838341348
0 0.1433564516214224 0.7181462507981521 0.013923388261061449 0.014205052302433895
0 0.6073057468120868 0.8120641708374023 0.014241438645582933 0.014212388258713942
0 0.635506483224722 0.3440742859473595 0.04124920184795673 0.04160257486196665
0 0.6407301976130559 0.7405771842369666 0.022341508131760817 0.022130379310021035
0 0.2570929160484901 0.09189836795513447 0.02729522264920748 0.026987460943368766
