0 0.6239266028771033 0.7272376280564529 0.037227483896108776 0.037464141845703125
0 0.17682488148029035 0.4859616206242488 0.036394669459416315 0.036846307607797474
0 0.48007789024939906 0.7122001647949219 0.032905285175030045 0.032407320462740384
0 0.4866685133713942 0.7413052778977615 0.02734543726994441 0.02768677931565505
0 0.6290597182053786 0.1423369554372934 0.02478760939378005 0.0249478633587177
0 0.29573651460500866 0.4446909977839543 0.01935438009408804 0.019230769230769232
0 0.26549814297602725 0.4478297967177171 0.018620967864990234 0.018645506638746995
0 0.7962853358342097 0.6134383495037372 0.0180661128117488 0.017998401935283955
0 0.8414244284996619 0.8975494091327374 0.016548303457406852 0.01669942415677584
0 0.6593872950627253 0.4563936453599196 0.01642608642578125 0.01637876950777494
0 0.5470527502206656 0.27873673805823695 0.016292865459735576 0.01637568840613732
0 0.514674553504357 0.850237773014949 0.016067945040189303 0.016182826115534857
0 0.7491868092463567 0.02450368725336515 0.017379614023061898 0.017475820504702054
0 0.23177587068997896 0.49152645697960484 0.015865399287297174 0.015811626727764424
0 0.22116914162269005 0.3953200120192308 0.015553951263427734 0.015570713923527645
0 0.4277626184316782 0.2429816722869873 0.015140386728140024 0.015391239753136268
0 0.9059231831477239 0.48224342786348784 0.015561470618614784 0.015729684096116286
0 0.16490518129788911 0.26055209453289324 0.015480555020845853 0.015510815840501051
0 0.8224154252272385 0.5995632318349985 0.014426891620342549 0.014638900756835938
0 0.28621299450214094 0.31365203857421875 0.01590552696814904 0.015807060094980094
0 0.08954904629633977 0.3466946895305927 0.014801648946908804 0.014699055598332332
0 0.9080734252929688 0.46674845768855167 0.015005258413461538 0.015211985661433293
0 0.9192045651949369 0.535733516399677 0.012931530292217549 0.014429972721980168
0 0.0930567796413715 0.4777099902813251 0.014184970122117262 0.014150326068584736
0 0.11660517179048978 0.29329628210801345 0.014036050209632287 0.014188913198617788
0 0.18788842054513785 0.9844165948721079 0.013907909393310547 0.014249948354867788
0 0.23654950582064116 0.7278040372408353 0.013801868145282451 0.013997298020582933
0 0.7052477323091947 0.5491100091200608 0.013964432936448317 0.013789176940917969
0 0.8945277287409856 0.025707384714713462 0.014822446382962741 0.01501217713722816
