0 0.2759155493516188 0.3482155433067909 0.028080133291391227 0.028057245107797477
0 0.5999031066894531 0.33760745708759016 0.022694954505333535 0.022817171536959134
0 0.48376985696645886 0.3382092255812425 0.022998296297513522 0.023146702693058893
0 0.7141199845534104 0.1297123248760517 0.02011387164776142 0.020037027505727913
0 0.04325758493863619 0.4565325883718637 0.01784942700312688 0.018042857830341045
0 0.21681048319889948 0.3741463881272536 0.018456092247596152 0.01844934316781851
0 0.1079256534576416 0.5431707822359525 0.020061712998610277 0.019923870380108174
0 0.7586953823383038 0.08175332729633038 0.030184085552509014 0.030289411544799805
0 0.5394289310161884 0.19591366327725923 0.015272433941180889 0.015319494100717397
0 0.027467505289958075 0.5011898921086237 0.0188520229779757 0.018860376798189603
0 0.9677063868596003 0.1728840057666485 0.021089993990384616 0.021220977489764873
0 0.5323633414048415 0.6269264221191406 0.015580397385817308 0.015294588529146634
0 0.09516593126150277 0.24007335075965294 0.014345352466289815 0.014255010164701022
0 0.9655480018028846 0.8028180049015925 0.0181271479679988 0.01817497840294471
0 0.024002024760613076 0.709745847261869 0.016036612483171318 0.015857109656700723
0 0.4483639643742488 0.9177510188176081 0.014360574575570913 0.0143278562105619
0 0.10813480157118577 0.7396316528320312 0.04414815169114333 0.04391567523662861
0 0.499388914841872 0.4849067834707407 0.01721338125375601 0.017470139723557692
0 0.5582417341379019 0.793333493746244 0.014200210571289062 0.014284867506760817
0 0.5657672882080078 0.23906282278207633 0.014492621788611779 0.014305885021503154
