0 0.13861784568199745 0.4516716003417969 0.1671149180485652 0.1675090789794922
0 0.7922677260178786 0.20104800737821138 0.05341603205754207 0.053039183983435996
0 0.8610015282264123 0.44467416176429164 0.048839569091796875 0.04891755030705379
0 0.5572760655329778 0.3917078238267165 0.03998088836669922 0.040242782005896933
0 0.46614676255446214 0.281218748826247 0.03500043428861178 0.03513901050274189
0 0.26003408432006836 0.5495485525864822 0.031995993394118086 0.03220558166503906
0 0.744228509756235 0.26056854541485125 0.02781061025766226 0.027892332810621995
0 0.5680365562438965 0.3560708486116849 0.034594022310697116 0.03450958545391376
0 0.279841789832482 0.508513303903433 0.028653878432053786 0.02869899456317608
0 0.7316932678222656 0.5001227305485652 0.023677532489483174 0.023851541372445915
0 0.4739369979271522 0.4782294493455153 0.033052811255821817 0.03269797105055589
0 0.14004164475661057 0.42530221205491286 0.020511150360107422 0.020671917841984674
0 0.7040439018836389 0.28864519412700945 0.03357755220853365 0.03415988041804387
0 0.8659160320575421 0.38912545717679536 0.020075871394230768 0.019730201134314902
0 0.5980595808762771 0.2078540691962609 0.026818055372971755 0.02671968019925631
0 0.7188982596764197 0.38175795628474307 0.023806938758263223 0.023794907789963942
0 0.7297785098736103 0.8062694989717923 0.08428001403808594 0.08370795616736779
0 0.5528342907245343 0.8659477233886719 0.029547838064340446 0.029785302969125602
0 0.6947461641751803 0.4351324668297401 0.022230881911057692 0.022213275615985576
0 0.3097234139075646 0.5461528484637921 0.019729981055626504 0.019799012404221755
0 0.7003289002638596 0.49373311262864333 0.019959376408503607 0.020058705256535456
0 0.9147275777963492 0.08812837417309101 0.019851831289438102 0.019996276268592246
0 0.6691416960496169 0.4457836884718675 0.02052732614370493 0.02045778127817007
0 0.606237374819242 0.275086916410006 0.020951564495380107 0.021207736088679388
0 0.5629949936499963 0.1878201778118427 0.018233079176682692 0.018238140986515924
0 0.41929421058067906 0.46152621049147385 0.023072169377253607 0.023111636822040264
0 0.24756714013906625 0.5264824353731595 0.024309598482572116 0.024288324209359977
0 0.7120692913348858 0.04694513174203726 0.019831143892728366 0.019848220623456515
0 0.6011523466843826 0.30232829314011794 0.025978821974534255 0.025937227102426384
0 0.689017075758714 0.4572809659517728 0.0216525151179387 0.02155157235952524
0 0.24473104110130897 0.12654171540186956 0.03241880123431866 0.03257058216975285
0 0.2129366214458759 0.5829816231360803 0.01648844205416166 0.01653128403883714
0 0.6874049260066106 0.5611757865318885 0.04118904700646034 0.041367604182316706
0 0.18629796688373274 0.20587319594163161 0.022843580979567308 0.022293641017033503
0 0.5629037710336539 0.3094986035273625 0.01674813490647536 0.016461812532865085
0 0.47757702607374924 0.44766018940852237 0.017412552466759317 0.01758604783278245
0 0.47982127849872297 0.30777953221247745 0.018315241887019232 0.01827841538649339
0 0.5674681296715369 0.1571061611175537 0.01640936044546274 0.016381190373347357
0 0.6912629054142878 0.4047981775723971 0.02009245065542368 0.01984266134408804
0 0.6346682768601638 0.41609551356388974 0.018416331364558294 0.018457706157977764
0 0.2392586194551908 0.4334237025334285 0.02367232396052434 0.023517755361703727
0 0.6687273612389197 0.3894891372093788 0.016292718740609977 0.016222073481633112
0 0.6394232236422025 0.3317030393160306 0.016766474797175482 0.016910699697641227
0 0.5022839032686673 0.5038399329552283 0.020718501164362982 0.020889722383939303
0 0.6062534772432767 0.5336633095374475 0.015771792485163763 0.01580223670372596
0 0.23287215599646935 0.5422584460331843 0.016022608830378607 0.01610733912541316
0 0.524325077350323 0.249206726367657 0.016231830303485576 0.016371726989746094
0 0.2608554179851825 0.38838775341327375 0.01660768802349384 0.01654639610877404
0 0.5658544760483962 0.5650649070739746 0.015665787916917067 0.015700046832744893
0 0.5476160416236291 0.6224801723773663 0.01718601813683143 0.017060059767503005
0 0.7096384488619291 0.46148234147291917 0.01583715585561899 0.015459794264573317
0 0.7938876518836389 0.2871533173781175 0.014663109412560096 0.014492218311016377
0 0.5540439899151142 0.6620841393103967 0.03071110065166767 0.030603555532602165
0 0.6992385570819561 0.53856688279372 0.015522443331204928 0.01529224102313702
0 0.3552995828481821 0.7341202955979568 0.015212279099684495 0.015195259681114784
0 0.779867539039025 0.29364835298978365 0.01475216792179988 0.014931605412409855
0 0.9236633594219501 0.23302223132206842 0.016501500056340143 0.01672810774583083
0 0.4317904252272386 0.40303641099196214 0.01517332517183744 0.014986331646259014
0 0.4680573023282565 0.6201535004835862 0.014585128197303185 0.014501571655273438
0 0.9004450577955979 0.4780928905193622 0.019789475661057692 0.019995836111215446
0 0.1867053325359638 0.5461165354802058 0.01961693396935096 0.01977964547964243
0 0.383333866412823 0.0080045685172081 0.017218516423152044 0.01468567091685075
0 0.3324790367713341 0.6184349793654221 0.01633768815260667 0.016222586998572715
0 0.2038108935722938 0.2846966890188364 0.015670372889592096 0.015573574946476864
0 0.9640309994037335 0.20502471923828125 0.015816468458909255 0.016126339252178486
0 0.04977235427269569 0.3870507020216722 0.01849833818582388 0.018581537099984977
0 0.9730887779822717 0.18074816923875076 0.010662372295673076 0.016321218930757962
0 0.6352581611046424 0.34182071685791016 0.015265831580528846 0.015065413254957933
0 0.1442110538482666 0.29675461695744443 0.014120798844557542 0.014529741727388822
0 0.9155384944035456 0.722847058222844 0.01550747798039363 0.015393477219801683
0 0.3489648745610164 0.663473862868089 0.014374072735126201 0.014192727895883413
0 0.4791204012357272 0.7524473483745868 0.016484627356896035 0.01669135460486779
0 0.4766529890207144 0.4176762654231145 0.014086429889385518 0.014116287231445312
0 0.4452196267934946 0.6760310393113357 0.014388377849872295 0.014494675856370192
0 0.8899431962233323 0.2635340323814979 0.01524822528545673 0.015640442187969502
0 0.4264099414532001 0.6109936053936298 0.015173251812274639 0.015233113215519832
0 0.5428444789006159 0.4404940971961388 0.01470646491417518 0.014512428870567909
0 0.13350504178267258 0.9153455587533804 0.11234747446500339 0.1075295668381911
0 0.4118512226985051 0.6510928227351263 0.01429902590238131 0.014057452862079326
0 0.9052622868464544 0.49280221645648664 0.029319176307091348 0.0293882076556866
0 0.19507444821871245 0.7410145539503831 0.07181637103740986 0.07036707951472355
0 0.26810455322265625 0.25922294763418346 0.014851643488957332 0.014686291034405049
0 0.41086864471435547 0.5732294229360727 0.015417685875525841 0.015629988450270433
0 0.7017889756422776 0.35892398540790266 0.013414529653695913 0.013164960421048678
0 0.8197379479041467 0.14344943486727202 0.0223080561711238 0.022556451650766227
0 0.8059580876277044 0.47695240607628453 0.014273423414963942 0.01427012223463792
0 0.42757848592904896 0.9466144855205829 0.09322151770958534 0.09372769869290866
0 0.7781176933875451 0.43318909865159255 0.014176588792067308 0.014082248394305889
0 0.5736551651587853 0.26276089594914365 0.013710242051344652 0.013927606435922476
0 0.7800772006695087 0.5005719478313739 0.013658963716947116 0.013666959909292368
0 0.7436010654156024 0.44565178797795224 0.012988897470327524 0.013019708486703726
0 0.5893298662625827 0.4273982781630296 0.013647519625150241 0.014036912184495192
