0 0.9478858801034781 0.6073503127464881 0.05180549621582031 0.05128148885873648
0 0.5497033045842097 0.3658943176269531 0.08461673443134014 0.08467542208158053
0 0.7510864551250751 0.6452102661132812 0.02709535452035757 0.02705530019906851
0 0.44538263174203724 0.3065971227792593 0.01970247121957632 0.019788301908052884
0 0.9168478158804086 0.8297680341280423 0.026133904090294473 0.025988211998572715
0 0.6781413004948542 0.6466927895179162 0.019906264085036058 0.01991580082820012
0 0.829986572265625 0.5857401994558481 0.02111684359036959 0.02124896416297326
0 0.570147440983699 0.671718010535607 0.021534259502704326 0.021540421705979567
0 0.055599753673260026 0.2994072620685284 0.02163223119882437 0.021542769211989183
0 0.2888614030984732 0.11924044902508076 0.02417890842144306 0.024027420924260065
0 0.27888081623957706 0.4910558553842398 0.04303477360652043 0.04253094012920673
0 0.4755152188814603 0.42824187645545375 0.019211622384878304 0.019113980806790866
0 0.07023318455769466 0.6624263616708609 0.02442641441638653 0.024276293241060697
0 0.04149153599372277 0.7597992970393255 0.020008327869268563 0.019656988290640023
0 0.8153820037841797 0.8838368195753831 0.021701519305889424 0.021729395939753607
0 0.05850591567846445 0.11294452043680045 0.023946505326491136 0.024225179965679463
0 0.7505971468411959 0.4517451799832858 0.01912835928109976 0.019116621751051683
0 0.1089942455291748 0.11512499589186448 0.017431992750901442 0.017481510455791768
0 0.8623643288245568 0.7462262373704177 0.021659704355093148 0.02166014451246995
0 0.8188675366915189 0.8526598123403696 0.040526169996995196 0.04095899141751803
0 0.5992583861717811 0.9696121215820312 0.04834593259371244 0.048392075758713946
0 0.7226704817551833 0.8947916764479417 0.019625150240384616 0.01964745154747596
0 0.7412958145141602 0.5173124166635367 0.019299873938927285 0.01955267099233774
0 0.5150724557729868 0.7599289233867939 0.06363487243652344 0.06293898362379807
0 0.606473262493427 0.42190074920654297 0.01777824988731971 0.017872150127704326
0 0.8799080481896033 0.023365415059603177 0.055432686438927285 0.0454259285560021
0 0.9634409684401292 0.4121597363398625 0.024850992056039665 0.025705924400916465
0 0.9138612013596755 0.7653953845684345 0.016132061298076924 0.01598211435171274
0 0.15509304633507362 0.35200159366314226 0.018675804138183594 0.018369527963491585
0 0.969698979304387 0.756500977736253 0.01437847430889423 0.017031156099759616
0 0.9694631283099835 0.3772108004643367 0.01528622553898738 0.01998160435603215
0 0.7893687028151292 0.7943728520320013 0.024245775662935697 0.02445499713604267
0 0.6994847517747146 0.5853942724374624 0.0205227778508113 0.020582932692307692
0 0.2811453342437744 0.43970020000751203 0.05919064008272611 0.05922060746413011
0 0.9270631350003756 0.043613277948819675 0.015009659987229567 0.015376136853144718
0 0.6981273064246545 0.6173079564021184 0.01720560514009916 0.017052833850567158
0 0.6616194798396184 0.9445902017446665 0.0886082282433143 0.08832462017352764
0 0.14665957597585824 0.6178659292367789 0.016475384051983174 0.016615684215839092
0 0.7976501171405499 0.524904911334698 0.025185218224158652 0.02524258540226863
0 0.6787783549382136 0.5354036551255447 0.01732048621544471 0.01708683600792518
0 0.7189471905048077 0.6505992595966046 0.022980616642878607 0.022801032433143027
0 0.9306799081655649 0.8831056448129507 0.017405876746544473 0.017153519850510817
0 0.4422663175142728 0.4398445716271034 0.0160064697265625 0.01597250424898588
0 0.12793663831857535 0.5600830958439753 0.019353646498460036 0.01969447502723107
0 0.4494186181288499 0.610394184405987 0.018287511972280648 0.018492918748121995
0 0.9209742912879357 0.9228841341458834 0.020175053523137018 0.020298884465144232
0 0.8000991527850811 0.14654003656827486 0.019160637488731973 0.019208614642803486
0 0.39505797166090745 0.3168478012084961 0.04266210702749399 0.04377014820392315
0 0.7774093334491436 0.619571905869704 0.014921041635366587 0.014733534592848558
0 0.028226045461801384 0.18818165705754206 0.014245060773996206 0.015734415787916917
0 0.03240379003378061 0.23663907784682053 0.014959940543541541 0.015120983123779297
0 0.7556962233323318 0.505200459406926 0.015685594998873197 0.01562331273005559
0 0.19961065512437087 0.59160093160776 0.02551137484036959 0.025371404794546273
0 0.8337873312143179 0.7590663616473858 0.027571604802058294 0.027790949894831732
0 0.7437521127554086 0.5582159849313589 0.014877025897686299 0.015070254986102764
0 0.6428253467266376 0.061097209270183854 0.019408299372746393 0.0196378414447491
0 0.09596560551570012 0.5776322438166692 0.0180355952336238 0.01813022906963642
0 0.21878653306227464 0.5040751970731295 0.01641060755803035 0.016840127798227165
0 0.16111175830547625 0.6372677729679987 0.015837339254525993 0.015797835129957933
0 0.2589260248037485 0.5932276799128606 0.02328637930063101 0.02349061232346755
0 0.8494380070612981 0.07720607977647048 0.021746708796574518 0.021750340094933145
0 0.4591404841496394 0.4404919697688176 0.01836982140174279 0.018085626455453727
0 0.7551430922288161 0.8852816361647385 0.019187193650465745 0.019199077899639424
0 0.9227459247295673 0.3568014364976149 0.02189768277681791 0.02196201911339393
0 0.7893645946796124 0.8982437573946439 0.036405123197115384 0.03651706988994892
0 0.7586417564978967 0.7143681599543645 0.028560638427734375 0.02898436326246995
0 0.84038756443904 0.045798618059891924 0.04496339651254507 0.045580377945533164
0 0.06095042136999277 0.7252478966346154 0.03803659402407133 0.03843131432166466
0 0.38702898759108323 0.8324928283691406 0.02727046379676232 0.027260706974909857
0 0.7949476975661057 0.09305537663973294 0.014634205744816707 0.014280099135178786
0 0.7849018390362079 0.6892588688777044 0.013807150033804087 0.014012850247896634
0 0.36638817420372594 0.36225153849675107 0.0163882328913762 0.01630232884333684
0 0.7814124914316031 0.5776026065532978 0.027858880849984977 0.02812987107496995
