0 0.28156042098999023 0.24669628876906174 0.1696328383225661 0.17033723684457633
0 0.7204146751990685 0.6829169346736028 0.2652419163630559 0.2680021065932054
0 0.7396055368276743 0.2169515352982741 0.09497319735013522 0.09606049611018254
0 0.502022229708158 0.21005665338956392 0.056199880746694714 0.05658428485576923
0 0.6608847104586087 0.27941232461195725 0.1774776532099797 0.1784534087547889
0 0.15121064736292913 0.920083632835975 0.06403807493356559 0.06974587073692909
0 0.18068559353168195 0.8977226844200721 0.0364375114440918 0.036408644456129804
0 0.15784393824063814 0.14269331785348746 0.03226544306828426 0.03190058928269606
0 0.8134844853327825 0.4422317651601938 0.03311978853665865 0.033241565410907455
0 0.29810487307035005 0.12332727358891414 0.02851266127366286 0.028527259826660156
0 0.2660051492544321 0.23521815813504732 0.024529530451847956 0.024388936849740837
0 0.18883925217848557 0.13668614167433518 0.12825018625992995 0.15171729601346529
0 0.7594114450307993 0.15142313333658072 0.036063854510967545 0.03652787208557129
0 0.5771229817317083 0.22539087442251352 0.07110903813288762 0.07128964937650241
0 0.3080292481642503 0.8614565042349008 0.1653143809391902 0.16370611924391526
0 0.6375638521634616 0.1881552109351525 0.035915374755859375 0.03600619389460637
0 0.680449705857497 0.5136653459989108 0.017737168532151442 0.017761083749624398
0 0.3789532001201923 0.611569698040302 0.019425172072190505 0.019470068124624398
0 0.5994629493126502 0.5896675403301532 0.020712779118464544 0.020747038034292366
0 0.7443871131310096 0.5346429164593036 0.027132474459134616 0.02720928192138672
0 0.6429179264948919 0.0870972596682035 0.022417068481445312 0.022473009733053353
0 0.19925388923058143 0.16361185220571664 0.06499488537128155 0.06445364768688495
0 0.8515721101027268 0.29459161024827224 0.037466782789963946 0.03800832308255709
0 0.2702004175919753 0.6686680133526142 0.02251878151526818 0.02262086134690505
0 0.18091755646925706 0.2485063626216008 0.047424683204064004 0.04729938507080078
0 0.6613364586463342 0.5308942061204177 0.016031558697040264 0.015819696279672477
0 0.5681237074045035 0.05143628670619084 0.02855660365178035 0.02887853980064392
0 0.4972640551053561 0.45885449189406174 0.025640487670898438 0.02521507556621845
0 0.8545809525709885 0.6158696688138522 0.018488077016977165 0.018342201526348408
0 0.2427361011505127 0.39621397165151745 0.04875946044921875 0.049246567946213946
0 0.16337132453918457 0.045654576558333174 0.07599892983069786 0.09056460857391357
0 0.24930572509765625 0.601177875812237 0.016446847182053786 0.01647156935471755
0 0.7896512838510367 0.37090312517606294 0.04827616764948918 0.04790819608248197
0 0.8585915932288537 0.4356057827289288 0.021680831909179688 0.021606078514685996
0 0.8643588286179763 0.6954623002272385 0.01815003615159255 0.018069047194260817
0 0.8514807774470403 0.25814115084134615 0.03674756563626803 0.03688962642963116
0 0.5920864251943735 0.07203656893510085 0.019263047438401442 0.01920634049635667
0 0.558505131648137 0.2508718417241023 0.018436285165640023 0.01851499997652494
0 0.32639092665452224 0.16414383741525504 0.031692798321063705 0.03179729901827299
0 0.6220472775972806 0.23181752058175895 0.01597796953641451 0.016117646143986628
0 0.816612537090595 0.03030188725544856 0.016338935265174277 0.01618791543520414
0 0.15458266551677996 0.6898859464205228 0.016076124631441556 0.01624459486741286
0 0.6684483748215896 0.16599490092350885 0.04992587749774639 0.049575512225811295
0 0.6882531092717097 0.06012795521662785 0.0207522465632512 0.021019715529221755
0 0.23030814757713905 0.19202769719637358 0.018776380098783053 0.018939898564265326
0 0.22272392419668344 0.9488165928767278 0.015763209416316107 0.016003535344050482
0 0.7202281218308669 0.11309399054600643 0.0960988264817458 0.09447961587172288
0 0.21772362635685846 0.04855540165534386 0.019385557908278245 0.019318488927987907
0 0.6778892370370718 0.02517101397881141 0.03217374361478365 0.03227133934314434
0 0.32169382388775164 0.055469393730163574 0.030853638282189004 0.030759591322678786
0 0.21133870344895583 0.8973633692814753 0.048287538381723255 0.047255295973557696
0 0.5138304050152118 0.028639201934521016 0.042814988356370196 0.04373100170722374
0 0.5158315071692834 0.33754363426795375 0.05420406048114483 0.05512575002817007
0 0.5812531984769381 0.1558978374187763 0.0406493407029372 0.04075731680943416
0 0.7133309290959284 0.6150129391596868 0.021290999192457933 0.02131484105036809
0 0.14660868277916542 0.5793007703927847 0.014288645524245042 0.014415447528545674
0 0.29271868559030384 0.15779750163738543 0.0294492061321552 0.02980668728168194
0 0.4498749512892503 0.15013392154987043 0.02033571096567007 0.020393848419189453
0 0.46674750401423526 0.3325001276456393 0.0160523194533128 0.016020481403057393
0 0.5505525882427509 0.16703132482675406 0.028056951669546273 0.02783485559316782
0 0.5614387805645282 0.027488068892405584 0.045739247248722956 0.045009929400223955
0 0.563514416034405 0.3360291994535006 0.01663633493276743 0.016541407658503607
0 0.19020935205312875 0.38069923107440656 0.043476031376765326 0.042508638822115384
0 0.35880455603966344 0.7296058948223407 0.015086834247295674 0.015040324284480168
0 0.7464876908522385 0.045683860778808594 0.015123807466947116 0.015252984487093411
0 0.6226039299598107 0.16142771794245794 0.03674536484938402 0.03584993802584135
0 0.547942014840933 0.8820970241840069 0.014749453617976261 0.015040030846228966
0 0.23655201838566706 0.5132708916297326 0.014748133145845853 0.014879960280198317
0 0.3731993161714994 0.17327580085167518 0.015750298133263223 0.015580837543194111
0 0.34809108880849987 0.34892845153808594 0.028008387638972357 0.02800332582913912
0 0.3945710842426007 0.6424622168907752 0.015202742356520433 0.01541900634765625
0 0.44591742295485276 0.8511290917029748 0.018014027522160456 0.01844024658203125
0 0.5957566041212815 0.5666102629441482 0.03536356412447416 0.035334073580228366
0 0.32099632116464466 0.12290224662193885 0.12267626248873197 0.11924200791579026
0 0.49198304689847505 0.4381104616018442 0.01546786381648137 0.015339337862454928
0 0.5471019011277419 0.48647124950702375 0.0140533447265625 0.014117901141826924
0 0.8504507358257587 0.11459462459270771 0.01468658447265625 0.01471541478083684
0 0.8212896493765024 0.03914866997645451 0.021405733548677884 0.02123101857992319
0 0.47650990119347203 0.769994515639085 0.014978262094350962 0.014222952035757212
0 0.8662634629469651 0.0947271860562838 0.011187920203575721 0.01459052012516902
0 0.31350099123441255 0.6550997954148513 0.014789746357844425 0.01486675555889423
0 0.5424633759718674 0.10984204365656926 0.07886886596679688 0.07870193628164437
0 0.6738160940317007 0.49909063485952526 0.018174098088191107 0.018136978149414062
0 0.4652748107910156 0.7668210543118991 0.042115431565504804 0.0436248779296875
0 0.623835563659668 0.08314752578735352 0.016559747549203727 0.01727131696847769
0 0.73780213869535 0.22938038752629206 0.013931861290564904 0.01304017580472506
0 0.45839511431180513 0.27477843944843 0.028763184180626504 0.02836755605844351
0 0.8249994424673227 0.33522459176870495 0.014168665959284855 0.014013583843524639
0 0.8211707335252029 0.03617412998126103 0.024979077852689303 0.02497915579722478
0 0.7765840383676382 0.35864367851844203 0.015143467829777645 0.015272287222055288
0 0.6675902146559495 0.471012152158297 0.01690086951622596 0.016963078425480768
0 0.5687157190763034 0.3863676144526555 0.018989709707406852 0.018700599670410156
