0 0.7351373525766226 0.22883026416485125 0.046568063589242786 0.046554271991436295
0 0.3946578319256122 0.30676706020648664 0.058001078092134915 0.058093877939077526
0 0.44359790361844575 0.515129566192627 0.08937828357403095 0.08960885267991286
0 0.2484607696533203 0.7300453186035156 0.04337112720196064 0.04345409686748798
0 0.5175354297344501 0.6976475348839393 0.055109464205228366 0.05568005488469051
0 0.24460656826312727 0.9440287076509916 0.02917311741755559 0.029445794912484977
0 0.15358050969930795 0.7615756254929763 0.04890179634094238 0.04938287001389723
0 0.20856347450843224 0.5091610688429612 0.08736478365384616 0.08687019348144531
0 0.7191404195932242 0.6815026356623723 0.02872643103966346 0.02898832467886118
0 0.7012213193453275 0.1799325209397536 0.02558722862830529 0.025438455434945915
0 0.6725135216346154 0.5184946793776292 0.048734811636117786 0.04940363077016977
0 0.5732492300180289 0.4409304765554575 0.0842732649583083 0.08361310225266677
0 0.6725259194007287 0.9836242382342999 0.025167025052584134 0.024696496816781852
0 0.29218475635235125 0.8722798274113581 0.034234120295597956 0.03420404287484976
0 0.20021977791419396 0.8056750664344201 0.0252531858590933 0.025222191443810098
0 0.25125914353590745 0.5232334870558518 0.01992166959322416 0.019862248347355768
0 0.3161931404700646 0.8164999301616962 0.02599303538982685 0.02608035160945012
0 0.5435332151559683 0.24830447710477388 0.022318619948167067 0.022580953744741585
0 0.1845271220574012 0.219328733590933 0.08073098842914288 0.07977346273568961
0 0.7109355926513672 0.4057212242713341 0.02358099130483774 0.023730057936448317
0 0.7007383199838492 0.06904265513786903 0.019915360670823317 0.019946501805232122
0 0.42084877307598406 0.1279294674213116 0.030190687913161058 0.030467510223388672
0 0.635462760925293 0.7915964860182542 0.03252748342660757 0.03250532883864183
0 0.6481482432438777 0.6783903562105619 0.0992274651160607 0.10081980778620793
0 0.576142457815317 0.325897216796875 0.034981947678786054 0.03491885845477764
0 0.2585273889394907 0.6628017425537109 0.019771502568171576 0.019841120793269232
0 0.8888134589562049 0.8383073073167068 0.023129389836237982 0.031152725219726562
0 0.7742130572979267 0.1599135032066932 0.018749383779672477 0.018691200476426344
0 0.6967753630418044 0.5381075052114633 0.023401260375976562 0.023539909949669473
0 0.5650100341209998 0.6681072528545673 0.023926368126502402 0.023730644812950723
0 0.37092759059025693 0.704008909372183 0.21782955756554237 0.2236624497633714
0 0.5160481379582331 0.9387871668888972 0.023007612961989183 0.023195706881009616
0 0.5754846059359037 0.740726691025954 0.024903590862567607 0.02495266841008113
0 0.670082532442533 0.41284385094275844 0.051214951735276446 0.051042410043569714
0 0.7693410286536584 0.19753848589383638 0.0180203364445613 0.01809266897348257
0 0.18513653828547552 0.27333398965688854 0.03732930696927584 0.03723503993107723
0 0.2677211578075702 0.5460434693556565 0.03379953824556791 0.033612764798677884
0 0.5197631395780123 0.5770243864793044 0.019117061908428486 0.01943690960223858
0 0.3759022492628831 0.8550368088942307 0.03552744938777043 0.03584069472092848
0 0.7935352325439453 0.4726413580087515 0.016022608830378607 0.016028477595402643
0 0.23685255417456993 0.8071597172663763 0.017715894258939303 0.017620673546424277
0 0.1818992541386531 0.9114591891948993 0.024025403536283053 0.024187088012695312
0 0.7018682039701022 0.022540842111294087 0.01846489539513221 0.018759617438683145
0 0.13411523745610163 0.9836086860069861 0.023674781505878154 0.02351071284367488
0 0.41555254275982195 0.8058192913348858 0.019249402559720553 0.019197904146634616
0 0.21361593099740836 0.7653661141028771 0.0656904807457557 0.065277099609375
0 0.3336158899160532 0.014208805102568407 0.029057722825270433 0.027133001730992243
0 0.14910045036902794 0.47783690232496995 0.021596908569335938 0.021748909583458535
0 0.17028210713313177 0.5419708031874436 0.020676025977501504 0.020747551551231973
0 0.43027547689584583 0.6765058957613431 0.029395690331092246 0.02933648916391226
0 0.4634290841909555 0.8471603393554688 0.01679530510535607 0.016773223876953125
0 0.7438739629892203 0.6830325493445764 0.019252483661358174 0.01924309363731971
0 0.12377003523019645 0.2172051209669847 0.04320537126981295 0.06569935725285457
0 0.47558039885300857 0.8811579484205979 0.018715271582970254 0.018694510826697715
0 0.8208123720609225 0.27667749845064604 0.017284099872295674 0.017349096444936898
0 0.7847954676701472 0.11316858805142917 0.025349250206580527 0.025538151080791768
0 0.34446921715369594 0.4455506985004132 0.017227759728064902 0.017262092003455527
0 0.10887768635383019 0.7793401571420523 0.018576346910916842 0.020725837120643027
0 0.18685685671292818 0.46027741065392125 0.01778133098895733 0.017925555889423076
0 0.18470274485074556 0.10800640399639423 0.029790731576772835 0.030078044304480918
0 0.15381129888387826 0.9231321628277118 0.019658987338726338 0.019590377807617188
0 0.8109620901254507 0.4311947455772987 0.025381968571589544 0.02536186805138221
0 0.855953730069674 0.5324909503643329 0.017044800978440505 0.01680924342228816
0 0.1792450501368596 0.6416061841524564 0.09599586633535531 0.09649716890775241
0 0.5472970375647912 0.3622622489929199 0.018581096942608174 0.018505316514235277
0 0.5446644196143517 0.34852240635798526 0.019348878126878005 0.01936024885911208
0 0.24792865606454703 0.5875400396493765 0.01641691648043119 0.01616698044996995
0 0.6883909518902118 0.25754433411818284 0.0207675053523137 0.020940340482271634
0 0.6596579184898963 0.2539062316601093 0.04665668194110577 0.046466717353233926
0 0.2636528748732347 0.9040734217717097 0.0185546141404372 0.01879266592172476
0 0.6976484151986929 0.8083402927105243 0.029412196232722357 0.029157638549804688
0 0.3023719054002028 0.9845347771277795 0.05479343120868389 0.02948452876164363
0 0.5590495329636794 0.13171087778531587 0.03446329556978666 0.03379291754502516
0 0.3638610473045936 0.3679139797504132 0.03975596794715294 0.03991985321044922
0 0.6129163595346304 0.857243171105018 0.021013259887695312 0.02090879587026743
0 0.37236998631403995 0.8121626927302434 0.025552749633789062 0.025632271399864785
0 0.14311445676363432 0.520564812880296 0.015101359440730168 0.015165182260366587
0 0.5044490740849421 0.32983904618483323 0.03190165299635667 0.03198022108811598
0 0.7153647496150091 0.849119626558744 0.026134784405048076 0.026074923001802884
0 0.3753251295823317 0.1211692003103403 0.027391580434945915 0.027106285095214844
0 0.3510704040527344 0.736157123859112 0.02683404775766226 0.02636293264535757
0 0.16710728865403396 0.43957160069392276 0.022173368013822116 0.02219845698429988
0 0.1745299926170936 0.34844178419846755 0.015600057748647837 0.015615316537710337
0 0.42607534848726714 0.05098833487584041 0.04790306091308594 0.04763660064110389
0 0.8769870171180139 0.2846739108745868 0.04249836848332332 0.060181617736816406
0 0.45864728780893177 0.9926922137920673 0.020504878117487982 0.013161439162034255
0 0.5027981904836801 0.12482490906348595 0.018025691692645732 0.01799464225769043
0 0.5870033410879282 0.6089090934166541 0.08808033282940204 0.08765470064603366
0 0.45021167168250453 0.7984830416165866 0.029247430654672477 0.029440659743088942
0 0.328523012307974 0.9272086803729718 0.0443727053128756 0.04393269465519832
0 0.4450065539433406 0.7224405728853666 0.01651111015906701 0.016471275916466348
0 0.8834438323974609 0.8936609121469351 0.033590463491586536 0.03529064471905048
0 0.6015669749333308 0.7244374201847956 0.023421214177058294 0.023331862229567308
0 0.5605561549846942 0.9333013387826773 0.01805459536038912 0.018320817213792067
0 0.3658608656663161 0.9565078295194186 0.02879648942213792 0.028716600858248197
0 0.25797711885892427 0.768614989060622 0.02263054480919471 0.023250579833984375
0 0.4706064004164476 0.38517460456261265 0.029823963458721455 0.02972866938664363
0 0.39999595055213344 0.6945858001708984 0.025262832641601562 0.024592766394981973
0 0.44617480498093826 0.8691247793344351 0.014920381399301382 0.014754955585186299
0 0.7012527905977689 0.6886787414550781 0.015655077420748197 0.01597419151893029
0 0.5493054756751428 0.9646976177509015 0.02877220740685096 0.028496962327223558
0 0.6785232837383564 0.019802916508454543 0.019744873046875 0.019591051798600417
0 0.13323703178992638 0.8403190466073843 0.01611749942486103 0.016197938185471755
0 0.3623045407808744 0.42487261845515323 0.02537874075082632 0.025247940650353067
0 0.5294709572425256 0.32815001561091495 0.01655094440166767 0.016350305997408353
0 0.8845272797804612 0.47826348818265474 0.017641801100510817 0.017595951373760518
0 0.47414156106802136 0.832257344172551 0.017479676466721755 0.01759925255408654
0 0.5252182300274189 0.7480195852426382 0.03712815504807692 0.03670560396634615
0 0.5785996363713191 0.2427793282728929 0.01526333735539363 0.015335523165189303
0 0.5470146766075721 0.2951644750741812 0.015771865844726562 0.015679432795597956
0 0.8478060502272385 0.09189135294694167 0.04040732750525841 0.04018935790428749
0 0.12009877424973708 0.7385322864239032 0.024019241333007812 0.02409216073843149
0 0.37365150451660156 0.09921361849858211 0.03234951312725361 0.031496598170353815
0 0.31296502626859224 0.7619760953463041 0.07039776215186486 0.06839400071364182
0 0.15723760311420149 0.943519298846905 0.01879123541025015 0.018612201397235576
0 0.3200102219214806 0.5137812174283541 0.03258066910963792 0.032018808218149036
0 0.4531259536743164 0.8212823867797852 0.015685301560621995 0.016030091505784255
0 0.6271649874173678 0.8273926514845628 0.026259458982027493 0.025898860051081732
0 0.8136376600999099 0.24359493989210862 0.04651553814227764 0.04604633037860577
0 0.26045039983896107 0.6139050263624924 0.01626308147723858 0.016128686758188102
0 0.5500707626342773 0.44558433385995716 0.01699176201453576 0.017203110914963942
0 0.428373960348276 0.26627016067504883 0.019723818852351263 0.01979207992553711
0 0.6986868931696966 0.4712069217975323 0.039951324462890625 0.039544105529785156
0 0.8856927431546725 0.32100699498103213 0.01782813439002404 0.01744681138258714
0 0.6356336887066181 0.7624260829045222 0.028854223398061898 0.029113182654747598
0 0.6221446990966797 0.902530890244704 0.02096759355985201 0.021022796630859375
0 0.42867194689237154 0.9327658139742337 0.04234952193040114 0.04300088148850661
0 0.2554466724395752 0.7684574127197266 0.019212869497445915 0.020335564246544473
0 0.7033017965463492 0.5992748187138484 0.014860886793870192 0.014916346623347355
0 0.7820345071645883 0.8750131313617413 0.03901364253117488 0.03826302748460036
0 0.18444985609788161 0.849570787869967 0.027138123145470254 0.027436183049128607
0 0.8787825657771184 0.37663474449744594 0.03959978543795072 0.06988701453575721
0 0.5456150128291204 0.83636841407189 0.027565956115722656 0.027724339411808893
0 0.20056299062875602 0.8865428337684045 0.018555861253004808 0.01838816129244291
0 0.7388327671931341 0.6926744901216947 0.015986515925480768 0.0159915043757512
0 0.7667010380671575 0.4249781828660231 0.024761199951171875 0.024891046377328727
0 0.442295661339393 0.09760859379401574 0.016179891733022835 0.016109961729783278
0 0.58372739645151 0.8916630378136268 0.029462227454552285 0.029809218186598558
0 0.5406637558570275 0.9886192908653846 0.02111163506141076 0.019335820124699518
0 0.2709824855511005 0.6966141187227689 0.025013483487642728 0.024642504178560697
0 0.7587450467623197 0.6859095646784856 0.014055398794320913 0.014207986684945913
0 0.19068521719712478 0.05782360296982985 0.061156162848839395 0.06180110344519982
0 0.7684125166672927 0.44618584559513974 0.015166062575120192 0.015012154212364784
0 0.5806911175067608 0.8941907149094802 0.022657174330491286 0.022936014028695915
0 0.1655578980079064 0.6654808337871845 0.01730647453894982 0.01735071035531851
0 0.22825259428757888 0.8539769099308894 0.015624926640437199 0.015689262977013223
0 0.16478331272418684 0.6400291002713717 0.1316834596487192 0.210540771484375
0 0.761571297278771 0.2660575830019437 0.020009554349459134 0.02031425329355093
0 0.15820859028742865 0.9462837806114783 0.023563311650202826 0.023182502159705527
0 0.12601547974806565 0.5404702700101413 0.0333861571091872 0.03377576974722055
0 0.37292964641864484 0.8307533264160156 0.023511446439302884 0.02364833538348858
0 0.8861965766319861 0.3232303032508263 0.020434746375450723 0.02193458263690655
0 0.5315411641047552 0.3402454669658954 0.015414604773888221 0.016063690185546875
0 0.6450605392456055 0.4543458498441256 0.07337760925292969 0.07122362576998197
0 0.6845360535841721 0.03571419532482441 0.018867639394906852 0.01877013536599966
0 0.19550022712120643 0.31577337705172026 0.017682625697209284 0.017580014008742113
0 0.8388523688683143 0.4193570063664363 0.015346233661358174 0.01515491192157452
0 0.6797588054950421 0.3694326694195087 0.12812658456655648 0.12708221949063814
0 0.6824151552640475 0.05457057402684139 0.014043074387770433 0.014133801827063927
0 0.8731181071354792 0.05156944348261906 0.04075490511380709 0.03987264633178711
0 0.21628673260028547 0.8437556486863357 0.014636406531700721 0.014838438767653245
0 0.2818843401395358 0.8145099053016076 0.016854139474722054 0.016768822303185098
0 0.12184627239520733 0.8718327742356521 0.014694470625657301 0.01487262432391827
0 0.38512017176701474 0.4361708347613995 0.022216650155874398 0.022135000962477464
0 0.5056044505192683 0.044593439652369574 0.11538945711576022 0.08604391721578744
0 0.7775137241070087 0.05802324643501869 0.013662191537710337 0.01355275740990272
0 0.39566802978515625 0.13651191271268404 0.020600538987379808 0.02094730964073768
0 0.5536431532639724 0.39518532386192906 0.015620598426231971 0.015632042518028848
0 0.2174534797668457 0.9907648379986103 0.015603432288536659 0.014459609985351562
0 0.31945118537315953 0.045299419989952676 0.0447077384361854 0.04421295569493221
