0 0.6608907259427584 0.49002445661104643 0.08240098219651443 0.08330447857196514
0 0.4625093753521259 0.0380745896926293 0.05900779137244591 0.05923636143024151
0 0.47044695340670073 0.5401157966026893 0.05265323932354267 0.0532073974609375
0 0.5542068848243127 0.7036041846642127 0.053910328791691706 0.05403636052058293
0 0.7039040785569411 0.7037510505089393 0.054395822378305286 0.05449969951923077
0 0.7063771761380709 0.8299103516798753 0.05367601834810697 0.053533700796274036
0 0.5959467887878418 0.19346875410813552 0.1290141619168795 0.1281091983501728
0 0.5114313272329477 0.4915163333599384 0.10649769122783954 0.10451727647047776
0 0.7676232411311223 0.07483804225921631 0.026127448448768027 0.026084349705622747
0 0.5703615041879507 0.5163076107318585 0.037412863511305586 0.03720591618464543
0 0.4412524883563702 0.818082882807805 0.02920224116398738 0.029402952927809495
0 0.5473760824937087 0.5920117451594427 0.04668499873234676 0.04659755413348858
0 0.6581208155705378 0.34093310282780576 0.09498922641460712 0.09750065436730018
0 0.32096092517559344 0.06096038451561561 0.12831966693584734 0.1188052250788762
0 0.35671446873591495 0.3842928226177509 0.024036480830265924 0.023996353149414062
0 0.47740063300499547 0.9526757460374099 0.023866946880634014 0.023846552922175482
0 0.6713696993314303 0.9336236073420598 0.0492406991811899 0.04924084590031551
0 0.34895801544189453 0.48010584024282604 0.021514745858999398 0.02150564927321214
0 0.5308611943171575 0.6521726021399865 0.025993200448843148 0.02621797414926382
0 0.6806471164409931 0.8976980356069711 0.04253959655761719 0.04246667715219351
0 0.36228172595684344 0.0313759812941918 0.077086301950308 0.06185792959653414
0 0.537568972660945 0.2491770707643949 0.017378733708308294 0.017213858090914212
0 0.6506308775681716 0.2334608664879432 0.14115186838003305 0.13931487156794622
0 0.5110855102539062 0.6379950596736028 0.026276881878192607 0.026926774245042067
0 0.5072428629948542 0.9761301920964167 0.048999639657827526 0.04409364553598257
0 0.7468889676607572 0.7397603255051833 0.0627887432391827 0.09095705472506009
0 0.7687416810255784 0.3409550740168645 0.02915367713341346 0.04117173414963942
0 0.2926162573007437 0.17020097145667443 0.04592110560490535 0.045523570134089544
0 0.2898386808542105 0.7584087665264423 0.018650018251859225 0.01845726600060096
0 0.5863141279954177 0.918200419499324 0.05715663616473858 0.05725655188927284
0 0.5439206636868991 0.5340474935678335 0.01995057326096755 0.01992973914513221
0 0.5210306094242976 0.8004951477050781 0.026969762948843148 0.027181478647085335
0 0.6756599866426908 0.5498287494365985 0.022697008573091947 0.022905789888822116
0 0.5968225185687726 0.4319466077364408 0.045205923227163464 0.04538565415602464
0 0.5436463722815881 0.01413909517801725 0.015153004572941707 0.015175452599158654
0 0.7349307720477765 0.5054374841543344 0.021266056941105768 0.021387540377103366
0 0.6132381879366361 0.5667747350839468 0.04765011714054988 0.04721641540527344
0 0.6351627936730018 0.9257376010601337 0.021802902221679688 0.022191707904522236
0 0.4836086860069862 0.8791374793419471 0.09218641427847055 0.09489294198843148
0 0.757106194129357 0.8053540449876052 0.022785480205829326 0.022935867309570312
0 0.58960694533128 0.6217311712411734 0.031571608323317304 0.030827742356520433
0 0.47610679039588344 0.8991592113788311 0.015967515798715446 0.015918438251201924
0 0.3792580824631911 0.7701781346247747 0.046737377460186295 0.04646022503192608
0 0.7418395555936373 0.06870806217193604 0.08724447397085336 0.1353779022510235
0 0.6604499816894531 0.6227584251990685 0.10599257395817684 0.10310976321880634
0 0.5417992151700534 0.9263543349045974 0.0449071297278771 0.04471998948317308
0 0.5612524105952337 0.6399210416353666 0.028062820434570312 0.028159214900090143
0 0.6595230102539062 0.963187731229342 0.0377496572641226 0.038501739501953125
0 0.5514851350050706 0.6307241733257587 0.04432839613694411 0.04535587017352764
0 0.3856238585252028 0.6894760865431565 0.06515106788048378 0.06394518338716947
0 0.5715833810659555 0.977232419527494 0.018993377685546875 0.018457852877103366
0 0.31582942375769985 0.8039692365206205 0.052225241294273965 0.05274479205791767
0 0.565810753748967 0.3712179477398212 0.06903545673076923 0.06865207965557392
0 0.7511985485370343 0.8092946272629958 0.01732782217172476 0.01764532235952524
0 0.7540068993201623 0.8070254692664514 0.021692422720102165 0.02197118905874399
0 0.7660452769352839 0.42110252380371094 0.019129239595853366 0.018756573016826924
0 0.5323467254638672 0.5574125876793494 0.03180547860952524 0.031923734224759616
0 0.6525683769812951 0.3809201167179988 0.036201770489032455 0.036219230064978965
0 0.7592046444232647 0.38478924677922177 0.03245705824631911 0.03218577458308293
0 0.5708219454838679 0.9122528663048377 0.08928746443528396 0.08686006986177884
0 0.430055911724384 0.9821847768930289 0.07473138662484977 0.03431613628680889
0 0.6304658009455755 0.10303754989917462 0.0623927483191857 0.06234856752248911
0 0.47299495110144985 0.7444988397451547 0.02183048541729267 0.02121455852801983
0 0.37776785630446214 0.6897234549889197 0.01597140385554387 0.015751471886268027
0 0.3793801527756911 0.5877736164973333 0.015099892249474159 0.015364426832932692
0 0.716189091022198 0.35138790424053484 0.014295871441180889 0.014363655677208534
0 0.47215036245492786 0.566162109375 0.03512213780329777 0.035348011897160456
0 0.5875210395226111 0.6905920322124774 0.01431120358980619 0.014397841233473558
