0 0.3107594710129958 0.776695544903095 0.08614716163048378 0.08656736520620492
0 0.05484332946630625 0.19607334870558518 0.11044163887317364 0.2201557159423828
0 0.8014288682204026 0.5047586147601788 0.09273646428034855 0.09295595609224759
0 0.4255400070777306 0.2130892093365009 0.05204134721022386 0.05186301011305589
0 0.11752895208505484 0.2639770874610314 0.04094475966233473 0.04094145848200871
0 0.025982347818521354 0.05058876367715689 0.05208219931675838 0.07261235897357647
0 0.7580014742337741 0.18245036785419172 0.07232049795297477 0.07486344300783597
0 0.38442439299363357 0.0880894844348614 0.02825472905085637 0.028192483461820163
0 0.7224576656634991 0.10481612498943622 0.024517059326171875 0.02464613547691932
0 0.01081208884716034 0.31649285096388596 0.021546659561303947 0.026974237882173978
0 0.9143633475670447 0.06939205298056969 0.16530741178072417 0.13721327598278338
0 0.045742300840524525 0.8856262793907752 0.03268533486586351 0.03251354510967548
0 0.05944185073559101 0.9838614830603967 0.03685237811161922 0.028519850510817308
0 0.9430995354285607 0.45273303985595703 0.038206980778620794 0.038393534146822415
0 0.2782927659841684 0.934449709378756 0.02386016112107497 0.023745023287259616
0 0.9304987100454477 0.5317869186401367 0.02184266310471755 0.021648700420673076
0 0.12936109762925369 0.05310170008586003 0.0283506099994366 0.02830774050492507
0 0.05472173140599178 0.6176476845374475 0.024511098861694336 0.024315613966721755
0 0.6563210120567908 0.7130161432119516 0.0491796640249399 0.0490881112905649
0 0.8957947951096755 0.44051027297973633 0.023808112511268027 0.02368508852445162
0 0.5517311462989221 0.4627508016733023 0.0482031015249399 0.047983536353478067
0 0.5637685335599459 0.7395912317129282 0.02372873746431791 0.023648628821739785
0 0.9658236870398889 0.7542249239408053 0.03265160780686598 0.03248038658728966
0 0.40702170592087966 0.9474325913649339 0.01987633338341346 0.01978478064903846
0 0.9225452129657452 0.48111321375920224 0.019010397104116585 0.019183819110576924
0 0.1158008208641639 0.09225850838881272 0.2237100234398475 0.1798072594862718
0 0.3201395548306979 0.4964861503014198 0.04473612858698918 0.04492862407977764
0 0.7299802486713116 0.45340394973754883 0.027715242826021634 0.02791573451115535
0 0.16233495565561148 0.07533879463489239 0.023844278775728665 0.02380646192110502
0 0.37469911575317383 0.9604046161358173 0.020795161907489482 0.020777482252854567
0 0.9008345970740685 0.7310840900127704 0.1964093721829928 0.2240122281588041
0 0.2556290626525879 0.5178382580096905 0.01776541196382963 0.017809427701509915
0 0.789278690631573 0.7170632435725286 0.019151981060321514 0.019060721764197715
0 0.614036853496845 0.8500702931330755 0.030658575204702523 0.030498651357797477
0 0.26770331309391904 0.9679467861468976 0.018065672654371995 0.018264183631310098
0 0.7748985290527344 0.9167146682739258 0.06885469876802884 0.06918261601374699
0 0.12213604266826923 0.9451346030602088 0.037375413454495944 0.037677764892578125
0 0.5143217673668494 0.9835411952092097 0.021547610943134014 0.0216366694523738
0 0.5498869969294622 0.2304387092590332 0.02485377971942608 0.024851358853853665
0 0.9803601044874924 0.29306644659775954 0.017064901498647835 0.017128760998065654
0 0.21391819073603704 0.7458372849684495 0.016750225654015176 0.016733609713040866
0 0.8593978881835938 0.18190970787635216 0.01681371835561899 0.016780559833233174
0 0.45630854826707107 0.14089785172389105 0.04795654003436749 0.04804624043978178
0 0.04874112055851863 0.6598846728985126 0.036671812717731185 0.03644635127140926
0 0.4349686549260066 0.9707827934852014 0.017179048978365384 0.017375946044921875
0 0.32760047912597656 0.9410297687237079 0.03030850337101863 0.030323322002704326
0 0.589086495912992 0.3906852282010592 0.01882164294903095 0.018498787513146035
0 0.3970655294565054 0.9241553086500901 0.017328555767352764 0.017310215876652643
0 0.5507417825552133 0.8708211458646334 0.01971743657038762 0.01969000009390024
0 0.16661156140840971 0.8538627624511719 0.030531846559964694 0.030254510732797477
0 0.9037371415358323 0.21518971369816706 0.015517601600060096 0.015541003300593449
0 0.45149898529052734 0.6269911252535306 0.017557510962853067 0.01749566885141226
0 0.09238533790294941 0.7204917027400091 0.06362003546494704 0.06476886455829327
0 0.01247782432115995 0.9123436854435847 0.017867895273061898 0.017844566932091348
0 0.23742121916550857 0.6081436597383939 0.07283504192645733 0.07336807250976562
0 0.5458838022672213 0.6056484809288611 0.02556786170372596 0.025528834416316107
0 0.20679574746351975 0.845823728121244 0.016731922443096455 0.016762660099909857
0 0.6011739143958459 0.1764056132389949 0.2738230778620793 0.2965816351083609
0 0.636996342585637 0.9185381669264573 0.018593714787409857 0.01855600797213041
0 0.41827282538780797 0.5027415935809796 0.022219291100135215 0.02283132993257963
0 0.9472607832688552 0.19238692063551682 0.028174767127403848 0.02800890115591196
0 0.4553066400381235 0.4065535618708684 0.02389805133526142 0.024039341853215143
0 0.22529508517338678 0.5583779995258038 0.024068502279428337 0.024163539593036357
0 0.5570648633516752 0.038076359492081865 0.0868060038639949 0.07418354657980111
0 0.026334466842504647 0.985407462486854 0.030244703476245586 0.026157085712139424
0 0.06431218293996957 0.9579562407273513 0.031649259420541614 0.031507051908052884
0 0.982333990243765 0.20238823157090408 0.03251090416541466 0.03844921405498798
0 0.9062284322885367 0.49031954545241135 0.029226156381460335 0.029593687791090745
0 0.36442397190974307 0.7542542677659255 0.03268505976750301 0.03261302067683293
0 0.2653765861804669 0.5385905779325045 0.018354525932898887 0.018238067626953125
0 0.9580329014704778 0.8112814243023212 0.07702167217548077 0.10493117112379807
0 0.6221807920015775 0.819205064039964 0.01644442631648137 0.016139397254356973
0 0.8884036724384015 0.6493316063514123 0.015378805307241587 0.015295762282151442
0 0.18099727997413048 0.7128805013803335 0.015168593480036808 0.015207730806790866
0 0.46802425384521484 0.43837818732628453 0.02197419680081881 0.022209607637845553
0 0.14101921595059907 0.607848020700308 0.014829929058368389 0.014747913067157451
0 0.05348328443673941 0.7702969037569486 0.09484137021578275 0.09473874018742488
0 0.3955968710092398 0.7786505772517278 0.02419559772198017 0.024101990919846755
0 0.14325807644770697 0.6465729199923002 0.015198450822096605 0.015158139742337741
0 0.4510659437913161 0.8155819819523737 0.014744391808143029 0.014850909893329326
0 0.3925838837256798 0.44528675079345703 0.061261470501239486 0.061179821307842545
0 0.5955742322481595 0.7940004788912259 0.01741966834435096 0.017495375413161058
0 0.8234980656550481 0.16464746915377104 0.05657196044921875 0.056412806877723105
0 0.7855160052959735 0.6564703721266526 0.05426318828876202 0.05372399550217848
0 0.3351845374474159 0.3343692192664513 0.034108528724083535 0.034025925856370196
0 0.642486572265625 0.5898905167212853 0.015750591571514424 0.015613262469951924
0 0.5799168806809646 0.20593624848585862 0.01914391150841346 0.019088158240685098
0 0.42914130137516904 0.6254037710336539 0.020908502432016227 0.02068945077749399
0 0.03397023448577294 0.9686250686645508 0.025005528560051553 0.02455770052396334
0 0.9698045437152569 0.15196350904611441 0.01576056847205529 0.015609447772686299
0 0.45718523172231823 0.6141137343186599 0.09253465212308444 0.09725057161771335
0 0.003253578280027096 0.9217698757465069 0.006909376726700709 0.015535794771634616
0 0.24889450806837815 0.9220883296086237 0.024274605971116286 0.024062670194185697
0 0.32913824228140026 0.545357190645658 0.015596903287447415 0.015561470618614784
0 0.32134518256554234 0.8636665344238281 0.0452424562894381 0.04496324979341947
0 0.1418284819676326 0.07287559600976798 0.016423555520864632 0.016738167175879844
0 0.259672788473276 0.6117971860445462 0.015030640822190505 0.015132757333608774
0 0.6665323697603666 0.34027701157789964 0.023864159217247598 0.023699833796574518
0 0.8470178750845102 0.4018091788658729 0.027346390944260817 0.027520253108097956
0 0.40383309584397536 0.03413316378226647 0.033321527334359974 0.03356473262493427
0 0.9778002959031326 0.509133559006911 0.037856762225811295 0.038639068603515625
0 0.004922898916097788 0.42822265625 0.009885159822610708 0.015990257263183594
0 0.3192885105426495 0.0538104038972121 0.1326910165640024 0.10544543999892014
0 0.8766031265258789 0.19233124072735125 0.016237258911132812 0.01635910914494441
0 0.6430793175330529 0.5371443675114558 0.015365894024188701 0.01525570796086238
0 0.984799311711238 0.5399063550508939 0.015433384821965145 0.015451871431790866
0 0.2028799057006836 0.5541868943434495 0.015156819270207332 0.015442187969501201
0 0.21656542557936448 0.9915842643150916 0.01727577356191782 0.014171013465294471
0 0.4628254450284518 0.9555348616379958 0.01466978513277494 0.014629950890174279
0 0.825954217177171 0.6593110011174128 0.029075475839468148 0.028641333946814902
0 0.8733680431659405 0.4791655173668495 0.02191925048828125 0.0220950200007512
0 0.7426856847909781 0.07938716044792762 0.014080341045673076 0.013978059475238506
0 0.6856404818021334 0.490382928114671 0.02329078087439904 0.022974307720477764
0 0.3933305006760817 0.29137374804570126 0.032024383544921875 0.03228084857647236
0 0.5993624467116135 0.5379381913405198 0.04767549954927885 0.048114629892202526
0 0.09879616590646598 0.538234857412485 0.014313220977783203 0.014028109036959134
0 0.6359516290517954 0.49141557400043195 0.019897020780123197 0.020032589252178486
0 0.9308205384474534 0.3893084159264198 0.015791819645808294 0.015880658076359674
0 0.07628803069774921 0.28475005810077375 0.013546100029578576 0.013327892010028545
0 0.08607120697314923 0.49114161271315354 0.10127935042748085 0.09870103689340445
0 0.9038728567270132 0.4222871340238131 0.0155487060546875 0.015590080848106971
0 0.5415716171264648 0.19361798579876238 0.09839021242581882 0.10049137702355018
0 0.25988112963162935 0.6999219747690054 0.014203585111177884 0.014352064866286058
0 0.5026416044968826 0.4484959382277269 0.021173477172851562 0.021386219904972956
0 0.06805297503104576 0.517828317788931 0.02254802447098952 0.022741391108586237
0 0.5329311811006986 0.534344746516301 0.033322701087364785 0.03296925471379207
0 0.4894597346966083 0.018567894513790425 0.01495207273043119 0.014822460137880765
0 0.1209556506230281 0.8387889128464919 0.024955896230844352 0.02509924081655649
0 0.748743644127479 0.06696901413110587 0.1571986858661358 0.13086849909562331
0 0.069637092260214 0.618534308213454 0.04068342538980337 0.041338407076322116
0 0.31266245475182164 0.18534605319683367 0.01988814427302434 0.020902193509615384
0 0.7307959336500901 0.1521081649340116 0.014415154090294471 0.014332239444439229
0 0.7920587979830228 0.43105125427246094 0.02168758098895733 0.02222310579740084
0 0.22730343158428484 0.944455073429988 0.03634951664851262 0.03713285006009615
0 0.3114898755000188 0.856437242948092 0.023731084970327523 0.023867680476262018
0 0.019587503029749945 0.7286265446589544 0.014486491680145264 0.014655480018028846
0 0.5178143427922175 0.9466683314396784 0.015044432419996995 0.014799851637620192
0 0.09555972539461575 0.9371493412898138 0.019769741938664362 0.02020410391000601
0 0.8409123053917518 0.9073443779578576 0.027920943040114183 0.028783358060396634
0 0.6738722874568059 0.8128025348369892 0.05705055823692909 0.05691322913536659
0 0.4796765034015362 0.38497037153977615 0.02522864708533654 0.025572996873121995
0 0.3715959695669321 0.19921379822951096 0.03530274904691256 0.03522029289832482
0 0.24011927384596604 0.6720205453725961 0.025300025939941406 0.02536803025465745
0 0.4551697510939378 0.4662793966440054 0.018665313720703125 0.018723047696627103
0 0.9644810603215144 0.06336895777628972 0.0573423825777494 0.0584490757722121
0 0.7616635836087741 0.31652318514310396 0.045309947087214544 0.045186978120070234
0 0.3894512836749737 0.6094576762272761 0.03272548088660607 0.032666719876802884
0 0.9638605851393479 0.46788795177753156 0.01450347900390625 0.014781365027794471
0 0.5470131360567533 0.6512553875262921 0.03236843989445613 0.03212679349459135
0 0.3145698400644156 0.18456846017103928 0.024139257577749398 0.024878685290996846
0 0.8259070469782903 0.6253010676457331 0.049709320068359375 0.048904712383563705
0 0.40494577701275164 0.031047674325796273 0.027979263892540567 0.028178911942702074
0 0.46129688849815953 0.01609376760629507 0.032845643850473255 0.03035286756662222
0 0.529722470503587 0.8255244034987229 0.014786940354567308 0.014646383432241587
0 0.7400277944711539 0.5620372478778546 0.025671885563777044 0.0259707524226262
