0 0.24293780326843262 0.9540879909808819 0.11028436514047477 0.08948135375976562
0 0.19235620131859413 0.7322240976186899 0.039923484508807845 0.04041642409104567
0 0.2797703742980957 0.11628339840815617 0.17371052962083083 0.17485592915461615
0 0.5442915329566369 0.6246430323674128 0.04846316117506761 0.04825038176316481
0 0.4667048087486854 0.8326930999755859 0.03427050663874699 0.034235587486853965
0 0.37337581927959734 0.18366149755624625 0.03523562504695012 0.03507181314321665
0 0.37537163954514724 0.53426115329449 0.03422854496882512 0.034112196702223554
0 0.2563509941101074 0.5889180990365835 0.03721325214092548 0.03711861830491286
0 0.6002661998455341 0.5135772411639874 0.022043448228102464 0.02219816354604868
0 0.6769382036649264 0.3918302976168119 0.040549204899714544 0.040776619544396035
0 0.6258600675142728 0.9768740580632136 0.03566199082594652 0.03588118919959435
0 0.10429816062633808 0.8498703883244441 0.025085064081045296 0.03244488055889423
0 0.43788660489595854 0.7850281642033503 0.032001642080453724 0.031957773061899036
0 0.7165894875159631 0.9448023576002854 0.02999423100398137 0.030124811025766227
0 0.8941381161029522 0.6004087374760554 0.024243721595177285 0.02454060774583083
0 0.12055649207188533 0.07898651636563815 0.033094552847055286 0.033392213858090915
0 0.21207431646493766 0.5972273166363056 0.025946763845590446 0.02595696082481971
0 0.5025516656728891 0.3335139568035419 0.02691782437838041 0.027185880220853366
0 0.38017067542442906 0.8292730771578275 0.021794245793269232 0.021857041579026442
0 0.29357187564556414 0.01653472276834341 0.03505237285907452 0.031104335418114297
0 0.7442161853496845 0.7425454946664664 0.02021936269906851 0.02046027550330529
0 0.8052671872652494 0.910290791438176 0.021505355834960938 0.021540715144230768
0 0.26709248469426083 0.5294240071223333 0.032867725078876205 0.03303095010610727
0 0.35643929701585036 0.48215290216299206 0.043790303743802585 0.04391692234919621
0 0.3696757096510667 0.04103266275846041 0.03095700190617488 0.031023603219252367
0 0.6777050311748798 0.7233424553504357 0.017496842604417067 0.01758604783278245
0 0.8198742499718299 0.49604151799128604 0.07424281193659855 0.07443677462064303
0 0.5747329638554499 0.6992998856764573 0.016663257892315205 0.01664587167593149
0 0.8316795642559345 0.9390401106614333 0.019713475153996393 0.0198819087101863
0 0.6017872737004206 0.889373779296875 0.016660690307617188 0.016758845402644232
0 0.39113983741173375 0.22744358502901518 0.025763878455528848 0.025881437154916618
0 0.5987058419447678 0.9256351177509015 0.017585607675405648 0.01764532235952524
0 0.34009313583374023 0.7019359882061298 0.038116821875939004 0.03793892493614784
0 0.47757636583768404 0.37705700214092547 0.039888822115384616 0.039442942692683294
0 0.14772545374356782 0.9132367647611178 0.016979767726017878 0.01708984375
0 0.5223347223722018 0.46410571611844575 0.04592690101036659 0.046301841735839844
0 0.6096521524282602 0.40685492295485276 0.0330358651968149 0.033219410822941706
0 0.410736450782189 0.11838017977201022 0.02430549034705529 0.02443530009343074
0 0.5330018263596755 0.5621721927936261 0.03294842059795673 0.033135487483097956
0 0.49792916958148664 0.9577036637526292 0.01802371098445012 0.018038823054387018
0 0.2578862447005052 0.1876852695758526 0.022994224841778096 0.02300541217510517
0 0.7872201479398288 0.13146902964665338 0.01636681189903846 0.016179965092585638
0 0.5181661385756272 0.9180088043212891 0.027724779569185697 0.027899522047776442
0 0.7582148038423978 0.36713123321533203 0.028067955603966348 0.028336598322941706
0 0.7176658923809345 0.4056736139150766 0.059646899883563705 0.058808473440317005
0 0.27403809474064755 0.5761153147770808 0.03181178753192608 0.031183609595665567
0 0.7193113473745493 0.4479189652663011 0.04807574932391827 0.04756311269906851
0 0.17964251224811262 0.628260245689979 0.03438417728130634 0.033288772289569564
0 0.33235645294189453 0.6022330430837778 0.018416771521935098 0.018277755150428183
0 0.3661205951984112 0.5112532468942496 0.015348581167367788 0.015015455392690806
0 0.5031732412484976 0.4916527821467473 0.03350345905010517 0.03350624671349159
0 0.25560450553894043 0.32223121936504656 0.02017692419198843 0.020148644080528848
0 0.16708194292508638 0.03848994695223295 0.03355841453258808 0.033645061346200794
0 0.484465819138747 0.6436133751502404 0.02151034428523137 0.021959744966947116
0 0.545433521270752 0.7803864112267127 0.018003096947303183 0.017916752741887018
0 0.17518179233257586 0.30521161739642805 0.023737980769230768 0.023537562443659857
0 0.5705047020545373 0.5578181560222919 0.034033555250901446 0.03424651806171124
0 0.5030626150277945 0.6104162289546087 0.01599854689378005 0.01610455146202674
0 0.20403209099402794 0.4219848926250751 0.035760145920973554 0.03592212383563702
0 0.4872634961054875 0.413301761333759 0.01983327132004958 0.01976291949932392
0 0.48523675478421724 0.6045693617600661 0.01630577674278846 0.01611489516038161
0 0.3428924633906438 0.059577437547537 0.030266761779785156 0.030103316673865683
0 0.6176550938532903 0.01324350329545828 0.023025365976186898 0.023156771293053262
0 0.7201081789456881 0.657173596895658 0.032810211181640625 0.03327531080979567
0 0.4698320535513071 0.7891870645376352 0.015946314885066107 0.01605077890249399
0 0.59314515040471 0.8222748683049128 0.016233150775615986 0.016397622915414665
0 0.2610007065993089 0.7809295654296875 0.03704562553992638 0.03700725848858173
0 0.2695186688349797 0.36826346470759463 0.01810763432429387 0.018353682297926683
0 0.4823631506699782 0.3536802071791429 0.020231173588679388 0.020658419682429388
0 0.6084998570955716 0.46134273822490984 0.028034283564640924 0.027954615079439603
0 0.22937448208148664 0.021929154029259317 0.029728082510141227 0.029710943882281963
0 0.1264812396122859 0.9050571735088642 0.02377183620746319 0.023895850548377402
0 0.36031370896559495 0.9682997190035306 0.2131353708413931 0.06285755450908954
0 0.3505735397338867 0.5054397583007812 0.01666714594914363 0.016286703256460335
0 0.12684558905087984 0.3660542047940768 0.014839759239783654 0.01453861823448768
0 0.35004615783691406 0.5365243691664475 0.016899915841909554 0.017197608947753906
0 0.5588460335364709 0.5852604645949143 0.0265654783982497 0.026145274822528545
0 0.12111823375408466 0.3416369878328763 0.019048140599177435 0.019245147705078125
0 0.8176671541654147 0.13712250269376314 0.05388700045072115 0.05542215934166542
0 0.1402612832876352 0.3937232677753155 0.015368938446044922 0.015375724205603966
0 0.7626890035775992 0.5014858612647424 0.03534023578350361 0.03563734201284555
0 0.17278783137981707 0.646811265211839 0.021376939920278695 0.022014911358173076
0 0.4312061896690956 0.5352926987868089 0.015137745783879207 0.01483902564415565
0 0.14801995570843035 0.298598417868981 0.01811662087073693 0.018266567817101113
0 0.7316081707294171 0.1337278622847337 0.014227353609525241 0.014417244837834286
0 0.5988970903249887 0.5440761492802546 0.016415742727426384 0.01632081545316256
0 0.7624481641329252 0.8368679926945612 0.044128124530498795 0.044600266676682696
0 0.6631764632004958 0.5842902476970966 0.014357933631310096 0.014311937185434194
0 0.24780669579139122 0.3676754878117488 0.016063690185546875 0.016152161818284255
0 0.43253671205960786 0.5558208318857046 0.016144385704627402 0.01599267812875601
0 0.37477757380558896 0.7481509722196139 0.03090388958270733 0.031369576087364785
0 0.6477421247042142 0.7683837597186749 0.015310727632962741 0.015476520244891826
0 0.5131865648122934 0.6828413009643555 0.019917121300330527 0.01933567340557392
0 0.5106494976924016 0.3944726357093224 0.025522452134352464 0.024857374338003304
0 0.47928564365093523 0.9916893885685847 0.015984755295973558 0.013589125413161058
0 0.38067113436185396 0.7084292631882888 0.014068163358248197 0.014149885911207933
0 0.7216889308049128 0.5738366933969351 0.030554551344651442 0.031050755427433893
0 0.3628988632789025 0.9046253791222205 0.014250388512244591 0.014086503248948317
0 0.6470637688269982 0.4126897958608774 0.03299272977388822 0.033635652982271634
0 0.5331591826218826 0.7315999544583834 0.014208133404071514 0.013994510357196514
0 0.44462695488562953 0.3627862563500038 0.024563716008112982 0.024681531465970553
0 0.6402316460242639 0.08919490300692044 0.015325399545522837 0.015316009521484375
0 0.2429485687842736 0.33753013610839844 0.014761264507587139 0.014348763685960036
0 0.6616965807401217 0.13074436554541954 0.015202595637394832 0.015276248638446514
0 0.19148998994093674 0.6840072044959435 0.018945840688852165 0.019386144784780648
0 0.421724796295166 0.23505849104661208 0.02330948756291316 0.02302067096416767
0 0.09794906469491813 0.48701051565317005 0.010583070608285757 0.015148016122671274
0 0.5247462346003606 0.37256226172814 0.02738505143385667 0.02753587869497446
0 0.2408770597898043 0.8662793819720929 0.02787630374615009 0.02775705777681791
0 0.21688466805678147 0.8165224515474759 0.014816100780780498 0.015028146597055288
0 0.515912496126615 0.6817449422983023 0.025585321279672477 0.02549259479229267
0 0.4396671882042518 0.6822622739351712 0.019877800574669473 0.01984552236703726
0 0.1756146504328801 0.5067185988793006 0.030261699969951924 0.03044473207913912
0 0.42348399529090297 0.9390005698570838 0.013291432307316707 0.013455024132361779
0 0.5955814581650954 0.4917458020723783 0.01949148911696214 0.019508801973783053
