0 0.12055087089538574 0.5857344774099497 0.20514616599449745 0.21252712836632362
0 0.27545584165132964 0.024000264131105863 0.07345382983867939 0.04646126123575064
0 0.35397845048170823 0.5687598081735464 0.0422663321861854 0.0423119618342473
0 0.49317205869234526 0.9296027697049655 0.08876932584322415 0.08947020310621995
0 0.6017089990469126 0.8933440721951998 0.046737377460186295 0.04708319443922777
0 0.6760808504544772 0.868609355046199 0.05421917255108173 0.05433508066030649
0 0.2789322596329909 0.39108808224017805 0.0693974494934082 0.07051827357365535
0 0.32089699231661284 0.5095477104187012 0.0561375251183143 0.05571314004751352
0 0.4861010037935697 0.2892466691824106 0.03337581341083233 0.033597285930926986
0 0.3307697589580829 0.3063584841214694 0.030966538649338942 0.030745653005746696
0 0.05009453571759737 0.2192693857046274 0.025314716192392204 0.025121542123647835
0 0.2551395342900203 0.3309748722956731 0.01946119161752554 0.019541520338792067
0 0.0960692442380465 0.8910145392784705 0.06264767279991737 0.06319867647611178
0 0.37410915814913237 0.4263720145592323 0.04749100024883564 0.047628549429086536
0 0.15265277715829703 0.4163697316096379 0.03750735062819261 0.03719755319448618
0 0.71190672654372 0.8397910778339093 0.06562306330754207 0.06448907118577224
0 0.43974964435283953 0.5224715746366061 0.06315348698542668 0.06375430180476262
0 0.5261124097383939 0.3751898178687462 0.02746758094200721 0.027532430795522835
0 0.28772629224337065 0.6356496077317458 0.02180191186758188 0.0217282221867488
0 0.8077716827392578 0.22585155413700983 0.023770552415114183 0.023912906646728516
0 0.34592276353102464 0.5294782198392428 0.020186717693622295 0.02020689157339243
0 0.5725764494675857 0.37720115368182844 0.0232388423039363 0.023388789250300482
0 0.37701698449941784 0.018266018766623277 0.049230722280649036 0.03465391351626469
0 0.0661707199536837 0.5486274132361779 0.02858446194575383 0.02853701664851262
0 0.425660096682035 0.04218035019361056 0.06380572685828576 0.06406400753901555
0 0.3002624328319843 0.7394162691556491 0.01895739481999324 0.019061161921574518
0 0.8282034947321966 0.39952534895676833 0.026506423950195312 0.026237927950345553
0 0.057258931490091175 0.44644869290865385 0.07858805473034199 0.08585827167217548
0 0.881783705491286 0.6831515385554388 0.05236317561222957 0.05183968177208534
0 0.17567099057711089 0.49526225603543794 0.019960696880634014 0.019967959477351263
0 0.24130828563983625 0.8924300854022686 0.06278038024902344 0.06351911104642428
0 0.48221492767333984 0.3559565910926232 0.022640815147986777 0.022665023803710938
0 0.8642112291776217 0.024197704516924344 0.019321148212139424 0.01912111960924589
0 0.3554878234863281 0.4477211145254282 0.017626248873197116 0.017853736877441406
0 0.7822739527775691 0.9663024315467248 0.14942491971529448 0.06654768723707932
0 0.02461365323800307 0.2738401156205397 0.014984557261833778 0.020222847278301533
0 0.37633140270526594 0.7353913233830378 0.028963088989257812 0.028785118689903848
0 0.3492465019226074 0.33482690957876354 0.018209017240084134 0.018643305851862982
0 0.10115195237673245 0.21600593053377593 0.017844163454495944 0.01767250207754282
0 0.3942868892963116 0.4078523562504695 0.03476282266470102 0.03437372354360727
0 0.8112264779897836 0.946774409367488 0.01862672659067007 0.01872400137094351
0 0.0941621156839224 0.188141052539532 0.03263275439922626 0.03273622806255634
0 0.7764481764573318 0.8949763958270733 0.021872300368088942 0.021962972787710335
0 0.6941781410804162 0.9098610511192908 0.03048574007474459 0.03040343064528245
0 0.20519267595731294 0.8127381251408503 0.1640479014470027 0.16694523737980768
0 0.23977950903085563 0.3920172911423903 0.022430566641000602 0.022449566767765924
0 0.8148991511418269 0.10225670154278095 0.0231631352351262 0.02325718219463642
0 0.32174840340247524 0.6341037750244141 0.017240304213303786 0.016835139347956732
0 0.428682070512038 0.36972720806415266 0.024634581345778245 0.024643531212439902
0 0.3116621237534743 0.6799199030949519 0.01571024381197416 0.015826592078575723
0 0.14173771784855768 0.3641951634333684 0.01980891594519982 0.019973241365872897
0 0.29111444033109224 0.44253477683434117 0.05167058797983023 0.04985948709341196
0 0.03539806145888109 0.848746813260592 0.030101968691899225 0.030117621788611777
0 0.03423201579314012 0.298734371478741 0.018018209017240085 0.017849041865422174
0 0.12050234354459323 0.27295738000136155 0.01703034914456881 0.016772086803729717
0 0.6280268155611478 0.973060314471905 0.029560345869797926 0.029707688551682692
0 0.8848551236666166 0.43708584858820987 0.018381852370042067 0.018490057725172777
0 0.1976141379429744 0.31618085274329555 0.0163574585547814 0.016214590806227464
0 0.7226760570819561 0.868956785935622 0.0377503908597506 0.03760117750901442
0 0.22993025412926307 0.15270242324242225 0.02743699000431941 0.027652850517859824
0 0.08134071643535908 0.5341496834388146 0.016358448908879206 0.01625207754281851
0 0.511554057781513 0.7740026620718149 0.03974826519305889 0.039428417499248795
0 0.8391177837665265 0.3070539144369272 0.01627525916466346 0.0162963500389686
0 0.12261568582974948 0.14990858848278338 0.0524597534766564 0.05574169525733361
0 0.45563169626089245 0.20064143034128043 0.0244443599994366 0.024587411146897536
0 0.4579682716956505 0.22768860596876878 0.03069158700796274 0.030683003939115085
0 0.8796894366924579 0.8508450434758112 0.03196364182692308 0.03170688335712139
0 0.33693695068359375 0.5431886819692758 0.014987432039701022 0.014815990741436299
0 0.6083190624530499 0.5154984180743878 0.020246212299053486 0.020215474642240085
0 0.036184416367457464 0.4937412188603328 0.037018803449777454 0.04083523383507362
0 0.3056627603677603 0.4713675058805026 0.02617025375366211 0.02611064910888672
0 0.37097659477820766 0.3537299082829402 0.03752950521615835 0.03796856219951923
0 0.3166641822228065 0.20139692379878119 0.024806976318359375 0.024885801168588493
0 0.06175200297282292 0.16890964141258827 0.04904824953812819 0.04981040954589844
0 0.8693257111769456 0.3810259012075571 0.015744429368239183 0.01571229787973257
0 0.03843387732139 0.8123841652503381 0.04244517363034762 0.04255236112154447
0 0.3612730319683368 0.1809665056375357 0.022177476149338942 0.02156224617591271
0 0.15473695901724008 0.3143625259399414 0.015363473158616286 0.015286739055926982
0 0.7915231264554538 0.1428093176621657 0.015674004187950723 0.015573483247023363
0 0.41314110389122594 0.13216878817631647 0.02689699026254507 0.026575455298790567
0 0.7870392432579627 0.9832220811110276 0.018142260037935697 0.017849555382361777
0 0.2851727925814115 0.924046516418457 0.015648915217472956 0.015157112708458534
0 0.5374852327200083 0.018977231704271756 0.01666083702674279 0.017175037127274733
0 0.8781905541053185 0.0720966962667612 0.017625075120192308 0.017740928209744967
0 0.24398466256948617 0.44094371795654297 0.05358131115253155 0.05280516697810246
0 0.09196860056657058 0.8047293883103591 0.026000151267418496 0.026264777550330527
0 0.09005114665398231 0.3213572868934044 0.015484773195706882 0.015424434955303486
0 0.16983321996835563 0.9900426131028396 0.02636417975792518 0.017737461970402643
0 0.8811036623441256 0.45680871376624477 0.014121715839092549 0.01427158942589393
0 0.08906353436983548 0.32510581383338344 0.08659096864553598 0.08834385871887207
0 0.35552523686335635 0.7570784642146184 0.03390979766845703 0.03456027691180889
0 0.2771593974186824 0.604191963489239 0.047253902141864486 0.04779382852407602
0 0.11150167538569523 0.1466374764075646 0.01593934572660006 0.015717066251314603
0 0.1279304394355187 0.3623641821054312 0.014993410844069261 0.015241769643930288
0 0.907256346482497 0.9683572329007663 0.03688137347881611 0.03726812509390024
0 0.3989358681898851 0.35650275303767276 0.0174408692580003 0.017472267150878906
0 0.9445714950561523 0.8848111079289362 0.01674828162560096 0.01683660653921274
0 0.0727931077663715 0.11041412903712346 0.01607034756587102 0.016292278583233174
0 0.11852367107684796 0.8583834721491888 0.028771473811222956 0.02923246530386118
0 0.5181646347045898 0.743800896864671 0.027203779954176683 0.027189108041616585
0 0.2139918070573073 0.16532450455885667 0.014863527738131009 0.014820539034329928
0 0.28479711826031023 0.46708062978891224 0.014837558452899639 0.01526187016413762
0 0.25580574915959287 0.5816143842843863 0.014214552365816556 0.01421825702373798
0 0.9661816817063552 0.7409364260160006 0.019892765925480768 0.01983026357797476
0 0.41127674396221453 0.7225083571213943 0.015769224900465745 0.015393770658052884
0 0.36945159618671125 0.315519406245305 0.015183668870192308 0.015053162207970252
0 0.2366909797375019 0.09454278762523945 0.01386866202721229 0.014216019557072567
0 0.21079422877385065 0.28728609818678635 0.01714178232046274 0.017127330486591045
0 0.9112274463360126 0.9713508165799655 0.044320326585036054 0.0444183349609375
0 0.846043953528771 0.4305068896367 0.015339191143329326 0.015272433941180889
0 0.29784385974590594 0.5676093835097092 0.014440022982083835 0.014472154470590444
0 0.8948996617243841 0.12564102502969596 0.030972994290865384 0.03150270535395695
0 0.2436343523172232 0.6450010446401743 0.018201057727520283 0.01861396202674279
0 0.3816553262563852 0.34133533331064075 0.015504396878756009 0.015518261836125301
0 0.18823882249685434 0.07541188826927772 0.013568254617544321 0.013418050912710337
0 0.4337627704326923 0.7249603271484375 0.02633248842679537 0.0267025874211238
0 0.49177382542536807 0.629798595721905 0.041135934682992786 0.041089571439302884
0 0.1379583065326397 0.3995417814988356 0.014209270477294922 0.01447310814490685
0 0.8793833072368915 0.0922172894844642 0.04315024155836839 0.04369647686298077
0 0.8086616809551532 0.5936230879563552 0.013672461876502404 0.013769443218524639
0 0.9194443042461689 0.009805234578939585 0.019721397986778848 0.017862439155578613
0 0.3086696404677171 0.31816827333890474 0.014690765967735877 0.014515509972205529
0 0.5403506939227765 0.03480343176768376 0.01703775846041166 0.017079894359295186
0 0.03881470973675068 0.022493930963369515 0.020221160008357122 0.02028795389028696
0 0.1595599101139949 0.36294100834773135 0.013948798179626465 0.01420894035926232
0 0.734223512502817 0.765423848078801 0.014467239379882812 0.01442718505859375
0 0.787904299222506 0.9217109680175781 0.02245022700383113 0.022027235764723558
0 0.6565230442927434 0.9647975334754357 0.020348768967848558 0.02054757338303786
0 0.866248791034405 0.0937561897131113 0.019954974834735576 0.02024975189795861
0 0.6032345111553485 0.373902100783128 0.015550906841571514 0.015469771165114183
0 0.8987633631779597 0.9783577552208533 0.0140840090238131 0.013981158916766826
0 0.4278844686654898 0.3518381118774414 0.017333250779371995 0.017260184654822715
0 0.17145068828876203 0.9889888763427734 0.035778742570143476 0.019302955040564902
0 0.4558567633995643 0.9773330688476562 0.03507100618802584 0.03495993980994591
0 0.21256003013023964 0.09978254941793588 0.01397257584791917 0.014007660058828501
