0 0.2582740050095778 0.40107283225426305 0.15004546825702375 0.14811867934006911
0 0.469082025381235 0.2689075836768517 0.08365792494553786 0.08440274458665115
0 0.5807976355919471 0.5144231502826397 0.05561403127817007 0.05593109130859375
0 0.6997217765221229 0.5836324324974647 0.07719113276554988 0.0776354716374324
0 0.6285023322472205 0.816101807814378 0.2322868934044471 0.22817479647122896
0 0.33731284508338344 0.9781593909630408 0.056245070237379804 0.03884682288536659
0 0.805448972261869 0.6708531012901893 0.0661624028132512 0.06635225736177884
0 0.7609701890211839 0.9457045335036057 0.07088235708383414 0.07067166841947116
0 0.5526535327617939 0.21296944985022911 0.03809151282677284 0.038127899169921875
0 0.42920765509972203 0.700379885160006 0.039596264178936295 0.03930370624248798
0 0.2154872600848858 0.5832672852736253 0.045060964731069714 0.044724684495192304
0 0.8027508075420673 0.08455529579749474 0.02539678720327524 0.025194975046011116
0 0.375514397254357 0.22457359387324408 0.050787192124586836 0.05047273635864258
0 0.424715702350323 0.6204305061927209 0.02297078646146334 0.02323781527005709
0 0.49453042103694034 0.38235073823195237 0.1575629160954402 0.15556078690748948
0 0.4205211859482985 0.9610732885507437 0.02046379676231971 0.020549627450796273
0 0.7508257352388822 0.6784830826979417 0.05418689434344952 0.05486077528733473
0 0.2552816684429462 0.6057171821594238 0.02066656259390024 0.020841525151179388
0 0.4255075454711914 0.1939253807067871 0.08090151273287259 0.08147820142599252
0 0.5991116303663987 0.6182742485633264 0.16497934781588042 0.16624072881845328
0 0.5280294785132775 0.25629428716806263 0.056134737454927884 0.05563956040602464
0 0.8247869198138897 0.6607805398794321 0.028895011314978965 0.02893682626577524
0 0.8025850149301382 0.9893096043513372 0.02141600388746995 0.017459869384765625
0 0.24161056371835563 0.6755613180307242 0.14657093928410456 0.1465624295748197
0 0.5110436219435471 0.04781954105083759 0.02010829632098858 0.02012342673081618
0 0.3640445929307204 0.6765883519099309 0.019198270944448616 0.01923971909743089
0 0.3609096086942233 0.046553258712475114 0.029892848088191107 0.029652659709636982
0 0.5088744530310998 0.1499840754729051 0.07931694617638221 0.08021330833435059
0 0.7322491865891677 0.6218337279099685 0.05233970055213341 0.05179639963003305
0 0.3192598269535945 0.4511410639836238 0.0658555397620568 0.06678713285006009
0 0.7409888047438401 0.7209193889911358 0.022352952223557692 0.02255072960486779
0 0.17213168511023888 0.6421416356013372 0.02882084479698768 0.02877044677734375
0 0.2428408035865197 0.16375130873460036 0.033616872934194714 0.033730809505169206
0 0.1989579567542443 0.39432400923508865 0.08428104107196514 0.14920381399301383
0 0.3823987520658053 0.698574946476863 0.06556951082669772 0.06446691659780648
0 0.42023123227632964 0.5199342140784631 0.0697169670691857 0.07011640988863431
0 0.7208769871638372 0.7078046065110427 0.022195962759164665 0.022267855130709134
0 0.808438227726863 0.7429049565241888 0.02042535635141226 0.020280104417067308
0 0.1831512817969689 0.14383840560913086 0.036960455087515026 0.03719520568847656
0 0.6877413529616135 0.5334025896512545 0.015335523165189303 0.01540668194110577
0 0.7664598318246695 0.8503484725952148 0.018198453463040866 0.018259048461914062
0 0.2720364057100736 0.1654346356025109 0.03111091026893029 0.031012938572810247
0 0.2860511633066031 0.25442046385545 0.022868009713979866 0.022681236267089844
0 0.43714068486140323 0.8724780449500451 0.01869685833270733 0.018527104304387018
0 0.8239402037400466 0.2733293680044321 0.01676016587477464 0.016817533052884616
0 0.39557339594914365 0.0740917783517104 0.029602931096003607 0.029991984367370605
0 0.5193159030033991 0.42646554800180286 0.028532761793870192 0.029251538790189303
0 0.2084192129281851 0.31560556705181414 0.0564417472252479 0.056835027841421276
0 0.49788570404052734 0.9831595787635217 0.01966256361741286 0.019617520845853366
0 0.5066003065842849 0.8839683532714844 0.017804072453425482 0.01806493905874399
0 0.5178411190326397 0.5967129927415115 0.016429607684795674 0.016386912419245794
0 0.6169190773597131 0.7001746251032903 0.015336256760817308 0.015388782207782451
0 0.3811590854938214 0.2806674517118014 0.07021852640005258 0.07173853654127854
0 0.2750684664799617 0.3028990855583778 0.03282928466796875 0.03201099542471079
0 0.4710867955134465 0.06209215751061073 0.01738871060884916 0.01738770191486065
0 0.3347932375394381 0.7006703890286959 0.024131921621469352 0.024193396935096152
0 0.4873677033644456 0.8846432612492487 0.015465956467848558 0.015538435715895433
0 0.2963214103992169 0.6281539476834811 0.030228651486910306 0.030274317814753607
0 0.2017513055067796 0.8016509276169997 0.01876368889441857 0.018483675443209134
0 0.37739137502817005 0.7424780038686899 0.021104959341195915 0.021071800818810098
0 0.5566742236797626 0.10677524713369516 0.025795716505784255 0.025754139973567083
0 0.8199149645291842 0.6653293462900015 0.03995675307053786 0.04619613060584435
0 0.7261802233182467 0.6592011084923377 0.017856304462139424 0.01812157264122596
0 0.36028069716233474 0.39163604149451625 0.06600101177509014 0.06557493943434495
0 0.17208295602064866 0.8779218380267804 0.036710959214430586 0.05034960233248197
0 0.48326661036564755 0.8418772770808294 0.0283657954289363 0.02774840134840745
0 0.29456098263080305 0.1970043182373047 0.04725808363694411 0.04743796128493089
0 0.18071244313166693 0.01463438799748054 0.04042838169978215 0.028488867557965793
0 0.7008722745455228 0.6439972657423753 0.04199482844426082 0.04245288555438702
0 0.1749122326190655 0.26157360810499924 0.03371510138878456 0.05210722409761869
0 0.3334770936232347 0.10924399816072904 0.017281605647160456 0.0174410526569073
0 0.31869741586538464 0.05969072305239164 0.015196580153245192 0.015196470113900991
0 0.6639193021334134 0.6761308083167443 0.023327754094050482 0.023171058067908652
0 0.38962342188908505 0.009921369644311758 0.017374478853665866 0.016835565750415508
0 0.2934153996981107 0.8038796644944411 0.02341490525465745 0.023504110483022835
0 0.4637254568246695 0.9343167818509616 0.025314844571627103 0.025420555701622598
0 0.40865645041832555 0.9189040110661433 0.01790472177358774 0.018025911771334134
0 0.4757413130540114 0.917044419508714 0.025420115544245794 0.025591630202073317
0 0.27603365824772763 0.07944551798013541 0.1763008557833158 0.15470363543583796
0 0.2634134292602539 0.013683838339952322 0.016674335186298076 0.01642405757537255
0 0.3714659030620868 0.16985278863173264 0.017133419330303486 0.017216975872333232
0 0.4635977011460524 0.6149820914635291 0.017771574167104866 0.017496255727914665
0 0.43395665975717396 0.9919189306405874 0.015067027165339543 0.013401031494140625
0 0.2916707992553711 0.9881129631629357 0.029870069943941556 0.020641620342548076
0 0.2443063075725849 0.22848340181203988 0.015102019676795373 0.015300567333514873
0 0.5295955951397235 0.7173695197472205 0.01496432377741887 0.015108548677884616
0 0.27006616959205043 0.6157960158128005 0.01583418479332557 0.016175050001878005
0 0.42624473571777344 0.13456208889301008 0.015620598426231971 0.015457813556377705
0 0.3175481649545523 0.2978113614595853 0.03472599616417518 0.03518383319561298
0 0.5771574240464431 0.13722782868605393 0.03240541311410757 0.03275255056527945
