0 0.29307767061086804 0.7001053003164438 0.11852158032930814 0.11895458514873798
0 0.7181456639216497 0.13357236752143273 0.0879657451923077 0.08773009593670185
0 0.2026808628669152 0.3172460335951585 0.07385382285484901 0.07442628420316257
0 0.42696696061354417 0.7803531059852014 0.23451761099008414 0.25075707068810094
0 0.24301671981811523 0.16096735000610352 0.08183816763070914 0.0804985578243549
0 0.4799938935499925 0.16382554861215445 0.06401758927565354 0.06417175439687875
0 0.7025517683762771 0.789832775409405 0.0760201674241286 0.07623555110051082
0 0.7954238011286809 0.20682789729191706 0.056822556715745196 0.05700815640963041
0 0.41049641829270583 0.059053049637721136 0.06477568699763371 0.06510484218597412
0 0.4004397759070763 0.352721434373122 0.12277485774113582 0.12288828996511605
0 0.29639838292048526 0.047184265576876126 0.04386542393611027 0.044031968483558066
0 0.3139184071467473 0.12410642550541805 0.11376733046311599 0.11229782838087815
0 0.260392244045551 0.2931976685157189 0.05619349846473107 0.05677340580866887
0 0.4134291135347806 0.7575495793269231 0.03270882826585036 0.03270413325383113
0 0.38763853219839245 0.1689142080453726 0.05304629986102764 0.05259747688586895
0 0.22676603610698992 0.2703900887415959 0.032342690687913164 0.03224383867703951
0 0.5626130470862756 0.11579064222482535 0.03594647921048678 0.03602755986727201
0 0.7703087880061223 0.8210013462946966 0.03600267263559195 0.03572434645432692
0 0.48761268762441784 0.016925573348999023 0.03523173699012169 0.03181189298629761
0 0.6639162210317758 0.15611758598914513 0.03208219088040865 0.03207947657658504
0 0.8030399909386268 0.7891226548414964 0.050301625178410456 0.050314096304086536
0 0.7153665102445163 0.5187859535217285 0.09846115112304688 0.09957702343280499
0 0.5651926627525916 0.8479586381178635 0.03722425607534555 0.03746590247521034
0 0.6473645430344802 0.677987318772536 0.05074031536395733 0.05072490985576923
0 0.6542346660907452 0.9006466498741736 0.2025879713205191 0.19380862896259016
0 0.7970409393310547 0.3712009283212515 0.025827554556039665 0.02576622596153846
0 0.7378892164963943 0.2054470135615422 0.03587077214167668 0.03594339810884916
0 0.2508684305044321 0.9869431715745193 0.023920462681696966 0.022356766920823317
0 0.2898189104520358 0.33977673603938174 0.030414287860576924 0.030860460721529447
0 0.8190970054039588 0.428499148442195 0.01856202345628005 0.018113356370192308
0 0.6946950325599084 0.7287301283616286 0.05447123600886418 0.05420244657076322
0 0.5402927398681641 0.1328737368950477 0.027085084181565505 0.027105019642756537
0 0.8133286696213943 0.6518683800330529 0.02359170180100661 0.023705409123347357
0 0.29302083528958833 0.8262112690852239 0.0178223389845628 0.017835030188927285
0 0.24155253630418044 0.0984346133012038 0.03510163380549504 0.034836182227501504
0 0.6599922180175781 0.7079165532038763 0.022110718947190505 0.02220300527719351
0 0.528337992154635 0.6774740219116211 0.06487406217134915 0.06387109022874099
0 0.6421228555532602 0.8343779490544245 0.03995924729567308 0.03995205805851863
0 0.7893226330096905 0.5638193350571853 0.0721739255464994 0.07113243983342098
0 0.19655370712280273 0.40924182304969203 0.023126602172851562 0.02262144822340745
0 0.6962928038377029 0.6723541846642127 0.043117376474233776 0.042505117563100964
0 0.7073217538686899 0.03005214837881235 0.030263754037710335 0.03052653716160701
0 0.7023922846867487 0.6073941450852615 0.04503719623272236 0.04454466012807993
0 0.8186566279484675 0.02797167576276339 0.0250698969914363 0.03445415313427265
0 0.20091465803293082 0.9193526047926682 0.05507018015934871 0.055434887225811295
0 0.5767997594980093 0.7131396073561448 0.03917283278245192 0.03958951509915865
0 0.25125516377962553 0.014815442837201633 0.02153752400324895 0.021784924543820895
0 0.3619191096379207 0.010711369606164785 0.021529124333308294 0.019461200787470892
0 0.5391346858097956 0.48332848915686977 0.3249529325045072 0.3384089103111854
0 0.5076197844285232 0.2689478580768292 0.017180956326998197 0.01693270756648137
0 0.3417815061715933 0.3077265666081355 0.023814861591045674 0.023658147225013144
0 0.3051258600675143 0.968815436730018 0.024051886338454027 0.023818236130934495
0 0.2909789268787091 0.7833859370304987 0.0361029918377216 0.03586431650015024
0 0.47583609360914964 0.12846715633685774 0.016635307898888223 0.01670672343327449
0 0.7510214585524339 0.3252113782442533 0.018725762000450723 0.018823770376352165
0 0.43020299764779896 0.07657025410578801 0.016686512873722956 0.01636303388155424
0 0.22100584323589617 0.09219419039212741 0.029660811791053183 0.029205450644859902
0 0.22058853736290565 0.04900608154443594 0.024244932027963493 0.024539415652935322
0 0.5756198442899264 0.06991037038656381 0.029122572678786058 0.029480493985689603
0 0.5951428046593299 0.653072137099046 0.01598497537466196 0.015833928034855768
0 0.2130900896512545 0.22264752021202674 0.054250937241774336 0.054426339956430286
0 0.7579157902644231 0.17023950356703538 0.049506847675030045 0.04954664523784931
0 0.3126213000370906 0.28012391237112194 0.024471209599421576 0.023726133199838493
0 0.7490560091458834 0.9743292881892278 0.016810197096604567 0.016655848576472357
0 0.38695056621844953 0.8835637019230769 0.13522764352651742 0.13692855834960938
0 0.4204871837909405 0.012647507282403799 0.030251576350285456 0.023665969188396748
0 0.6498704323401818 0.8856896620530349 0.018860450157752402 0.018955524151141826
0 0.1732907111828144 0.7313245626596304 0.01997544215275691 0.020297417273888223
0 0.2718452306894156 0.3256647770221417 0.04255221440241887 0.04105817354642428
0 0.4529761534470778 0.19558895551241362 0.021875968346228965 0.021549298213078424
0 0.39003775669978213 0.23806980940011832 0.12888468228853667 0.12820775692279524
0 0.5768508911132812 0.19124751824599046 0.028099646935096152 0.028489993168757513
0 0.277315433208759 0.37569665908813477 0.015274964846097507 0.014944956852839543
0 0.6883299900935247 0.05440219549032358 0.05846551748422476 0.057390873248760514
0 0.2599699313823993 0.7653091137225811 0.023351412553053636 0.023374410775991585
0 0.2878464185274564 0.5629096397986779 0.015624816601092998 0.01554107666015625
0 0.6923332214355469 0.963410157423753 0.018808364868164062 0.018764202411358174
0 0.7795044825627253 0.0982514161330003 0.014906663161057692 0.014954566955566406
0 0.2832170633169321 0.21991454637967622 0.01824797116793119 0.01802198703472431
0 0.6539174593411959 0.13165545463562012 0.02969213632436899 0.029408674973707933
0 0.5936731925377479 0.2248079226567195 0.043653048001802884 0.044350770803598255
0 0.3991047785832332 0.026317777541967537 0.019008049598106973 0.01934162011513343
0 0.5718311163095328 0.7626529106727014 0.017039739168607272 0.01716467050405649
0 0.19634371537428635 0.2692508330711952 0.0332798591026893 0.03375552250788762
0 0.3355550032395583 0.4934186568626991 0.01635111295259916 0.016666705791766826
0 0.2674451974722055 0.3275761604309082 0.034209838280310996 0.034817989055926986
0 0.5103242580707257 0.888027337881235 0.014936740581805889 0.014792368962214543
0 0.31232452392578125 0.29604779756986177 0.017052301993736856 0.017495192014254056
0 0.3036339466388409 0.3108695470369779 0.015195993276742788 0.014900941115159255
0 0.709359389085036 0.3697968262892503 0.01642637986403245 0.01679508502666767
0 0.6389506413386419 0.20576258806081918 0.015975071833683893 0.015734342428354118
0 0.3128257898183969 0.2461253129518949 0.0344996819129357 0.034472098717322715
0 0.7785279200627253 0.5184923318716196 0.0319976806640625 0.03246747530423678
0 0.682926764855018 0.33618494180532604 0.036741403432992786 0.036483471210186295
0 0.5692670161907489 0.6744478665865384 0.01584471189058744 0.016137049748347357
0 0.363682013291579 0.07413981052545401 0.030822900625375602 0.030408593324514534
0 0.26071858406066895 0.06891178626280564 0.02868509292602539 0.02851424767420842
0 0.818574465238131 0.4866191790654109 0.026109842153695915 0.026270059438852165
0 0.31906714806189906 0.016681546202072732 0.03896779280442458 0.032053968081107505
0 0.2734259825486403 0.008197556321437541 0.025736001821664665 0.015506187310585609
0 0.25637388229370117 0.20010816133939302 0.015701110546405498 0.015599544231708232
0 0.7881639920748197 0.38882739727313703 0.018557035006009616 0.018433057344876803
0 0.7811009333683894 0.030099155811163094 0.035026843731219955 0.03496121901732225
0 0.60415741113516 0.34074790661151594 0.022318326509915866 0.02206596961388221
0 0.4406587160550631 0.1754472439105694 0.02151826711801382 0.021904431856595553
0 0.6234949552095853 0.29057942903958833 0.029303954197810247 0.03035310598520132
0 0.2550951884343074 0.06368459188021146 0.016354780930739183 0.01649783207820012
0 0.6211494299081656 0.3250959836519681 0.03052241985614483 0.030931912935697116
0 0.7912390782282903 0.9801855820875901 0.03420418959397536 0.03321500924917368
0 0.311428033388578 0.2834407366239108 0.029732997600848857 0.03010903871976412
0 0.7110023498535156 0.24702020791860727 0.01710656973031851 0.01679816612830529
0 0.5381890810452975 0.06512548373295711 0.01930398207444411 0.01915454864501953
0 0.43436604279738206 0.119500811283405 0.015453485342172476 0.015182916934673604
0 0.827889662522536 0.41559754885160005 0.012856850257286659 0.013883590698242188
0 0.8109180743877704 0.5050813601567194 0.015956291785606973 0.01586451897254357
0 0.8292691157414362 0.7626782930814303 0.013770470252403846 0.015443655160757212
0 0.1994319695692796 0.5955137472886306 0.05897228534405048 0.05819210639366737
0 0.4340172547560472 0.1105347596682035 0.01682391533484826 0.017243275275597207
0 0.33185291290283203 0.9518926327045147 0.017491267277644232 0.01761010976938101
0 0.1700729223398062 0.6333102446336013 0.01662019582895132 0.021674669705904447
0 0.40889365856464094 0.0925216949903048 0.020930363581730768 0.02075063265286959
0 0.7366134936992939 0.7370675893930289 0.032577221210186295 0.032423753004807696
0 0.7887686949509841 0.07665124306311974 0.026612501878004808 0.026433577904334433
