0 0.4996964381291316 0.9532277033879206 0.07284039717454177 0.07356702364408053
0 0.42232128290029675 0.824887202336238 0.057442004864032455 0.05768907987154447
0 0.6895448244535006 0.7183419007521409 0.08501669076772836 0.08446972186748798
0 0.6579300807072566 0.31432445232684797 0.06130262521597055 0.061823019614586465
0 0.5902038354140061 0.1770788706265963 0.06747957376333383 0.06691254102266751
0 0.6154441833496094 0.40817832946777344 0.07458730844350961 0.07516640883225661
0 0.63964476952186 0.6683267446664664 0.059047735654390775 0.05898783757136418
0 0.7303984715388372 0.912213032062237 0.04924715482271635 0.0771168928879958
0 0.4465630604670598 0.9517079866849459 0.04502061697152945 0.045136671799879804
0 0.6840281853309045 0.8076805701622596 0.04350838294396034 0.043660677396334134
0 0.541961303124061 0.23220007236187273 0.028116519634540264 0.028038171621469352
0 0.27228553478534406 0.5636557799119216 0.023955381833589993 0.023714212270883415
0 0.5083734072171725 0.7419628730187049 0.0732572995699369 0.07323895967923678
0 0.5452570548424354 0.8177943596473107 0.02409810286301833 0.02371494586651142
0 0.3554036067082332 0.8728282635028546 0.0377498039832482 0.03769537118765024
0 0.26244009458101714 0.9590598619901217 0.020670157212477464 0.020611689640925482
0 0.48255502260648286 0.6813554763793945 0.025975594153771035 0.025737469012920674
0 0.3163280487060547 0.6546498812161959 0.021838279870840218 0.021673936110276442
0 0.739954581627479 0.7409208737886869 0.033011363102839544 0.037025158221905045
0 0.2910318741431603 0.6369245235736554 0.04652617527888371 0.04668162419245793
0 0.26435312857994664 0.8437545482928936 0.039892416733961836 0.039948683518629804
0 0.3836674323448768 0.7608026357797476 0.027671373807466947 0.027874286358173076
0 0.7328824996948242 0.5758709173936111 0.04205938485952524 0.04191897465632512
0 0.3424554971548227 0.5775833129882812 0.022790175217848558 0.02257875295785757
0 0.6078369067265437 0.6309911287747897 0.04922668750469501 0.050920303051288314
0 0.5519883449261005 0.419527347271259 0.023190791790301982 0.02334932180551382
0 0.6743523524357722 0.1085364451775184 0.02722344031700721 0.027693546735323392
0 0.5358495712280273 0.9052212788508489 0.0330957266000601 0.0334019294151893
0 0.4179540780874399 0.5328808564406174 0.02401880117563101 0.023943534264197715
0 0.2901761715228741 0.9740029114943284 0.027013411888709433 0.02716651329627404
0 0.48096003899207485 0.3848936374370868 0.06764397254356971 0.06910984332744892
0 0.2741031830127423 0.5236356441791241 0.03024567090548002 0.030302047729492188
0 0.5552206039428711 0.8692695911114032 0.04443638141338642 0.04524671114408053
0 0.5733779026911809 0.6778250474196214 0.07494500967172477 0.07496114877554086
0 0.5278771840609037 0.7777409186730018 0.030192448542668268 0.030488234299879808
0 0.5852074989905725 0.3385468629690317 0.01879574702336238 0.01861682304969201
0 0.3765023671663724 0.20220331045297477 0.021975297194260817 0.02180026127741887
0 0.30811885687021107 0.9264280612652118 0.04087690206674429 0.040976304274338946
0 0.562565069932204 0.30008957936213565 0.017561692457932692 0.017375432527982272
0 0.62005615234375 0.7148521129901593 0.03391614327063927 0.034071115347055286
0 0.3518670155451848 0.28906822204589844 0.04195316021259014 0.04311700967641977
0 0.6839124239408053 0.23125122143672064 0.01960138174203726 0.01957357846773588
0 0.5033938334538386 0.5958445255572979 0.019874719473031852 0.020049315232496995
0 0.2515502709608812 0.48524900583120495 0.026342208568866435 0.026926627525916465
0 0.5442121212299054 0.9540800681480994 0.020151431743915264 0.020410684438852165
0 0.4279236059922438 0.7677091451791617 0.016542361332820013 0.016164192786583535
0 0.5094546538132888 0.8393927354079026 0.03708355243389423 0.03612078153170072
0 0.4794435501098633 0.26170143714317906 0.01933589348426232 0.01957559585571289
0 0.6003424937908466 0.6080397459176871 0.05047203944279598 0.05034189957838792
0 0.4340014090904823 0.9058989011324369 0.03824908916766827 0.03783739530123197
0 0.3036073904771071 0.5207152733435998 0.020604353684645433 0.020354491013746995
0 0.6489171248215896 0.9745443784273587 0.10892824026254508 0.049349271334134616
0 0.4753107657799354 0.54248963869535 0.016916568462665264 0.016848930945763223
0 0.3823384505051833 0.08601899330432598 0.02388337942270132 0.02389805133526142
0 0.7041878333458533 0.2255571438716008 0.030425145075871393 0.030864165379450872
0 0.4691828214205228 0.1657243141761193 0.03615100567157452 0.03641201899601863
0 0.6092012111957257 0.8470095120943509 0.029702113224909857 0.029735271747295674
0 0.31250894986666167 0.3316049942603478 0.027346996160653923 0.02730861076941857
0 0.47167858710655797 0.07030373353224534 0.04243968083308293 0.04370693060067984
0 0.4575309753417969 0.6042773173405573 0.026618297283466045 0.026721954345703125
0 0.46989070452176607 0.924229621887207 0.023555462176983174 0.023553114670973558
0 0.24522033104529747 0.44886097541222203 0.015401840209960938 0.016685632558969352
0 0.6208079411433294 0.8970339848445013 0.02692560049203726 0.027078775259164665
0 0.5375080842238206 0.8405139629657452 0.03360425508939303 0.03323980478140024
0 0.6691681788517878 0.41607123154860276 0.03973711453951322 0.03988221975473257
0 0.627873053917518 0.12900071877699631 0.06071593211247371 0.05988392463097206
0 0.40919883434589094 0.9674993661733774 0.06214684706467848 0.0605316162109375
0 0.24929160338181716 0.15692586165208083 0.024936089148888223 0.024830900705777682
0 0.6598088924701397 0.49910237238957333 0.03774334834172176 0.03766052539532001
0 0.38808338458721453 0.875888677743765 0.021450923039362982 0.02110877403846154
0 0.5477987436147836 0.3250598907470703 0.035806509164663464 0.03558775094839243
0 0.28046796872065616 0.05315582568828876 0.026776863978459284 0.02686773813687838
0 0.480286378126878 0.884604233961839 0.021506896385779746 0.0216977046086238
0 0.46457613431490385 0.8278447664701022 0.025205025306114785 0.025303767277644232
0 0.35680180329542893 0.4888215431800255 0.01947645040658804 0.01954489487868089
0 0.7085024026724008 0.053810486426720254 0.0172119140625 0.01732037617610051
0 0.6610186650202825 0.3629585412832407 0.0525517096886268 0.051870492788461536
0 0.5602983694810134 0.9307522406944861 0.037231738750751205 0.03655389639047476
0 0.6069215627817007 0.5180233808664175 0.024968954233022835 0.024995803833007812
0 0.305282501073984 0.6158159696138822 0.032985870654766374 0.03313325001643254
0 0.42516337908231294 0.7059952662541316 0.03156493260310246 0.031465970552884616
0 0.5942382078904372 0.9302978515625 0.021609673133263223 0.021475865290715143
0 0.31228036146897536 0.867915153503418 0.03845069958613469 0.03849176260141226
0 0.707484978895921 0.45444910342876726 0.03258353013258714 0.03264977381779598
0 0.4652838340172401 0.36617000286395734 0.024253698495718148 0.024013005770169772
0 0.41965308556189906 0.5773967962998611 0.019760865431565505 0.01959389906663161
0 0.46329711033747745 0.902072026179387 0.01888876694899339 0.018676170935997598
0 0.44704169493455154 0.868496087881235 0.02319225898155799 0.02288202139047476
0 0.3939333695631761 0.6527315286489633 0.021815079909104567 0.021893427922175482
0 0.26070759846613956 0.40806814340444714 0.015410936795748197 0.015535794771634616
0 0.3064598303574782 0.23540786596444938 0.022663043095515326 0.02268824210533729
0 0.4434041976928711 0.26937316014216495 0.019287109375 0.01956914021418645
0 0.5182954348050631 0.48113085673405576 0.018569506131685697 0.0184479493361253
0 0.6748843559852014 0.601034531226525 0.08079880934495193 0.08340703524076022
0 0.3038943730867826 0.4738978606003981 0.017334497891939603 0.017196215116060697
0 0.6687479752760667 0.05526209794558012 0.018659591674804688 0.018406116045438327
0 0.6460017424363357 0.9167799582848182 0.023428843571589544 0.02351071284367488
0 0.2812030865595891 0.37747588524451625 0.017214188208946817 0.01778749319223257
0 0.43023399206308216 0.5115509033203125 0.2222303977379432 0.2304840087890625
0 0.45859461564284104 0.27895611983079177 0.017250427832970254 0.0171660643357497
0 0.7038910939143255 0.1072991261115441 0.022869256826547477 0.0226592650780311
0 0.7386846542358398 0.8583990243765024 0.03123195354755108 0.03909727243276743
0 0.29562535652747524 0.4033748186551608 0.015785584082970254 0.016106678889347956
0 0.6100435990553635 0.3784634516789363 0.01429279033954327 0.014365709744966947
0 0.39573053213266224 0.16453458712651178 0.017659920912522536 0.0176848264840933
0 0.6477130009577825 0.46247313572810245 0.024724520169771634 0.02444912837101863
0 0.28603219985961914 0.3240620539738582 0.01566175314096304 0.01595607170691857
0 0.3389425277709961 0.6744769903329703 0.03375024061936598 0.03332974360539363
0 0.4633322495680589 0.748809814453125 0.02689787057729868 0.026128328763521634
0 0.5786961041964017 0.16800898772019607 0.01930970412034255 0.018762735220102165
0 0.6775989532470703 0.4704734362088717 0.03369903564453125 0.033200850853553183
0 0.584632946894719 0.5389892504765437 0.020906668442946214 0.020636998690091647
0 0.49730363258948695 0.21856219951923078 0.021951748774601862 0.021959818326509915
0 0.4680792735173152 0.6433764971219577 0.02317047119140625 0.022982083834134616
0 0.4717981265141414 0.8454702817476712 0.02653019244854267 0.025830782376802884
0 0.622851298405574 0.9294941241924579 0.0337671499985915 0.03308648329514723
0 0.5411817110501803 0.5307786648090069 0.05474545405461238 0.05464583176832933
0 0.49959813631497896 0.28291815977830154 0.021179786095252402 0.021360250619741585
0 0.32910893513606143 0.13717723809755766 0.01682567596435547 0.016672281118539665
0 0.28321288182185245 0.20292718593890852 0.019287842970628005 0.01944762009840745
0 0.5441782291118915 0.2017040252685547 0.027134161729079027 0.027416302607609674
0 0.3362046755277194 0.5543826176570013 0.016680057232196514 0.01640657278207632
0 0.641086064852201 0.09088415365952712 0.0156095944918119 0.015810086176945612
0 0.3457011809715858 0.9531201582688552 0.036815569950984076 0.036670684814453125
0 0.30397649911733776 0.9606214670034555 0.014477362999549279 0.014373339139498197
0 0.7303412510798528 0.10303183702322152 0.020096705510066107 0.020247789529653695
0 0.4305761410639836 0.49416387998140776 0.029017154987041768 0.028587928185096152
0 0.2621139746445876 0.18177487299992487 0.016569871168870192 0.016006066248967096
0 0.32883614760178786 0.8274905865009015 0.03866122319148137 0.03864493736853966
0 0.36309073521540713 0.4070569551908053 0.0148773193359375 0.015073482806865986
0 0.25420392476595366 0.3160856687105619 0.03518115557157076 0.03655244753910945
0 0.4776287078857422 0.2847868295816275 0.020514194781963643 0.020698950840876654
0 0.5990714293259841 0.9475015493539664 0.023021697998046875 0.02340522179236779
0 0.6580892709585336 0.8726711273193359 0.02702507605919471 0.026935870830829326
0 0.4037670355576735 0.9624994718111478 0.05057474283071665 0.05073987520658053
0 0.6943912506103516 0.4305774982158954 0.03340647770808293 0.03382095923790565
0 0.503203245309683 0.8729642721322867 0.045826104971078724 0.0455169677734375
0 0.6167637751652644 0.3535002928513747 0.034642696380615234 0.03458243149977464
0 0.27861866584190953 0.3643648807819073 0.01490017083974985 0.014796623816856971
0 0.32943032338069034 0.7909019176776593 0.025645329402043268 0.025919400728665866
0 0.5143388968247634 0.677342781653771 0.0527796378502479 0.051938570462740384
0 0.5005023662860577 0.8038884676419772 0.03722586998572716 0.03739767808180589
0 0.5621206943805401 0.09333805854503925 0.016226988572340745 0.016302860700167142
0 0.37703561782836914 0.8305200430063101 0.020396012526292067 0.02043885451096755
0 0.46627429815439075 0.6457859919621394 0.02851735628568209 0.02871880164513221
0 0.5035728307870718 0.9940631573016827 0.016269096961388223 0.011129819429837741
0 0.51672179882343 0.866946293757512 0.024164639986478366 0.024410541240985576
0 0.30367645850548375 0.18448730615469125 0.015003351064828726 0.015046119689941406
0 0.6284756293663611 0.8648005999051608 0.021288945124699518 0.021417617797851562
0 0.2571072211632362 0.25612350610586315 0.018800808833195612 0.018769044142503005
0 0.46308290041410005 0.4066319098839393 0.018622765174278848 0.018805723923903245
0 0.28721145483163685 0.3927787267244779 0.015131436861478366 0.015146475571852464
0 0.6233251278217022 0.7827160908625677 0.018665020282451924 0.01881995567908654
0 0.7065395208505484 0.13474559783935547 0.017071944016676683 0.01686727083646334
0 0.6559223028329703 0.9473433861365685 0.02603457524226262 0.025557591364933893
0 0.3013454767373892 0.08957914205697867 0.016139800731952373 0.01636706865750826
0 0.2921415842496432 0.38896663372333234 0.01580333709716797 0.015579957228440505
0 0.6565352219801682 0.44596015490018404 0.02299675574669471 0.023218961862417366
0 0.2806913119096022 0.4301024583669809 0.014660028310922476 0.01476595951960637
0 0.44777437356802136 0.6813515883225661 0.02453305171086238 0.02438222444974459
0 0.5882792106041541 0.27817465708805966 0.014436428363506611 0.014086136451134315
0 0.5080524224501389 0.7958514873798077 0.024231910705566406 0.023634690504807692
0 0.25927499624399036 0.012109477932636555 0.04160110767071064 0.02385724737093999
0 0.6694434239314153 0.6132317322951096 0.0660259540264423 0.06342183626615085
0 0.4389000672560472 0.5436206964346079 0.014104696420522837 0.01396942138671875
0 0.2683552778684176 0.2683175527132474 0.015291800865760216 0.015184549184945913
0 0.3204171840961163 0.12209818913386418 0.021683692932128906 0.021348916567288913
0 0.2775792892162616 0.3141927352318397 0.013885718125563402 0.014192141019381009
0 0.6714817927433894 0.3583374757033128 0.030629084660456732 0.03085605914776142
