0 0.4244477932269757 0.06837585339179406 0.17114404531625602 0.13550809713510367
0 0.5783662796020508 0.3352405841533954 0.2007931929368239 0.20000340388371393
0 0.4324155587416429 0.7264071978055514 0.10151107494647686 0.10218033423790565
0 0.7760077990018405 0.9440257732684796 0.04780666644756611 0.04785009530874399
0 0.2551860075730544 0.2700843811035156 0.10619295560396634 0.10490490840031551
0 0.7811750265268179 0.17715241358830378 0.03489773090069111 0.03532853493323693
0 0.5749476139362042 0.20876497488755447 0.04481939169076773 0.04483523735633263
0 0.5386444238516 0.8903693419236404 0.0435786614051232 0.043453216552734375
0 0.8304117642916166 0.40773501762977016 0.102020263671875 0.10545994685246395
0 0.6657825616689829 0.028009128112059373 0.025261512169471152 0.025360698883350078
0 0.5028148064246545 0.6731136762178861 0.02442756065955529 0.02428098825307993
0 0.47664554302509016 0.4662613501915565 0.10337594839242789 0.10566417987530048
0 0.8068881401648889 0.6677419222318209 0.02747931847205529 0.027788308950570915
0 0.551945686340332 0.6566401261549729 0.041364082923302285 0.041454315185546875
0 0.23010730743408203 0.6262589968167819 0.03560909858116737 0.03601283293503981
0 0.2681274780860314 0.20034360885620117 0.06571600987361027 0.06531517322246845
0 0.6378881747906024 0.16911231554471529 0.03616068913386418 0.03710615634918213
0 0.8318099975585938 0.3485105221088116 0.052000779371995196 0.05151235140286959
0 0.307158140035776 0.9130655435415415 0.025532649113581732 0.025751554048978366
0 0.33642966930682844 0.5481827075664814 0.026176892794095553 0.02626375051645132
0 0.16329249968895546 0.6540380624624399 0.03749374242929312 0.037597949688251205
0 0.8174974734966571 0.28017484224759615 0.03595777658315805 0.03592219719519982
0 0.7008738150963416 0.7371519528902494 0.047015997079702526 0.04632729750413161
0 0.7893889500544622 0.8381195068359375 0.020449418288010817 0.0202178955078125
0 0.2741807240706224 0.4157545016362117 0.05333856435922476 0.05383212749774639
0 0.16169856144831732 0.896519294151893 0.03238347860483023 0.032442533052884616
0 0.35098758110633266 0.9238435305081881 0.04341550973745493 0.043417710524338946
0 0.07782554626464844 0.2325166922349196 0.03004593115586501 0.030060327970064603
0 0.17824935913085938 0.5861294819758489 0.024297530834491435 0.024407460139347956
0 0.7242577626154973 0.6637436793400691 0.025575784536508415 0.025821979229266826
0 0.34063214522141677 0.4174078427828275 0.02293572059044471 0.022633185753455527
0 0.12984264813936675 0.4194770959707407 0.02272451840914213 0.023020010728102464
0 0.822997313279372 0.4486706807063176 0.03700579129732572 0.036830755380483776
0 0.7410907745361328 0.9003730187049279 0.02280734135554387 0.0229800297663762
0 0.5862737068763146 0.5493807059067947 0.03776858403132512 0.03739496377798227
0 0.1301416066976694 0.7122145432692307 0.01702007880577674 0.017213968130258415
0 0.30138136790348935 0.33968114852905273 0.028708898104154147 0.0288998530461238
0 0.459600778726431 0.604156310741718 0.02795102046086238 0.028261111332820013
0 0.9297387783343976 0.8927682729867789 0.04043784508338341 0.040216299203725964
0 0.1120301209963285 0.20137988604032075 0.04944562911987305 0.049741231478177585
0 0.7266494310819186 0.8216746403620794 0.02369088392991286 0.02368956345778245
0 0.7213124495286208 0.9336101825420673 0.019465226393479567 0.01965185312124399
0 0.8473744759192834 0.9739866990309495 0.03696999183067909 0.03743333082932692
0 0.24050345787635216 0.9015442774846003 0.026344152597280648 0.02632933396559495
0 0.8851394653320312 0.6211759127103366 0.03914026113656851 0.03913032091580904
0 0.36111054053673375 0.501430658193735 0.01789723909818209 0.017330096318171576
0 0.17753087557279146 0.03344416618347168 0.09139898190131554 0.06435464895688571
0 0.3638137670663687 0.7532568711500901 0.03263546870304988 0.03287300696739784
0 0.5959846056424655 0.8470145005446214 0.05527408306415264 0.05505062983586238
0 0.7139260218693659 0.07133626020871676 0.023192772498497598 0.023256466938899115
0 0.7424008296086237 0.13903135519761306 0.021126967210036058 0.020989418029785156
0 0.19270442082331732 0.8647444798396184 0.019156896151029147 0.019012451171875
0 0.5418850091787485 0.7925332876352164 0.07046684852013221 0.0703745621901292
0 0.3835896345285269 0.9848261613112229 0.03869298788217398 0.02770086435171274
0 0.32355370888343227 0.19769707092872033 0.025192407461313102 0.025033217210036058
0 0.691061753493089 0.9479267413799579 0.016771463247445915 0.016703972449669473
0 0.6848000746506911 0.685634759756235 0.03182660616361178 0.032005603496844955
0 0.1381848041827862 0.2214517226585975 0.031583345853365384 0.03126819317157452
0 0.8042027400090144 0.3071149129133958 0.023898491492638223 0.023718650524432842
0 0.2548953936650203 0.43519078768216646 0.02824064401479868 0.02870911818284255
0 0.5675663214463454 0.928728983952449 0.02118653517503005 0.021192403940054085
0 0.06811008086571327 0.2777593686030461 0.021879159487210788 0.02179123805119441
0 0.26143877322857195 0.02428190066264226 0.07323844616229717 0.047923702460068926
0 0.41937769376314604 0.530882872067965 0.015337283794696514 0.015194892883300781
0 0.0891414055457482 0.7299588276789739 0.017011715815617487 0.016669640174278848
0 0.17639321547288161 0.6161303887000451 0.018349244044377253 0.01860647935133714
0 0.07469087380629319 0.11750655907850999 0.05528527039747972 0.09440323022695687
0 0.5382634309621958 0.7328071594238281 0.0461431650015024 0.04632230905386118
0 0.41951568310077375 0.6155113807091346 0.019635127140925482 0.01976952185997596
0 0.8594160813551682 0.04474940666785607 0.0652304429274339 0.0653365758749155
0 0.10889974007239708 0.5444743816669171 0.015661056225116435 0.01554122337928185
0 0.09791863881624661 0.061259911610529974 0.022942836468036357 0.023209663537832406
0 0.8612054678109976 0.9479412665733924 0.026557188767653245 0.026476933405949518
0 0.26852075870220476 0.747833985548753 0.021384019118088942 0.021586784949669473
0 0.7857423929067758 0.32229782984806943 0.014987945556640625 0.014898446890024038
0 0.356500112093412 0.901690409733699 0.015918218172513522 0.015979913564828727
0 0.0659238466849694 0.19898088161761945 0.016560902962317832 0.016403858478252705
0 0.647121209364671 0.04680782098036546 0.024042422954852764 0.02364961917583759
0 0.05294955235261183 0.43356088491586536 0.014112169925983135 0.01610227731557993
0 0.7134667176466721 0.7862282532912034 0.04072834895207332 0.04047115032489483
0 0.39349761376014125 0.8766081883357122 0.015311754666841947 0.015311607947716346
0 0.14982296870304987 0.8468165764441857 0.019252887138953574 0.019736363337590143
0 0.7603196364182693 0.7113744295560397 0.020823258620042067 0.020933884840745192
0 0.719452637892503 0.1292805579992441 0.021220574012169473 0.02119596187884991
0 0.5834484467139611 0.8211245903602014 0.025901354276216947 0.02619200486403245
0 0.7518844604492188 0.4961846424983098 0.02191338172325721 0.022522706251878005
0 0.20603396342350885 0.420684080857497 0.014951705932617188 0.0148162841796875
0 0.6178128169133112 0.19408739530123198 0.022759694319504958 0.022562540494478665
0 0.8834052452674279 0.5738660372220553 0.04772655780498798 0.04707820598895733
0 0.0588302520605234 0.7550131724430964 0.017890801796546348 0.01804659916804387
0 0.8718423109788161 0.9200556828425481 0.023667262150691107 0.023775540865384616
0 0.19537734985351562 0.6236174656794622 0.018241148728590745 0.018340220818152793
0 0.8561669129591721 0.7341924814077524 0.05983528724083534 0.06031183096078726
0 0.15733555647043082 0.31904095869797927 0.02154992176936223 0.02189914996807392
0 0.7234924022967999 0.22517277644230768 0.015053822444035457 0.015367067777193509
0 0.2599977713364821 0.024111607900032632 0.019720004155085638 0.019586838208712064
0 0.7468556624192458 0.44609979482797474 0.037410882803109974 0.03712536738469051
0 0.2924994138570932 0.06783233239100529 0.016883446620060846 0.017010853840754583
0 0.25726762184729945 0.6631467525775616 0.015999867365910456 0.016078068659855768
0 0.20699669764592096 0.45387975986187273 0.01582197042611929 0.015672610356257513
0 0.8316838191105769 0.10084617137908936 0.05747002821702223 0.05744836880610539
0 0.914067268371582 0.9128884535569411 0.05039625901442308 0.048812572772686295
0 0.32940072279710036 0.49048614501953125 0.03045228811410757 0.030247908372145433
0 0.22353960917546198 0.33915339983426607 0.05509369189922626 0.054906478294959433
0 0.4064580477201022 0.2603344183701735 0.042562631460336536 0.04234952193040114
0 0.05481681915429922 0.584368632389949 0.015204420456519494 0.014939234806941105
0 0.2665426547710712 0.9293453509990985 0.014424654153677134 0.014316558837890625
0 0.8786907196044922 0.4830623039832482 0.02009861285869892 0.020217015193058893
0 0.4355366046612079 0.9418962918795072 0.020668983459472656 0.020932417649489183
0 0.32941396419818586 0.044539910096388594 0.02110635317288912 0.02146078760807331
0 0.1632217260507437 0.5492319327134353 0.04974393661205585 0.04947332235483023
0 0.6007442841163049 0.7857737907996545 0.01531373537503756 0.015158726618840145
0 0.26885014313917893 0.7458928915170523 0.026102726276104268 0.02606964111328125
0 0.2757006791921762 0.8204964857835036 0.07013687720665565 0.06930718055138221
0 0.4520668616661659 0.25924066396859974 0.039002638596754804 0.03865139301006611
0 0.770599732032189 0.36467552185058594 0.06543350219726562 0.0652326437143179
0 0.5958640758807843 0.05366817804483267 0.017086175771859977 0.016954779624938965
0 0.9317581470196064 0.5332435827988845 0.04214140085073618 0.0498200930081881
0 0.4851836057809683 0.8485961327185998 0.052134220416729264 0.051778206458458535
0 0.24490622373727652 0.116500762792734 0.015311167790339543 0.01503298832820012
0 0.43923040536733776 0.6257564104520358 0.019929005549504206 0.019489435049203727
0 0.8188968071570764 0.553448383624737 0.02596253615159255 0.02596422342153696
0 0.8007816901573768 0.6048181973970853 0.023339198185847357 0.023289020244891826
0 0.4107676652761606 0.8334447420560397 0.015042451711801382 0.015092409574068509
0 0.3869296587430514 0.17737878285921538 0.014787527231069712 0.014737496009239784
0 0.8279857635498047 0.16187576147226188 0.016122964712289665 0.016376486191382773
0 0.5239622409527118 0.6203037408682016 0.018328740046574518 0.01803735586313101
0 0.3178500762352577 0.4678617990933932 0.035058241624098554 0.036892010615422174
0 0.90386779491718 0.6483544569749099 0.034288993248572715 0.03428796621469351
0 0.8789946482731745 0.5706560428325946 0.037842090313251205 0.03815269470214844
0 0.3233639643742488 0.3148460388183594 0.014313477736253005 0.014393292940579928
0 0.3745967424832858 0.6527730501615084 0.015146769010103665 0.015198340782752404
0 0.15169221621293288 0.8640182935274564 0.016008725533118613 0.015899804922250602
0 0.7683393038236178 0.8711192791278546 0.053615570068359375 0.05319287226750301
0 0.08439491345332219 0.44675071422870344 0.0162048706641564 0.01648873549241286
0 0.25171180871816784 0.9916012837336614 0.01450047126183143 0.013628299419696514
0 0.08413067230811486 0.8507251739501953 0.02895282323543842 0.028844393216646634
0 0.8886758364163913 0.353727414057805 0.058736360990084134 0.05937612973726713
0 0.6430533482478216 0.7279074742243841 0.040426400991586536 0.04065997783954327
