0 0.33631001985990083 0.5987021372868464 0.16466162754939154 0.16797652611365685
0 0.3254810846768893 0.3905108892000638 0.08077738835261418 0.07980287992037259
0 0.3647937774658203 0.18576983305124137 0.10739531883826622 0.10855590380155124
0 0.7010451096754807 0.7420121706449069 0.08882757333608773 0.09122584416316105
0 0.5407256346482497 0.11548664019658016 0.07240566840538612 0.07318936861478366
0 0.6032210129957932 0.15976691246032715 0.05375099182128906 0.05417768771831806
0 0.6986917349008414 0.024382582077613242 0.04893699059119591 0.04705089789170485
0 0.38696743891789365 0.01793065437903771 0.04415453397310697 0.03558260660905104
0 0.4519602335416354 0.016417057468340948 0.051561722388634317 0.032843431601157554
0 0.5275385929987981 0.3528541418222281 0.059739919809194714 0.0597376456627479
0 0.5429105758666992 0.21016388673048753 0.04843821892371544 0.048560142517089844
0 0.6446429766141452 0.2826746427095853 0.04411946810208834 0.043555112985464245
0 0.5749845137962928 0.2943307619828444 0.04715589376596304 0.04718358700092022
0 0.331664305466872 0.32718511728140026 0.03364915114182692 0.03330729557917668
0 0.5951162484975961 0.243163695702186 0.048771051260141224 0.048913735609788164
0 0.555268801175631 0.641161845280574 0.04042904193584736 0.040494478665865384
0 0.7307407672588642 0.7932151647714468 0.0196225092961238 0.019354893611027643
0 0.6842093834510217 0.3370836698091947 0.032339829664963946 0.03190920903132512
0 0.37728302295391375 0.2908617899968074 0.035366058349609375 0.03531067187969501
0 0.5742884049048791 0.7365914858304538 0.05984137608454777 0.06009820791391226
0 0.3132492945744441 0.44381075638991135 0.05457337086017315 0.055263519287109375
0 0.5061320524949294 0.019247593788000252 0.0315099129310021 0.0317839108980619
0 0.4382803256695087 0.3573690927945651 0.04242500892052284 0.04271059769850511
0 0.7194055410531851 0.09035070125873272 0.04060275738055889 0.04069526837422298
0 0.3559837341308594 0.2724360686082106 0.025525019719050482 0.025826527522160456
0 0.4740469272320087 0.39390050447904146 0.03686376718374399 0.03719124427208534
0 0.30771658970759463 0.5130549210768479 0.023463927782498874 0.0233916502732497
0 0.6699898059551532 0.11297966883732723 0.030347677377554085 0.030239985539362982
0 0.7167687049278846 0.8405908437875601 0.017714280348557692 0.017864814171424277
0 0.3576099689190204 0.08955967426300049 0.035474190345177285 0.03557296899648813
0 0.4810954240652231 0.7407414362980769 0.024757531973031852 0.024697083693284255
0 0.4035158157348633 0.04653292435866136 0.02025736295259916 0.020228952169418335
0 0.5003323554992676 0.9196830162635217 0.017659113957331732 0.017430818997896634
0 0.4890934137197641 0.26024900949918306 0.03194207411545973 0.03176039915818434
0 0.6065592032212478 0.549747136922983 0.040558228125939004 0.04080640352689303
0 0.49380258413461536 0.6576659862811749 0.020853482759915866 0.02086639404296875
0 0.6650229233961839 0.04675731292137733 0.03127582256610577 0.031308999428382285
0 0.37853681124173677 0.33258808576143706 0.035167547372671276 0.03558804438664363
0 0.7215526287372296 0.2420342885530912 0.03964981665978065 0.038960823645958535
0 0.49175841991718 0.08661349003131573 0.0215451167179988 0.021353666598980244
0 0.46738147735595703 0.5481352439293494 0.11024049612192008 0.11030519925631009
0 0.7277972881610577 0.39980338169978213 0.028313856858473558 0.028480383066030648
0 0.2466904383439284 0.32901455805851865 0.02257688228900616 0.031631763164813705
0 0.41477232712965745 0.2504104834336501 0.050405649038461536 0.04969369448148287
0 0.4393955377432016 0.6449425037090595 0.01823278573843149 0.018153557410606973
0 0.722810305081881 0.2029113035935622 0.01898956298828125 0.019168927119328424
0 0.2680958784543551 0.18398725069486177 0.017419888423039362 0.017583626967210036
0 0.34003419142503005 0.9425268173217773 0.01626454866849459 0.016427113459660456
0 0.6654737179095929 0.8961596855750451 0.015278155987079326 0.01549823467548077
0 0.3703449322627141 0.35693902235764724 0.022993968083308294 0.02251771780160757
0 0.4219681666447566 0.7559114602895883 0.017768713144155648 0.01770151578463041
0 0.6949308835543119 0.81146240234375 0.015424581674429087 0.015340071458082933
0 0.35598461444561297 0.03590028561078585 0.018896836500901442 0.0186158143557035
0 0.7386373373178335 0.8667372923630935 0.016540674062875602 0.01651925307053786
0 0.3204748813922589 0.023830386308523323 0.07138707087590145 0.04631572503309984
0 0.4992210314824031 0.1490321159362793 0.019205900338979866 0.018896763141338643
0 0.4981855245736929 0.23456474450918344 0.01837583688589243 0.018413250262920674
0 0.5895878718449519 0.3704034365140475 0.042100759652944714 0.041778271014873795
0 0.4541206359863281 0.6563057532677283 0.01731395721435547 0.017186971811147835
0 0.6855579522939829 0.35830174959622896 0.020343487079326924 0.01990208258995643
0 0.5678180547860953 0.6820495312030499 0.015621185302734375 0.015644953801081732
0 0.29123629056490385 0.2351075869340163 0.03229375985952524 0.031479285313532904
0 0.5216838763310359 0.2819963601919321 0.017621773939866286 0.017458328833946817
0 0.5940045210031363 0.502879472879263 0.015121166522686299 0.01511214329646184
0 0.7333592634934646 0.28867101669311523 0.05701798659104567 0.06158916766826923
0 0.5294697834895208 0.05018744560388418 0.0321813730093149 0.03258281487684984
0 0.6805865948016827 0.49817540095402646 0.02091217041015625 0.020908062274639424
0 0.6330603819627029 0.18314447769751915 0.01894862835223858 0.019116878509521484
0 0.4539610789372371 0.19681356503413275 0.017746118398813102 0.017676573533278245
0 0.6586702786959134 0.1775191197028527 0.02468255849984976 0.02464140378511869
0 0.590578739459698 0.7350369966947116 0.01613954397348257 0.015941766592172477
0 0.5656666022080642 0.8368483323317307 0.040967501126802884 0.04150126530573918
0 0.7118927882267878 0.884891730088454 0.014931311974158654 0.014742631178635817
0 0.6500142904428335 0.396059329693134 0.02195284916804387 0.022101475642277643
0 0.2815132691310002 0.2618743089529184 0.015528128697321964 0.015599250793457031
0 0.43505624624399036 0.46282504155085635 0.04459175696739784 0.0441126456627479
0 0.6468031956599309 0.20398525091317984 0.023745903602013223 0.02366469456599309
0 0.3416749147268442 0.3063384202810434 0.03914370903602013 0.039296443645770736
0 0.2774057571704571 0.8721244518573468 0.06186122160691481 0.0618280264047476
0 0.6205726770254282 0.6554228709294245 0.014492328350360576 0.01434795673076923
0 0.6386383496798002 0.249570553119366 0.03125924330491286 0.03073905064509465
0 0.4154694997347318 0.4075202208298903 0.026609200697678786 0.026488084059495192
0 0.48160244868351865 0.47573082263653094 0.04745820852426382 0.04838840778057392
0 0.6409721374511719 0.45180570162259615 0.08000883689293495 0.07773531400240384
0 0.34458285111647385 0.7932141377375677 0.014783932612492489 0.014744831965519832
0 0.6572447556715745 0.3814798135023851 0.015394357534555288 0.015571887676532451
0 0.37210453473604643 0.11289532367999737 0.02166924109825721 0.021848128392146185
0 0.6073645811814529 0.11007600564223069 0.02910790076622596 0.029491644639235277
0 0.4486751923194298 0.1265661074565007 0.014854211073655348 0.014803134478055514
0 0.34653924061701846 0.7770864046536959 0.20653042426476112 0.21154389014610878
0 0.42185174501859224 0.14787139342381403 0.015035335834209736 0.014958399992722731
0 0.25565521533672625 0.24400274570171648 0.04081366612361027 0.05853418203500601
0 0.626543925358699 0.1318074739896334 0.03352271593534029 0.03395707790668194
0 0.7127446394700271 0.04906340745779184 0.015705108642578125 0.015659167216374323
0 0.48842547490046573 0.8382505270150992 0.015146402212289663 0.015040030846228966
0 0.26328723247234637 0.16387611169081467 0.04613821323101337 0.04539896891667293
0 0.4831538567176232 0.7986010037935697 0.014710646409254808 0.014850029578575721
0 0.5752380077655499 0.9274520874023438 0.014768527104304386 0.01469113276554988
0 0.4633137629582332 0.7670145768385667 0.014095453115609976 0.014292643620417668
0 0.6246951176570013 0.5117080761836126 0.046678946568415716 0.04827477381779598
0 0.586484432220459 0.1957587462205153 0.015712664677546576 0.015613702627328726
0 0.6473170060377854 0.3200363379258376 0.016875046950120192 0.016887958233173076
0 0.6129693984985352 0.9879487844613882 0.014502158531775841 0.014163384070763221
0 0.5321630697983962 0.14595345350412223 0.02482128143310547 0.02327273442195012
0 0.7490780903742864 0.41144906557523286 0.018242762638972357 0.01875892052283654
0 0.4607145602886493 0.16737473928011382 0.024857521057128906 0.025015941032996543
0 0.2589897009042593 0.1629477280836839 0.03758093026968149 0.038039757655217096
0 0.5850389553950384 0.4802092772263747 0.014204612145057091 0.014164411104642428
0 0.4866261115440956 0.003325333962073693 0.019031377939077523 0.006760851694987371
0 0.6251808313223032 0.047715145807999834 0.016510156484750602 0.016583928695091836
0 0.6217904457679162 0.6003298392662635 0.013720145592322716 0.013457371638371395
0 0.3982087648831881 0.4887770139254056 0.02663722405066857 0.02631987058199369
0 0.37203821769127476 0.38774959857647234 0.018731410686786357 0.019460237943209134
0 0.7527777598454402 0.3238010039696327 0.013955336350661058 0.014310029836801382
