0 0.6701894906850961 0.6046019700857309 0.07127116276667668 0.07064093076265775
0 0.6149457784799429 0.3406774080716647 0.06536923922025241 0.06481244013859676
0 0.05539433772747333 0.36741308065561146 0.044650958134577826 0.04476429865910457
0 0.45278094365046573 0.41818406031681943 0.054384671724759616 0.05466593228853666
0 0.11026956484867977 0.4534659752478966 0.031992618854229264 0.0317381345308744
0 0.7810677748460036 0.739223626943735 0.024704859806941107 0.02475767869215745
0 0.1813515883225661 0.17125199391291693 0.051318975595327526 0.0515831525509174
0 0.39030056733351487 0.6143834774310772 0.04645479642427885 0.04674970186673678
0 0.7169312697190505 0.29517091237581694 0.037252572866586536 0.037294938014103815
0 0.43322167029747594 0.9578814873328576 0.01952956273005559 0.0196536137507512
0 0.6531914931077224 0.7437460972712591 0.029451516958383415 0.029824476975661058
0 0.8262237402109 0.5776389928964468 0.022605455838716947 0.022563860966609076
0 0.3679962158203125 0.9769156529353216 0.07596991612361027 0.044646923358623795
0 0.04926249155631432 0.8546456557053786 0.02098999573634221 0.021102024958683893
0 0.5761572764470027 0.31722182493943435 0.03580496861384465 0.03562765855055589
0 0.7576395181509165 0.48449230194091797 0.025393119225135215 0.02534646254319411
0 0.5837603715749887 0.912136958195613 0.03198807056133564 0.03179726233849159
0 0.7131714454064002 0.9676058842585638 0.03142400888296274 0.031530526968149036
0 0.52606017772968 0.4180413026076097 0.04157579862154447 0.042026519775390625
0 0.13382669595571664 0.3452368149390587 0.023751442249004658 0.02362236609825721
0 0.3387036690345177 0.6155411646916316 0.024099276616023138 0.02427229514488807
0 0.9606349651630108 0.3475083571213942 0.02549919715294471 0.02548555227426382
0 0.3124732971191406 0.598278705890362 0.02522749167222243 0.025178175706129808
0 0.7993972484882061 0.6191366635836087 0.027843768780048076 0.02780606196476863
0 0.4566841125488281 0.4541966731731708 0.05402447627140926 0.05452119387113131
0 0.5866614121657151 0.3864303735586313 0.032770010141225964 0.03286031576303335
0 0.08326306709876427 0.1148291276051448 0.02296335880572979 0.022947659859290488
0 0.05258948527849638 0.5872301688561072 0.025587054399343636 0.02541189927321214
0 0.03614661326775184 0.3970058514521672 0.03078801815326397 0.03113416525033804
0 0.8410873413085938 0.6540330006526067 0.025092198298527643 0.024854219876802884
0 0.6013252551739032 0.4104730165921725 0.018784302931565505 0.018444648155799277
0 0.8759086315448468 0.7270287733811599 0.024117396428034857 0.024271451509915866
0 0.7330694932204026 0.10048782825469971 0.01868922893817608 0.018598648218008187
0 0.6294499910794772 0.573267203110915 0.025196368877704326 0.025218083308293268
0 0.702670904306265 0.7997217178344727 0.016986553485576924 0.016678443321814902
0 0.13288081609285796 0.5953473311204177 0.018031230339637168 0.018049020033616286
0 0.44062328338623047 0.5244488349327674 0.019004234900841348 0.018710503211388223
0 0.3693077747638409 0.5103990848247821 0.03939078404353215 0.03933363694411058
0 0.9424979870135968 0.8107578571026142 0.017699021559495192 0.017780890831580527
0 0.6876931557288537 0.5452972925626315 0.023090949425330527 0.023244270911583535
0 0.08501904744368333 0.7443705338698167 0.018665277040921725 0.01863890427809495
0 0.4852908207820012 0.516232050382174 0.026666787954477165 0.026667668269230768
0 0.15405964851379395 0.6294604081373948 0.026901098398061898 0.02707540071927584
0 0.5128611784714919 0.622031358572153 0.02033365689791166 0.020447951096754808
0 0.8638113462007962 0.7801485061645508 0.016260147094726562 0.016223907470703125
0 0.13315215477576622 0.9249623372004583 0.045378611637995794 0.0454560793363131
0 0.8589255993182843 0.7159224290114182 0.0233004643366887 0.023613562950721152
0 0.7567040370060847 0.5751120493962214 0.019925631009615384 0.019750081575833835
0 0.1576715616079477 0.041665155154008135 0.024261997296259954 0.024428596863379844
0 0.09880854533268855 0.30414225504948544 0.018054962158203125 0.017794095552884616
0 0.24865429217998797 0.32121339211097133 0.029880376962515023 0.03011468740609976
0 0.13595228928786057 0.47457394233116734 0.017787859990046576 0.018014027522160456
0 0.2679864259866568 0.02515518206816453 0.017189429356501654 0.017250859966644876
0 0.06255172307674702 0.64361939063439 0.038796232296870306 0.038772289569561295
0 0.7375398782583383 0.8350315093994141 0.023081412682166465 0.023134671724759616
0 0.47252618349515474 0.7495925609882061 0.07442122239332932 0.07403021592360276
0 0.8209370833176833 0.8270184443547175 0.03158305241511418 0.03210654625525841
0 0.017410273735339824 0.1583099732032189 0.028150182503920335 0.02901429396409255
0 0.6633601555457482 0.9137594516460712 0.02135320810171274 0.02153910123384916
0 0.9740757575401893 0.09460072333996113 0.031912730290339544 0.03222012519836426
0 0.03174934937403752 0.21115823892446664 0.01660605577322153 0.016666338993952826
0 0.48919252248910755 0.49525657066932094 0.023246618417593148 0.02320128220778245
0 0.342560181250939 0.8468629396878756 0.16659808158874512 0.17144071138822115
0 0.5767681415264423 0.6229551755464994 0.0205381099994366 0.020970821380615234
0 0.05786682550723736 0.6170798081618089 0.0367666299526508 0.03666393573467548
0 0.9105548858642578 0.6853950940645658 0.016852598923903245 0.016779386080228366
0 0.5444285319401667 0.47128787407508266 0.03090491661658654 0.03142254169170673
0 0.28388025210453915 0.36882994725153995 0.03628070537860577 0.03682562021108774
0 0.018114439569986783 0.9731471721942608 0.030733133737857524 0.03945600069486178
0 0.2434540161719689 0.7042912703294021 0.03226735041691707 0.0324859619140625
0 0.8580562884990985 0.8591246971717248 0.021917196420522835 0.022133753849909857
0 0.7915615668663611 0.689449823819674 0.01707605215219351 0.01695427527794471
0 0.6822074009821966 0.49131188025841344 0.028504591721754808 0.02835259070763221
0 0.8491230744581956 0.24465839679424578 0.022261839646559495 0.02233116443340595
0 0.4212225033686711 0.7313071030836839 0.018888106712928183 0.019004968496469352
0 0.27785796385545 0.986685532789964 0.05293677403376652 0.02564855722280649
0 0.7682081369253305 0.46456483694223255 0.021370520958533652 0.021236419677734375
0 0.7832904228797326 0.7918638816246619 0.018611321082481973 0.01857126676119291
0 0.9815444946289062 0.5033189333402194 0.03269254244290865 0.03271146921011118
0 0.19330120086669922 0.752925285926232 0.02167378939115084 0.02171912560096154
0 0.5586076149573693 0.4161246373103215 0.027394514817457933 0.027950873741736777
0 0.5705056190490723 0.4412323511563815 0.02538292224590595 0.025731526888333835
0 0.20633589304410493 0.9080638151902419 0.07782649993896484 0.07831793565016526
0 0.7290152036226712 0.9837333239041842 0.04437255859375 0.02882664020244892
0 0.7412559802715595 0.7628624989436223 0.03564306405874399 0.03672629136305589
0 0.14849351002619818 0.5036763411301833 0.02245440849891076 0.022110865666316107
0 0.869932614839994 0.952367195716271 0.017171419583834134 0.0170135498046875
0 0.4901732298044058 0.4764884802011343 0.024559901310847357 0.024395135732797477
0 0.8001461029052734 0.7596822885366586 0.033426138070913464 0.0333551260141226
0 0.7808587000920222 0.872254885160006 0.023050748384915866 0.02319189218374399
0 0.6157718071570764 0.9304387019230769 0.024132398458627555 0.02399444580078125
0 0.6053851934579703 0.6695668147160456 0.015436612642728366 0.015206263615534855
0 0.8049765366774339 0.7794861426720252 0.0265350341796875 0.026479280911959134
0 0.10356020927429199 0.9093264799851638 0.021280765533447266 0.021526630108173076
0 0.2942101772014911 0.6384214254525992 0.01711141146146334 0.017206338735727165
0 0.6710092104398288 0.5539456881009616 0.019551497239332933 0.01958612295297476
0 0.6208986869225135 0.5263280868530273 0.013738632202148438 0.013802601740910457
0 0.13281085857978234 0.8930919353778546 0.021955288373506986 0.021854107196514424
0 0.8778902200552133 0.9641968653752253 0.01761627197265625 0.0184326171875
0 0.3245964783888597 0.41099889461810774 0.02242880601149339 0.02263612013596755
0 0.8404508737417368 0.8738933709951547 0.01708368154672476 0.016916275024414062
0 0.10404416231008676 0.5690595920269306 0.03885566271268404 0.039034476647010215
0 0.9654605572040265 0.30046274111821103 0.0389245840219351 0.03883923017061674
0 0.08018867786114033 0.8029691256009616 0.01678945468022273 0.01687475351186899
0 0.6521624051607572 0.03754919538131127 0.015484443077674279 0.015363046756157508
0 0.061415172540224515 0.308872442979079 0.034052289449251615 0.033872475990882285
0 0.6681222915649414 0.11021052874051608 0.025111565223106973 0.025035968193641074
0 0.8149525569035456 0.8098990367009089 0.017988938551682692 0.018496880164513223
0 0.31262804911686826 0.5454694307767428 0.021540715144230768 0.021713403555063102
0 0.8999199500450721 0.9906776868380033 0.021659264197716348 0.016412881704477165
0 0.6138533078707181 0.20790389867929313 0.025457382202148438 0.025341180654672477
0 0.5022674707266 0.011642615382487956 0.016967113201434795 0.017240760418084953
0 0.7059911581186148 0.399998298058143 0.016650566687950723 0.016938136174128607
0 0.6268596649169922 0.7976586268498347 0.016564442561222956 0.016536419208233174
0 0.8349650456355169 0.8531153752253606 0.0249173091008113 0.024493584266075723
0 0.7804145079392654 0.08502019368685208 0.019668725820688102 0.019482131187732402
0 0.2446300433232234 0.039207944503197305 0.014569392571082482 0.014655239306963407
0 0.5992799905630258 0.49767457521878755 0.01479794428898738 0.014908130352313701
0 0.31923495806180513 0.6272478837233323 0.015456419724684495 0.015598003680889424
0 0.15913240726177508 0.4348045495840219 0.016787171363830566 0.01654228797325721
0 0.25783496636610764 0.9568551870492789 0.06370716828566331 0.06546666071965145
0 0.4978115742023175 0.5605861223660983 0.12567718212421125 0.12593577458308294
0 0.07279010002429669 0.5455721341646634 0.04282082044161283 0.04296720944918119
0 0.5068297752967248 0.6461070867685171 0.01929026383620042 0.019428399892953727
0 0.5449809294480544 0.4462469541109525 0.029132696298452523 0.029070193950946514
0 0.9643942025991586 0.4019313958974985 0.020214374248798076 0.020621666541466348
0 0.11591251079852764 0.48047520564152646 0.014517087202805739 0.014231021587665264
0 0.15763141558720514 0.5231038973881648 0.01661051236666166 0.016664431645320013
0 0.8864244314340445 0.9788169860839844 0.020403495201697715 0.01990509033203125
0 0.9022545447716346 0.47534854595477766 0.08942354642427884 0.09313172560471755
0 0.7351718315711389 0.7272204619187576 0.020191192626953125 0.020439588106595553
0 0.4914824412419246 0.6298421713022085 0.02577077425443209 0.026720487154447116
0 0.6033506026634803 0.6834431428175706 0.022943570063664362 0.022661355825570915
0 0.6145385962266189 0.6927651625413161 0.018342311565692607 0.018589606651893027
0 0.6620217836820163 0.8341305072490985 0.029285724346454326 0.030268742487980768
0 0.5151976805466872 0.48309773665208083 0.024511043842022236 0.02413353553185096
0 0.6955848840566782 0.27712161724384016 0.015823804415189303 0.015798238607553337
0 0.7798799368051382 0.6078351094172552 0.017643561730018027 0.01756624075082632
0 0.3938121795654297 0.1804933914771447 0.3558990771953876 0.35650157928466797
0 0.13144207000732422 0.8602560483492337 0.014440463139460636 0.014157808743990384
0 0.2857458774860089 0.6214749262883112 0.020938799931452826 0.020298150869516227
0 0.24904823303222656 0.055328153646909274 0.015895916865422174 0.01607840794783372
0 0.15588764043954703 0.5360618738027719 0.01623872610238882 0.016031998854417067
0 0.08077559104332557 0.8849845299353967 0.031348888690655045 0.03153668917142428
0 0.30245381135206956 0.3933567633995643 0.022312017587515023 0.02183840825007512
0 0.6640541370098407 0.3857309634868915 0.025890056903545674 0.025931725135216348
0 0.31865497735830456 0.746704835158128 0.03376307854285607 0.033807607797475964
0 0.3458214539747972 0.48308908022367036 0.018358817467322715 0.01828311039851262
0 0.14937807963444635 0.4848911945636456 0.016533521505502555 0.01671123504638672
0 0.6612859139075646 0.09427109131446251 0.01641669640174279 0.016250757070688102
0 0.9674592384925256 0.30621726696307844 0.046737964336688705 0.048395523658165567
0 0.5670972970815805 0.46330015475933367 0.018238361065204326 0.018407014700082634
0 0.9475489396315354 0.8818332965557392 0.014126117412860576 0.014356466440054087
0 0.10330651356623723 0.9068580040564904 0.025008421677809495 0.02540764441856971
0 0.10863824991079477 0.6915972783015325 0.014178606180044321 0.01418011005108173
0 0.2658376326927772 0.690828250004695 0.02339942638690655 0.023012894850510817
0 0.49828100204467773 0.2884829411139855 0.015860777634840745 0.0158080321091872
0 0.3392491707435021 0.7741297208345853 0.030151954064002402 0.030556605412409857
0 0.4678654670715332 0.49886498084435094 0.017677894005408652 0.01745018592247596
0 0.18038514944223258 0.9073003622201773 0.03312382331261268 0.03303234393780048
0 0.019682155205653265 0.9929178678072416 0.03257611164679894 0.013237879826472355
0 0.7405555431659405 0.8021728075467623 0.04537523709810697 0.04546400216909555
0 0.11778800304119404 0.6189783536470853 0.015602863751924954 0.015653720268836387
0 0.6643128028282752 0.18850042269780085 0.024966019850510817 0.02513272945697491
0 0.1958337380335881 0.5743239109332745 0.03759197088388296 0.03704063708965595
0 0.8383210989145132 0.4258427253136268 0.013399270864633413 0.013845883882962741
0 0.9951573885404147 0.7245530348557693 0.009263552152193509 0.017779423640324518
0 0.9675006866455078 0.8491926193237305 0.015191738422100361 0.015177653386042668
0 0.5400389157808744 0.45331276380098784 0.0397180410531851 0.0394904063298152
0 0.727151503929725 0.8852290373582107 0.01494906498835637 0.015141707200270433
0 0.9771396930401142 0.503134507399339 0.039150238037109375 0.03885914729191707
0 0.02502100972028879 0.4133733602670523 0.01687455177307129 0.016772050123948317
0 0.9745480464054987 0.3204502692589393 0.033617459810697116 0.032902222413283125
0 0.6198123051570013 0.3137467090900128 0.018577722402719352 0.01855006584754357
0 0.2641440905057467 0.6233626145582932 0.014428652249849759 0.014718275803786058
0 0.32028337625356823 0.4608314220721905 0.034534876163189225 0.03417330521803636
0 0.08486485481262207 0.882021977351262 0.03688555038892306 0.0364068838266226
0 0.40284237494835484 0.4267225999098558 0.014777036813589243 0.014719889714167668
0 0.6630998758169321 0.8394106351412259 0.0243685795710637 0.024350533118614785
0 0.495758423438439 0.41611854846660906 0.027619435237004206 0.027351966271033652
0 0.7764293964092548 0.7639882014347956 0.018138592059795674 0.018505683312049277
0 0.9726517017071064 0.31679226801945615 0.0400854257436899 0.038408939655010514
0 0.8824263352614182 0.995120121882512 0.01529224102313702 0.008784660926231971
0 0.6393168522761419 0.11638419444744404 0.01948723426231971 0.01950517067542443
0 0.2524256706237793 0.5735831627478967 0.019380789536696214 0.019185433020958535
0 0.2806872587937575 0.9549117455115685 0.09702587127685547 0.08793082604041466
0 0.8275122275719275 0.18375534277695876 0.018415304330679085 0.018363329080434945
0 0.9221517122708834 0.10829103910006009 0.1545085906982422 0.20792330228365385
