0 0.5527509909409744 0.08363527518052322 0.03669863480788011 0.036591144708486706
0 0.5310353499192458 0.5268173951369065 0.022760978111853965 0.022666344275841348
0 0.4455772546621469 0.47862573770376354 0.03254538315993089 0.032559761634239785
0 0.28308428250826323 0.3735569440401517 0.024859098287729118 0.024878281813401442
0 0.053235796781686634 0.6714232518122747 0.022564007685734674 0.022838885967548076
0 0.6459806882418119 0.9507725055401142 0.020804772010216348 0.020892510047325723
0 0.8700431677011343 0.8174357047447791 0.02889530475323017 0.028963675865760215
0 0.032675715593191296 0.7429659916804388 0.020635201380803034 0.020748725304236777
0 0.5741780721224271 0.2299768741314228 0.01921250269963191 0.019057237184964694
0 0.07189629628108098 0.22235789665809044 0.027139700376070462 0.027336927560659554
0 0.09445434350233811 0.13721882379972017 0.028619839594914362 0.028834012838510368
0 0.5340622388399564 0.1719811512873723 0.02982168931227464 0.029348300053523138
0 0.4319840944730319 0.2640045239375188 0.01909292661226713 0.01891921116755559
0 0.4997705312875601 0.1723326169527494 0.020931390615609977 0.020844459533691406
0 0.23793998131385216 0.4244249417231633 0.017070916982797477 0.017045901371882513
0 0.6558447617750901 0.04954681029686561 0.017886528602013223 0.017890049861027643
0 0.5154224542471079 0.7799995862520658 0.022194935725285456 0.022256117600661058
0 0.6924672493567834 0.164183653317965 0.017880953275240384 0.01786965590256911
0 0.13554894007169282 0.7751252101017878 0.019554725060096152 0.01930853036733774
0 0.5352016595693735 0.2899809800661527 0.017441969651442308 0.017209566556490384
0 0.7666566555316632 0.6301874014047476 0.024307397695688102 0.024495931772085335
0 0.5355237080500677 0.7735877403846154 0.01871637197641226 0.01853003868689904
0 0.6975443913386419 0.8695710255549505 0.016139984130859375 0.016273645254281852
0 0.707419908963717 0.9033655019906851 0.02158531775841346 0.021680098313551683
0 0.16128125557532677 0.45864053872915417 0.01710961415217473 0.01707605215219351
0 0.17792272567749023 0.5928975618802584 0.016848270709698018 0.016816359299879808
0 0.05215962116534893 0.6958693724412185 0.017739167580237754 0.01766336881197416
0 0.5395983182466947 0.911350470322829 0.019075393676757812 0.019191888662484977
0 0.678963147676908 0.6870337266188401 0.016310911912184495 0.0162814213679387
0 0.7203639103816106 0.8911721156193659 0.017277937669020433 0.017086615929236777
0 0.2908284113957332 0.6883858900803786 0.015750004695012018 0.015790792611929085
0 0.6796024029071515 0.658899894127479 0.016631346482496995 0.016709547776442308
0 0.5053870861346905 0.911170666034405 0.016481546255258415 0.01640173105093149
0 0.5683935972360464 0.887545292194073 0.019100262568547174 0.019125718336838942
0 0.5458175219022311 0.7486236278827374 0.026031934298001803 0.026065239539513223
0 0.5464984453641452 0.621554448054387 0.016280541053185098 0.016097435584435098
0 0.5622210869422326 0.03402171226648184 0.01597873981182392 0.015907645225524902
0 0.40367984771728516 0.6354888035700872 0.01714633061335637 0.017128137441781852
0 0.7004724649282602 0.09145316710838905 0.016400850736177884 0.016495374532846305
0 0.7938057826115534 0.07446146011352539 0.019347557654747598 0.019507609880887546
0 0.9369370387150691 0.8136332585261419 0.0161285400390625 0.016248262845552884
0 0.610599737900954 0.7616125987126277 0.021097916823167067 0.020888401911808893
0 0.44823404458852917 0.06609371533760658 0.018573907705453727 0.018479659007145807
0 0.554201786334698 0.1605240931877723 0.01632206256573017 0.016613006591796875
0 0.9392353938176081 0.7806776486910306 0.016758551964393027 0.016612713153545674
0 0.22694745430579552 0.645293455857497 0.015071868896484375 0.015010833740234375
0 0.4847077956566444 0.18692933596097505 0.019099015455979567 0.019329217764047477
0 0.44721596057598406 0.6081147927504319 0.015548265897310697 0.015549806448129507
0 0.4414941714360164 0.04162966288053072 0.02073779472937951 0.020851279680545513
0 0.5268697005051833 0.7624672376192533 0.01827555436354417 0.018394030057466947
0 0.767922254709097 0.5864745653592623 0.01638925992525541 0.016332332904522236
0 0.6166250522320087 0.07057623679821308 0.014597232525165264 0.014819897138155423
0 0.3613584958589994 0.8584770789513221 0.01637898958646334 0.016076161311222956
0 0.03402036886948805 0.19839162092942458 0.015621212812570425 0.0157320316021259
0 0.5067910414475661 0.9302279398991511 0.015462141770582933 0.01540066645695613
0 0.8982623173640325 0.7725345905010517 0.015749711256760817 0.01599884033203125
0 0.667030774630033 0.45180973639855015 0.024170948908879206 0.024635168222280648
0 0.6117251469538763 0.24483302923349234 0.015920345599834736 0.01580949930044321
0 0.3561708743755634 0.04271112038539006 0.030019173255333535 0.030012499827605028
0 0.5704396688021146 0.1937566720522367 0.015315055847167969 0.015400262979360728
0 0.5602992131159856 0.7276260669414814 0.014975474430964543 0.015137599064753605
0 0.9597955850454477 0.35315271524282604 0.01753396254319411 0.017039372370793268
0 0.5425759829007663 0.7374757620004507 0.017892103928786058 0.017440209021935098
0 0.6528188265286959 0.8764803226177509 0.0155029296875 0.015455686129056491
0 0.6963622753436749 0.68665284376878 0.015339484581580529 0.015096224271334134
0 0.7767904721773587 0.6563668617835412 0.014565101036658654 0.014647410466120793
0 0.539613100198599 0.8439772679255559 0.01742729773888221 0.018204615666316107
0 0.8972159165602464 0.5927827908442571 0.038836112389197715 0.03944668403038612
0 0.7066990045400766 0.4251696880047138 0.015244850745567909 0.015215726999136118
0 0.21219337903536284 0.9239419056819036 0.014404883751502404 0.014362188485952524
0 0.47933127329899716 0.5483268591073843 0.014284574068509616 0.014153847327599159
0 0.15491003256577712 0.7238576595599835 0.01476584948026217 0.014893605158879207
0 0.04445172731692974 0.5715617399949294 0.030608076315659743 0.0304718017578125
0 0.6048963253314679 0.6601013770470252 0.015381446251502404 0.015184842623197116
0 0.5153091137225811 0.8299104250394381 0.04730518047626202 0.047598031850961536
0 0.15048350737645075 0.49679811184222883 0.014565156056330754 0.014566935025728665
0 0.7049290583683894 0.775783318739671 0.017483344444861777 0.01693901648888221
0 0.8251587794377253 0.8094367980957031 0.016033759483924277 0.016536419208233174
0 0.8080186110276443 0.5760246423574594 0.024898822490985576 0.024753350477952223
0 0.5626130104064941 0.7833627554086539 0.021947127122145433 0.02186731191781851
0 0.20035985799936148 0.510222288278433 0.015149996830866886 0.015161587641789364
0 0.8572967235858624 0.8830774013812726 0.016753270075871393 0.017073411207932692
0 0.025343296619562004 0.6633165799654447 0.014886273787571834 0.014944516695462741
0 0.5320186614990234 0.7911595564622146 0.01794301546536959 0.018164414625901442
0 0.7996045626126803 0.6596246866079477 0.0206298828125 0.02040246816781851
0 0.3647734568669246 0.6466164222130408 0.014574564420259915 0.01459796612079327
0 0.9324619586651142 0.6788420310387244 0.07302210881159855 0.07181519728440505
0 0.5803251633277307 0.14834193082956168 0.016356688279371995 0.01662103946392353
0 0.47855274493877703 0.14504691270681527 0.02455315223106971 0.0240176641024076
0 0.6700369761540339 0.27933465517484224 0.015542690570537861 0.015395164489746094
0 0.5780074779803936 0.8926409207857572 0.01676808870755709 0.01735100379356971
0 0.6662694490872897 0.4480285277733436 0.017863346980168268 0.01794132819542518
0 0.4949540358323317 0.7740391951340896 0.015987689678485576 0.01578375009390024
0 0.6240105262169471 0.5423727769118089 0.014977968656099759 0.015124834500826322
