0 0.3826185373159555 0.10056559856121357 0.19988733071547288 0.19007150943462664
0 0.37868191645695615 0.49572460467998797 0.050350115849421576 0.050074210533728965
0 0.3255599095271184 0.48594221701988805 0.0359656260563777 0.03598844088040865
0 0.608512805058406 0.47417413271390474 0.03117825434758113 0.030850630540114183
0 0.3090181350708008 0.9212534977839544 0.028525499197152946 0.028553889347956732
0 0.32895572368915266 0.3676134989811824 0.038852691650390625 0.038922823392427884
0 0.24669709572425255 0.5192089080810547 0.018077336824857272 0.018123479989858773
0 0.3627923085139348 0.7732210159301758 0.0260775639460637 0.026183935312124398
0 0.5414520777188815 0.9259609809288611 0.021505062396709736 0.021612020639272835
0 0.25834052379314715 0.6859105917123648 0.020673825190617487 0.02065130380483774
0 0.26638381297771746 0.959711661705604 0.02366810578566331 0.023733872633713942
0 0.5537143120398889 0.5306642972506009 0.021099163935734674 0.020975553072415866
0 0.5000342222360464 0.6131894038273737 0.02188843947190505 0.022276804997370794
0 0.27570247650146484 0.4716803477360652 0.021926072927621696 0.0219418452336238
0 0.6850066551795373 0.7383359028742864 0.043978324303260215 0.04365950364332933
0 0.456608405480018 0.7930977894709661 0.024666272676908053 0.0248416020320012
0 0.444180782024677 0.7267115666316106 0.020128396841195915 0.020045060377854567
0 0.3855036222017728 0.9131681002103366 0.02111537639911358 0.021257400512695312
0 0.3421956942631648 0.4520986263568585 0.04252044971172626 0.04247239919809195
0 0.3893436651963454 0.6185861000647912 0.026071621821476862 0.025948157677283652
0 0.4146749789898212 0.5278552495516263 0.019274051372821514 0.019308163569523737
0 0.6138509236849271 0.7063831916222205 0.021741206829364482 0.021488483135516826
0 0.7282500633826623 0.5156047160808856 0.02409201401930589 0.024506568908691406
0 0.668757805457482 0.9494756551889273 0.02248661334698017 0.022629957932692308
0 0.6059331527123084 0.5470589124239408 0.02807272397554838 0.028153199415940505
0 0.29253772588876575 0.8713871148916391 0.01759184323824369 0.0176388667179988
0 0.37128624549278844 0.6582833803617038 0.019880294799804688 0.019833784836989183
0 0.4335476801945613 0.6004246565011832 0.019214483407827523 0.018891261174128607
0 0.27561459174522984 0.8481804774357722 0.024372247549203727 0.024352147028996393
0 0.4202955686129056 0.8034923260028546 0.017382254967322715 0.017324447631835938
0 0.22551804322462815 0.9493368588961087 0.021917196420522835 0.023106501652644232
0 0.5368508925804725 0.6793741079477164 0.016799119802621696 0.016754590548001803
0 0.35312183086688703 0.33374929428100586 0.029143039996807393 0.02932585202730619
0 0.38934828684880185 0.5960807800292969 0.01794279538668119 0.017949324387770433
0 0.5825487283559946 0.556602954864502 0.018337396474984977 0.01816111344557542
0 0.2704623662508451 0.1453084028684176 0.02373482630803035 0.02419170966515174
0 0.25897583594689 0.4244637122521034 0.0320737545306866 0.031214493971604567
0 0.41172266006469727 0.4543771743774414 0.04243946075439453 0.04300190852238582
0 0.5077439454885629 0.9542297950157752 0.0166928217961238 0.016483893761268027
0 0.37315698770376354 0.5694344593928411 0.0175930903508113 0.017265759981595553
0 0.5154800048241248 0.7043831165020282 0.021246836735652044 0.021162913395808294
0 0.7112602820763221 0.9041054065410907 0.022600614107572116 0.022476783165564902
0 0.2635758106525128 0.09038129219642052 0.04875872685359074 0.06576769168560322
0 0.5561979733980619 0.572143187889686 0.01827063927283654 0.018127001248873197
0 0.2714877128601074 0.039285668959984414 0.022353098942683294 0.02257500932766841
0 0.2592303569500263 0.39971446990966797 0.023020157447228067 0.022764205932617188
0 0.6580111430241511 0.7766020114605243 0.01596494821401743 0.015960693359375
0 0.5032576414254996 0.5924913699810321 0.016951340895432692 0.017067102285531852
0 0.4094710716834435 0.8578158892118014 0.017563233008751504 0.01746500455416166
0 0.3280666791475736 0.41547386462871844 0.017082361074594352 0.016983839181753304
0 0.46509684049166167 0.7035248096172626 0.015904353215144232 0.01621099618765024
0 0.2960347395676833 0.5775951972374549 0.029518861037034255 0.02969228304349459
0 0.5427073698777419 0.5451598901015061 0.018776820256159857 0.018575374896709736
0 0.4827953852139987 0.4514768307025616 0.016260293813852165 0.01621084946852464
0 0.7338581085205078 0.9119324317345252 0.01708192091721755 0.017426710862379808
0 0.22609664843632624 0.9873507573054388 0.01716914543738732 0.016484480637770433
0 0.30189963487478405 0.7747421264648438 0.016263264876145583 0.016408480130709134
0 0.29755900456355167 0.9844951629638672 0.01776882318349985 0.017636225773737982
0 0.38070491644052357 0.41714895688570464 0.015517308161808895 0.015478941110464243
0 0.3550287393423227 0.944623433626615 0.01600060096153846 0.016168594360351562
0 0.48154247724092925 0.9869640790499173 0.01572139446551983 0.01577142568734976
0 0.43435327823345476 0.6383749154897836 0.01745942922738882 0.0175167964054988
0 0.3245077133178711 0.7611728081336389 0.022154734684870794 0.0221713139460637
0 0.35122886070838344 0.6015784190251277 0.014530181884765625 0.014690032372107873
0 0.6448804415189303 0.6022732441241925 0.02671021681565505 0.026722027705265924
0 0.6174718416654147 0.8625601254976712 0.03315118642953726 0.03316497802734375
0 0.6027903190025916 0.7427074725811298 0.01593809861403245 0.015675471379206732
0 0.530361689054049 0.8773981241079477 0.015445855947641226 0.015526698185847355
0 0.4351906409630409 0.47824562512911284 0.015363106360802284 0.015535427973820614
0 0.5013099083533654 0.49385554973895734 0.014933952918419471 0.014848562387319712
0 0.35007418118990385 0.6632654483501728 0.019720811110276442 0.019853591918945312
0 0.5168507282550519 0.672728758591872 0.015877430255596455 0.01584654587965745
0 0.6079612878652719 0.6603701664851263 0.01565683805025541 0.015833634596604567
0 0.6435317993164062 0.8416778124295748 0.014615572415865384 0.014738523043118991
0 0.7008379422701322 0.7931007972130408 0.02222618689903846 0.022351485032301683
0 0.5790786743164062 0.9447301717904898 0.021310146038348857 0.02148100046011118
0 0.33829219524676984 0.703425407409668 0.016402464646559495 0.016550650963416465
0 0.7229865147517278 0.8304588611309345 0.031578357403094955 0.03263943011944111
0 0.36380573419424206 0.9895045940692608 0.03682928818922777 0.020364027756911058
0 0.5644332078786997 0.876772587115948 0.026195232684795674 0.026643899770883415
0 0.23929705986609826 0.45812496772179234 0.02173482454740084 0.023485477154071514
0 0.6480846405029297 0.9839972716111404 0.015232086181640625 0.015556628887469951
0 0.5234717589158279 0.6362700095543494 0.015128062321589543 0.0151368654691256
0 0.5379197780902569 0.789489012498122 0.014038819533128005 0.014358813946063701
0 0.7306284537682166 0.8590488433837891 0.021721766545222357 0.021820655235877402
0 0.42370033264160156 0.6232205904447116 0.01515645247239333 0.015101799598106971
0 0.42040799214289737 0.9252411768986628 0.014690765967735877 0.014611024122971755
0 0.5264914219196026 0.5875555918766902 0.017656326293945312 0.017656473013070915
0 0.26528761937068057 0.7506722670335036 0.02876765911395733 0.0289767338679387
0 0.36595737017118013 0.3977552560659555 0.014969165508563701 0.015209344717172476
0 0.45615364955021787 0.5448888631967398 0.014312303983248197 0.014452640826885518
0 0.3318324089050293 0.24349590448232797 0.027051265423114482 0.02703571319580078
0 0.7522333585298978 0.7746961300189679 0.023090655987079326 0.023371036236102764
0 0.4397120108971229 0.9046368232140174 0.014720623309795674 0.014543386606069712
0 0.4972369854266827 0.5315736990708572 0.015223429753230168 0.015035629272460938
0 0.4841972497793344 0.4702105155357948 0.015168336721567007 0.015159166776216947
0 0.2739244607778696 0.3720957315885104 0.021831659170297477 0.02198446713961088
0 0.6280153714693509 0.5806278815636268 0.01603111853966346 0.015735332782451924
0 0.27520119226895845 0.7230108701265775 0.014497793637789212 0.014556004450871395
0 0.49779378450833833 0.6331373361440805 0.01632088881272536 0.016252664419320915
0 0.2798105569986197 0.33243560791015625 0.0195463987497183 0.019379542424128607
0 0.25252448595487154 0.27832768513606143 0.01749698932354267 0.01777362823486328
0 0.5665536293616662 0.7887221116286057 0.01370694087101863 0.013743180495042067
0 0.4993779109074519 0.5511207580566406 0.015242429879995493 0.015250866229717549
0 0.2994550558236929 0.408847662118765 0.016097582303560697 0.015991797814002402
0 0.3345792110149677 0.42935807888324445 0.01646291292630709 0.016781733586237982
0 0.560061161334698 0.740817510164701 0.0499113523043119 0.04881741450383113
0 0.25318384170532227 0.47990938333364636 0.015355697044959435 0.01577582726111779
0 0.3324981469374437 0.26942814313448393 0.023949036231407754 0.024203373835637018
0 0.6797621800349309 0.6963451825655423 0.014151353102463942 0.01415560795710637
0 0.362366456251878 0.8758123837984525 0.014597232525165264 0.014511695274939904
0 0.7184790831345779 0.6768446702223557 0.01431729243351863 0.014288095327524038
0 0.47485865079439604 0.8368455446683444 0.014572583712064303 0.014469733605018029
0 0.5406459661630484 0.5718900240384616 0.01475070073054387 0.014627309945913462
0 0.6086236880375788 0.6775645476121169 0.014661422142615685 0.014556151169996995
0 0.26400212141183704 0.5497263394869291 0.02012021724994366 0.019527288583608773
0 0.4733130748455341 0.9697394737830529 0.013829744779146634 0.014121715839092549
0 0.4930549401503343 0.3793867551363431 0.014739036560058594 0.014649464533879207
0 0.2530783506540152 0.3506928223830003 0.013668060302734375 0.013658376840444712
0 0.4452015803410457 0.6241532839261569 0.01439358637883113 0.014558938833383413
0 0.2692494025597206 0.24348002213698167 0.015338677626389723 0.014890303978553185
0 0.38691869148841274 0.9912514319786658 0.015380565936748799 0.01519775390625
0 0.3792119026184082 0.6882645533635066 0.01425002171443059 0.014285454383263221
0 0.46038216810960036 0.3922069256122296 0.015518481914813701 0.015600791344275841
0 0.6265558096078726 0.7954945197472205 0.01890138479379507 0.019115741436298076
0 0.39146100557767427 0.9699308688823993 0.014427625215970553 0.014629804171048678
0 0.7039766311645508 0.8194949810321515 0.019928565392127402 0.019217564509465143
0 0.6143052761371319 0.8615893584031326 0.028163029597355768 0.028154813326322116
0 0.34838082240178037 0.6878612224872296 0.014309222881610576 0.014535757211538462
0 0.6720921443058894 0.5378185418935922 0.026133610652043268 0.025436768165001504
0 0.6479879525991586 0.7490138273972732 0.013882857102614183 0.01394961430476262
0 0.7402635721059946 0.623623774601863 0.02598747840294471 0.026152830857496995
0 0.30971479415893555 0.42966046700110805 0.021961505596454326 0.022028556236853965
0 0.386256584754357 0.44581262881939226 0.020441788893479567 0.020993452805739183
0 0.4170378905076247 0.48720528529240537 0.025461857135479268 0.02532019981971154
0 0.2740347385406494 0.4524518526517428 0.0156555909376878 0.015416218684269832
0 0.2767453927260179 0.4372989581181453 0.015335376446063701 0.015204649705153245
0 0.27853283515343297 0.32956871619591344 0.02372000767634465 0.02347109867976262
0 0.5614533057579627 0.8981348184438852 0.014026788564828726 0.013956510103665866
0 0.29277445719792294 0.3525188152606671 0.016357238476092998 0.017004893376277044
0 0.6389592244074895 0.7722016848050631 0.021841929509089544 0.021947713998647835
0 0.33159703474778396 0.8696202498215896 0.013944038977989784 0.014191554142878605
0 0.706601069523738 0.6531708790705755 0.019827916071965143 0.019518338716947116
0 0.2798972496619591 0.19878899134122407 0.028239616980919473 0.027473009549654447
0 0.6134839057922363 0.5767329289362981 0.01682905050424429 0.016638535719651442
0 0.7499594321617713 0.5152384684636042 0.02393942612868089 0.02420469430776743
0 0.29610586166381836 0.02775344023337731 0.01680150398841271 0.0166775446671706
0 0.3286606715275691 0.9840083489051232 0.03733121431790865 0.030060988206129808
0 0.31538970653827375 0.2765475053053636 0.01596370110144982 0.01574875758244441
0 0.3029119051419772 0.8518768457266 0.013912054208608774 0.014341941246619591
0 0.2399154809805063 0.4843357526339017 0.019032845130333535 0.019424878633939303
0 0.26483972256000227 0.7922464517446665 0.013760053194486178 0.013632407555213341
0 0.28711902178250825 0.8582156254695013 0.013507989736703726 0.013701512263371395
0 0.7498221764197717 0.5558715600233811 0.05180652324969952 0.0556493905874399
0 0.5862260231604943 0.8466518108661358 0.029698738685021035 0.02920708289513221
0 0.47499920771672177 0.3994563176081731 0.013748462383563701 0.013911614051231971
0 0.37579580453725964 0.46117456142718977 0.01630269564115084 0.0158688471867488
0 0.3298448415902945 0.2925071899707501 0.019343156080979567 0.019728623903714694
