0 0.3469869540287898 0.10301401981940636 0.0394744139451247 0.03967413535484901
0 0.2598311717693622 0.5790929060715896 0.0829148659339318 0.08238601684570312
0 0.9012702061579778 0.8803289853609525 0.03903110210712139 0.05079812269944411
0 0.256845786021306 0.9227267045241135 0.08889190967266376 0.08953226529634915
0 0.1691864820627066 0.40379597590519833 0.045401582351097695 0.04561600318321815
0 0.3044564357170692 0.3687729835510254 0.020932087531456582 0.020737427931565505
0 0.29351447178767276 0.07418454610384427 0.031476460970365085 0.03160632573641264
0 0.7781173999492939 0.9014103229229267 0.030142857478215143 0.029989095834585335
0 0.8257537254920373 0.9140481948852539 0.02497717050405649 0.0250094487116887
0 0.20392845227168158 0.14966220122117263 0.023363590240478516 0.023034425882192757
0 0.22977289786705604 0.07936389629657452 0.0206601069523738 0.020652899375328652
0 0.5964136490455041 0.5363562657282903 0.023681053748497598 0.02368927001953125
0 0.7014044248140775 0.19494944352370042 0.031328641451322116 0.03144080822284405
0 0.11337215166825515 0.7748683049128606 0.056599910442645736 0.056121532733623795
0 0.16031694412231445 0.7334324763371394 0.05241228983952449 0.05375377948467548
0 0.09289747018080491 0.5737491020789514 0.023070775545560397 0.023178540743314303
0 0.3068844905266395 0.41744239513690656 0.019385007711557243 0.019465813269981973
0 0.11935910811791053 0.34458600557767427 0.020627902104304388 0.020673458392803486
0 0.819364987886869 0.7439315502460186 0.03657942551832933 0.03655330951397236
0 0.4290310786320613 0.7296405938955454 0.023940599881685697 0.0241085932804988
0 0.2419924002427321 0.40310338827279896 0.01739025115966797 0.01747307410606971
0 0.43151114537165713 0.3794125777024489 0.019042088435246393 0.019044876098632812
0 0.3513623751126803 0.17993435492882362 0.020317664513221152 0.020404522235576924
0 0.49007470791156477 0.185652311031635 0.01803449484018179 0.018023564265324518
0 0.5399558727557843 0.9424677628737229 0.02969059577355018 0.02986907958984375
0 0.8129449991079477 0.9670228224534255 0.020305340106670674 0.020238142747145433
0 0.09760069847106934 0.7339599315936749 0.0353691761310284 0.04970814631535457
0 0.3696154080904447 0.6950912475585938 0.03379675058218149 0.033878326416015625
0 0.18953915742727426 0.8035922417273889 0.021092341496394232 0.02107972365159255
0 0.27734782145573544 0.9655818939208984 0.058336771451509915 0.05792148296649639
0 0.4936994039095365 0.9829565194936899 0.02326224400446965 0.02347740760216346
0 0.1570927363175612 0.6821981576772836 0.05094561210045448 0.051073514498197116
0 0.29984538371746355 0.02507485105441167 0.01816269067617563 0.01807995942922739
0 0.7463395045353816 0.931919317979079 0.018198746901292067 0.018027525681715745
0 0.7691544752854568 0.7887941507192758 0.025577545166015625 0.025983370267427884
0 0.40312935755803037 0.34518638023963344 0.021668654221754808 0.02185850877028245
0 0.7627821702223557 0.9696206312913161 0.021098503699669473 0.021001082200270433
0 0.5888724693885217 0.7926808870755709 0.03809364025409405 0.03804456270658053
0 0.4099154839148888 0.030913582214942344 0.01701178917518029 0.016930754368121807
0 0.23893952369689941 0.3690277613126315 0.022283627436711237 0.022376133845402643
0 0.5565148133497971 0.9681725135216346 0.028096419114332933 0.028004866379957933
0 0.8826631399301382 0.9741467695969802 0.01653436514047476 0.016483600323016826
0 0.24583136118375337 0.7743140000563401 0.06088891396155724 0.060838552621694714
0 0.24489861268263596 0.26442989936241734 0.023598891038161058 0.02380833258995643
0 0.5860557189354529 0.7559647193321815 0.03350353240966797 0.03393642718975361
0 0.7654019135695237 0.9491398884699895 0.030246441180889424 0.03037129915677584
0 0.13070214711702788 0.7384198995736929 0.01513202373798077 0.015290773831881009
0 0.8535753396841196 0.598162944500263 0.015168116642878605 0.014964763934795674
0 0.3942076609684871 0.17028465637793908 0.059562389667217545 0.059677527501032904
0 0.273620422069843 0.3652549890371469 0.015312488262469951 0.015103340148925781
0 0.32322017963115984 0.8789823972261869 0.05581223047696627 0.05683810894305889
0 0.6964371020977314 0.24202467845036432 0.018964327298677884 0.018811629368708685
0 0.26035818686852086 0.38684698251577526 0.015108511998103214 0.015108401958759014
0 0.7595049051138071 0.510036615224985 0.016840127798227165 0.016969020550067607
0 0.5072022951566256 0.8543844223022461 0.09128086383526142 0.09196193401630108
0 0.19767878605769232 0.20830596410311186 0.015482902526855469 0.015482095571664663
0 0.9050661233755258 0.8010390355036809 0.01776123046875 0.01786980262169471
0 0.5614891785841721 0.44890755873460036 0.01593780517578125 0.015747657189002402
0 0.8686672357412485 0.2861619179065411 0.08594630314753605 0.08686964328472431
0 0.43329829436082107 0.17225104111891526 0.018915469829852764 0.018965721130371094
0 0.20715700663053072 0.8922615051269531 0.028230630434476413 0.028716454139122598
0 0.3582155521099384 0.944882319523738 0.031928722675030045 0.03164379413311298
0 0.23695289171659029 0.09697972811185397 0.020110203669621393 0.020209605877216045
0 0.4020538330078125 0.21622635768010065 0.03452506432166466 0.034364553598257214
0 0.538417962881235 0.6534547805786133 0.05645876664381761 0.05635965787447416
0 0.20687561768751878 0.8404339276827298 0.03716322091909555 0.03701562147874098
0 0.5957756776076096 0.7336364892812876 0.03423940218411959 0.03506601773775541
0 0.7038610164935772 0.6090186926034781 0.02004872835599459 0.020124435424804688
0 0.7815106465266302 0.5440992208627554 0.014685117281400241 0.014448752770057091
0 0.7575883131760818 0.9910043569711539 0.022928971510667067 0.016184880183293268
0 0.8727646607619065 0.1279064050087562 0.014684236966646634 0.01504967762873723
0 0.2843310282780574 0.8675488692063552 0.030617347130408652 0.03160183246319111
0 0.19980725875267616 0.7778405409592849 0.020896361424372747 0.02086155231182392
0 0.22403247539813703 0.7216942126934345 0.014343775235689603 0.014297778789813701
0 0.42531710404616135 0.5150350057161771 0.01796443645770733 0.01796583028940054
0 0.7877564797034631 0.5570282569298377 0.01464388920710637 0.01462863041804387
0 0.6912354689378005 0.2624825697678786 0.022308936485877402 0.022133460411658652
0 0.43159162081204927 0.26048667614276594 0.014909304105318509 0.014981930072490986
0 0.6811706836407001 0.7730020376352164 0.016173729529747598 0.016056060791015625
0 0.4483509797316331 0.25044984083909255 0.014637286846454326 0.014685337360088643
0 0.49331525655893177 0.7422627669114333 0.021000495323768027 0.021061237041766826
0 0.5542088288527268 0.9914222130408654 0.027118829580453727 0.015496767484224759
0 0.7173485389122596 0.6690643017108624 0.01569087688739483 0.015848599947415866
0 0.5065203446608323 0.7045104687030499 0.045493052555964544 0.04599409836989183
0 0.37879144228421724 0.8309698838454026 0.017576951246995192 0.017653832068810098
0 0.16559991469750038 0.6097192030686599 0.03057065376868615 0.03021871126615084
0 0.5536628869863657 0.8526436732365534 0.09475003756009616 0.09897114680363582
0 0.1564932419703557 0.9201278686523438 0.03307049091045673 0.03239939762995793
0 0.33716612595778245 0.9115500816932092 0.04053335923414964 0.04249308659480168
0 0.6277206861055814 0.6055568548349234 0.017881246713491585 0.01771706801194411
0 0.7990608215332031 0.5384126809927133 0.02232977060171274 0.02259239783653846
0 0.558862906235915 0.3778555209820087 0.061079171987680286 0.06130820054274339
0 0.38971739548903245 0.9766532457791842 0.0497430654672476 0.04088313762958233
0 0.3239767001225398 0.9849733205942007 0.036133912893442005 0.02705808786245493
