0 0.8656791540292593 0.4111332893371582 0.0384679941030649 0.03888570345365084
0 0.5604419708251953 0.21547933725210336 0.025137974665715143 0.025377310239351712
0 0.3012547492980957 0.6657242408165565 0.024412888746995192 0.024377969595102165
0 0.15644671366764948 0.2816426753997803 0.021411675673264723 0.021285277146559495
0 0.05001808588321392 0.765132317176232 0.02328780981210562 0.023256742037259616
0 0.5201804087712214 0.7122752849872296 0.019164012028620794 0.019230035635141227
0 0.2753788141103891 0.6055061633770282 0.019960916959322415 0.01997228769155649
0 0.5254628841693585 0.6044204418475811 0.018213418813852165 0.01831846970778245
0 0.45307093400221604 0.7599000197190505 0.01757020216721755 0.017470139723557692
0 0.17936292061438927 0.6160686933077298 0.01627217806302584 0.016322942880483773
0 0.3913519565875714 0.13888128904195932 0.01679853292611929 0.016745989139263447
0 0.3415650221017691 0.41250181198120117 0.016562535212590143 0.01643679692195012
0 0.258992837025569 0.6252859555757962 0.016758001767672025 0.016796698937049277
0 0.9137130150428185 0.007354640616820409 0.021168635441706732 0.01419678215797131
0 0.23845841334416315 0.625728020301232 0.014994181119478665 0.014926763681265024
0 0.10610535511603722 0.808141121497521 0.015065486614520732 0.01497650146484375
0 0.5218066068796011 0.9492932099562424 0.017218809861403245 0.01743742135854868
0 0.7674041161170373 0.5548331554119403 0.015023451585036058 0.014791562007023739
0 0.3443696682269757 0.23432421684265137 0.014425424429086538 0.014260402092566857
0 0.32859431780301607 0.1354068976182204 0.01474453852726863 0.014668024503267728
0 0.17421561021071214 0.4704445325411283 0.015033355126014123 0.0151368654691256
0 0.06348195901283851 0.508934314434345 0.014613986015319824 0.014858465928297777
0 0.2280003290909987 0.23961712763859674 0.014933035923884464 0.014907506796029897
0 0.3687083904559796 0.4896859389085036 0.014557104844313402 0.014246427095853366
0 0.3044238824110765 0.3108555720402644 0.014257431030273438 0.014422416687011719
0 0.0961524614920983 0.5022868743309608 0.014045476913452148 0.014302547161395732
0 0.312075504889855 0.4845503293550931 0.014516170208270732 0.014719742995042067
0 0.5782980552086463 0.8684092301588792 0.015001150277944712 0.01521770770733173
0 0.9550476807814378 0.7053448603703425 0.014581093421349159 0.02766271737905649
0 0.8914117079514724 0.04096919756669264 0.014363802396334134 0.014352245972706722
0 0.7859180157001202 0.7135205635657678 0.013923938457782451 0.013909266545222355
0 0.36658404423640323 0.22928069188044622 0.013581642737755409 0.01369791764479417
0 0.31323612653292143 0.17125448813805214 0.013816760136530949 0.014185465299166165
0 0.4572341258709247 0.08390780595632699 0.014159275935246395 0.01409240410878108
0 0.20428099999060997 0.5995971239530123 0.014618506798377404 0.014859346243051382
0 0.09310173988342285 0.8523081265963041 0.014547641460712139 0.014493208665114183
0 0.6741545750544622 0.10661809261028583 0.014997188861553486 0.014804509969858022
0 0.9470097468449519 0.6717559374295748 0.014455355130709134 0.014578159038837139
0 0.28524611546443057 0.6220664244431716 0.01428835208599384 0.014331230750450721
0 0.6582273336557242 0.6742270543025091 0.014009769146259014 0.013604677640474759
