0 0.7566387469951923 0.02896309357423049 0.07464115436260517 0.0571516385445228
0 0.34300987537090594 0.3034963607788086 0.047616225022536054 0.048043397756723255
0 0.5713910322922927 0.049013495445251465 0.06046009063720703 0.06085527860201322
0 0.5319247612586389 0.06722888121238121 0.037993357731745794 0.03844610544351431
0 0.6065941590529221 0.29701555692232573 0.04919360234187199 0.04925126295823317
0 0.2369982646061824 0.9647704637967623 0.04881616739126352 0.06951009310208835
0 0.41817694443922776 0.9236702552208533 0.021235099205603965 0.021368907048152044
0 0.730303690983699 0.9590556804950421 0.039460989145132214 0.039573375995342545
0 0.520020998441256 0.5845081622783954 0.022420296302208535 0.022741391108586237
0 0.7369535152728741 0.5257718379680927 0.053510225736177884 0.053710570702185996
0 0.32976352251493013 0.3873605728149414 0.02888796879695012 0.02913519052358774
0 0.7293927119328425 0.6610546112060547 0.020838223970853366 0.02112579345703125
0 0.5787747823275052 0.39365364955021787 0.1269210668710562 0.1254091996413011
0 0.541012690617488 0.9380098489614633 0.032132662259615384 0.03182513897235577
0 0.6082524519700271 0.6613547985370343 0.020056944627028245 0.01992519085223858
0 0.4471098826481746 0.8220966045673077 0.02996195279634916 0.030074486365685098
0 0.5207393719599798 0.8943129319411057 0.026202935438889723 0.026166769174429085
0 0.4154517834003155 0.15498794042147124 0.07514726198636569 0.07697281470665565
0 0.6684664212740384 0.05091377863517174 0.035295926607572116 0.03493986679957463
0 0.3873637272761418 0.3012976279625526 0.03460502624511719 0.03470758291391226
0 0.5327872496384841 0.302736575786884 0.029915442833533652 0.02992703364445613
0 0.527466187110314 0.9829144844642053 0.031227845412034255 0.028931397658128005
0 0.4318484893211952 0.10057803300710824 0.036136553837702826 0.03577602826631986
0 0.572970463679387 0.7620743971604568 0.027935321514423076 0.027821467472956732
0 0.27774770443256086 0.43079163477971005 0.02202144035926232 0.021901570833646335
0 0.5621270399827224 0.20956017420842096 0.018423080444335938 0.018572477193979118
0 0.6526719606839694 0.08470648068648118 0.04222605778620793 0.041548618903526895
0 0.6155912692730243 0.9625449547400842 0.03841473506047176 0.038459484393780045
0 0.6697329007662259 0.6033863287705642 0.01646276620718149 0.01621840550349309
0 0.6550723589383639 0.741702153132512 0.017202377319335938 0.017064021183894232
0 0.3043968860919659 0.16626321352445161 0.01934968508206881 0.019580914424015924
0 0.2841308300311749 0.10979647819812481 0.01753550309401292 0.017418512931236856
0 0.49431390028733474 0.3618211012620192 0.01925527132474459 0.019276839036207933
0 0.5968152192922739 0.15069125248835638 0.030464685880220853 0.031003401829646185
0 0.6150098947378305 0.7132804577167218 0.020081300001878005 0.020121060884915866
0 0.7513807736910306 0.8821646617009089 0.018175418560321514 0.01812318655160757
0 0.3494929533738356 0.04129125521733211 0.024991255540114183 0.025111695894828208
0 0.7644371619591346 0.8975555713360126 0.022464752197265625 0.022656954251802884
0 0.2720659696138822 0.4547312076275165 0.019667845505934495 0.01972308525672326
0 0.5216163121736966 0.13939041357774 0.022654386667104866 0.022819353983952448
0 0.6940871018629807 0.19822067480820876 0.01617255577674279 0.016474797175480768
0 0.6587360088641827 0.8810524573692908 0.034349881685697116 0.03427886962890625
0 0.3323407539954552 0.1140215855378371 0.01662723834698017 0.01652418650113619
0 0.3997061802790715 0.045419046512016885 0.01717970921443059 0.01708060044508714
0 0.7034894503079928 0.3552360534667969 0.0176544189453125 0.017945289611816406
0 0.34061670303344727 0.4747564976031964 0.07141802861140324 0.07093018751878005
0 0.5822844872107873 0.9865257556621845 0.022858252892127402 0.022291036752554085
0 0.5149641036987305 0.19725546470055214 0.016020921560434196 0.015960033123309795
0 0.6221956106332632 0.12714055868295523 0.023042825552133415 0.023334246415358324
0 0.4473134921147273 0.23379303858830378 0.0169222171490009 0.0167238528911884
0 0.7208290833693284 0.44881380521334135 0.041622161865234375 0.040953416090745196
0 0.7331890693077674 0.8973541259765625 0.034114690927358776 0.03383621802696815
0 0.7031800930316632 0.23273671590364897 0.02167643033541166 0.021780014038085938
0 0.3922528120187613 0.8063755035400391 0.017145376939039964 0.017292316143329326
0 0.7143702873816857 0.11914270657759446 0.025971632737379808 0.02618892376239483
0 0.36000717603243315 0.3545435391939603 0.01935276618370643 0.019322615403395433
0 0.471520864046537 0.09961206179398757 0.045612335205078125 0.045974162908700794
0 0.35969290366539586 0.8278678013728216 0.015801356388972357 0.015833928034855768
0 0.6549078134390024 0.9911704430213342 0.03024424039400541 0.016199552095853366
0 0.5760386540339544 0.31250436489398664 0.018874461834247295 0.01897276364839994
0 0.7666994975163386 0.5846084081209623 0.015809279221754808 0.015755433302659255
0 0.42610751665555513 0.3028731712928185 0.015785877521221455 0.016103671147273138
0 0.6952869708721454 0.9581108826857346 0.026459327110877402 0.026439960186298076
0 0.4297702129070575 0.15750708946814904 0.017016044029822715 0.01622340312370887
0 0.24004774827223557 0.24054895914517915 0.015732545119065505 0.015644330244797926
0 0.6271196512075571 0.6728235391470102 0.017786466158353366 0.01793670654296875
0 0.4793350879962628 0.7943314038790189 0.015822630662184495 0.015754552987905648
0 0.6243368295522836 0.19150125063382661 0.02241835227379432 0.0220793944138747
0 0.7730780381422776 0.5140799008882962 0.01579123276930589 0.0158541752741887
0 0.773704822246845 0.7069595043475811 0.01596656212439904 0.01598328810471755
0 0.42436790466308594 0.9771052140455979 0.014465918907752404 0.014944810133713942
0 0.7451879061185397 0.3366403579711914 0.02409979013296274 0.023803564218374398
0 0.6003934053274301 0.6914472579956055 0.014997042142427884 0.015022571270282451
0 0.7012257209190955 0.29425426629873425 0.024242107684795674 0.02401880117563101
0 0.6495748666616586 0.3416591424208421 0.08803308927095853 0.08816058819110577
0 0.47080729557917667 0.6818086917583759 0.017097619863656852 0.017271041870117188
0 0.36568018106313854 0.1791236950800969 0.015025799091045674 0.015015822190504808
0 0.6193587963397686 0.4690501873309796 0.022277245154747598 0.02218481210561899
0 0.695439338684082 0.2811611248896672 0.014409872201772837 0.014269682077261118
0 0.2911115059485802 0.07110792856950027 0.01847245143010066 0.01857297237102802
0 0.41181153517503005 0.29929689260629505 0.016670667208158053 0.016568330618051384
0 0.5746151850773737 0.42217151935283953 0.022849009587214544 0.02292031508225661
0 0.5760676677410419 0.6651143294114333 0.01484071291410006 0.015051328218900241
0 0.32090275104229266 0.0064011124464181755 0.03351299579326923 0.012579230161813589
0 0.5970790936396673 0.8508796691894531 0.0196072505070613 0.019646131075345553
0 0.6524551831758939 0.3318306115957407 0.07590968792255108 0.07636363689716046
0 0.5457622087918795 0.8978349245511569 0.016457851116473857 0.016224200908954326
0 0.5151867499718299 0.568578500014085 0.01369490990271935 0.013718678401066707
0 0.5341337644136869 0.881586661705604 0.017952845646784857 0.017805099487304688
0 0.6232841198260968 0.8913522133460412 0.01876684335561899 0.018781368549053486
0 0.23283441250140852 0.18444270354050857 0.016764420729417067 0.01685986152062049
0 0.32872808896578276 0.3608479133019081 0.016308931203988884 0.016641616821289062
0 0.772120842566857 0.28082711880023664 0.019004234900841348 0.019860010880690355
0 0.4018085186298077 0.25504482709444487 0.015072822570800781 0.015100662524883565
0 0.38030191568227917 0.32797791407658505 0.023702034583458535 0.0242154048039363
0 0.45887059431809646 0.22579684624305138 0.016375028170072116 0.01677249028132512
0 0.606000019953801 0.20679539900559646 0.019062922551081732 0.01890402573805589
0 0.4141036547147311 0.2860702367929312 0.015147575965294471 0.015057783860426683
0 0.3159610308133639 0.02315683777515705 0.017686990591195915 0.01761683592429528
0 0.33277291517991286 0.4484230188223032 0.014589896568885216 0.014882674584021935
0 0.24743122320908767 0.43898993272047776 0.04342431288499098 0.043654368473933294
0 0.7561090909517728 0.13885542979607216 0.020169771634615384 0.020335270808293268
0 0.31774088052602917 0.09917367421663724 0.013965313251201924 0.013912347646859976
0 0.3244231664217435 0.9925989737877479 0.026639938354492188 0.014158689058743991
0 0.4531659713158241 0.9805196615365835 0.023024779099684495 0.023131443903996393
0 0.2904486656188965 0.2727479384495662 0.08563694587120643 0.08335476655226487
0 0.38141412001389724 0.32305578085092396 0.01742076873779297 0.017017657940204326
0 0.7736828877375677 0.2872836406414325 0.03780643756573017 0.04715163891132061
