0 0.800112797663762 0.6478008857140174 0.03217227642352764 0.03231620788574219
0 0.6422664202176608 0.06357893576988807 0.0321039053109976 0.03222535206721379
0 0.6808245732234075 0.38138484954833984 0.026674417349008415 0.0266725833599384
0 0.8911822392390325 0.8080536768986628 0.021443000206580527 0.021430382361778848
0 0.12365819857670711 0.40871928288386417 0.024168894841120794 0.02451170407808744
0 0.8973073959350586 0.979775648850661 0.02524742713341346 0.025418795072115384
0 0.7422846280611478 0.781614743746244 0.024987147404597357 0.024988908034104567
0 0.6055178275475135 0.050801245065835804 0.018625919635479268 0.01856421507321871
0 0.1886133780846229 0.5408143263596755 0.021599989670973558 0.021778400127704326
0 0.7548443720890925 0.270206854893611 0.020313116220327523 0.020473700303297777
0 0.6036911010742188 0.6041419689471905 0.021490977360652044 0.02159712864802434
0 0.49592153842632586 0.4333680226252629 0.02121896010178786 0.02128454355093149
0 0.3450041184058556 0.8700568125798152 0.023070115309495192 0.02299162057729868
0 0.4942686374370868 0.3982853522667518 0.02156683114858774 0.021686407235952523
0 0.40772364689753604 0.4978237518897423 0.022561146662785456 0.022643896249624398
0 0.399169188279372 0.6103913233830378 0.03136605482835036 0.03142386216383714
0 0.9050714786236103 0.46702982829167294 0.014273129976712741 0.01955868647648738
0 0.7349326060368464 0.9329060774583083 0.019237518310546875 0.019304422231820915
0 0.35883389986478365 0.6033802032470703 0.017199296217698317 0.01714148888221154
0 0.09833813630617581 0.34478304936335635 0.019877837254450872 0.02014270195594201
0 0.6246531559870794 0.6047866161052997 0.022121576162484977 0.022232862619253304
0 0.8225778432992789 0.9265432357788086 0.016789362980769232 0.016813131479116585
0 0.3242822060218224 0.03855516818853525 0.01690086951622596 0.017097949981689453
0 0.8616381425123948 0.7012289487398587 0.01735555208646334 0.017347189096304085
0 0.80870298238901 0.3087108318622296 0.0168914794921875 0.01690070445720966
0 0.7184674189640925 0.3343984897320087 0.016504727877103366 0.01639131399301382
0 0.4761194082406851 0.5668937609745905 0.01732459435096154 0.017455907968374398
0 0.8495072584885818 0.07586398491492638 0.016886197603665866 0.01690844389108511
0 0.6719493132371169 0.6013472630427434 0.017093951885516826 0.016917962294358473
0 0.24362927216749924 0.9184649540827825 0.01641361530010517 0.016636775090144232
0 0.11941641110640305 0.025073266946352445 0.0347293156843919 0.03517467242020827
0 0.8652807382436899 0.8518466949462891 0.016657315767728366 0.01675561758188101
0 0.29918824709378755 0.6590204972487229 0.016100369966947116 0.016150841346153848
0 0.4868344527024489 0.9279440366304837 0.016760899470402643 0.017162029559795674
0 0.6385136384230393 0.2851687578054575 0.016759725717397835 0.016773003798264723
0 0.6614283048189603 0.5773731011610764 0.017070183387169473 0.01704685504619892
0 0.7625951033372146 0.9540477165809045 0.016002068152794473 0.015942206749549277
0 0.28030855839069074 0.011712002066465525 0.01687170909001277 0.016954438044474676
0 0.4851068349984976 0.640343005840595 0.016050192025991585 0.015997666579026442
0 0.8113528765164889 0.8046687199519231 0.015671363243689902 0.015787564791165866
0 0.8046907278207632 0.7096149738018329 0.015490311842698317 0.01566138634314904
0 0.11400472200833835 0.5024519333472619 0.015383133521446815 0.015579003554124098
0 0.4114860021151029 0.596623420715332 0.021552012516902044 0.022153781010554388
0 0.19209990134605995 0.04597349808766292 0.016133748568021335 0.016087687932527982
0 0.43778404822716344 0.6302369924692007 0.014769040621243991 0.014966231126051683
0 0.5135583143967849 0.975227429316594 0.019791456369253304 0.020121354323167067
0 0.6928404294527494 0.19751383708073542 0.01530926044170673 0.015389405764066257
0 0.8022320820735052 0.9705305833082932 0.015818669245793268 0.01571831336388221
0 0.4406643280616173 0.42874871767484224 0.017251308147723857 0.016892359806941107
0 0.6110725402832031 0.3944829794076773 0.015182054959810697 0.01526627173790565
0 0.1015472962306096 0.324428154872014 0.01845372640169584 0.01809347592867338
0 0.8852093769953802 0.6072047306941106 0.015578783475435697 0.01537785163292518
0 0.6585132892315204 0.04624796372193556 0.015790792611929085 0.015731178797208346
0 0.16846022239098182 0.6160898208618164 0.018121976118821364 0.018242762638972357
0 0.576882582444411 0.4258155822753906 0.017003426185021035 0.017067395723783053
0 0.47264495262732875 0.5854327862079327 0.01546184833233173 0.015485616830679087
0 0.7885450950035682 0.6695609459510217 0.014746445875901442 0.014985304612379808
0 0.15451394594632661 0.11089936586526725 0.014952476208026592 0.01498260864844689
0 0.4572735933157114 0.9441717587984525 0.01640950716458834 0.016512650709885817
0 0.13150484745319074 0.6000749147855319 0.014938427851750301 0.014828828664926382
0 0.2516163495870737 0.842501713679387 0.014722200540395884 0.014779604398287259
0 0.4719957938561073 0.9384024693415716 0.015350781954251803 0.015258202185997596
0 0.4716099225557767 0.9604078439565805 0.019614219665527344 0.019481952373798076
0 0.5312795272240272 0.6070117950439453 0.014781951904296875 0.01473690913273738
0 0.7385914875910833 0.7493347754845252 0.015844198373647835 0.016025543212890625
0 0.5918980011573205 0.414890509385329 0.01483748509333684 0.014762438260591947
0 0.7033444918118991 0.3683856450594388 0.015203035794771634 0.015243456913874699
0 0.12466139976794903 0.4305731700016902 0.01556548705467811 0.01551679464486929
0 0.13216572541456956 0.6559176811805139 0.01562787936283992 0.015576876126802884
0 0.5178586519681491 0.03801466409976666 0.015765043405386116 0.015835789533761833
0 0.44989336453951323 0.2798783228947566 0.017777002774752103 0.017725320962759163
0 0.17550072303185096 0.1325396024263822 0.014376640319824219 0.0144805908203125
0 0.3637745197002704 0.6697590167705829 0.015238248384915866 0.015207584087665264
0 0.4407970721905048 0.5940627318162185 0.013804215651292067 0.013773404634915866
0 0.5172215975247897 0.9595157916729267 0.014596058772160457 0.014955373910757212
0 0.6826072105994592 0.8047602726862981 0.014587695782001201 0.014523726243239183
0 0.5560674667358398 0.8270093477689303 0.014830075777493991 0.01457977294921875
0 0.6807231903076172 0.9089569678673377 0.014318026029146634 0.014029282789963942
0 0.09813378407404973 0.30898556342491734 0.016270820911114033 0.016887884873610277
0 0.7250440304095929 0.3978444246145395 0.015037976778470553 0.015352322505070614
0 0.5695622517512395 0.9834462679349459 0.014272396381084736 0.014692746675931491
0 0.19652546369112456 0.34379973778357875 0.014077039865347056 0.01399700458233173
0 0.35751984669612 0.17133345970740685 0.014020406282865085 0.014126264131986178
0 0.1163478264441857 0.8988243983342097 0.014032620650071364 0.014378767747145433
0 0.8471041459303635 0.8339202587421124 0.014253469613882212 0.014623788686899038
0 0.5616494692288913 0.6029235399686373 0.013679797832782451 0.013750002934382511
0 0.6458461468036358 0.6064866872934195 0.014743804931640625 0.015124100905198317
0 0.8445227696345403 0.9434778506939228 0.014197716346153846 0.014373779296875
0 0.8129284932063177 0.6826501993032602 0.014882601224459134 0.014766986553485576
0 0.7967403118426983 0.8016556959885818 0.013962965745192308 0.013862022986778846
0 0.7304700704721304 0.6087987606342022 0.013793651874248799 0.013942718505859375
0 0.3988053248478816 0.6467034266545222 0.014286187978891226 0.014640367948091947
0 0.28829559913048375 0.9692526597243089 0.014566421508789062 0.014645649836613582
0 0.8829759451059195 0.9276502315814679 0.013840748713566707 0.013960178081805889
0 0.40692534813514125 0.6568869077242337 0.013706060556265024 0.013876108022836538
0 0.24801833813007063 0.9635265056903546 0.013842509343073918 0.013929220346304087
0 0.7602074696467473 0.80524231837346 0.013948587270883413 0.014331817626953125
0 0.4948673981886644 0.954507460960975 0.015298696664663462 0.015448496891902043
0 0.1676472150362455 0.638036141028771 0.014281419607309194 0.014203438392052284
0 0.5428943267235389 0.607272588289701 0.018026351928710938 0.017639600313626803
0 0.8297506479116586 0.9906758528489333 0.013887258676382212 0.013357602632962741
0 0.3873020318838266 0.5632545397831843 0.014994254479041466 0.014823326697716346
0 0.4723660762493427 0.962894659775954 0.023919032170222357 0.022870870736929085
0 0.2086961452777569 0.8839812645545373 0.015567192664513221 0.015068934513972355
