0 0.34096534435565656 0.1647772605602558 0.16682993448697603 0.16757543270404524
0 0.7711860950176532 0.4281475727374737 0.03821989206167368 0.03804426926832933
0 0.44619890359731823 0.41260279141939604 0.032206241901104264 0.03193224393404447
0 0.37244749069213867 0.4718332290649414 0.03454677875225361 0.034711250892052285
0 0.3495591970590445 0.905169046842135 0.04572164095365084 0.04605322617750902
0 0.6195978017953726 0.7423083965594952 0.03754480068500225 0.037586065439077526
0 0.23519022648151106 0.69805174607497 0.031946805807260364 0.032120044414813705
0 0.3873695960411659 0.2626467484694261 0.02760153550368089 0.027614446786733773
0 0.6595726746779221 0.8267379173865685 0.021027491642878607 0.021015020517202523
0 0.5228331639216497 0.06529711760007419 0.0225527836726262 0.02280272887303279
0 0.1957870630117563 0.22653563206012434 0.019216500795804538 0.019245661222017728
0 0.2670847452603854 0.6033126390897311 0.021799821120042067 0.021804369412935697
0 0.6110419860252967 0.9498842679537259 0.018813279958871696 0.018903732299804688
0 0.8501647068903997 0.7116071260892428 0.021635789137620192 0.02173893268291767
0 0.7621719653789814 0.5686294115506686 0.023047373845027044 0.02321800818810096
0 0.2761639998509334 0.969697512113131 0.028246659498948317 0.0281369135929988
0 0.8259699894831731 0.16179453409635103 0.017655152540940505 0.0177459716796875
0 0.634522217970628 0.9580213106595553 0.018512138953575723 0.018551459679236777
0 0.4562269357534555 0.23869826243473932 0.029029699472280648 0.029242222125713643
0 0.519610331608699 0.8919086456298828 0.020475094134990986 0.020671551044170674
0 0.4362651751591609 0.38501625794630784 0.021817500774676982 0.02176812978891226
0 0.6803822150597205 0.30893527544461763 0.019771282489483174 0.019926731403057393
0 0.3901876669663649 0.9319425729604868 0.01823285909799429 0.018273573655348558
0 0.7485870214609 0.3175554642310509 0.019870611337515023 0.019938248854417067
0 0.6912447122427133 0.05914883888684786 0.023903920100285456 0.02401917714339036
0 0.866677504319411 0.6531612689678485 0.018486903263972357 0.023758814885066107
0 0.2941193947425255 0.4773029914269081 0.017547754141000602 0.017497722919170674
0 0.8082993580744817 0.8735213646521935 0.028698260967548076 0.028972919170673076
0 0.39413342109093297 0.730469483595628 0.01988088167630709 0.01982292762169471
0 0.49376792174119216 0.3224491706261268 0.02664976853590745 0.02697885953463041
0 0.463926021869366 0.46981320014366734 0.027519372793344352 0.027670933650090143
0 0.652399649986854 0.30969032874474156 0.02222589346078726 0.022449199969951924
0 0.15856462258559006 0.01922326936171605 0.02455249199500451 0.024277272132726815
0 0.8233038095327524 0.24289644681490385 0.03471844012920673 0.03454105670635517
0 0.24269881615271935 0.2344043254852295 0.01906270247239333 0.018779901357797477
0 0.49981197944054234 0.12331252831679124 0.02151797367976262 0.021649507375863884
0 0.8577147997342623 0.21190608464754546 0.017377119797926683 0.01742238264817458
0 0.449282352740948 0.10451381023113544 0.026673390315129206 0.02718008481539213
0 0.5895071763258714 0.4459183399493878 0.019488701453575723 0.019672173720139723
0 0.7237469599797175 0.6700125474196214 0.023154332087590143 0.023291807908278245
0 0.4097117277292105 0.5468877645639273 0.01665775592510517 0.01678041311410757
0 0.43784200228177583 0.08546148813687839 0.05473107558030348 0.05382123360267052
0 0.5307062222407415 0.48372371380145734 0.019563014690692607 0.01963967543381911
0 0.5472169289222131 0.687203627366286 0.017258277306189902 0.017105982853816107
0 0.21975392561692458 0.3988569699800931 0.016321769127478965 0.01661814176119291
0 0.8187949840839093 0.26806262823251575 0.01728996863731971 0.017102388235238884
0 0.38514878199650693 0.0665131348830003 0.025522818932166465 0.025385636549729567
0 0.639096186711238 0.5677110965435321 0.03880016620342548 0.038694528432992786
0 0.5557387058551495 0.9048131796029898 0.016259486858661357 0.016245328463040866
0 0.23389926323523888 0.21658765352689302 0.016058701735276442 0.01596377446101262
0 0.21970026309673601 0.8964201120229868 0.021978158217210036 0.02230688241811899
0 0.17710245572603667 0.7324636165912335 0.016727594228891227 0.016602149376502402
0 0.43618081166194034 0.7372197371262771 0.017432506267841045 0.017483931321364183
0 0.6085364268376277 0.5587927744938777 0.06024874173677885 0.06006314204289363
0 0.49415239920982945 0.5347334788395808 0.016086358290452223 0.015843758216271035
0 0.5135714457585261 0.7249301030085638 0.015955264751727764 0.015976539024939902
0 0.4444093704223633 0.13836222428541917 0.034748004033015326 0.03501624327439528
0 0.5585896051847018 0.7102813720703125 0.01582622528076172 0.015919905442457933
0 0.5654416451087365 0.8916099254901593 0.016451468834510215 0.01624019329364483
0 0.6974716920119065 0.7248470599834735 0.017200763408954326 0.017258864182692308
0 0.14719780591818002 0.5677570196298453 0.019315261107224684 0.019409326406625602
0 0.34393171163705677 0.4127735724815956 0.04254062359149639 0.04268954350398137
0 0.7536233755258414 0.07334383634420541 0.05026391836313101 0.05015872075007512
0 0.14007766430194563 0.5778755041269156 0.01958443568303035 0.019707166231595553
0 0.5773235100966233 0.5970520606407752 0.019183892470139723 0.019085517296424277
0 0.7978319021371695 0.3798397504366361 0.030265221228966348 0.030398442195012018
0 0.5410080322852502 0.768277094914363 0.016079169053297777 0.01618033189039964
0 0.6778269547682542 0.4623293876647949 0.015405508188100962 0.015284024752103366
0 0.43444244678203875 0.23845230616056 0.016593346228966348 0.016825162447415866
0 0.47064531766451323 0.6651700826791617 0.015363839956430288 0.015424581674429087
0 0.7258746807391827 0.9342001401461087 0.017765045166015625 0.017619793231670674
0 0.4024915328392616 0.9759568434495193 0.01566175314096304 0.015632482675405648
0 0.6429604750413161 0.6776165595421424 0.014705657958984375 0.014715047983022837
0 0.5874221875117376 0.2538425005399264 0.045954190767728366 0.04584972675030048
0 0.5747485160827637 0.07944728777958797 0.017093731806828424 0.016943051264836237
0 0.3907178732065054 0.8510077549861028 0.01677865248460036 0.016928452711838942
0 0.8109705998347356 0.2814824030949519 0.017990992619441107 0.017803485576923076
0 0.8071952232947717 0.1966382906987117 0.021505209115835335 0.021723087017352764
0 0.24538135528564453 0.35864940056434047 0.014488623692439152 0.014349790719839243
0 0.17657971382141113 0.7063402029184195 0.015030420743502103 0.014876439021183895
0 0.6490119787362906 0.3536039865933932 0.015235314002403846 0.015284318190354567
0 0.6510699345515325 0.28067988615769607 0.01838860144981971 0.018186642573429987
0 0.7952497922457181 0.09475836387047401 0.018172044020432692 0.017681268545297477
0 0.2354566133939303 0.11371049514183632 0.014559599069448618 0.014597746042104868
0 0.14722818594712478 0.7624634962815505 0.01831964346078726 0.018352801983173076
0 0.828469129709097 0.5133303128756009 0.04267809941218449 0.041968345642089844
0 0.34694334176870495 0.9922004112830529 0.020386915940504808 0.013658083402193509
0 0.4800309401292067 0.6432063762958233 0.01578184274526743 0.015621625460111178
0 0.30325029446528506 0.6649610079251803 0.0149688353905311 0.014755542461688701
0 0.7982142521784856 0.26413400356586164 0.024433722862830527 0.024981131920447715
0 0.747128780071552 0.4006251555222731 0.01619104238656851 0.016031411977914665
0 0.2419890990624061 0.07105176723920383 0.01815968293410081 0.018247063343341533
0 0.5674997843228854 0.1836545283977802 0.016532384432279147 0.016384711632361777
0 0.66766174022968 0.13048171080075777 0.017370077279897835 0.018038089458759014
0 0.6891540380624624 0.030653841220415555 0.016315606924203727 0.015840351581573486
0 0.15356920315669134 0.7276515227097732 0.01581995303814228 0.015761742225060098
0 0.5120237790621244 0.8150526193472055 0.014600093548114482 0.014566861666165866
0 0.5400840319119967 0.1762725940117469 0.01433548560509315 0.014426414783184346
0 0.276820732997014 0.6197260343111478 0.014795523423414964 0.014661495502178486
0 0.470369999225323 0.0777828234892625 0.020991692176231973 0.02203706594613882
0 0.7530651826124924 0.26152302668644833 0.026783282940204326 0.026519775390625
0 0.28347668280968297 0.6651714765108548 0.02063465118408203 0.02076383737417368
0 0.3860295002277081 0.719329833984375 0.016637655404897835 0.016749161940354567
0 0.345430667583759 0.24631291169386643 0.014969238868126502 0.014418418590839092
0 0.5886023594782903 0.9605890420766977 0.01507098858173077 0.015090648944561299
0 0.353515258202186 0.8821143370408279 0.014554097102238582 0.014645649836613582
0 0.45922308701735276 0.014796866820408748 0.02579777057354267 0.025358686080345742
0 0.8144465226393479 0.016867571152173556 0.06806006798377404 0.033226998952718884
0 0.13192173150869516 0.6543744894174429 0.014520828540508565 0.014386397141676683
0 0.2867589363685021 0.3652779505803035 0.014576985285832332 0.014484552236703726
0 0.2330616987668551 0.6354919580312876 0.026362235729510967 0.026047193087064303
0 0.19434505242567796 0.24505853652954102 0.014561946575458232 0.014578305757962741
0 0.44845126225398135 0.6490626701941857 0.021605711716871995 0.02146764901968149
0 0.7500623556283804 0.8133355654202975 0.014681302584134616 0.014682182898888221
0 0.7632086827204778 0.14450335502624512 0.015260256253756009 0.015391093034010667
0 0.22130680084228516 0.8589548697838416 0.01494444333589994 0.015172811654897837
0 0.17249609873845026 0.7663789895864633 0.014755542461688701 0.015115004319411058
0 0.18859221385075495 0.7639411045954778 0.01695713630089393 0.017135033240685098
0 0.6258389399601862 0.6564631095299354 0.020977607140174277 0.022075799795297477
0 0.7904435671292819 0.05982835017717802 0.02115631103515625 0.021595138769883376
0 0.6733631720909705 0.13324963129483736 0.02710137000450721 0.024805252368633565
0 0.34468570122352016 0.5940012565025916 0.014603541447566105 0.01453869159405048
0 0.7256284860464243 0.04168875400836651 0.016631493201622598 0.016845150635792658
0 0.8590508240919846 0.16350540748009315 0.015498674832857572 0.015449890723595252
0 0.4721882159893329 0.37898833935077375 0.0551448235144982 0.0563203371488131
0 0.7764448019174429 0.0755917842571552 0.023152571458082933 0.023086034334622897
0 0.47608060103196365 0.4170351762038011 0.02777268336369441 0.02773747077355018
0 0.1479029472057636 0.8739450161273663 0.014446772061861478 0.014784446129432091
0 0.7589583763709435 0.4078069833608774 0.017243605393629808 0.016816065861628607
0 0.5163245567908654 0.6615750973041241 0.014481177696814904 0.014357640193058895
0 0.28370877412649304 0.29745123936579776 0.014100148127629207 0.014272249661959134
0 0.5822307146512545 0.25502562522888184 0.037465388958270736 0.038828556354229264
0 0.4838701394888071 0.4454350104698768 0.015743842491736777 0.015414164616511418
0 0.33539757361778844 0.9872592045710638 0.015935604388897236 0.014878786527193509
0 0.8208202215341421 0.03688529133796692 0.02528557410606971 0.024935350968287542
0 0.5286796276385968 0.32493165823129505 0.017303906954251803 0.017557437603290264
