0 0.6454675381000226 0.6264468706571139 0.03558775094839243 0.035410367525540866
0 0.5647901755112869 0.10335704913506141 0.02511288569523738 0.025145328961885892
0 0.3118030841533954 0.5757415478046124 0.026918704693134014 0.027105404780461237
0 0.5258960723876953 0.4213940180264987 0.0207216556255634 0.0209809083205003
0 0.49457318966205305 0.22606792816748986 0.024086145254281852 0.024149637955885667
0 0.2750726846548227 0.41331085791954625 0.01806009732759916 0.01810110532320463
0 0.771140978886531 0.8208024685199444 0.01987178509051983 0.022530482365534857
0 0.4317888846764198 0.46856300647442156 0.019199077899639424 0.019134081326998197
0 0.3099883519686185 0.11028737288254958 0.016315460205078125 0.016528936532827523
0 0.41594483302189755 0.2668797236222487 0.021631534282977764 0.021721546466533955
0 0.7127647399902344 0.6221259190486028 0.016078068659855768 0.01623711219200721
0 0.4640975365271935 0.3663211235633263 0.017685670119065505 0.017661901620718148
0 0.7228538806621845 0.8652547689584585 0.01835456261268029 0.018537081204927884
0 0.40087465139535755 0.7995316432072566 0.01731417729304387 0.016941657433143027
0 0.28512356831477237 0.11767426820901725 0.015365123748779297 0.01491544796870305
0 0.6042611415569599 0.8602305192213792 0.018944593576284554 0.01877447275015024
0 0.4112570102398212 0.8310470581054688 0.018834480872521035 0.018817314734825723
0 0.2771309339083158 0.2500159557049091 0.019299140343299277 0.01943800999568059
0 0.24930324921241173 0.8104782104492188 0.01577905508188101 0.01558685302734375
0 0.33747350252591646 0.5321242992694561 0.022071251502403848 0.02204432854285607
0 0.33875648791973406 0.39997042142427885 0.015549292931189904 0.01572073422945463
0 0.73131040426401 0.13709109563093919 0.015355917123647837 0.015289049882155199
0 0.30231426312373233 0.6746713931743915 0.014694617344782902 0.0145265139066256
0 0.6646435077373798 0.44109557225153995 0.021894308236929085 0.021724554208608773
0 0.584546162531926 0.9485074556790866 0.015635123619666465 0.015451284555288462
0 0.7344865065354568 0.4544526613675631 0.014729133019080529 0.014731040367713341
0 0.33866060697115385 0.42225269170907825 0.01676596128023588 0.016846143282376803
0 0.7653790987454928 0.5265348507807806 0.015493979820838341 0.015613189110389123
0 0.28384967950674206 0.49953765135545 0.01499484135554387 0.015160047090970553
0 0.38928794860839844 0.8326292037963867 0.014674039987417368 0.014580653263972355
0 0.22982190205500677 0.2880418117229755 0.013019194969764123 0.01577905508188101
0 0.38793241060697115 0.0355529418358436 0.015260549692007212 0.015201385204608623
0 0.2836629794194148 0.5445519594045786 0.013925699087289663 0.01400896219106821
0 0.26662100278414214 0.031232943901648887 0.018259708697979268 0.017310527654794548
0 0.5679143758920523 0.836946047269381 0.015033868642953726 0.014892578125
0 0.3393878936767578 0.7739854959341196 0.01523590087890625 0.0154876708984375
0 0.5970464853140024 0.5934691795935998 0.014246867253230168 0.014366590059720553
0 0.4973938281719501 0.6935093219463642 0.01437832758976863 0.014032510610727163
0 0.37395528646615833 0.12159952750572792 0.014254496647761418 0.014217743506798377
0 0.460816896878756 0.046849535061762884 0.014784886286808895 0.014824390411376953
0 0.7023915510911208 0.48463194186870867 0.01455395038311298 0.014681302584134616
0 0.44460582733154297 0.11493117992694561 0.016310911912184495 0.016514007861797627
0 0.44706282248863805 0.24014880106999323 0.014199256896972656 0.014142036437988281
0 0.4169144630432129 0.09842911133399376 0.01470323709341196 0.01470041275024414
0 0.44982543358436 0.16933360466590294 0.015003497783954326 0.015066073491023136
0 0.4583404247577374 0.38813279225276065 0.01733882610614483 0.01712512969970703
0 0.4360335423396184 0.4188522192148062 0.015018756573016826 0.015123367309570312
0 0.3513772671039288 0.10302336399371807 0.014090024507962741 0.014315605163574219
0 0.3391819733839769 0.9655553377591647 0.014168079082782451 0.014206226055438701
0 0.28566653911884016 0.4432590924776517 0.014066035930926982 0.013902957622821514
0 0.3576841721167931 0.6112786072951096 0.014172113858736478 0.014291763305664062
0 0.459441588475154 0.08939957618713379 0.014928964468149038 0.014830772693340596
0 0.3325134057265062 0.3563061494093675 0.014043001028207632 0.013745674720177284
0 0.7502803802490234 0.8073624097383939 0.013964139498197116 0.013883150540865384
0 0.277468571296105 0.037809323806029096 0.0148316896878756 0.01532810009442843
0 0.40392802311823917 0.08020922770866981 0.013526549706092248 0.013630500206580529
0 0.686061639052171 0.4646270825312688 0.024963232187124398 0.024210489713228665
0 0.5003568209134616 0.03558694399320162 0.014262712918795072 0.0142900118461022
0 0.3407619916475736 0.6515807371873122 0.013576507568359375 0.013788223266601562
0 0.22493883279653695 0.6295384627122146 0.011313144977276143 0.01686712411733774
0 0.5801636622502253 0.015511521926293006 0.01390823951134315 0.014055261245140662
0 0.3872834719144381 0.6366437765268179 0.013639743511493389 0.01365206791804387
0 0.6429954675527719 0.4183601966271034 0.013808323786808895 0.013452823345477764
0 0.6001608921931341 0.5475361163799579 0.013498599712665264 0.013276760394756611
0 0.3750498845027043 0.3039677326495831 0.013745674720177284 0.013805095966045674
0 0.5927740610562838 0.3338243044339694 0.013413282541128306 0.0136872805081881
0 0.48428656504704404 0.6405244240394006 0.015843611497145433 0.015818082369290866
0 0.6899975996751052 0.46678550426776594 0.024054600642277643 0.023267745971679688
0 0.26767776562617374 0.009843257757333608 0.014594518221341647 0.014495606605823223
0 0.3959805415226863 0.6453465681809646 0.014752021202674279 0.014673966627854567
0 0.24598470100989708 0.03258254665594835 0.01420908707838792 0.014168257896716777
