0 0.2156529059776893 0.6421012878417969 0.04036653958834135 0.0404809805063101
0 0.23620378054105318 0.23001955105708197 0.029451296879695013 0.02948738978459285
0 0.11472468192760761 0.9614733182466947 0.02928636624262883 0.0293576167179988
0 0.23912726915799654 0.29135964466975284 0.028607588547926683 0.028682121863731973
0 0.25099570934589094 0.7767667770385742 0.021613341111403245 0.021603804368239183
0 0.1412522059220534 0.517119260934683 0.0263211910541241 0.026191271268404447
0 0.17208965008075422 0.7367379115178034 0.029913975642277643 0.029694337111253005
0 0.257158114359929 0.6878990760216346 0.029130898989163913 0.029078556941105768
0 0.19632797974806565 0.8531348888690655 0.02077803244957557 0.020871529212364785
0 0.49340189420259917 0.05969108068026029 0.022721070509690505 0.022807781512920674
0 0.26188406577477086 0.028732221860152025 0.019377781794621393 0.01923955403841459
0 0.16278890463022086 0.6575621824998122 0.023583127902104303 0.023681493905874398
0 0.238510223535391 0.16269192328819862 0.018559639270489033 0.018628478050231934
0 0.1933891223027156 0.7244058755727915 0.0312647452721229 0.030655787541316107
0 0.7039114145132211 0.4968773034902719 0.018836094782902643 0.018759654118464544
0 0.1837623669550969 0.22104752980745757 0.0171661376953125 0.01717365705049955
0 0.3916819645808293 0.12737230154184195 0.019505867591271035 0.01943232462956355
0 0.8944668403038611 0.3360215700589694 0.05150061387282152 0.05196791428786058
0 0.383361082810622 0.6552531902606671 0.01655241159292368 0.01643547644981971
0 0.230255310352032 0.6987232795128455 0.01680902334359976 0.01672979501577524
0 0.11766807849590595 0.6044683823218713 0.01986386225773738 0.019655814537635215
0 0.39346819657545823 0.22934315754817083 0.016793177678034857 0.016898375291090745
0 0.4293976563673753 0.6218656393197867 0.016993596003605768 0.01700445321890024
0 0.2062693009009728 0.7752367899968073 0.015989230229304388 0.01596553509051983
0 0.8300201709453876 0.7300227238581731 0.014891991248497596 0.014674846942608174
0 0.3712604596064641 0.2697155475616455 0.015744796166053183 0.01559011752788837
0 0.18583978139437163 0.19493291928217962 0.015671913440410908 0.015653536869929388
0 0.1616357656625601 0.8884554642897385 0.017398696679335374 0.017545553354116585
0 0.8729350750262921 0.5721880105825571 0.014970926138070913 0.014809388380784255
0 0.1291380111987774 0.7212334412794846 0.021102281717153695 0.021018395057091348
0 0.8071447519155649 0.40077840364896333 0.015044138981745793 0.01499161353478065
0 0.09686591075016902 0.8546711114736704 0.015139066256009616 0.015042818509615384
0 0.7224276616023138 0.5545531052809495 0.014323894794170674 0.014519544748159556
0 0.554904057429387 0.6343807073739859 0.014588062579815205 0.014388011052058293
0 0.2907716310941256 0.7643878643329327 0.016155132880577676 0.016162872314453125
0 0.36351908170259917 0.675946309016301 0.014788407545823317 0.014945690448467549
0 0.176572689643273 0.8583770165076623 0.019879781282865085 0.019956442025991585
0 0.4524694589468149 0.5984838192279522 0.014255670400766226 0.014443030724158654
0 0.3463333570040189 0.8280863395104041 0.0179290771484375 0.01789723909818209
0 0.12686637731698844 0.6163694675152118 0.0180814082805927 0.017861586350661058
0 0.43482505358182466 0.5741469309880183 0.01672018491304838 0.016728327824519232
0 0.5656832181490384 0.7749024904691256 0.016376348642202523 0.016254131610576924
