0 0.8919944763183594 0.8899717330932617 0.21156648489145133 0.21396783682016227
0 0.6237688798170823 0.68041075192965 0.18792933684128982 0.19051698537973258
0 0.973114747267503 0.4341882558969351 0.03660876934344952 0.036918346698467545
0 0.5482521790724534 0.08869246336129996 0.035626778235802285 0.0355531252347506
0 0.4212834284855769 0.9754320291372446 0.021652661837064303 0.0212551997258113
0 0.2401878283574031 0.654513432429387 0.02268871894249549 0.022635973416841947
0 0.8261427512535682 0.31383448380690354 0.026195672842172477 0.026268592247596152
0 0.0996854121868427 0.7621192932128906 0.02807415448702299 0.02798285851111779
0 0.6720140897310697 0.050528654685387246 0.036637526292067304 0.0364929368862739
0 0.8625057660616361 0.3075400499197153 0.02234165485088642 0.022431226877065804
0 0.9288641856266902 0.17371170337383562 0.03360895010141226 0.03355561769925631
0 0.5205144515404334 0.02795909918271578 0.02384838691124549 0.02383157840141883
0 0.13934467389033392 0.654112669137808 0.037839302649864785 0.037781935471754804
0 0.6710968017578125 0.5674562454223633 0.03680126483623798 0.03705743642953726
0 0.9006412212665265 0.23741353475130522 0.01708397498497596 0.017170282510610726
0 0.7484003213735727 0.46768955083993763 0.024935502272385817 0.02473288315993089
0 0.04077132848592905 0.1386551856994629 0.019226039831454936 0.019254335990318887
0 0.6676893967848557 0.025505244731903076 0.03170101459209736 0.03202394338754507
0 0.17515138479379508 0.43783429952768177 0.01943184779240535 0.019295178926908053
0 0.9619946112999549 0.5768878643329327 0.01839417677659255 0.018526810866135817
0 0.4209731908944937 0.027100806052868184 0.020931830772986777 0.021139906002924994
0 0.7458694898165189 0.7309814599844126 0.062087719257061295 0.06318253737229568
0 0.35917868980994594 0.16646311833308294 0.01708529545710637 0.01708683600792518
0 0.4429345497718224 0.9303731184739333 0.01777538886437049 0.01758604783278245
0 0.8442109181330755 0.2523337877713717 0.030347383939302884 0.030441100780780498
0 0.8541416021493765 0.10264154580923227 0.020871969369741585 0.02077506138728215
0 0.05254939886239859 0.6638667766864483 0.03039538860321045 0.030076246995192308
0 0.7049049230722281 0.6114574579092172 0.05494117736816406 0.055547127356896035
0 0.7058959374060998 0.3079845721905048 0.02290769723745493 0.02286219596862793
0 0.16777924390939566 0.6394853591918945 0.025722173544076774 0.025794836191030648
0 0.6005263328552246 0.39107564779428333 0.021657210129957933 0.021584730881911058
0 0.9757354442889874 0.28622706119830793 0.02466407189002404 0.02472224602332482
0 0.3247718811035156 0.5964034153864934 0.030630992009089544 0.031151991624098558
0 0.09270563492408165 0.6525809948260968 0.0627132929288424 0.062492077167217545
0 0.3834790083078238 0.44048888866718 0.031530013451209433 0.03135901231032152
0 0.1969912235553448 0.4291911491980919 0.0201263427734375 0.02028230520395132
0 0.8898959526648889 0.10738224249619704 0.0276949955866887 0.02744450935950646
0 0.22672020472013032 0.38759950491098255 0.020972178532527044 0.02085575690636268
0 0.8625398782583383 0.15479223544781023 0.01952978280874399 0.01976320376762977
0 0.5912513366112342 0.4813684683579665 0.032119384178748496 0.0321958248431866
0 0.7651622478778546 0.5973896246690017 0.021753604595477764 0.021881617032564603
0 0.5041394967299241 0.6162581076988807 0.021001815795898438 0.02089691162109375
0 0.08542180061340332 0.08872175216674805 0.015362831262441782 0.015138002542349009
0 0.6749284450824444 0.16992462598360503 0.022676467895507812 0.023090545947735127
0 0.7992738577035757 0.2707026554987981 0.01802679208608774 0.01797323960524339
0 0.9070859322181115 0.5166081648606521 0.01672231234036959 0.016924124497633714
0 0.689088381253756 0.20406647828909066 0.044852917010967545 0.04457719509418194
0 0.6393645359919622 0.2560688899113582 0.02580877450796274 0.02581941164456881
0 0.7786046541654147 0.02459537982940674 0.023401993971604567 0.023095195110027607
0 0.6809689448429987 0.1088030429986807 0.020719528198242188 0.020673495072584886
0 0.5765707309429462 0.42720457223745495 0.02507921365591196 0.02502309359036959
0 0.5842280021080604 0.40270185470581055 0.02288187467134916 0.022802132826585036
0 0.6652033879206731 0.9332683269794171 0.024618882399338942 0.024770589975210335
0 0.14975972358997053 0.2725516832791842 0.026553979286780723 0.02665556394136869
0 0.22064799528855544 0.41808817936823917 0.02914766164926382 0.029388060936560996
0 0.2299055686363807 0.02390220073553232 0.016037574181189902 0.016227209797272317
0 0.3961659211378831 0.9068944637592022 0.01571508554311899 0.015776414137620192
0 0.6977197940532978 0.2388777366051307 0.02359155508188101 0.023925047654371995
0 0.9382517887995794 0.1562200142787053 0.024831331693209134 0.025835257310133714
0 0.21598309736985427 0.703517693739671 0.01544952392578125 0.015312928419846755
0 0.3601076786334698 0.5568533677321214 0.017837084256685697 0.01787413083589994
0 0.5382946821359488 0.9749305431659405 0.048569019024188705 0.04523556049053486
0 0.6369460179255559 0.5650010475745568 0.018786210280198317 0.01883521446814904
0 0.6085162162780762 0.4606356987586388 0.023894456716684196 0.024016306950495794
0 0.10198279527517465 0.38094069407536435 0.017774398510272685 0.01789085681621845
0 0.1332424237177922 0.7207719362699069 0.019888932888324443 0.020098759577824518
0 0.5724981014545147 0.5735321411719689 0.019231062669020433 0.019553477947528545
0 0.8503293991088867 0.3237479283259465 0.025187272291917067 0.024701631986177884
0 0.8875835858858548 0.08121940722832313 0.018457559438852165 0.01883688339820275
0 0.12593571956341082 0.5862893324631911 0.015431990990271935 0.015352395864633413
0 0.9881114959716797 0.2118356044475849 0.022205059344951924 0.043605804443359375
0 0.8732735560490534 0.6214086826031024 0.029989976149338942 0.030178216787484977
0 0.17067263676570013 0.041262039771446817 0.01766366225022536 0.017590960631003745
0 0.8430786866408128 0.7432286922748272 0.017203404353215143 0.017146183894230768
0 0.10990527959970328 0.3244186548086313 0.01525710179255559 0.015229298518254207
0 0.8894232236422025 0.641034199641301 0.028441209059495192 0.028112118060772236
0 0.5813271449162409 0.5858370707585261 0.016808436467097357 0.01691546806922326
0 0.24501987603994516 0.6300248366135818 0.017146917489858773 0.017155867356520433
0 0.22773005412175104 0.37082855518047625 0.016632520235501803 0.016668026263897236
0 0.32319846520057094 0.36689274127666766 0.021118897658128005 0.021357316237229567
0 0.7742222272432767 0.7907170515794021 0.03531206571138822 0.035249563363882214
0 0.8834843268761268 0.0657192743741549 0.018642425537109375 0.01828287197993352
0 0.30173901411203236 0.3579904849712665 0.02560905309823843 0.025908690232496995
0 0.8873596925001878 0.38556722494272083 0.018696418175330527 0.01880616408128005
0 0.33236074447631836 0.42150218670184797 0.03560821826641376 0.035628245427058294
0 0.5586338043212891 0.4272167866046612 0.01874087407038762 0.01906167543851412
0 0.9840726852416992 0.40495747786301833 0.024721439068134014 0.024701778705303486
0 0.8101294590876653 0.1482239319727971 0.02023462148813101 0.02024496518648588
0 0.7204831196711614 0.39239054459791917 0.022356033325195312 0.022489254291240986
0 0.7424227641179011 0.6476330390343299 0.061612496009239785 0.06081126286433293
0 0.7878478857187124 0.6957219930795523 0.0778821798471304 0.07640383793757512
0 0.15016122047717756 0.18129891615647536 0.021833108021662787 0.021913821880634014
0 0.15335453473604643 0.678492179283729 0.021454554337721605 0.021868485670823317
0 0.1340482785151555 0.43460853283221906 0.015912239368145283 0.016246502216045674
0 0.07599454201184787 0.7695762927715595 0.02152856496664194 0.02170416025015024
0 0.6637605520395132 0.31894599474393404 0.04220493023212139 0.04226053678072416
0 0.007271986741286058 0.4553580650916466 0.014519849648842445 0.06887611976036659
0 0.7580401347233698 0.8881337826068585 0.06890575702373798 0.06928825378417969
0 0.8426948694082407 0.08344996892488919 0.020875930786132812 0.020839796616480902
0 0.9899484194242038 0.1888116323030912 0.015956878662109375 0.017368316650390625
0 0.19593510260948768 0.45496060298039365 0.02103137969970703 0.021129314716045674
0 0.6998876424936148 0.20971576984112078 0.023393924419696514 0.023442781888521634
0 0.9729640667255108 0.25396618476280797 0.017102755033052884 0.017003939701960638
0 0.8102930509127103 0.01745756543599642 0.023047814002403848 0.0227015339411222
0 0.47822086627666766 0.5733076975895808 0.029539988591120794 0.029607185950646035
0 0.8425537989689753 0.04329672685036293 0.015949836144080527 0.01605563897352952
0 0.4876967210036058 0.8746491945706881 0.014503038846529447 0.0142059326171875
0 0.032011098586595975 0.7826549823467548 0.03081568846335778 0.031056330754206732
0 0.6894934727595403 0.4201330771813026 0.016057821420522835 0.016272985018216647
0 0.6807076380803034 0.22438529821542594 0.024292872502253607 0.024744290571946364
0 0.9426341423621545 0.3353980871347281 0.023888367872971755 0.024096562312199518
0 0.7309898229745718 0.6708299196683444 0.02379886920635517 0.0234683110163762
0 0.4989014405470628 0.7116851806640625 0.0702045147235577 0.07088426443246695
0 0.6852394984318659 0.08773378225473258 0.02538446279672476 0.023648413328024056
0 0.1306204337340135 0.2855966274554913 0.019746743715726413 0.020015863271859977
0 0.13093681518848127 0.9550377038808969 0.01518078950735239 0.015260696411132812
0 0.6850161185631385 0.08425147716815655 0.02923158498910757 0.028892008157876823
0 0.3311397112332858 0.3933018170870267 0.02910467294546274 0.02937918442946214
0 0.6831097236046424 0.07399050089029166 0.02353697556715745 0.02304225701552171
0 0.04421120882034302 0.30346034123347354 0.01632077877338116 0.016187227689302884
0 0.9480148462148813 0.1402749648460975 0.019472709068885215 0.01938031269953801
0 0.005252475348802714 0.29840025534996617 0.010467342459238492 0.01646122565636268
0 0.9013079129732572 0.01075941209609692 0.01709776658278245 0.01735735168823829
0 0.9590613291813777 0.05097783528841459 0.014255523681640625 0.014403489919809194
0 0.17608134563152605 0.1401552420396071 0.01445165047278771 0.014520791860727163
0 0.9490652817946214 0.13596606254577637 0.021811705369215745 0.02191470219538762
0 0.2573975966526912 0.10567239614633414 0.014501461615929237 0.014410715836745042
0 0.8726089184100811 0.34969370181743914 0.025376246525691107 0.025009962228628304
0 0.5548442327059232 0.9095213963435247 0.02431913522573618 0.024346278263972357
0 0.9813307248629056 0.40486350426307094 0.02019530076246995 0.02018260955810547
0 0.8309266017033503 0.49437339489276594 0.020551241361177884 0.020781883826622598
0 0.9266304602989783 0.6759966336763822 0.03395638099083534 0.034078157865084134
0 0.9144752942598783 0.07375401716965896 0.018158986018254206 0.01839003196129432
0 0.9809598189133865 0.7804748094998873 0.01751708984375 0.017281312208909255
0 0.8762960433959961 0.14274621926821196 0.019678409282977764 0.019340716875516452
0 0.9055843353271484 0.6170065953181341 0.028939027052659255 0.029428482055664062
0 0.6825846158541166 0.43328527303842396 0.02315976069523738 0.02265313955453726
0 0.404358276954064 0.05933489249302791 0.01933897458589994 0.020364816372211162
0 0.9096616598275992 0.21543532151442307 0.013811845045823317 0.013823802654559795
0 0.7859740624060998 0.23287446682269758 0.014238504263070913 0.014193975008451022
0 0.43006757589486927 0.5135416617760291 0.040902211115910456 0.04051399230957031
0 0.3098593124976525 0.3009466758141151 0.018889353825495794 0.019206120417668268
0 0.9089537400465745 0.5283746719360352 0.01569982675405649 0.016045350294846755
0 0.690643310546875 0.27781092203580415 0.015070108266977163 0.014805170205923228
0 0.1074365285726694 0.367215449993427 0.016515511732835036 0.016913634080153245
0 0.9062890272874099 0.14034141027010405 0.020806239201472357 0.021162069760836087
0 0.9453003223125751 0.6986851325401893 0.03135974590594952 0.031214493971604567
0 0.12361375185159537 0.74683900979849 0.0203707401569073 0.020383101243239183
0 0.9499425888061523 0.13235513063577506 0.018857809213491585 0.018429371026846077
0 0.82959901369535 0.578983526963454 0.02977576622596154 0.02961393503042368
0 0.31241780060988206 0.33797953679011417 0.02905412820669321 0.030420963580791768
0 0.03156730532646179 0.27258700590867263 0.013983070850372314 0.014201090886042668
0 0.8850328738872821 0.24987349143395057 0.02086492685171274 0.02087710453913762
0 0.8922511614285983 0.11081885374509372 0.02496499281663161 0.024497490662794847
0 0.04200089894808256 0.26345396041870117 0.014941951403251061 0.014866388761080228
0 0.08990940680870643 0.05307428194926335 0.014562386732835036 0.014481461965120755
0 0.008139640092849731 0.27515150950505185 0.016365697750678428 0.02588660900409405
0 0.7133404658390925 0.24164306200467622 0.013985560490534855 0.01445909646841196
0 0.4085267140315129 0.07703042030334473 0.017992019653320312 0.01784746921979464
0 0.1282533865708571 0.2891316047081581 0.018129568833571214 0.018590927124023438
0 0.6931531612689679 0.35831616475031924 0.0164944575383113 0.016350159278282754
0 0.005039978485841017 0.06752330523270828 0.01006195407647353 0.019031726397000827
0 0.6748211200420673 0.3256696554330679 0.020437974196213942 0.019795784583458535
0 0.4924635153550368 0.04356984450266911 0.014455135052020732 0.014406387622539815
0 0.7183743990384616 0.1224894065123338 0.014565981351412259 0.014474868774414062
0 0.9093421789316031 0.15523204436668983 0.018423814039963942 0.01823084171001728
0 0.7046739138089694 0.8031770999615009 0.052715301513671875 0.052634165837214544
0 0.4040481127225436 0.056672279651348405 0.017272362342247598 0.017514366369981032
0 0.49953776139479417 0.08189054635854867 0.01268614255464994 0.012647514159862813
0 0.9155738537128155 0.6652013338529147 0.020805945763221152 0.02174201378455529
0 0.21158511822040266 0.4637541404137245 0.015023524944598857 0.015539902907151442
0 0.8859451000507061 0.07867965331444374 0.018220167893629808 0.01829759432719304
0 0.7156976553109976 0.6880792471078726 0.01733985314002404 0.017445784348707933
0 0.9350128173828125 0.265594849219689 0.013808323786808895 0.013826076801006611
0 0.9055809607872596 0.6564734532282903 0.015538435715895433 0.015960106482872598
0 0.10794102228604831 0.4598030677208534 0.026854258317213792 0.02693029550405649
0 0.8930328809298002 0.09349700120779184 0.018714464627779447 0.017374680592463568
0 0.6470552591177133 0.15479447291447565 0.01707121042104868 0.017173409461975098
0 0.16091211025531477 0.15408633305476263 0.01935106974381667 0.019553331228402946
0 0.8177384596604568 0.7665141179011419 0.0340728759765625 0.03504635737492488
0 0.21416062575120193 0.4396163500272311 0.01866736778846154 0.01843547821044922
