0 0.6190500992995042 0.1599430120908297 0.045608850625845104 0.045568612905649036
0 0.7281120006854718 0.18210689838115984 0.036795396071213946 0.036473714388333835
0 0.7077524478618915 0.6875708653376653 0.04202622633713942 0.04165355975811298
0 0.8079757690429688 0.453365105849046 0.0420221182016226 0.0423429195697491
0 0.17098756936880258 0.43308162689208984 0.025663229135366585 0.026166475736177884
0 0.3687239426832933 0.03919909550593449 0.027836139385516826 0.027850013512831468
0 0.8010798234205979 0.028494353477771465 0.04290169935960036 0.04297940547649677
0 0.671429707453801 0.49882800762469953 0.032959277813251205 0.03323921790489784
0 0.41137134111844575 0.4811219068673941 0.038953927847055286 0.03897909017709585
0 0.691445937523475 0.885985961327186 0.028806686401367188 0.02895223177396334
0 0.5452564312861516 0.05985547946049617 0.019402283888596755 0.019221911063561074
0 0.3899371807391827 0.8273267012376052 0.03248156034029447 0.032959277813251205
0 0.7081941457895132 0.8155654026911809 0.01828149648813101 0.018451690673828125
0 0.47180843353271484 0.8520123408390925 0.018885392409104567 0.018865438608022835
0 0.7858346792367789 0.4313304607684796 0.019886897160456732 0.020623280451847956
0 0.3665653375478891 0.31118176533625674 0.034668922424316406 0.034505330599271335
0 0.5530834931593674 0.27405232649583083 0.0340571770301232 0.03419142503004808
0 0.4573997350839468 0.8972238393930289 0.02956815866323618 0.029689495380108174
0 0.6130133041968713 0.9276822897104117 0.019017806419959433 0.019041794996995192
0 0.22076810323275053 0.7393882458026593 0.019564115084134616 0.01967019301194411
0 0.6997741552499624 0.9338213113638071 0.020523804884690505 0.02064822270320012
0 0.7262111076941857 0.4755716690650353 0.018032660851111777 0.018195445720966045
0 0.5514398721548227 0.18035958363459662 0.017197829026442308 0.017023453345665567
0 0.3613160206721379 0.3509059319129357 0.024497252244215745 0.024478325477013223
0 0.694120847261869 0.44361305236816406 0.0180355952336238 0.017944776094876803
0 0.7795856915987455 0.4477960146390475 0.01841251666729267 0.018312600942758415
0 0.4583047353304349 0.8273721841665415 0.02332335252028245 0.023181915283203125
0 0.424471194927509 0.2669561826265775 0.021468529334435098 0.021583410409780648
0 0.4698068912212665 0.07909165895902194 0.01828611814058744 0.01813655633192796
0 0.2551792584932767 0.4903228466327374 0.01743793487548828 0.017639306875375602
0 0.42803030747633714 0.8536266913780799 0.019295325646033652 0.019297673152043268
0 0.5446061354417068 0.9086614021888146 0.016533338106595553 0.016563562246469352
0 0.6903886061448318 0.8445649513831506 0.025014730600210335 0.025087356567382812
0 0.4399304756751427 0.09352863751924954 0.02541329310490535 0.026233379657451924
0 0.4546024249150203 0.49187557513897234 0.026795680706317607 0.026997786301832933
0 0.7538662690382737 0.34494341336763823 0.016975549551156852 0.016921043395996094
0 0.6488601978008564 0.3348195002629207 0.016970707820012018 0.01694312462439904
0 0.6618476280799279 0.9637019817645733 0.019742525540865384 0.019858433650090143
0 0.27364402550917405 0.6474955632136419 0.021161776322584886 0.021359663743239183
0 0.6278376946082482 0.4671534758347731 0.01714148888221154 0.017241844764122598
0 0.4415761874272273 0.05673411717781654 0.0228731448833759 0.023094773292541504
0 0.6717432462252103 0.7798286584707407 0.018709182739257812 0.019004088181715745
0 0.5803874822763296 0.30620461243849534 0.04364776611328125 0.04368019104003906
0 0.4461570886465219 0.4213879291827862 0.018019602848933294 0.018050707303560697
0 0.768973130446214 0.9639613811786358 0.024358602670522835 0.024662311260516826
0 0.3139871083773099 0.8683498089130108 0.02939143547644982 0.028605827918419473
0 0.7380692408635066 0.14697827742649958 0.02725043663611779 0.02748711292560284
0 0.2944739048297589 0.9000831017127404 0.018883558420034554 0.019013331486628607
0 0.25765063212468076 0.6577673691969651 0.01855153303879958 0.018704927884615384
0 0.43696953700138974 0.07468669231121357 0.02198160611666166 0.022070701305682842
0 0.7208649561955378 0.3421008770282452 0.018349574162409857 0.01812157264122596
0 0.16795756266667292 0.6824418581449069 0.0171963618351863 0.017527653620793268
0 0.253831514945397 0.6088734406691331 0.016750152294452373 0.016734783466045674
0 0.6146446374746469 0.5931094242976263 0.01790017348069411 0.017894598153921273
0 0.41547650557297927 0.25169137807992786 0.01611482180081881 0.015906774080716647
0 0.5588829333965595 0.2288512449998122 0.02384772667518029 0.023482212653526895
0 0.6686743956345779 0.7969220968393179 0.0184018061711238 0.0186614990234375
0 0.5935052724984976 0.21480725361750677 0.016022755549504206 0.01587398235614483
0 0.6542855042677659 0.5876959287203275 0.02199715834397536 0.021903404822716348
0 0.18117620394780085 0.5912072108342097 0.02946310776930589 0.02948335500863882
0 0.4255960171039288 0.11524331569671631 0.021037761981670674 0.0208434691795936
0 0.17807656068068284 0.2767447508298434 0.031164242671086237 0.031136219318096455
0 0.7142832829402044 0.29979443550109863 0.017795856182391826 0.018058300018310547
0 0.3916332538311298 0.45580130357008714 0.020904100858248197 0.021059769850510817
0 0.5278686743516189 0.8512182235717773 0.02150755662184495 0.02169623741736779
0 0.8114967346191406 0.8862793262188251 0.019856379582331732 0.019976982703575723
0 0.6125513590299166 0.24795337823721078 0.01608577141394982 0.016292425302358773
0 0.739008536705604 0.6763825049767127 0.01542971684382512 0.015696012056790866
0 0.4672349783090445 0.9378355466402494 0.021561842698317308 0.021271632267878607
0 0.40920261236337513 0.09698020494901217 0.017307574932391826 0.01723648951603816
0 0.5146311980027419 0.6259025427011343 0.016262274522047777 0.015982554509089544
0 0.27155432334313023 0.0926072230705848 0.01849988790658804 0.01859250435462365
0 0.6980854181142954 0.5303707489600549 0.01565713148850661 0.015412037189190205
0 0.199246149796706 0.5622357588547927 0.021651488084059495 0.02125373253455529
0 0.1647948668553279 0.6296259806706355 0.019531653477595404 0.028211300189678486
0 0.7073304836566632 0.6316681641798753 0.015470798198993389 0.015340951772836538
0 0.8114634293776292 0.15860972037682167 0.016295799842247598 0.01628302610837496
0 0.6090682103083684 0.29303836822509766 0.048353341909555286 0.0472723153921274
0 0.4213736974276029 0.9020808293269231 0.015273094177246094 0.015140093289888822
0 0.24749365219703087 0.5649347672095666 0.01936681453998272 0.019436469444861777
0 0.5685759691091684 0.9687483860896184 0.02164349189171424 0.02202459482046274
0 0.7531606234036959 0.22575084979717547 0.016570898202749398 0.016478905310997598
0 0.4793076515197754 0.9029373755821815 0.017377780033991888 0.017348362849308893
0 0.818116334768442 0.8995271095862756 0.018560409545898438 0.018218553983248197
0 0.4961697505070613 0.03499927887549767 0.017463243924654447 0.01760249871474046
0 0.7410081716684195 0.9735695765568659 0.024812845083383415 0.024397923396183893
0 0.6745923849252554 0.44980437938983625 0.016099929809570312 0.016004415658804085
0 0.20523777374854454 0.07060997761212863 0.016614987299992487 0.016759533148545485
0 0.578703550192026 0.7061299544114333 0.014341427729679989 0.014345609224759616
0 0.20134755281301644 0.5448272411639874 0.016733316274789665 0.01664909949669471
0 0.7982632563664362 0.9174660169161283 0.015952477088341348 0.015964214618389424
0 0.5292456700251653 0.31487468572763294 0.018107194166917067 0.01835500277005709
0 0.5731063622694749 0.29492866075955904 0.01820718325101412 0.01846738962026743
0 0.5212286435640775 0.015839363519962017 0.017342494084284857 0.016895106205573447
0 0.7341891802274264 0.2225779386667105 0.017054044283353366 0.017146734090951774
0 0.31787688915546125 0.8503969632662259 0.021118310781625602 0.020868448110727165
0 0.7374590360201322 0.3216847639817458 0.015283878032977764 0.015442921565129207
0 0.4151480748103215 0.8203794039212741 0.01888561248779297 0.019018906813401442
0 0.5542054543128381 0.9206107212946966 0.01563915839562049 0.015534914456881009
0 0.7258707193227915 0.1231468732540424 0.01710686316856971 0.01686431811406062
0 0.265989010150616 0.21016682111299956 0.036930157588078424 0.03689362452580379
0 0.6742764986478366 0.24518260589012733 0.017659407395582933 0.017438154954176683
0 0.4847870973440317 0.3466612742497371 0.014941875751201924 0.014889056865985576
0 0.6276272260225736 0.5772435848529522 0.028890169583834134 0.028240350576547477
0 0.21984357100266677 0.06408970172588642 0.016448277693528395 0.016542342992929313
0 0.43730845818152797 0.3478830410883977 0.017266346858097956 0.017505352313701924
0 0.4289662287785457 0.4375495910644531 0.018361605130709134 0.018217967106745794
0 0.3172668677109938 0.5936574935913086 0.01842916928804838 0.018636263333834134
0 0.6019314986008865 0.966957532442533 0.014838585486778846 0.015005258413461538
0 0.5715855084932767 0.5919815210195688 0.015070254986102764 0.015152270977313701
0 0.7333437112661508 0.6224933037391076 0.01741189223069411 0.017773811633770283
0 0.8346699201143705 0.12577957373399 0.01253524193396935 0.020181692563570462
0 0.4466059758112981 0.9471846360426682 0.017375946044921875 0.01744226308969351
0 0.33399479205791766 0.20626350549551156 0.013917189378004808 0.0142213381253756
0 0.4808321732741136 0.10815646098210262 0.013903251061072716 0.013830881852370042
0 0.22961909954364484 0.6705580491286057 0.01944142121535081 0.01914801964393029
0 0.7496271133422852 0.6464529037475586 0.013754037710336538 0.014072418212890625
0 0.5321911298311673 0.16070697857783392 0.015095343956580529 0.015020297123835636
0 0.22127932768601638 0.6267150732187124 0.01725460932804988 0.01708089388333834
0 0.7176088186410757 0.21669596892136794 0.01766028771033654 0.017299945537860576
0 0.6047523205096905 0.8065829643836389 0.014818191528320312 0.014654012826772837
0 0.3489632239708534 0.16948472536527193 0.014116580669696514 0.014134773841271034
0 0.26682673967801607 0.3097816980802096 0.0175934571486253 0.017861219552847054
0 0.4631807620708759 0.3643466876103328 0.016797285813551683 0.0171967286330003
0 0.43732272661649263 0.9571689458993765 0.02280139923095703 0.021953729482797477
0 0.6668106959416316 0.46953546083890474 0.016490642841045674 0.016828096829927884
0 0.4033966798048753 0.13671029531038725 0.03040900597205529 0.03041707552396334
0 0.6347097983727088 0.9614727313701923 0.017404702993539665 0.01749244103064904
0 0.5549427912785456 0.966975578894982 0.016030091505784255 0.016358595628004808
0 0.27641525635352504 0.5762062806349534 0.02052648250873272 0.020820177518404447
0 0.515652583195613 0.29462130253131574 0.015252626859224759 0.015335853283221904
0 0.4129741375262921 0.9863152137169471 0.026752471923828125 0.022840353158804085
0 0.2782704830169678 0.5542237942035382 0.032833246084359974 0.033695220947265625
0 0.501503430880033 0.2975272765526405 0.016173729529747598 0.016215397761418268
0 0.17528343200683594 0.7128860033475436 0.014790608332707332 0.01457669184758113
0 0.4118774487422063 0.41259263111994815 0.015562057495117188 0.01555494161752554
0 0.36300798562856823 0.8376447237454928 0.019289236802321214 0.01903680654672476
0 0.7740065501286433 0.8649077782264123 0.013374768770658053 0.013697991004356971
0 0.6229149745060847 0.6538321421696589 0.014837998610276442 0.014668684739332933
0 0.3139204978942871 0.3374535854046161 0.019356434161846455 0.019381963289701022
0 0.3497546636141263 0.6682159717266376 0.01619999225323017 0.01641082763671875
0 0.22892100994403547 0.6465432093693659 0.01702734140249399 0.01683983435997596
0 0.4783966357891376 0.02389894540493305 0.016958970289963942 0.017220321756142836
0 0.3645913784320538 0.6453987268301157 0.015448350172776442 0.015394797691932091
0 0.6156268486609826 0.29134438588069034 0.03814565218411959 0.03936283405010517
0 0.82990052149846 0.18192346279437727 0.021306257981520433 0.027654647827148438
0 0.4090265127328726 0.8433069082406851 0.01801784221942608 0.018794426551231973
0 0.32815845196063703 0.36966111109806943 0.017409398005558893 0.01676764855018029
0 0.27338343400221604 0.3342620042654184 0.02074432373046875 0.020621446462777946
0 0.2753764299245981 0.5618256055391752 0.02580679379976713 0.026543690608097956
0 0.7848639855018029 0.6020876811100886 0.013314760648287259 0.013314173771784855
0 0.6560148826012244 0.9811659592848557 0.016265722421499398 0.016343190119816706
0 0.5458338077251728 0.9923309913048377 0.015563377967247596 0.013141338641826924
0 0.2502287717965933 0.9247352893535907 0.01897397408118615 0.018915323110727165
0 0.32695425473726714 0.3660150674673227 0.020726350637582634 0.020418607271634616
0 0.8105256740863507 0.578370241018442 0.013720439030573918 0.013878308809720553
0 0.4488526124220628 0.3310722204355093 0.01477644993708684 0.015140533447265625
0 0.8325892961942233 0.08421657635615422 0.014433200542743389 0.01524657469529372
0 0.30756888022789586 0.18469293300922102 0.02452688950758714 0.025028338799109824
0 0.7280502319335938 0.6255766061636118 0.021743627694936898 0.021622144258939303
0 0.6274879162128155 0.026482059405400202 0.013791597806490384 0.013856571454268236
0 0.7281265258789062 0.9336084219125601 0.014304674588716947 0.014461517333984375
0 0.6959816859318659 0.18831762900719276 0.018253032977764424 0.018338460188645583
0 0.6790723067063552 0.5601319899925818 0.01656370896559495 0.016611832838792067
0 0.29036565927358776 0.5236789263211764 0.01631795443021334 0.01642579298753005
0 0.2769061235281137 0.5592279801001916 0.03203278321486253 0.030447739821213942
