0 0.12265250316032997 0.8517381227933444 0.02834774897648738 0.028907629159780648
0 0.7133139830369216 0.08189245370718148 0.02145048288198618 0.02149787315955529
0 0.24911887829120344 0.9168459085317758 0.019149009998028096 0.019040914682241585
0 0.8135707561786358 0.2704937641437237 0.02205834021935096 0.022118495060847357
0 0.8714777139516977 0.7124601510854868 0.0205233647273137 0.020304459791917067
0 0.8957946483905499 0.8432733095609225 0.03453885591947115 0.03536429772010216
0 0.8634567260742188 0.9167635257427509 0.01953403766338642 0.019286669217623197
0 0.29497894873985875 0.845860848060021 0.01788938962496244 0.018343411959134616
0 0.702913210942195 0.10407451482919547 0.025329149686373197 0.025340813856858473
0 0.7897350604717548 0.8334925724909856 0.021204141470102165 0.0212094233586238
0 0.6554258786714994 0.8680846874530499 0.020037724421574518 0.020161555363581732
0 0.5627917509812576 0.23222897602961615 0.018691429725060098 0.018775206345778245
0 0.5012823251577524 0.35444435706505406 0.0247958256648137 0.02483984140249399
0 0.6539521584144006 0.08130852992718036 0.0226748539851262 0.022619852652916543
0 0.7113439119779147 0.8955201369065505 0.01822031461275541 0.017990992619441107
0 0.14434496256021354 0.6855079944317157 0.025646154697124775 0.026023718026968148
0 0.6741109994741586 0.39747854379507214 0.016887077918419473 0.016756497896634616
0 0.42217089579655576 0.6329448406512921 0.02383841001070463 0.024079102736253005
0 0.3813630617581881 0.7171445993276743 0.020712632399338942 0.020363881037785456
0 0.5507615896371695 0.28370206172649676 0.017594117384690505 0.017560775463397685
0 0.24770604647122896 0.9601331123938928 0.016459244948167067 0.01650692866398738
0 0.3932423224815956 0.6410911266620343 0.03187428987943209 0.03154754638671875
0 0.1947797261751615 0.5472455758314866 0.025718542245718148 0.025623394892765924
0 0.6631559225229117 0.7216691237229568 0.02153161855844351 0.021716191218449518
0 0.32391889278705305 0.9321104196401743 0.018354269174429085 0.0183560298039363
0 0.7318085156954252 0.1811526738680326 0.02568362309382512 0.025401482215294473
0 0.448793521294227 0.054863961843343884 0.02215114006629357 0.022243765684274528
0 0.5671147199777457 0.7269071432260367 0.02599796882042518 0.026332561786358174
0 0.7141038454495944 0.05060353187414316 0.016556519728440505 0.01664246045626127
0 0.6121358871459961 0.9778209832998422 0.02462181678185096 0.02481504587026743
0 0.6100802421569824 0.25949833943293643 0.023368028494027946 0.023088968717134915
0 0.42935870243952823 0.702751086308406 0.020344954270582933 0.0204315185546875
0 0.40502144740178037 0.9330178040724534 0.02190091059758113 0.022070958064152643
0 0.32823503934420073 0.8786913064809946 0.03168062063363882 0.03195601243239183
0 0.7400334431574895 0.1248791768000676 0.024908065795898438 0.02466135758620042
0 0.24763558461115912 0.8788418403038611 0.025719936077411357 0.025895045353816107
0 0.7717497898982122 0.7268998806293194 0.01835485605093149 0.018387280977689303
0 0.7492100642277644 0.7364595119769757 0.020936232346754808 0.020871529212364785
0 0.8179576580341046 0.8843844487116888 0.023041945237379808 0.02310972947340745
0 0.7569474440354568 0.8789348602294922 0.02075371375450721 0.02056092482346755
0 0.5115115825946515 0.8553634056678185 0.021211624145507812 0.021298041710486777
0 0.5334471922654372 0.6615253595205454 0.024698844322791465 0.024660697350135215
0 0.38971842252291167 0.9588645054743841 0.018501135019155648 0.018637730525090143
0 0.683045900785006 0.5368768251859225 0.02636865469125601 0.02608042496901292
0 0.6293786855844351 0.94603208395151 0.02362192594088041 0.023144942063551683
0 0.8962920262263372 0.6445344778207632 0.016279954176682692 0.016377669114332933
0 0.7671337127685547 0.9168225801908053 0.022309229924128607 0.022006108210637018
0 0.8812267596905048 0.19226430012629583 0.015289893517127404 0.015280466813307542
0 0.5417575469383826 0.45633418743426984 0.01669788360595703 0.0165097163273738
0 0.5421390533447266 0.6824220510629507 0.022487053504356973 0.022828322190504808
0 0.5420286472027118 0.19203626192533052 0.01822691697340745 0.018296498518723708
0 0.29628764666043794 0.12131118774414062 0.02359793736384465 0.02337345710167518
0 0.426721059359037 0.05053300123948317 0.020887228158804085 0.020845431547898512
0 0.8695828364445612 0.8324049436129056 0.027022728553185098 0.026938951932466947
0 0.6357961801382211 0.7760250384990985 0.03379909808819111 0.03383299020620493
0 0.34307164412278396 0.0320706505041856 0.023160641009990986 0.02261066436767578
0 0.3021100484407865 0.06650637663327731 0.020101180443396933 0.020343762177687425
0 0.8652798579289362 0.8927657054020808 0.020166837252103366 0.020287733811598558
0 0.635313841012808 0.9171980344332181 0.019699976994441107 0.01986841055063101
0 0.27217780626737154 0.034359322144435 0.020154292766864482 0.020070552825927734
0 0.25398709223820615 0.07113065169407772 0.028139701256385215 0.02822404641371507
0 0.4725303649902344 0.6307505094088041 0.019999577448918268 0.019396855280949518
0 0.2737419238457313 0.0895164471406203 0.031797629136305586 0.031839425747211166
0 0.45957550635704625 0.13307907031132624 0.027104891263521634 0.0270995726952186
0 0.5424729860745944 0.6214694243211013 0.015681340144230768 0.015667255108173076
0 0.37547192206749547 0.3897810715895433 0.021902964665339544 0.021631681002103366
0 0.5660529503455529 0.40266909966102016 0.016974815955528848 0.017232308020958535
0 0.5134939780602088 0.18685168486375076 0.01953433110163762 0.01943364510169396
0 0.49788643763615537 0.17728809209970328 0.027306483342097357 0.02731015132023738
0 0.3596345094534067 0.44186647121722883 0.02715638967660757 0.02680631784292368
0 0.599365234375 0.7411330296443059 0.025276330801156852 0.02549318166879507
0 0.735041251549354 0.03799801147901095 0.016684312086838942 0.017042389282813437
0 0.4945999292226938 0.6349251820490911 0.023851541372445915 0.024578387920673076
0 0.9022196256197416 0.5000998423649714 0.016931680532602165 0.01746815901536208
0 0.7042130690354568 0.9173324291522686 0.018549258892352764 0.018473991980919473
0 0.13618829617133507 0.6393181727482722 0.01924788034879244 0.019002474271334134
0 0.6209435096153846 0.53563902928279 0.014437015240009014 0.014670445368840145
0 0.6354607802170974 0.9812148167536809 0.01843877939077524 0.01876038771409255
0 0.7639942902785081 0.18758317140432504 0.02810052724984976 0.027697269733135518
0 0.6698948786808894 0.6722159752478967 0.01765720660869892 0.017245952899639424
0 0.7840383969820462 0.27059844823984 0.018813500037560098 0.01857603513277494
0 0.7650310809795673 0.5085254082312951 0.020405402550330527 0.019860047560471755
0 0.7247678316556491 0.8760273273174579 0.015718606802133415 0.01529224102313702
0 0.2845435876112718 0.43576765060424805 0.02222303243783804 0.02165361551138071
0 0.9018243642953726 0.14909687409034142 0.014803372896634616 0.020874940432035007
0 0.35164447931142956 0.6331980778620794 0.026717112614558294 0.026735305786132812
0 0.2759724947122427 0.012607757861797627 0.03211428568913387 0.024081670320951022
0 0.4287545130803035 0.3321493955758902 0.015930029062124398 0.016195223881648138
0 0.2916166048783522 0.2526788344750038 0.0203092281634991 0.020490573002741888
0 0.5363067113436185 0.5451466487004206 0.018645506638746995 0.018610367408165567
0 0.390995245713454 0.7480630874633789 0.01974061819223257 0.01934814453125
0 0.5474061965942383 0.6078871580270621 0.015648768498347357 0.015624633202185998
0 0.8531982715313251 0.16701912879943848 0.018808805025540866 0.019272987659160908
0 0.4114498725304237 0.055209650443150446 0.01770782470703125 0.018027314772972695
0 0.4967043950007512 0.013425098015711857 0.01702602093036358 0.017259153035970833
0 0.3988802983210637 0.977576916034405 0.0272982670710637 0.027647752028245192
0 0.5028183643634503 0.376739135155311 0.01755347618689904 0.017029688908503607
0 0.36809385739839995 0.7491472684420072 0.018738966721754808 0.0189517094538762
0 0.5125641456017127 0.05328925756307749 0.019552230834960938 0.01963965709392841
0 0.4156337517958421 0.9595518845778245 0.027787501995380107 0.02805944589468149
0 0.7947497001061072 0.6842422485351562 0.017751400287334736 0.018184955303485576
0 0.6859298119178185 0.7219675504244291 0.01648095937875601 0.016291691706730768
0 0.219419185931866 0.6819540170522836 0.017322210165170524 0.017428031334510215
0 0.281083712211022 0.8278664075411283 0.030112449939434346 0.03003971393291767
0 0.5046491622924805 0.32600828317495495 0.017672098599947415 0.017245366023137018
0 0.7919485385601337 0.13820413442758414 0.018384346595177285 0.01819742642916166
0 0.6384628002460186 0.40301403632530797 0.017525892991286058 0.017524279080904447
0 0.30053160740778995 0.10205777791830209 0.027747080876277044 0.027567258247962363
0 0.7203523195706881 0.4811087755056528 0.018023270827073317 0.018218187185434196
0 0.7686271667480469 0.17021912794846755 0.018177619347205527 0.018054668719951924
0 0.7751092177170974 0.7999062171349158 0.018048213078425482 0.018351628230168268
0 0.35529257700993466 0.04362386465072632 0.019533890944260817 0.019433278303879958
0 0.6844822076650766 0.6246869747455304 0.02350484407865084 0.023641439584585335
0 0.2807826262253981 0.7246582324688251 0.030773089482234076 0.03044862013596755
0 0.5449536396906927 0.013653901907113882 0.022400782658503607 0.022745444224430963
0 0.4293132195105919 0.9824318519005408 0.023604319645808294 0.02281526418832632
0 0.6913802807147686 0.6495847702026367 0.01905338580791767 0.019356507521409255
0 0.36754479775061977 0.6450587052565354 0.017850729135366585 0.017430525559645433
0 0.6477598043588492 0.6072304799006536 0.02113679739145132 0.021270165076622598
0 0.745510981633113 0.24994096389183632 0.021304497352013223 0.02068780018733098
0 0.536528257223276 0.09828725227942833 0.019766954275277946 0.020187524648813102
0 0.7348829416128305 0.2584087665264423 0.014951999370868389 0.01471248039832482
0 0.4832814656771146 0.2318114500779372 0.018869620103102464 0.018883338341346152
0 0.788836405827449 0.7233220613919772 0.03225796039287861 0.032815786508413464
0 0.33205171731802136 0.10314470071059006 0.020150478069598857 0.020150019572331354
0 0.8376133258526142 0.8151683073777419 0.019266568697415866 0.019213456373948317
0 0.6624394930326022 0.7009347035334661 0.014967991755558895 0.014565394474909855
0 0.6314348807701697 0.22778635758620042 0.017886528602013223 0.017534329341008112
0 0.6200579129732572 0.06941864582208487 0.021132689255934495 0.02152720781473013
0 0.3251117192781888 0.038964189015902005 0.01765163128192608 0.01742719686948336
0 0.1441101202597985 0.7365702115572416 0.022660090373112604 0.02239080575796274
0 0.8951078561636118 0.9415369767409104 0.02018884512094351 0.020160675048828125
0 0.7110360218928411 0.9517367436335638 0.01958040090707632 0.019667552067683294
0 0.6178899911733774 0.013957094687681932 0.014477693117581882 0.014367484129392184
0 0.3910855513352614 0.6992162557748648 0.018257948068472054 0.01813844534067007
0 0.47944963895357573 0.17527510569645807 0.016710721529447116 0.016637141887958232
0 0.8486901063185471 0.6218122335580679 0.017841192392202523 0.018425868107722357
0 0.6569583599384015 0.6217471636258639 0.027438970712515023 0.027283301720252402
0 0.45192399391761195 0.7232443002554086 0.02661727024958684 0.027018620417668268
0 0.7630951954768255 0.4905406878544734 0.024150701669546273 0.024155396681565505
0 0.8699339353121244 0.7583752412062424 0.027873112605168268 0.0282135009765625
0 0.3204400355999286 0.8529724707970252 0.02296146979698768 0.022841673630934495
0 0.7598733168381911 0.6790640904353216 0.023638798640324518 0.022911952092097357
0 0.6024402471689078 0.22853306623605582 0.017209639916053183 0.017454770895150993
0 0.2696802616119385 0.8056169656606821 0.026117875025822565 0.025890643780048076
0 0.6095910805922288 0.8969798454871545 0.0410764400775616 0.04063973060021034
0 0.09754478014432467 0.6260798527644231 0.025232351743257962 0.028645882239708535
0 0.5780886136568509 0.08795439279996432 0.01669927743765024 0.016859091245211087
0 0.41956197298490083 0.3473637654231145 0.020916498624361478 0.02104949951171875
0 0.48192743154672474 0.5359651125394381 0.020994186401367188 0.02079156728891226
0 0.19049486747154823 0.4577953632061298 0.017409104567307692 0.017704890324519232
0 0.7091371829693134 0.5443785007183368 0.01915462200458233 0.01905514643742488
0 0.2968052350557767 0.44258983318622297 0.01675565426166241 0.01734586862417368
0 0.49454094813420224 0.04321254675204937 0.021531398479755107 0.02109816441169152
0 0.5357884627122146 0.8985698406512921 0.026636050297663763 0.027141277606670674
0 0.9013563302847055 0.9620475035447341 0.01592856187086839 0.016048284677358773
0 0.577064587519719 0.31298266924344575 0.01761619861309345 0.01767107156606821
0 0.5390404554513785 0.41048365372877854 0.016203880310058594 0.01619089566744291
0 0.30265135031480056 0.9687577761136569 0.023363736959604118 0.023371476393479567
0 0.3822627434363732 0.5619464287391076 0.014229334317720853 0.013916015625
0 0.7072252126840445 0.6391140130849985 0.021710029015174277 0.021833126361553486
0 0.12537171290471003 0.07477944630842942 0.02614314739520733 0.026453788463885967
0 0.5892890049861028 0.7011276391836313 0.026482508732722357 0.026438492995042067
0 0.5895989491389348 0.20716384740976188 0.01828626485971304 0.01765295175405649
0 0.523951163658729 0.21355566611656776 0.015430523799015926 0.01531080099252554
0 0.14445862403282753 0.860939466036283 0.014581423539381761 0.014571556678185096
0 0.6603092780480018 0.25601955560537487 0.014214148888221154 0.014150912945087139
0 0.8054510263296274 0.6140726162837102 0.017571229201096755 0.01764568915733924
0 0.5683523324819711 0.3281570581289438 0.016035813551682692 0.01587677001953125
0 0.5932800586407001 0.8993068108191857 0.02152230189396785 0.020775428185096152
0 0.30328057362483096 0.1522456407546997 0.018212245060847357 0.01813358526963454
0 0.7692142633291391 0.685386951153095 0.019345210148737982 0.019021107600285456
0 0.44047751793494594 0.032047200661439165 0.01776299109825721 0.018056039626781758
0 0.8659371596116286 0.2414991305424617 0.016669640174278848 0.017058592576246995
0 0.42883553871741664 0.36292538276085484 0.020055550795335036 0.020183269794170674
0 0.409944094144381 0.8971567887526292 0.02250187213604267 0.022891117976262018
0 0.22813177108764648 0.5113367300767165 0.01557471201970027 0.015483489403357873
0 0.6683710538423978 0.6381700955904447 0.020151285024789665 0.020221416766826924
0 0.40110287299522984 0.7869882583618164 0.01729583740234375 0.017247713529146634
0 0.6769214043250451 0.08246535521287185 0.02646945073054387 0.027249074899233304
0 0.6819902566763071 0.6821547288161057 0.017031742976262018 0.01670529292179988
0 0.6703325418325571 0.5197146489070013 0.023062485914963942 0.023360179020808294
0 0.8856846736027644 0.5422023626474234 0.014725465040940505 0.014756862933819111
0 0.8414022005521334 0.2102351738856389 0.01729099567119892 0.017131548661452074
0 0.7241975344144381 0.6745218863854041 0.018416478083683893 0.018566131591796875
0 0.14406642547020546 0.4884204864501953 0.0217588131244366 0.02169961195725661
0 0.615688470693735 0.7521555973933294 0.030183058518629808 0.03186592688927284
0 0.6073067004864032 0.17800305439875677 0.01723964397723858 0.017253875732421875
0 0.7781337591317984 0.3958022411052997 0.016712775597205527 0.016475970928485576
0 0.8431028219369742 0.5590452047494742 0.015348581167367788 0.015233113215519832
0 0.41318379915677583 0.3766488295335036 0.01803456819974459 0.017905161930964544
0 0.8628385983980619 0.14033735715425932 0.014981343195988582 0.015173875368558444
0 0.8655195969801682 0.15293143345759466 0.01462848369891827 0.014635819655198317
0 0.8635067572960486 0.5788308290334848 0.015319237342247596 0.01544189453125
0 0.5224108695983887 0.6773352989783654 0.018472818227914665 0.018128615159254808
0 0.44437665205735427 0.6772805727445163 0.018498053917518027 0.018424107478215143
0 0.6068374193631686 0.21419791074899527 0.01700005164513221 0.017350490276630107
0 0.47914666395920974 0.4870292223416842 0.014750187213604268 0.014888763427734375
0 0.3887214660644531 0.8875191028301532 0.029655896700345553 0.029780461237980768
0 0.7695280221792368 0.7477659812340369 0.01816984323354868 0.0182498051570012
0 0.7681851020226111 0.14913693758157584 0.01837334266075721 0.017997319881732646
0 0.8527942070594201 0.382264100588285 0.021419818584735576 0.021243975712702826
0 0.7420595609224759 0.2337009356572078 0.015218001145582933 0.015425608708308293
0 0.6316771874060998 0.4574177081768329 0.018198160024789665 0.017957540658804085
0 0.5232221163236178 0.6515538142277644 0.019734896146334134 0.020162142240084134
0 0.37984488560603213 0.8320740919846755 0.018113209651066706 0.01848264840932993
0 0.5283540578988882 0.40100523141714245 0.016866683959960938 0.016550650963416465
0 0.6654715904822717 0.06511525924389179 0.017882713904747598 0.017807777111346904
0 0.8117703657883865 0.16687653614924505 0.01962456336388221 0.019413874699519232
0 0.33245262732872594 0.08116947687589206 0.01669135460486779 0.016486860238588773
0 0.33881458869347203 0.7964783448439378 0.026952376732459433 0.02669657193697416
0 0.6519791529728816 0.46437989748441255 0.01410381610576923 0.013924158536470853
0 0.18927660355201134 0.13838696479797363 0.01930724657498873 0.019086947807898887
0 0.1784529319176307 0.08526493035829984 0.01780539292555589 0.017666981770442083
0 0.1491013031739455 0.11054585530207707 0.027199836877676156 0.02686760975764348
0 0.7030492929311899 0.5271842663104718 0.016490936279296875 0.016562388493464544
0 0.5927688525273249 0.3929331119243915 0.01580700507530799 0.01587090125450721
0 0.614986749795767 0.16700084392841047 0.015666888310359076 0.015790279094989482
0 0.8285839374248798 0.3176846504211426 0.0168148921086238 0.0169830322265625
0 0.3726818378155048 0.8596492180457482 0.020624600923978366 0.0205227778508113
0 0.7239992435161884 0.2849260843717135 0.02117582467886118 0.021096082834097054
0 0.7285572198721079 0.49011340508094203 0.020171092106745794 0.020865953885591947
0 0.4420991310706505 0.3694146229670598 0.019766734196589544 0.019356214083158053
0 0.6456617208627554 0.3334371860210712 0.019658308762770433 0.01992012904240535
0 0.4589519133934608 0.3726834517258864 0.014644989600548377 0.014905049250676082
0 0.8687979624821589 0.38926373995267427 0.016635748056265023 0.01665951655461238
0 0.7796999124380258 0.5182718130258414 0.01447002704326923 0.014266234177809495
0 0.41811121427095854 0.6546407846304086 0.024582055898813102 0.024447221022385817
0 0.7296835092397836 0.9920636690579928 0.028773674598106973 0.013316667996920072
0 0.5498845027043269 0.5811065160311185 0.01784794147198017 0.017707091111403245
0 0.783883314866286 0.8175224157480093 0.02100372314453125 0.021252265343299277
0 0.3839770463796762 0.04558004782750057 0.01563284947321965 0.016043956463153545
0 0.36282796126145583 0.37833587939922625 0.017891663771409255 0.018728989821213942
0 0.8089388333834134 0.5048469396737906 0.015360318697415866 0.015766143798828125
0 0.37310391206007737 0.5906553268432617 0.016182092519906852 0.01591653090256911
0 0.837668198805589 0.3825161640460675 0.020789366502028245 0.02124302203838642
0 0.5167692624605619 0.6315585649930514 0.015134371243990384 0.015469917884239784
0 0.5048625652606671 0.23565565622769868 0.016400997455303486 0.016331305870643027
0 0.4026635243342473 0.3867473235497108 0.0163271977351262 0.01659980187049279
0 0.5865256969745343 0.3804918435903696 0.015870314378004808 0.015640405508188102
0 0.09137472739586464 0.6055279144873986 0.012786681835467998 0.020247752849872295
0 0.7629813414353591 0.6809929334200345 0.025074592003455527 0.024018507737379808
0 0.26584495030916655 0.6053940699650691 0.015775497143085185 0.015802383422851562
0 0.6157036561232346 0.27413045443021333 0.014883481539212741 0.014599359952486478
0 0.8733686300424429 0.04211972309992863 0.015387461735652043 0.015537906151551466
0 0.3027509542611929 0.009875926833886366 0.020482943608210638 0.01847840272463285
0 0.5506613804743841 0.8172143055842473 0.013956656822791466 0.014181137084960938
0 0.3105682593125563 0.8426488729623648 0.020283332237830527 0.019723011897160456
0 0.7929605337289664 0.6502452263465295 0.01802679208608774 0.017850729135366585
0 0.7877635955810547 0.28950682053199184 0.014990293062650241 0.015318467066838192
0 0.4505004149216872 0.34919485679039586 0.018155024601862982 0.01782072507418119
0 0.7988756619966947 0.15039823605464056 0.017176114595853366 0.016890635857215293
0 0.6358051300048828 0.7357462369478666 0.016335120567908652 0.01628905076246995
0 0.4475265649648813 0.6968552516056941 0.022910338181715745 0.021450042724609375
0 0.7485103607177734 0.3591602032001202 0.013591326200045072 0.01373291015625
0 0.9039589808537409 0.9219999313354492 0.015405508188100962 0.015311754666841947
0 0.4360537528991699 0.6619048485389123 0.022814383873572715 0.02202298091008113
0 0.6587214836707482 0.9929808836716872 0.018720039954552285 0.012588941133939303
0 0.6575021010178786 0.3968966190631573 0.01917413564828726 0.019642096299391527
0 0.4384635778573843 0.7502687894381009 0.016192803016075723 0.016539647028996393
0 0.535042982835036 0.3613505730262169 0.017465591430664062 0.018110128549429085
0 0.40534180861253005 0.3653709705059345 0.02127221914438101 0.02098978482759916
0 0.6926898956298828 0.31189647087684047 0.020449711726262018 0.020493305646456204
0 0.501491693349985 0.7481219218327448 0.016417283278245192 0.0164947509765625
0 0.75977296095628 0.13955354690551758 0.021027785081129808 0.02138174497164213
0 0.761313951932467 0.5547910837026743 0.014413686899038462 0.014593417827899639
0 0.443640268765963 0.6743817696204553 0.021247423612154447 0.02084966806265024
0 0.5950792752779447 0.6724593089177058 0.016480665940504808 0.016505901630108174
0 0.42885905045729417 0.3817130602323092 0.015662706815279447 0.015499555147611178
0 0.252792633496798 0.37943399869478667 0.016787125514103815 0.016896761380709134
0 0.503493859217717 0.07803008189568153 0.019331638629619893 0.019617557525634766
0 0.813201170701247 0.8206150348369892 0.015269059401292067 0.015235314002403846
0 0.6127859262319711 0.7533095433161809 0.026911222017728366 0.02698648892916166
0 0.6790525729839618 0.7477645874023438 0.023955271794245794 0.0239407466008113
0 0.48295453878549427 0.748782598055326 0.01589070833646334 0.01625956021822416
0 0.6098384857177734 0.1798709355867826 0.019860047560471755 0.019136868990384616
0 0.6689027639535757 0.7749900817871094 0.015396851759690505 0.015445122352013221
0 0.528532101557805 0.8605139805720403 0.01549823467548077 0.015264657827524038
0 0.5569108449495755 0.911303446843074 0.01786180642934946 0.0177456782414363
0 0.4824702189518855 0.3984486506535457 0.01641684312086839 0.016287877009465143
0 0.8280146672175481 0.2564905056586632 0.018513899583082933 0.01884801571185772
0 0.5524224501389724 0.7618234340961163 0.01685340587909405 0.017018978412334736
0 0.44649432255671573 0.9904340597299429 0.030303808358999398 0.017644442044771634
0 0.46491193771362305 0.7063356546255258 0.020937552818885215 0.021115816556490384
0 0.29934178865872896 0.010552376508712769 0.022861700791579027 0.020096352467170127
0 0.483917052929218 0.03428568748327402 0.025272149306077223 0.025221531207744893
0 0.6151628494262695 0.3924664350656363 0.014765079204852764 0.014970485980694111
0 0.17819503637460563 0.5324758016146146 0.015849773700420674 0.01588755387526292
0 0.7303530619694636 0.11213152225200947 0.01858344444861779 0.018251639146071214
0 0.5794814916757437 0.691132692190317 0.016516905564528245 0.01651177039513221
0 0.6468194814828726 0.13149670454171988 0.01640143761268029 0.016623497009277344
0 0.2633065443772536 0.1230165224808913 0.020739041841947116 0.021207075852614183
0 0.5124648167536809 0.4102953397310697 0.017928636991060697 0.017414973332331732
0 0.39893810565655047 0.4011813677274264 0.01750029050386869 0.01767305227426382
0 0.5655660629272461 0.6072012094350961 0.01696351858285757 0.01690248342660757
0 0.7227647487933819 0.6490869522094727 0.016693555391751803 0.01669487586388221
0 0.7828408754788913 0.67077820117657 0.020949877225435697 0.020035670353816107
0 0.630091667175293 0.21587012364314154 0.017284099872295674 0.016960510840782754
0 0.48950686821570766 0.8055315751295823 0.016394688532902643 0.016705439640925482
0 0.5091759241544284 0.40928136385404146 0.016738524803748496 0.017146917489858773
0 0.6952664301945612 0.31603941550621617 0.021740253155048076 0.022091498741736777
0 0.31739117549015927 0.8499826284555289 0.028442511191734902 0.028188558725210335
0 0.7242669325608474 0.4844543750469501 0.023615617018479567 0.023119266216571514
0 0.8105992537278396 0.4866816447331355 0.015090502225435697 0.014824500450721154
0 0.6985064286452073 0.5088962408212515 0.014420582697941707 0.014865435086763822
0 0.5761528381934533 0.00817730392401035 0.015818669245793268 0.014205569258103004
0 0.4946751227745643 0.06814152919329129 0.020747551551231973 0.021185113833500788
0 0.3562820874727689 0.806088374211238 0.016677122849684495 0.01680330129770132
0 0.18164924474862906 0.6899890899658203 0.03606436802790715 0.03538865309495192
0 0.8362645369309646 0.3798144780672513 0.020588801457331732 0.02174553504356971
0 0.2704589000115028 0.29038337560800404 0.02289412571833684 0.02289720681997446
0 0.5762805205125076 0.4231095314025879 0.016550430884728067 0.01674996889554537
0 0.3684989855839656 0.08207891537592961 0.01546463599571815 0.015428510996011587
0 0.41431801135723406 0.6909228838407077 0.017831949087289665 0.017894598153921273
0 0.6567491384652945 0.3938766626211313 0.017575190617487982 0.017254756047175482
0 0.6310986738938552 0.22557950019836426 0.020507225623497598 0.020643307612492487
0 0.4521170396071214 0.3449999735905574 0.02549919715294471 0.02529452397273137
0 0.7053453005277194 0.6366481781005859 0.02167657705453726 0.02122336167555589
0 0.12179468228266789 0.10501386569096492 0.024678120246300332 0.02407972629253681
0 0.6306241842416617 0.17039042252760667 0.01579915560208834 0.01601409912109375
0 0.45135263296274036 0.33614540100097656 0.016955008873572715 0.01667932363656851
0 0.09777235984802246 0.23521069379953238 0.0159451778118427 0.01586492245013897
0 0.6106416262113131 0.796212416428786 0.017331636868990384 0.017245366023137018
0 0.47760655329777646 0.34815821280846226 0.02072481008676382 0.021242801959698018
0 0.41776301310612607 0.350004819723276 0.021905018733097956 0.023003578186035156
0 0.4944016383244441 0.2793544622567984 0.01604916499211238 0.01615560971773588
0 0.4375407879169171 0.7341310060941256 0.02095948732816256 0.020295069767878607
0 0.8793157430795523 0.08142682222219613 0.018030606783353366 0.018162071704864502
0 0.42972898483276367 0.5327230600210336 0.017923575181227464 0.01788916954627404
0 0.18028457348163313 0.10270413985619178 0.018595402057354268 0.018474285419170674
0 0.40125003227820766 0.3850505535419171 0.01625677255483774 0.01598666264460637
0 0.2733371074383075 0.05336003120128925 0.014302400442270132 0.014861042682941143
0 0.8701166006234976 0.25473191187931943 0.01526348407451923 0.015270306513859676
0 0.3463470752422626 0.4279292913583609 0.015416732201209435 0.015996786264272835
0 0.5696758857140174 0.6103208248431866 0.01675862532395583 0.016094207763671875
0 0.12241693643423227 0.89055662888747 0.017708741701566257 0.017849115224984977
0 0.3462516711308406 0.5302620667677659 0.025237376873309795 0.02529114943284255
0 0.17595390173105094 0.690031124995305 0.03053870567908654 0.03144498971792368
0 0.7810478944044846 0.1089774095095121 0.013571665837214543 0.013475308051476112
0 0.2698187461266151 0.5108758486234225 0.016905711247370794 0.016921263474684495
0 0.5671991201547476 0.19167738694411057 0.018638244042029746 0.019211842463566706
0 0.2118823344890888 0.05930949174440824 0.02859321007361779 0.029442897209754355
0 0.40695964373075044 0.8971534875723032 0.018943126385028545 0.018897276658278245
0 0.6140275368323693 0.03547126513261061 0.02647575965294471 0.025638992969806377
0 0.6041169900160569 0.2906485337477464 0.013352760901817909 0.013832165644719051
0 0.2621670136084923 0.8264038379375751 0.015709730295034554 0.016415816086989183
0 0.846836676964393 0.527485884152926 0.017276177039513223 0.01749897003173828
0 0.4505708401019757 0.4220294952392578 0.015967955956092246 0.01582175034743089
0 0.1469105757199801 0.9728513130774865 0.026630108173076924 0.026705375084510215
0 0.7765633509709284 0.8898778328528771 0.014915172870342549 0.014471640953650841
0 0.6316589942345252 0.18867918161245492 0.023377491877629206 0.02430409651536208
0 0.34199069096491885 0.8436117905836839 0.021282782921424277 0.020855830265925482
0 0.5399875640869141 0.09967533441690299 0.021924972534179688 0.022002165134136494
0 0.3498532221867488 0.10206266549917367 0.016822081345778245 0.016548706935002253
0 0.5576896667480469 0.7524742713341346 0.01621847886305589 0.015875596266526442
0 0.7833166856032151 0.6184101104736328 0.018858982966496393 0.01839608412522536
0 0.30122485527625453 0.3966641426086426 0.018898743849534255 0.018743001497708835
0 0.7886220491849459 0.6950016021728516 0.016968800471379206 0.016520133385291465
0 0.658017085148738 0.7401640965388372 0.018900357759915866 0.018960072444035456
0 0.5349177213815542 0.7001065474290115 0.015233259934645433 0.015221815842848558
0 0.3797016877394456 0.3647215182964618 0.02054287837101863 0.019245000985952523
0 0.5883173942565918 0.6118800456707294 0.0144959963285006 0.014762511620154748
0 0.7923253866342398 0.7317226116473858 0.022296318641075723 0.021406026986929085
0 0.21187147727379432 0.6350546616774339 0.013243675231933594 0.013280428372896634
0 0.8043315594012921 0.18557031338031477 0.01542370135967548 0.015720037313608024
0 0.8987098106971154 0.5340586809011606 0.017133566049429085 0.01679391127366286
0 0.46044628436748797 0.6208276015061599 0.017655152540940505 0.017656473013070915
0 0.6815719604492188 0.06057479289861826 0.015308967003455529 0.015375623336205116
0 0.5378742584815392 0.9018086653489333 0.024952081533578727 0.024029364952674277
0 0.1718107003432054 0.00976131627192864 0.024797806373009317 0.018459661648823664
0 0.47634374178372896 0.032840646230257474 0.018372388986440804 0.019031753906836875
0 0.594028326181265 0.8976883521446815 0.02495464911827674 0.028723936814528245
0 0.21638582302973822 0.06331078364298894 0.019494386819692757 0.020182215250455417
0 0.7621049147385818 0.1417531050168551 0.022158109224759616 0.021813135880690355
0 0.8320768062884991 0.37447694631723255 0.01753396254319411 0.017209566556490384
0 0.7492523193359375 0.3118524184593788 0.021105546217698317 0.02115909869854267
0 0.4515095123877892 0.33970051545363206 0.02105602851280799 0.02106446486253005
0 0.440189948448768 0.6648462735689603 0.02281056917630709 0.023379692664513223
0 0.7932976942795974 0.49485045212965745 0.01597771277794471 0.01593193641075721
0 0.8161521324744592 0.41006011229295 0.014497463519756611 0.014457482558030348
0 0.7578372955322266 0.13746151557335487 0.022425431471604567 0.021818014291616585
0 0.3358763181246244 0.35386074506319487 0.025232901939978965 0.0255281741802509
