0 0.3506930057819073 0.8952431311974158 0.24573553525484526 0.2046485314002404
0 0.20200725702139047 0.6624968602107122 0.051298948434682995 0.05150604248046875
0 0.22804847130408654 0.8738872087918795 0.07242272450373723 0.0718548114483173
0 0.18465163157536432 0.8432866610013522 0.04624388768122746 0.04652536832369291
0 0.9027982858511118 0.2140645614037147 0.047086275540865384 0.04682636260986328
0 0.05416359351231502 0.41016263228196365 0.04483785996070275 0.04459659869854267
0 0.5228787202101487 0.44113922119140625 0.029494065504807692 0.029456211970402643
0 0.5746497374314529 0.3133687973022461 0.032770010141225964 0.032493224510779746
0 0.9826032198392428 0.4362512001624474 0.023048547598031852 0.02301186781663161
0 0.5850000381469727 0.07537254920372596 0.03652469928448017 0.03705066900986891
0 0.5560409105741061 0.20505314606886643 0.03887308560884916 0.03922088329608624
0 0.25139370331397426 0.07680454162450936 0.027687219473031852 0.027741331320542555
0 0.8176127213698167 0.12860952890836275 0.025360694298377402 0.02532515159020057
0 0.40162262549767125 0.7269671513484075 0.04034996032714844 0.03997670687161959
0 0.49300333169790417 0.6761414454533503 0.0409399912907527 0.04113622812124399
0 0.3973603615394005 0.21110859284034142 0.03070178398719201 0.030450747563288763
0 0.7827523304865911 0.7592477064866286 0.026004791259765625 0.025751847487229567
0 0.8190853412334735 0.2566920793973483 0.02114721444936899 0.021015167236328125
0 0.9628086823683518 0.4907210423396184 0.022120842566856973 0.02207521291879507
0 0.33623409271240234 0.9117480057936448 0.021108260521521933 0.021207662729116585
0 0.28952761796804577 0.2987780204186073 0.2299023041358361 0.23108122898982122
0 0.7713488065279447 0.2104647709773137 0.02708772512582632 0.02687813685490535
0 0.31158263866718 0.33188937260554385 0.023016929626464844 0.023000130286583535
0 0.935325549199031 0.4720766727740948 0.019982264592097357 0.020091496981107272
0 0.04364602382366474 0.3506309069119967 0.024827042451271646 0.02470860114464393
0 0.055971113535074085 0.5954883282001202 0.023501276969909668 0.023688389704777643
0 0.315069895524245 0.7046855779794546 0.020491306598369893 0.020687690147986777
0 0.6283831963172326 0.4062059842623197 0.022144317626953125 0.022269542400653545
0 0.5861380650446966 0.05184108018875122 0.02993613023024339 0.030704764219430778
0 0.44132335369403547 0.7085499396690955 0.026338944068321817 0.026507744422325723
0 0.0843815069932204 0.850110127375676 0.033418467411628135 0.03367878840519832
0 0.07416369364811824 0.689053462101863 0.03694378412686861 0.037337083082932696
0 0.7675870748666617 0.3976752574627216 0.019950279822716348 0.019620308509239785
0 0.4153889876145583 0.6415793345524714 0.031972298255333535 0.031737987811748795
0 0.8417558670043945 0.16028178655184233 0.019951453575721152 0.01984695287851187
0 0.28338945828951323 0.9094816354604868 0.01954232729398287 0.01975411635178786
0 0.040640450440920316 0.04058702175433819 0.029311436873215895 0.02924086726628817
0 0.286378603715163 0.36074671378502476 0.023972071134127103 0.02384031735933744
0 0.2896314767690805 0.6750981257512019 0.02296649492703951 0.022974014282226562
0 0.729098393366887 0.31184955743642956 0.022884368896484375 0.022858032813439004
0 0.6383118262657752 0.13148093223571777 0.017571522639347956 0.0174716069148137
0 0.25983333587646484 0.7223450587346003 0.026506864107572116 0.026593134953425482
0 0.3190547502957858 0.9898385267991286 0.021622290978064902 0.016611539400540866
0 0.10956758719224197 0.8226781991811899 0.039710668417123646 0.039453946627103366
0 0.9378185272216797 0.4249037229097806 0.01798673776479868 0.0178073002741887
0 0.5713591208824744 0.3838179661677434 0.018585058358999398 0.01859430166391226
0 0.9183667256281927 0.8048446361835186 0.02781061025766226 0.027751042292668268
0 0.968635632441594 0.3210898546072153 0.019423411442683294 0.01945627652681791
0 0.4915636869577261 0.1127939957838792 0.017488773052509014 0.017379614023061898
0 0.2616457939147949 0.6461458206176758 0.01961407294640174 0.019759691678560697
0 0.7219046079195462 0.34481220978956956 0.019259232741135817 0.019480558542104866
0 0.9540635622464694 0.09864346797649677 0.022137275108924277 0.022330247438870944
0 0.12507286438575158 0.5995962436382587 0.017334791330190804 0.01712204859806941
0 0.673865978534405 0.9808042966402494 0.01970393841083233 0.020155980036808893
0 0.9812531104454627 0.2285939730130709 0.017760643592247598 0.01775213388296274
0 0.8403538923997146 0.412110842191256 0.018239241379957933 0.018181507404033955
0 0.7229551168588492 0.9848465552696815 0.021469703087439902 0.0217282221867488
0 0.0818569935285128 0.131928223830003 0.01827825032747709 0.01830145028921274
0 0.8350846950824444 0.1788627184354342 0.02376585740309495 0.023406248826246995
0 0.9351851389958308 0.23525892771207368 0.03629302978515625 0.0372460071857159
0 0.36425143021803635 0.9569291334885818 0.018654823303222656 0.018812032846304085
0 0.04019273702914898 0.6937843469473032 0.029407785489008978 0.02937463613656851
0 0.6720658815824069 0.3256562306330754 0.019511002760667067 0.019294885488656852
0 0.6258484767033503 0.27283892264732945 0.020423008845402643 0.020373784578763522
0 0.7746765430157001 0.11525570429288425 0.019161811241736777 0.019229742196890023
0 0.17645854216355544 0.8871063819298377 0.031117879427396335 0.03142254169170673
0 0.4579589550311749 0.6595724545992337 0.021596174973707933 0.02169315631573017
0 0.7357045687161959 0.22954207200270432 0.01735657912034255 0.017399934621957634
0 0.7029358790471003 0.6389077993539664 0.027337000920222357 0.0275265620304988
0 0.5352743588961087 0.35920099111703724 0.025458849393404447 0.025697781489445612
0 0.355037469130296 0.4752680705143855 0.029856094947228067 0.029776793259840745
0 0.5963223897493802 0.17904167908888596 0.02052439176119291 0.020551241361177884
0 0.5362644195556641 0.964694830087515 0.01865724416879507 0.01871637197641226
0 0.6942069713885968 0.06525757679572472 0.017246539776141826 0.01751817189730131
0 0.010969063410392174 0.9337943150446966 0.014162017748906063 0.018404300396259014
0 0.10334132267878605 0.038411041864982017 0.017507608120258037 0.017590096363654502
0 0.18012010134183443 0.24686754666841948 0.016374734731820915 0.01604747772216797
0 0.18662441693819487 0.7588790013239934 0.025963196387657754 0.025961655836838942
0 0.7721991905799279 0.0939635313474215 0.016713069035456732 0.016527946178729717
0 0.9902948966393104 0.25844706021822417 0.01775638873760517 0.025427965017465446
0 0.5982234661395733 0.10123060299799992 0.01665496826171875 0.016871268932635967
0 0.9737852536714994 0.15349593529334435 0.02983826857346755 0.029465638674222507
0 0.7086309286264273 0.9459108205942007 0.026041764479417067 0.02618261483999399
0 0.8613731677715595 0.19548643552339995 0.023794907789963942 0.023785884563739482
0 0.14020611689640924 0.37148284912109375 0.0198976810161884 0.020008674034705527
0 0.3188822819636418 0.0661993485230666 0.01992489741398738 0.020120510688194863
0 0.8739560934213492 0.5108707134540265 0.020603033212515023 0.020730972290039062
0 0.19115046354440543 0.39892130631666917 0.05640334349412184 0.05601589496319111
0 0.630500866816594 0.3617729407090407 0.015812213604266826 0.016000967759352464
0 0.9310748760516827 0.1255028247833252 0.016205420860877402 0.01650406764103816
0 0.056912944867060736 0.24745438649104193 0.019570387326754056 0.01985469231238732
0 0.293794191800631 0.02294270808880146 0.01686690403864934 0.016947567462921143
0 0.7887291541466346 0.9744992622962365 0.027301788330078125 0.027413441584660456
0 0.31168497525728667 0.8364198391254132 0.018959210469172552 0.01911001939039964
0 0.3661836110628568 0.860302631671612 0.017556117131159857 0.017538950993464544
0 0.8346385222214919 0.5042976232675406 0.01970041715181791 0.019565875713641826
0 0.927611571091872 0.9069998080913837 0.016503554124098558 0.016557840200570915
0 0.11536414806659405 0.7218582446758564 0.01814378224886381 0.018209017240084134
0 0.367712534390963 0.9252815246582031 0.01645352290226863 0.016554759098933294
0 0.800026380098783 0.8303910768949069 0.014725465040940505 0.014802492581881009
0 0.2852446115933932 0.49078959685105544 0.023630949167104866 0.023675184983473558
0 0.27632661966177136 0.8787039243257962 0.020127149728628304 0.019960843599759616
0 0.7538866629967322 0.10715079307556152 0.015453338623046875 0.015378621908334585
0 0.7631664276123047 0.3097629180321327 0.015629401573768027 0.016020481403057393
0 0.543784288259653 0.30971783858079177 0.015458327073317308 0.015344491371741662
0 0.9688257070688101 0.5689273980947641 0.019147139329176683 0.019352546105018027
0 0.6626093937800481 0.054080422107989974 0.016203660231370192 0.015837357594416693
0 0.8118755634014423 0.6986702405489408 0.015918438251201924 0.015967149000901442
0 0.9255101130558894 0.1995877486008864 0.031160941490760215 0.030824881333571214
0 0.052086509191072904 0.8902028157160833 0.016411817990816556 0.016696929931640625
0 0.39456697610708386 0.6770498569195087 0.028854223398061898 0.028661581186147835
0 0.9714846977820764 0.6291532516479492 0.018471351036658652 0.018648294302133415
0 0.7520714539747971 0.06646912831526536 0.018944373497596152 0.018960778529827412
0 0.9170108208289514 0.03474562901716966 0.01593956580528846 0.015931138625511758
0 0.8864864936241736 0.06453176645132211 0.015326279860276442 0.015514758917001577
0 0.412744008577787 0.12894656107975885 0.015084780179537259 0.015078911414513221
0 0.5844387274522048 0.27375298279982346 0.015447103060208835 0.015348727886493389
0 0.15929720951960638 0.10814307286189152 0.01939838666182298 0.019213016216571514
0 0.9228418790377103 0.561121940612793 0.017729832575871393 0.01764532235952524
0 0.3115660594059871 0.08703943399282602 0.01617717742919922 0.016571998596191406
0 0.3704235370342548 0.7462830176720252 0.025934952955979567 0.026033548208383415
0 0.027723848819732666 0.7940004788912259 0.016512375611525316 0.016541407658503607
0 0.49090389104989857 0.33973400409405047 0.01738731677715595 0.01763490530160757
0 0.5370065982525165 0.014032049820973324 0.019869877741887018 0.01992194469158466
0 0.14069399466881385 0.0330595626280858 0.016419263986440804 0.01657910071886503
0 0.37826985579270583 0.4039161755488469 0.017510340763972357 0.01739193842961238
0 0.12779664993286133 0.4500095294072078 0.024489659529465895 0.024446487426757812
0 0.11533460250267616 0.6550058218149039 0.016045350294846755 0.016232710618239183
0 0.39757193051851714 0.5745915632981521 0.048635629507211536 0.048848665677584134
0 0.6140219615055964 0.5046752049372747 0.01986239506648137 0.020077925461989183
0 0.5217022529015174 0.007289700783216036 0.014350597675030049 0.012930503258338341
0 0.43053439947275013 0.19334208048306978 0.01503614278940054 0.015026422647329478
0 0.3456706267136794 0.140068925344027 0.014527394221379207 0.014358997344970703
0 0.9330544838538537 0.0659873760663546 0.0159912109375 0.01601252189049354
0 0.6524765308086689 0.6984060727632962 0.01836057809682993 0.018190530630258415
0 0.32132478860708386 0.7402775104229267 0.019626030555138223 0.019888804509089544
0 0.9749992077167218 0.17055718715374285 0.0289459228515625 0.028490580045259915
0 0.23058839944692758 0.1487880486708421 0.02471307607797476 0.02472664759709285
0 0.6264774615948017 0.2961465028616098 0.01828134976900541 0.018412003150353067
0 0.9298741267277644 0.48769481365497297 0.014510228083683895 0.014432760385366587
0 0.2505437960991493 0.7038986499492939 0.019765046926645134 0.019720077514648438
0 0.4282407027024489 0.7735899411714994 0.017302293043870192 0.01738915076622596
0 0.9426982586200421 0.12169768260075496 0.019305302546574518 0.01922471706683819
0 0.898314329294058 0.8275648263784555 0.016312525822566107 0.016206007737379808
0 0.9705063012930063 0.909760255080003 0.015945287851186898 0.015964508056640625
0 0.06779062747955322 0.8093557357788086 0.04153035237238957 0.04180233295147236
0 0.054137770946209245 0.8138646345872146 0.023562266276432917 0.023290193997896634
0 0.7386439396784856 0.6309592907245343 0.015747657189002402 0.016031411977914665
0 0.6126989217904898 0.8916275317852314 0.040732310368464544 0.04143436138446514
0 0.8444825685941256 0.5125648791973407 0.014428798968975361 0.014619533832256611
0 0.8386918581449069 0.9930929037240835 0.019998990572415866 0.012601705697866587
0 0.6645758702204778 0.8998590616079477 0.030933967003455527 0.030554551344651442
0 0.9402540647066556 0.7957910391000601 0.019153008094200723 0.0191195561335637
0 0.8949326735276443 0.9788342989408053 0.057098095233623795 0.039441475501427285
0 0.25165680738595814 0.7797605074368991 0.02456775078406701 0.02401909461388221
0 0.6138428174532377 0.47864781893216646 0.020433572622445915 0.02040584270770733
0 0.91986450782189 0.2515217707707332 0.020967923677884616 0.021532865671011116
0 0.7737514055692233 0.33095983358529896 0.01490020751953125 0.014960289001464844
0 0.4691009521484375 0.9769442631648138 0.01592115255502554 0.01565419710599459
0 0.12492938225085919 0.8991197439340445 0.017087459564208984 0.016791417048527643
0 0.6263649280254657 0.1752170416025015 0.01677703857421875 0.016733169555664062
0 0.736381090604342 0.39509883293738735 0.014940555279071514 0.014849002544696514
0 0.33306180513822115 0.4078943179203914 0.04376411437988281 0.043480873107910156
0 0.10234737396240234 0.4110248272235577 0.04929575553307167 0.04932330204890324
0 0.020323391144092266 0.49993060185359073 0.01501158682199625 0.015028880192683293
0 0.7403216728797326 0.007694505728208101 0.0176388667179988 0.01416899378483112
0 0.6949216402493991 0.16734843987684983 0.014715341421274038 0.014832129845252404
0 0.7795300116905799 0.8994007110595703 0.01572418212890625 0.015100625845102163
0 0.13354936012854943 0.5517739516038161 0.014387717613807091 0.014522552490234375
0 0.5271594707782452 0.871031247652494 0.01461043724646935 0.014676901010366587
0 0.010039318066376906 0.2821351198049692 0.013826367946771475 0.014715488140399639
0 0.7549294691819411 0.8955465463491586 0.014612638033353366 0.014461370614858774
0 0.8374702747051532 0.34485963674692005 0.014461810772235576 0.014664283165564904
0 0.6604496882512019 0.34977160967313325 0.01833211458646334 0.018339157104492188
0 0.7857701228215144 0.25710689104520357 0.014978115375225361 0.015177506666917067
0 0.7410207161536584 0.9660471402681791 0.03089171189528245 0.030836838942307692
0 0.029180664282578688 0.9188219217153696 0.01592171650666457 0.015978006216195915
0 0.2248088763310359 0.8230472711416391 0.015221155606783353 0.015550906841571514
0 0.23180934099050668 0.9590546534611628 0.01751874043391301 0.017815369826096755
0 0.14315440104557917 0.28205132484436035 0.03451978243314303 0.03496357110830454
0 0.6168572352482722 0.9177636366624099 0.025631244365985576 0.025737469012920674
0 0.28510060677161586 0.8417072296142578 0.02847906259390024 0.028252088106595553
0 0.09119623440962571 0.007361260744241567 0.01877900270315317 0.013753120715801533
0 0.7826752295860877 0.6528888115516076 0.015029026911808895 0.014888763427734375
0 0.9307087384737455 0.35156822204589844 0.015985782329852764 0.016089366032527044
0 0.4885973563561073 0.9410950587346003 0.014252736018254207 0.014029576228215145
0 0.703620984004094 0.7504204970139724 0.014326535738431491 0.014288682204026442
0 0.7397561440101037 0.10284917171184833 0.017247126652644232 0.017293709975022536
0 0.6787191537710336 0.2520728844862718 0.014753781832181491 0.014590630164513221
0 0.6925719334528997 0.4727400266207181 0.06248606168306791 0.06303552480844352
0 0.754982434786283 0.4418121851407565 0.014697588407076322 0.015035555912898136
0 0.9747192676250751 0.02466747393974891 0.04622356708233173 0.04841199288001427
0 0.027920755056234505 0.5311322579017053 0.028136253356933594 0.027910525982196514
0 0.2970259739802434 0.4654107460608849 0.017392892103928786 0.017872737004206732
0 0.6071553230285645 0.03806139414127056 0.01646137237548828 0.0165635347366333
0 0.17271392162029559 0.436833014855018 0.01906736080463116 0.019146479093111478
0 0.47316646575927734 0.8135179372934195 0.023038350618802585 0.023328634408804085
0 0.8860657031719501 0.6421344463641827 0.01639410165640024 0.016414642333984375
0 0.9614279820368841 0.6027804888211764 0.017367142897385817 0.017376826359675482
0 0.5331239333519568 0.15097224712371826 0.018641838660606973 0.018633310611431416
0 0.3227020777188815 0.4735287152803861 0.021579742431640625 0.02171178964468149
0 0.011042165068479685 0.5135817527770996 0.018633789741075955 0.02587721898005559
0 0.6298119471623347 0.9360840137188251 0.017848675067608174 0.018053494966947116
0 0.5666502805856558 0.6993440481332632 0.061113797701322116 0.061369675856370196
0 0.4181113609900841 0.39939234806941104 0.015462875366210938 0.015406095064603366
0 0.06632367922709538 0.06584725471643302 0.014887360426095815 0.014812515332148625
0 0.44324676807110125 0.643861330472506 0.02049079308143029 0.020653798029972956
0 0.20684711749737078 0.9460233541635367 0.03099199441763071 0.03077521690955529
0 0.6163269189687876 0.8876131497896634 0.04901944673978365 0.05023530813363882
0 0.9372883576613206 0.7432936154879056 0.014237917386568509 0.014284574068509616
0 0.7210561312161959 0.07629189124474159 0.019452315110426683 0.019147597826444186
0 0.7857588254488431 0.5806343372051532 0.015685448279747598 0.01604608389047476
0 0.31942059443547177 0.3124573780940129 0.014585935152493991 0.015004799916194035
0 0.31030104710505557 0.5545239815345178 0.013876694899338942 0.013924672053410457
0 0.30632591247558594 0.4862543252798227 0.01927493168757512 0.01934198232797476
0 0.8275171426626352 0.1134804762326754 0.014024587777944712 0.014196249154897837
0 0.2384963585780217 0.599276982820951 0.0148773560157189 0.014861767108623799
