0 0.8170028099646935 0.4362946290236253 0.0397039560171274 0.039859918447641224
0 0.553688489473783 0.7816317631648138 0.04498731173001803 0.045024871826171875
0 0.7473678588867188 0.028993725776672363 0.028430058405949518 0.02832311850327712
0 0.5837290837214544 0.06590902346831101 0.033524733323317304 0.03357873513148381
0 0.6209758611825796 0.9711344792292669 0.03678556588979868 0.03667435279259315
0 0.3669500717749962 0.9250997396615835 0.03928228525015024 0.03970938462477464
0 0.6391173876248873 0.031666691486652083 0.021793365478515625 0.021715696041400615
0 0.5109014511108398 0.9112644195556641 0.02929548116830679 0.02937933114858774
0 0.37810354966383714 0.5491756659287673 0.034291634192833535 0.03435032184307392
0 0.2548061884366549 0.7565215184138372 0.03210573930006761 0.03243945195124699
0 0.48552711193378156 0.10825467109680176 0.029303770798903245 0.02935314178466797
0 0.847999279315655 0.5554700264563928 0.028858184814453125 0.0288238525390625
0 0.5088972678551307 0.5792531600365272 0.02316137460561899 0.02330332535963792
0 0.29714224888728213 0.9058785071739783 0.030947391803448018 0.03130604670597957
0 0.09110724925994873 0.3451983011685885 0.01906884633577787 0.019351739149827223
0 0.7120263759906476 0.09452447524437538 0.020734053391676683 0.020964549137995794
0 0.27164578437805176 0.5058567707355206 0.03304576873779297 0.03311626727764423
0 0.9356109912578876 0.3563245626596304 0.02678827139047476 0.02665402339054988
0 0.44260149735670823 0.9107511960543119 0.02072569040151743 0.02067287151630108
0 0.9204170520489032 0.4981743005605844 0.030308943528395433 0.03037848839393029
0 0.47501105528611404 0.9435250208928034 0.019830923814039964 0.01991858849158654
0 0.4687855060283954 0.6429069225604718 0.01916613945594201 0.019235757681039665
0 0.8224572401780349 0.26932899768535906 0.025941115159254808 0.026218597705547627
0 0.9573571131779597 0.2911220880655142 0.029368767371544473 0.029479210193340596
0 0.7839744274432843 0.33178204756516677 0.02202459482046274 0.021954169640174277
0 0.15973138809204102 0.2539811867934007 0.0176164278617272 0.017668650700495794
0 0.05198137118266179 0.13004236954909104 0.019683260184067946 0.019721801464374248
0 0.5661969551673303 0.6686378625723032 0.021078843336838942 0.02109982417179988
0 0.47722482681274414 0.7125044602614182 0.01827416053185096 0.01851683396559495
0 0.2787550412691556 0.8426149808443509 0.023970603942871094 0.02369235112116887
0 0.8927734815157377 0.4278685496403621 0.024388680091271035 0.024303582998422477
0 0.8616372621976413 0.5191387763390174 0.022509941687950723 0.022670525770920973
0 0.6861278827373798 0.3964442473191481 0.01896520761343149 0.018696124737079326
0 0.9436830373910757 0.38004647768460786 0.02265343299278846 0.022620494549091045
0 0.09338847490457389 0.2912421409900372 0.03108633481539213 0.0312192256634052
0 0.5615731752835788 0.07903121067927434 0.01971861032339243 0.019973589823796198
0 0.21738059704120344 0.5594687828650842 0.024443699763371393 0.02462621835561899
0 0.7353542034442608 0.12974920639624962 0.01942619910606971 0.019466510185828574
0 0.39529939798208386 0.42017621260422927 0.022134780883789062 0.022259638859675482
0 0.32756449626042294 0.35763879922720104 0.02090938274676983 0.020929263188288763
0 0.2150900547321026 0.14255446654099685 0.01902173115656926 0.01917442908653846
0 0.967795151930589 0.46598082322340745 0.02040892380934495 0.020252447861891527
0 0.6305254422701322 0.4560198417076698 0.02007323044996995 0.02019926217886118
0 0.44925315563495344 0.46934964106633115 0.028814315795898438 0.028760249798114482
0 0.30002084145179164 0.015635983302043036 0.023373750539926384 0.023212519975808952
0 0.5730086840116061 0.04341714657269991 0.01941402141864483 0.019439046199505147
0 0.6252491290752704 0.2844934096703163 0.024674085470346305 0.024682961977445163
0 0.7113607846773587 0.8115259317251352 0.01969293447641226 0.019589644211989183
0 0.12229072130643405 0.041571585031656116 0.018592687753530648 0.01848159386561467
0 0.89099671290471 0.040083931042597845 0.018483382004957933 0.018771169277337883
0 0.19079124010526216 0.9771019862248347 0.02247458237868089 0.022491455078125
0 0.6290242121769831 0.12344585932218112 0.02370628943810096 0.023432181431696966
0 0.5654637996967022 0.8495800311748798 0.018671035766601562 0.018760240994966947
0 0.49803733825683594 0.6840082315298227 0.021226002619816706 0.02151342538686899
0 0.6835602246798002 0.9582175474900466 0.018641105064978965 0.018515953650841348
0 0.6623839598435622 0.8685554357675406 0.024695323063777044 0.024697377131535456
0 0.5843315124511719 0.5614615220289964 0.017994807316706732 0.017962822547325723
0 0.13240856390732986 0.6308968617365911 0.017790721012995794 0.017809060903695915
0 0.27643746596116286 0.2673067863170917 0.01842476771428035 0.01839648760282076
0 0.3709261967585637 0.8828236506535456 0.01990641080416166 0.019951306856595553
0 0.8889704484205979 0.49823474884033203 0.017585167518028848 0.01758736830491286
0 0.8708719840416541 0.5541458496680627 0.018867932833158053 0.018817608173076924
0 0.5847163567176232 0.7432641249436599 0.019027563241811898 0.019191888662484977
0 0.5943650098947378 0.35807286776029146 0.017136206993689902 0.017089036794809196
0 0.04618083513700045 0.20238826825068548 0.017525267142515916 0.01748345448420598
0 0.660399290231558 0.6898385561429538 0.017364061795748197 0.017161149245042067
0 0.4312772750854492 0.7164495174701397 0.01951423058143029 0.019427959735576924
0 0.8096457994901217 0.10956756885235126 0.034120412973257214 0.0349879631629357
0 0.08985717479999249 0.1681523323059082 0.018456697463989258 0.0184020262498122
0 0.806862317598783 0.6605274493877704 0.017077225905198317 0.016846436720628005
0 0.48475078436044544 0.21516473476703352 0.01605818821833684 0.016112694373497598
0 0.7205065213716947 0.9691714506882888 0.021094689002403848 0.021047005286583535
0 0.2934584434215839 0.7704288042508639 0.018172154059776895 0.017794975867638223
0 0.33362183204064 0.5697812667259803 0.02020725837120643 0.020191339346078727
0 0.7684640150803786 0.5149683952331543 0.01568427452674279 0.015759761516864482
0 0.3084210982689491 0.11043566923875076 0.01890864739051232 0.01879292268019456
0 0.34770782177264875 0.8527367665217473 0.02116548098050631 0.021255346444936898
0 0.043999781975379355 0.5118730251605694 0.016719632423841037 0.016576473529522236
0 0.603497945345365 0.15252433373377874 0.018807044396033652 0.018789969957791842
0 0.7062625885009766 0.4560551276573768 0.016509129450871393 0.016681744502140924
0 0.8823918562669021 0.14388293486375076 0.017308161808894232 0.017446077786959134
0 0.3983606925377479 0.6905062748835638 0.04187965393066406 0.04167498075045072
0 0.2739357581505409 0.7022693340594952 0.01948261260986328 0.0197445796086238
0 0.2879509925842285 0.38637271294227016 0.023486797626201924 0.02377429375281701
0 0.7445772611177884 0.7116402846116286 0.017683762770432692 0.017641507662259616
0 0.8525648850661057 0.4166416021493765 0.019984905536358174 0.019697189331054688
0 0.813297858605018 0.23940341289226824 0.01869377723106971 0.01878698055560772
0 0.914959980891301 0.6852682553804837 0.0173947260929988 0.017533522385817308
0 0.7898816328782302 0.5541869677030123 0.020165370060847357 0.020408043494591348
0 0.3815504220815805 0.7425988270686223 0.017078546377328727 0.017336331881009616
0 0.9713645348182092 0.5921836266150842 0.016362116887019232 0.01624268751878005
0 0.2965972606952374 0.6485450451190655 0.01713851781991812 0.017245952899639424
0 0.4573399470402644 0.7768000089205228 0.022450373722956732 0.02223381629356971
0 0.9739550076998197 0.641175416799692 0.018847245436448317 0.01899235065166767
0 0.7945959384624774 0.6981471135066106 0.022513756385216348 0.022539285513070915
0 0.6092302615825946 0.1114973838512714 0.01631795443021334 0.016101323641263522
0 0.3450792385981633 0.2858430605668288 0.01613015394944411 0.016051182380089395
0 0.9538186880258414 0.425138180072491 0.02300115732046274 0.02298391782320463
0 0.2455760148855356 0.19529969875629133 0.01861396202674279 0.018971736614520732
0 0.7445545930128831 0.623442136324369 0.023795201228215143 0.02419134286733774
0 0.1349202669583834 0.32893701700063854 0.018329400282639723 0.018657831045297477
0 0.6332972599909856 0.4171715516310472 0.015841263991135817 0.01601688678448017
0 0.6876754760742188 0.4812498092651367 0.021196805513822116 0.021120805006760817
0 0.2386756676893968 0.46705517402062047 0.016649282895601712 0.016484847435584433
0 0.8489812704233023 0.161163146679218 0.016607137826772835 0.016434018428509053
0 0.9624054248516376 0.40777888664832485 0.01623080326960637 0.01640495887169471
0 0.7352984501765325 0.1627384882706862 0.016369452843299277 0.016511843754695013
0 0.05830410352120033 0.25162392396193284 0.016763723813570462 0.01675246312068059
0 0.573356555058406 0.4931918657743014 0.014942756065955529 0.014942682706392728
0 0.522620861346905 0.5610106174762433 0.01798116243802584 0.017978741572453424
0 0.5893840789794922 0.16765625660236066 0.016989928025465745 0.017115226158728965
0 0.2503432310544528 0.7978200912475586 0.017583406888521634 0.017842806302584134
0 0.8131106450007513 0.5031220362736628 0.016347151536207933 0.016573392427884616
0 0.18981500772329477 0.6549491882324219 0.01609006294837365 0.016190308790940505
0 0.04423793462606577 0.5874906686636118 0.016895826046283428 0.01706695556640625
0 0.726322760948768 0.1453871176793025 0.019403604360727165 0.01911790554340069
0 0.7511138916015625 0.4759170092069186 0.014631711519681491 0.014716808612530049
0 0.7070378523606521 0.11619364298306979 0.020865513728215143 0.0214229913858267
0 0.1067181733938364 0.026801116191423856 0.01609028302706205 0.016276703431056097
0 0.82885191990779 0.010345275585467998 0.017847354595477764 0.017325002413529616
0 0.41687756318312424 0.49736507122333234 0.02101421356201172 0.020879085247333232
0 0.35737022986778844 0.5379406122060922 0.020552855271559495 0.02098230215219351
0 0.3468189973097581 0.5259851308969351 0.023264518150916465 0.023215367243840143
0 0.608457822066087 0.9001823572012094 0.01709270477294922 0.01719328073354868
0 0.3557144311758188 0.27124856068537784 0.016639122596153848 0.016544011922983024
0 0.6560721764197717 0.08425680490640494 0.015254974365234375 0.015305078946627103
0 0.6347923278808594 0.20509718014643744 0.014979142409104567 0.015142257396991435
0 0.2380511210514949 0.9764757889967698 0.01726509974553035 0.017208246084359977
0 0.6952564532940204 0.290248283973107 0.015923133263221152 0.015967735877403848
0 0.2878162677471454 0.29717289484464204 0.017522225013146035 0.017580289107102614
0 0.5838215167705829 0.8619249784029447 0.01765588613656851 0.01788506141075721
0 0.23525021626399115 0.2099007092989408 0.016153849088228665 0.01633761479304387
0 0.3893186862652118 0.04652462555811955 0.01581881596491887 0.01567666347210224
0 0.5678324332604041 0.8938593497643104 0.02560586195725661 0.02542598430926983
0 0.3579067817101112 0.4126022779024564 0.014385076669546274 0.014500764700082632
0 0.763684346125676 0.08408886652726394 0.016382804283728965 0.016582378974327676
0 0.4752803582411546 0.4757239268376277 0.021312640263484076 0.021365532508263223
0 0.8315888918363131 0.7801061776968149 0.02124962439903846 0.020946502685546875
0 0.5581764808067908 0.4178062585683969 0.014263006357046274 0.014519984905536357
0 0.5471993959867038 0.16467022895812988 0.015620965224045973 0.015607907221867489
0 0.2552044758429894 0.3119823749248798 0.018608716818002555 0.0189059330866887
0 0.13760450253119835 0.15239996176499587 0.016373065801767204 0.0162661258990948
0 0.21364457790668195 0.8702967717097356 0.02010998359093299 0.02060978229229267
0 0.948616467989408 0.5422211426955003 0.015895256629356973 0.015813534076397236
0 0.730617669912485 0.5129897044255183 0.015955998347355768 0.01594704848069411
0 0.8433799743652344 0.2803650635939378 0.015950716458834134 0.015891515291654147
0 0.5373659133911133 0.6478173182560847 0.014965057373046875 0.015187336848332332
0 0.8361748915452224 0.5345447246844952 0.018414130577674277 0.01850289564866286
0 0.029787208025272075 0.5640727556668795 0.01747057529596182 0.017425096951998197
0 0.3446332491361178 0.6675348281860352 0.018147982083834134 0.01851052504319411
0 0.34666237464317906 0.7671646705040565 0.015051181499774639 0.015147135807917668
0 0.8677064455472506 0.5981534077570989 0.01764649611253005 0.017754187950721152
0 0.07477773152864896 0.24521062924311712 0.016469130149254434 0.01668831018301157
0 0.9464112795316256 0.26134450619037336 0.015585825993464543 0.01558215801532452
0 0.2263184327345628 0.08974398099459134 0.01574054131141076 0.015860264117901143
0 0.2584518285898062 0.1297034483689528 0.015943600581242487 0.016157150268554688
0 0.11943709850311279 0.09807957135714017 0.014819456980778621 0.014872991121732272
0 0.26943188447218674 0.34760383459237904 0.015219981853778545 0.015274341289813701
0 0.17182243787325346 0.5609582020686223 0.016709144298846904 0.017330022958608773
0 0.2621964674729567 0.10106589243962215 0.016125312218299277 0.016033722804142878
0 0.8351207879873422 0.24764104989858773 0.025085009061373197 0.02482186830960787
0 0.12458566518930289 0.42840924629798305 0.015529724267812876 0.015656324533315804
0 0.8431031153752253 0.6317863464355469 0.014632885272686299 0.014959775484525241
0 0.34853542768038237 0.7266688713660607 0.021407640897310697 0.02138343224158654
0 0.015094894629258376 0.6279107607327975 0.01935856617414034 0.019623683049128607
0 0.6970809789804312 0.4671540627112755 0.021888292752779447 0.021685233482947715
0 0.7887303278996394 0.9880761366624099 0.020517789400540866 0.018708155705378607
0 0.6807485727163461 0.24597754845252404 0.015352102426382212 0.015706209036020134
0 0.4096499956571139 0.18255134729238656 0.019033432006835938 0.018999686607947715
0 0.45335890696598935 0.39325541716355544 0.018440686739408053 0.018638170682466947
0 0.391476924602802 0.21582819865300104 0.021227323091947116 0.021321956927959736
0 0.42637304159311146 0.05791306495666504 0.015556775606595553 0.015602551973783053
0 0.32379935337946963 0.2454693867610051 0.016363217280461237 0.016545222355769232
0 0.9935505206768329 0.5832565014178936 0.012341132530799279 0.017644442044771634
0 0.40753621321458083 0.33564098064716047 0.02035214350773738 0.020461009098933294
0 0.04387383277599628 0.2428427659548246 0.016375158841793355 0.01625959689800556
0 0.24475633181058443 0.1632711153763991 0.016644697922926683 0.016699827634371243
0 0.8687154329740084 0.2915822175832895 0.014557911799504207 0.014962269709660457
0 0.1521094303864699 0.33377779447115385 0.01524512584392841 0.014972099891075721
0 0.11989186360285832 0.8131708732018104 0.01817043011005108 0.018546031071589544
0 0.7696614632239709 0.9787961519681491 0.020772200364332933 0.020830888014573317
0 0.5739164352416992 0.5191519077007587 0.014600166907677284 0.014336292560283955
0 0.33533294384296125 0.522464238680326 0.015079791729266826 0.015635270338792067
0 0.22005880795992339 0.4734220504760742 0.01692537161020132 0.016866683959960938
0 0.9339337715735803 0.4660021708561824 0.015555161696213942 0.015775753901554987
0 0.3065189765049861 0.3510555120614859 0.016170831827016976 0.016690914447490986
0 0.09903429104731633 0.8011932373046875 0.016479638906625602 0.016635307898888223
0 0.327731939462515 0.19390573868384728 0.0146482907808744 0.014497316800631009
0 0.869816780090332 0.6198396682739258 0.01766234177809495 0.01755068852351262
0 0.816292249239408 0.5303117678715632 0.01630269564115084 0.016433349022498496
0 0.5047983756432166 0.9447486584003155 0.014252736018254207 0.01465137188251202
0 0.37304826883169323 0.8992162851186899 0.019075540395883415 0.018552633432241585
0 0.9487424997182993 0.21702909469604492 0.014730746929462139 0.014717175410344051
0 0.7362898313082181 0.3853451655461238 0.021441239577073317 0.02077645521897536
0 0.6963299971360427 0.5477317663339468 0.015572767991286058 0.015585825993464543
0 0.1298670401939979 0.9642966343806341 0.014347003056452824 0.014635819655198317
0 0.6549172768226037 0.9204100095308744 0.016643670889047477 0.01659540029672476
0 0.41411033043494594 0.32327160468468297 0.021037761981670674 0.01983642578125
0 0.6826843848595252 0.921841548039363 0.01606926551231971 0.016361089853140023
0 0.5127025017371545 0.14460332577045149 0.014777256892277645 0.01485736553485577
0 0.7489429620596079 0.20376928036029524 0.0159146235539363 0.01629466276902419
0 0.5022194202129657 0.38259095412034255 0.016468194814828727 0.016678296602689303
0 0.3477940192589393 0.9657802581787109 0.01766028771033654 0.017446371225210335
0 0.3634006426884578 0.6566344041090745 0.014269461998572716 0.014455942007211538
0 0.3588737341073843 0.5802742884709284 0.014607649583082933 0.014641541701096755
0 0.7521994664118841 0.302974114051232 0.015600351186899038 0.015772085923414964
0 0.07219079824594352 0.594357417179988 0.017718076705932617 0.018646827110877402
0 0.1919720356280987 0.11466420613802396 0.016342933361346904 0.01632202588594877
0 0.07137109224612896 0.8042712578406701 0.018204386417682353 0.018733097956730768
0 0.8829771188589243 0.7605178539569561 0.015696892371544473 0.015946608323317308
0 0.015669598029210016 0.7057484846848708 0.01713487276664147 0.01728189908541166
0 0.027868523047520563 0.987906969510592 0.020278343787560098 0.01866458012507512
0 0.2664644901569073 0.9125234163724459 0.018382145808293268 0.018615135779747598
0 0.03140649428734413 0.9905853271484375 0.025124623225285456 0.016960730919471152
0 0.022669494152069092 0.2226894085223858 0.016448111488268927 0.016609925490159255
0 0.9431489797738882 0.24139954493596003 0.022412520188551683 0.022127078129695013
0 0.7774229783278245 0.011910866086299602 0.021038935734675482 0.02060279708642226
0 0.34517493614783656 0.6881639040433444 0.01566285353440505 0.01592841515174279
0 0.30247613099905163 0.31474810380202073 0.01635591800396259 0.01608116810138409
0 0.28368278650137096 0.36172184577355015 0.02026059077336238 0.020290154677170973
0 0.7648855356069711 0.6266392194307767 0.016623276930588942 0.016919649564302884
0 0.15793780180124137 0.5644248082087591 0.015091565939096304 0.015251893263596755
0 0.2327120487506573 0.9183851388784555 0.01696359194242037 0.016892653245192308
0 0.12501991712130034 0.3477485730097844 0.01582809594961313 0.01667470198411208
0 0.7573676476111779 0.8708995672372671 0.01711273193359375 0.01712667025052584
0 0.6174442584698017 0.057177525300246015 0.013950494619516226 0.013887570454524113
0 0.8301636622502253 0.5155454782339243 0.015314835768479567 0.015594262343186598
0 0.7145718794602615 0.5451677762545072 0.016048431396484375 0.016080709604116585
0 0.05484836835127611 0.37520848787747896 0.016900374339177057 0.016492256751427285
0 0.11379553721501277 0.5800988123967097 0.025255515025212213 0.02559074988731971
0 0.5653051963219275 0.8708679492657001 0.02566865774301382 0.025382408728966348
0 0.5876003412099985 0.3054366478553185 0.013674369225135216 0.013810451214130107
0 0.8107563899113581 0.7776842850905198 0.014285747821514424 0.01431567852313702
0 0.27581310272216797 0.47249529911921573 0.01715821486253005 0.01746786557711088
0 0.8106363003070538 0.6231648371769831 0.013765041644756611 0.013818007249098558
0 0.09775860492999737 0.6485171684852014 0.015079534970797025 0.015241182767427884
0 0.11091817342318021 0.7017718095045823 0.015176479633037861 0.015084193303034855
0 0.12722646273099458 0.29963077031649077 0.018476486206054688 0.0185545774606558
0 0.9924770501943735 0.9805286114032452 0.014416768000676082 0.015981234036959134
0 0.4099321732154259 0.3340794489933894 0.02675313215989333 0.02667867220365084
0 0.34064740401047927 0.5235887674184946 0.021352474506084736 0.019825201768141527
0 0.87469849219689 0.25820082884568435 0.014857218815730168 0.014866315401517428
0 0.2957644829383263 0.9516650713407077 0.017278231107271634 0.01742098881648137
0 0.29955687889686 0.5016804475050706 0.023440067584698018 0.023418573232797477
0 0.07375621795654297 0.5219586812532865 0.01522682263300969 0.01558237809401292
0 0.1385418543448815 0.5669099367581881 0.01590099701514611 0.015990037184495192
0 0.661400134746845 0.9914539043719952 0.018557328444260817 0.012954125037560096
0 0.2852596319638766 0.7422752380371094 0.014458106114314152 0.014765225923978366
0 0.4036430578965407 0.7073418543888972 0.01742891164926382 0.017928490271935098
0 0.8366254659799429 0.5314215880173904 0.021329439603365384 0.021534846379206732
0 0.35644208467923677 0.47684372388399565 0.01658483651968149 0.017028001638559196
0 0.29047001325167143 0.16959249056302583 0.014745125403771034 0.015215506920447716
0 0.2052027812370887 0.705287346473107 0.020464273599477913 0.02076897254356971
0 0.8827144916240985 0.44818885509784406 0.014042487511268029 0.014200357290414663
0 0.1899581872499906 0.40640937365018404 0.018044655139629658 0.018171310424804688
0 0.7712938602154071 0.06845341278956486 0.015678992638221152 0.015686952150785007
0 0.40750708946814906 0.02391073566216689 0.0163571284367488 0.016140630612006553
0 0.797886481651893 0.4833526611328125 0.015270379873422476 0.015420766977163462
0 0.15852735592768744 0.6648268332848182 0.020203150235689603 0.020194127009465143
0 0.34302608783428484 0.8436992351825421 0.01520083500788762 0.015290480393629808
0 0.8396445054274339 0.5249121739314153 0.016519986666165866 0.015932523287259616
