0 0.5509065481332632 0.5510528271014874 0.1181025871863732 0.12086970989520733
0 0.3381740129910983 0.21960097092848557 0.04321993314302885 0.04354586968055138
0 0.6843598439143255 0.23375995342548078 0.04987203157865084 0.0496672116793119
0 0.42051098896906924 0.25797451459444487 0.04873114365797777 0.048431763282189004
0 0.338407223041241 0.3563858178945688 0.025181696965144232 0.025386223426231973
0 0.35776512439434344 0.5300016769996057 0.023151617783766527 0.023178247305063102
0 0.41186241003183216 0.10550092733823337 0.05215300046480619 0.052033039239736706
0 0.5684925226064829 0.4070301789503831 0.06261488107534555 0.062015680166391224
0 0.31916112166184646 0.268339047065148 0.01783165564903846 0.017766989194429837
0 0.445189696091872 0.23851313957801232 0.01876244178185096 0.018737022693340596
0 0.633911866408128 0.36038890251746547 0.017421428973858174 0.017331636868990384
0 0.49645350529597354 0.13333182151500994 0.01590127211350661 0.015883244000948392
0 0.6131068743192233 0.49413152841421276 0.015038563654972957 0.015193792489858774
0 0.648434565617488 0.034403709264901966 0.015633509709284857 0.015535180385296162
0 0.41465964684119594 0.057240852942833535 0.015371029193584736 0.015712774716890775
0 0.4679709214430589 0.512114011324369 0.02025912358210637 0.02032646766075721
0 0.6219671689547025 0.2727056466616117 0.03250441184410682 0.03244939217200646
0 0.48992156982421875 0.5082224332369291 0.016236231877253607 0.016245108384352464
0 0.6755561095017654 0.16399831038254958 0.05344801682692308 0.054172369150015026
0 0.5109516290517954 0.4228663077721229 0.04618747417743389 0.047042553241436295
0 0.3405027389526367 0.25397566648629993 0.016635748056265023 0.016318614666278545
0 0.4079344089214618 0.6639242172241211 0.24000595166133 0.2719929034893329
0 0.6485895010141226 0.35132884979248047 0.013529117290790264 0.013449375446026143
0 0.6941472567044772 0.46609702477088344 0.03098326462965745 0.049936881432166465
0 0.6289581885704627 0.8542088728684646 0.02113474332369291 0.020777775691105768
0 0.3314729103675255 0.4068918228149414 0.01976438669057993 0.020115412198580228
0 0.39525684943565953 0.18073247029231146 0.049773803124060996 0.04990519010103666
0 0.3036503791809082 0.13277756250821626 0.02247935075026292 0.021947420560396634
0 0.34726157555213344 0.48731433428250825 0.017491267277644232 0.01791521219106821
0 0.5387981121356671 0.08065232863793007 0.01599913377028245 0.016131396477039043
0 0.5162361585176908 0.4396302883441632 0.014328736525315505 0.014466505784254808
0 0.4516468781691331 0.09923726778763992 0.026688208946814902 0.026790142059326172
0 0.43590065149160534 0.05329671272864708 0.05259367135854868 0.05362411645742563
0 0.3867040047278771 0.28518834480872524 0.01509857177734375 0.015281237088716947
0 0.5756278404822717 0.28130149841308594 0.013601156381460337 0.013904864971454326
0 0.6063331457284781 0.36766591438880336 0.023676212017352764 0.023443222045898438
