0 0.29525048916156477 0.7039021712083083 0.05885615715613732 0.058356945331280045
0 0.4897587849543645 0.9715924629798303 0.07853023822490986 0.05181268545297476
0 0.12854889722970816 0.9823011251596304 0.030663123497596152 0.030048957237830527
0 0.8726658454308143 0.5922894844642053 0.04247019841120793 0.04264075939471905
0 0.6402320128220779 0.7180425203763522 0.030468280498798076 0.030362936166616585
0 0.7662953596848708 0.19296822181114784 0.03177804213303786 0.03185756389911358
0 0.27115374345045823 0.6079858633188101 0.025011649498572715 0.02512535682091346
0 0.7041047903207632 0.6987549708439753 0.032414949857271634 0.03257619417630709
0 0.9070992102989783 0.8900145017183744 0.023871495173527643 0.02392270014836238
0 0.2532910933861366 0.6582156694852389 0.028561885540301982 0.02838750985952524
0 0.5009163342989408 0.597498160142165 0.01826345003568209 0.018204615666316107
0 0.5452233094435471 0.3529842816866361 0.020872996403620794 0.020748138427734375
0 0.8209207974947416 0.7836118844839243 0.020740802471454326 0.020769265981820915
0 0.6475463280310998 0.8851520098172702 0.030567756065955527 0.030447006225585938
0 0.8331721379206731 0.8577814835768479 0.0265960693359375 0.026770811814528245
0 0.7520319131704477 0.24803623786339393 0.018657684326171875 0.018396450923039362
0 0.3500538972707895 0.6177237584040716 0.03782800527719351 0.03791401936457707
0 0.5745942409221942 0.8905965364896334 0.021361864530123197 0.021323277400090143
0 0.6782696063701923 0.625465833223783 0.018809978778545674 0.018608680138221152
0 0.43262364314152646 0.9383120903602014 0.03252058762770433 0.03269254244290865
0 0.18670747830317572 0.78314759181096 0.03374679271991436 0.03345034672663762
0 0.8685726752647986 0.7242709673368014 0.023830120380108174 0.02389951852651743
0 0.9316243391770583 0.2506285263941838 0.014079900888296274 0.019336920518141527
0 0.8096976647010217 0.3488016128540039 0.043599642240084134 0.04358819814828726
0 0.5144723378694974 0.7184835580679086 0.025230994591346152 0.025477482722355768
0 0.7801290658804086 0.7792032681978666 0.022773595956655648 0.022684390728290264
0 0.5913233390221229 0.5982805398794321 0.020420367901141826 0.020457341120793268
0 0.6728797325721154 0.5290598502525916 0.0376733633188101 0.03837424058180589
0 0.4839960978581355 0.913182992201585 0.02368296109713041 0.023911696213942308
0 0.0973205383007343 0.8811375544621394 0.02389210921067458 0.024232130784254808
0 0.66864747267503 0.9403214821448693 0.029927180363581732 0.030072725736177884
0 0.5683904794546274 0.5965988452617939 0.023097111628605768 0.022910631619966947
0 0.3905505400437575 0.9271407494178185 0.027767768272986777 0.02779535146859976
0 0.30658727425795335 0.4861594713651217 0.018100188328669622 0.017615024860088643
0 0.7261033424964318 0.6315175569974459 0.015868260310246393 0.015777587890625
0 0.49863301790677583 0.5374634082500751 0.01961524669940655 0.019551937396709736
0 0.44617432814378005 0.637669930091271 0.024548677297738884 0.024836320143479567
0 0.26572313675513637 0.8617479617779071 0.021755805382361777 0.021878902728740986
0 0.7292691010695237 0.9176999605618991 0.022892585167518027 0.0227963374211238
0 0.385343624995305 0.9911477015568659 0.018883631779597357 0.014800438514122596
0 0.544770020705003 0.8722010392409104 0.017960768479567308 0.01803001990685096
0 0.21129072629488432 0.9684049166165866 0.019028847034160908 0.019147726205679085
0 0.5964323190542368 0.8802638420691857 0.024001194880558893 0.02416713421161358
0 0.8153532468355619 0.8897156348595252 0.02632757333608774 0.026557042048527643
0 0.6189092489389273 0.886258051945613 0.023235064286452074 0.023598891038161058
0 0.1934046745300293 0.945640857403095 0.015423004443828877 0.015474759615384616
0 0.7868223923903245 0.6208273814274714 0.024602890014648438 0.02466128422663762
0 0.08086069730611947 0.9222536087036133 0.01612261625436636 0.016266456017127402
0 0.8056808618398813 0.875968492948092 0.021166141216571514 0.0210421635554387
0 0.3168938343341534 0.8438410392174354 0.01812436030461238 0.01813360360952524
0 0.6417122620802659 0.9354356619027945 0.026433944702148438 0.026183495154747598
0 0.6254171958336463 0.7766739771916316 0.023953951322115384 0.024035233717698317
0 0.8770561218261719 0.6452922821044922 0.015588907095102163 0.015769371619591348
0 0.41005736130934495 0.7263259887695312 0.015403013962965745 0.015520829420823317
0 0.6527962317833533 0.5365181336036096 0.027693528395432692 0.027518052321213942
0 0.0668954115647536 0.9501479222224309 0.013653755187988281 0.017333984375
0 0.5758864329411433 0.3832767926729642 0.01592247302715595 0.015900245079627402
0 0.32095813751220703 0.9240172459528997 0.018923392662635215 0.019011570857121393
0 0.20583721307607797 0.98870116013747 0.017792151524470404 0.01699066162109375
0 0.7213398126455454 0.6100346125089205 0.0188595698429988 0.018905272850623496
0 0.34273529052734375 0.7340814150296725 0.015514080341045674 0.015689849853515625
0 0.7869271498460036 0.10204859880300668 0.06580470158503605 0.06594445613714364
0 0.6619231884296124 0.8548265603872446 0.019006875845102165 0.019080528846153848
0 0.6110877990722656 0.6226743551400992 0.01700753432053786 0.017269721397986777
0 0.6962197377131536 0.9080336644099309 0.015076857346754808 0.015107815082256611
0 0.9029870400061975 0.21953480060283953 0.01615744370680589 0.01618495354285607
0 0.526734498830942 0.4230348880474384 0.014788554264948918 0.014700082632211538
0 0.7086045925433819 0.49458896196805513 0.014162503756009616 0.014081588158240685
0 0.7951938922588642 0.8414338918832632 0.015963921180138223 0.016426966740534857
0 0.9220259739802434 0.5644257618830755 0.032122245201697715 0.04717694796048678
0 0.6961989035973182 0.8844952216515174 0.02109248821551983 0.02119592519906851
0 0.9247630192683294 0.38150919400728667 0.015636590810922477 0.015628227820763223
0 0.6642447251539964 0.838768298809345 0.022374373215895433 0.022049537071814902
0 0.787113776573768 0.9790210723876953 0.01612061720628005 0.015792113084059495
0 0.5578661698561448 0.9281861231877253 0.021904725294846755 0.02187200692983774
0 0.2981388752277081 0.9529355856088492 0.020313849815955527 0.020232127262995794
0 0.7390736799973708 0.056618956419137806 0.014777550330528846 0.014707290209256686
0 0.7635616889366736 0.8536985837496244 0.015335963322566105 0.015057196983924279
0 0.8881146357609675 0.38414639693040115 0.020423302283653848 0.020537889920748197
0 0.9279263569758489 0.1260343331557054 0.024585723876953125 0.028984730060283955
0 0.7602210411658654 0.8772420883178711 0.017117133507361777 0.017306988055889424
0 0.5714704073392428 0.5438905129065881 0.018528571495643027 0.019062042236328125
0 0.4299922356238732 0.908194321852464 0.014792148883526143 0.014746445875901442
0 0.22026997346144456 0.9937796225914588 0.015362886282113882 0.011124097383939303
0 0.12068843841552734 0.26953471623934233 0.1101833490224985 0.1071777710547814
0 0.3879876503577599 0.6422813122089093 0.01729407677283654 0.017214848445012018
0 0.48296422224778396 0.8092507582444411 0.016651300283578727 0.016710281372070312
0 0.9195386446439303 0.9922238863431491 0.019001300518329326 0.013948293832632212
0 0.916048710162823 0.967981558579665 0.02146280728853666 0.02128454355093149
0 0.4208063712486854 0.9895733319796048 0.014442737285907451 0.014287655170147236
0 0.7827029595008264 0.602783019726093 0.014955814068134014 0.01484980949988732
0 0.08535912403693566 0.4867665951068585 0.05365942074702336 0.07632945134089543
0 0.6779879056490384 0.8114244020902194 0.019853738638070915 0.020124288705679085
0 0.75642152932974 0.5602012047400842 0.02623719435471755 0.02640107961801382
0 0.5380947039677546 0.8155646690955529 0.023641586303710938 0.024027310884915866
0 0.5810788961557242 0.8630415843083308 0.018526370708759014 0.018680279071514424
0 0.18859054492070124 0.9702235001784104 0.019465299753042366 0.0192868159367488
0 0.6968658153827374 0.6433985783503606 0.014477362999549279 0.014639634352463942
0 0.7881612777709961 0.8236619509183444 0.014384049635667067 0.014360574575570913
0 0.641484260559082 0.7870470927311823 0.020011021540715143 0.020122821514423076
0 0.48941839658297026 0.45524890606219953 0.0736392094538762 0.07383434589092548
0 0.7275261512169471 0.7871013788076547 0.018237187312199518 0.018248778123121995
0 0.3444361319908729 0.6694856790395883 0.04546026083139273 0.045271066518930286
0 0.6984063662015475 0.3041969812833346 0.025694627028245192 0.026579563434307393
0 0.27310989453242374 0.260099667769212 0.01925483116736779 0.01889316852276142
0 0.9251561531653771 0.5556968542245718 0.025430826040414665 0.03103028810941256
0 0.7541768000676081 0.9867364443265475 0.03111443152794471 0.023564558762770433
0 0.28932531063373274 0.8154640931349534 0.024623870849609375 0.024963965782752402
0 0.807123771080604 0.8237769787128155 0.017635638897235576 0.017377706674429085
0 0.11078552099374625 0.6338726924015925 0.029042574075552132 0.028548314021183893
