0 0.4339095629178561 0.4263405433067909 0.07648776127741887 0.07677122262807992
0 0.5435270162729117 0.4288735022911659 0.051461439866286054 0.051136163564828724
0 0.30333713384775013 0.3213674838726337 0.04237226339486929 0.0422064707829402
0 0.24833235373863807 0.6944225017841046 0.031090956467848558 0.030902275672325723
0 0.560979806459867 0.9540882844191331 0.032114689166729264 0.03216978219839243
0 0.3198367632352389 0.9377789130577674 0.039312087572537936 0.0397638174203726
0 0.38410252791184646 0.6938744324904221 0.02666451380803035 0.026886719923753005
0 0.47641266309298 0.31339726081261265 0.018699499276968148 0.018572220435509317
0 0.7307883042555589 0.6885541769174429 0.018128175001878005 0.018205789419320915
0 0.29964291132413423 0.6501426696777344 0.02094272466806265 0.021038935734675482
0 0.2746494733370267 0.9101439989530123 0.02323172642634465 0.02332481971153846
0 0.6280805881206806 0.6440680577204778 0.029478953434870794 0.029443887563852165
0 0.80865845313439 0.8753035618708684 0.03513013399564303 0.04020837637094351
0 0.3397531509399414 0.44126246525691104 0.02931103339562049 0.029526490431565505
0 0.7308628375713642 0.955843998835637 0.034795320951021634 0.035049731914813705
0 0.5811412151043231 0.5513846690838153 0.019076053912823018 0.019129312955416165
0 0.6200213799109826 0.7169853357168344 0.02225465040940505 0.02231773963341346
0 0.656614743746244 0.7812604904174805 0.020014836237980768 0.020301378690279447
0 0.4776133757371169 0.6293565309964694 0.02087240952711839 0.02079919668344351
0 0.8059413616473858 0.1599395641913781 0.03102713364821214 0.031433398907001205
0 0.6059678884652945 0.9795731764573318 0.0325776613675631 0.03259600125826322
0 0.7707624435424805 0.8667637751652644 0.01886323782113882 0.018798681405874398
0 0.29181381372305065 0.6973224786611704 0.028412672189565804 0.02820102985088642
0 0.6652680910550631 0.8689736586350661 0.024048438439002402 0.024263822115384616
0 0.24818062782287598 0.6594116504375751 0.01907550371610201 0.018837855412409857
0 0.34967774611253005 0.5834209735576923 0.01791990720308744 0.01812905531663161
0 0.6727451177743765 0.5555265133197491 0.02648192185621995 0.026428662813626803
0 0.7620215782752404 0.7931970449594351 0.01846137413611779 0.01858388460599459
0 0.5944629082312951 0.6187906998854417 0.024842042189378005 0.025244786189152643
0 0.654424080481896 0.632698866037222 0.022319500262920674 0.022573177631084736
0 0.35811739701491135 0.6849057857806866 0.025231581467848558 0.02532225388746995
0 0.7860535108126127 0.038641622433295615 0.019735042865459736 0.019759966776921198
0 0.4837366250845102 0.9802185938908503 0.019720957829402044 0.019902155949519232
0 0.5622815352219802 0.33649925085214466 0.026140653170072116 0.02595857473520132
0 0.48616519341102016 0.224179011124831 0.04326820373535156 0.042724902813251205
0 0.5626511940589318 0.9161756955660306 0.02550051762507512 0.025677607609675482
0 0.7094040650587815 0.9895697373610276 0.01941534189077524 0.0164340092585637
0 0.5104908576378455 0.20334108059222883 0.027630732609675482 0.027092493497408353
0 0.28427934646606445 0.7462230095496545 0.032653441795935996 0.0331567617563101
0 0.7261211688701923 0.9027421657855694 0.036285693828876205 0.03556398245004507
0 0.5229872923630935 0.638888432429387 0.019254684448242188 0.019551203801081732
0 0.7625845395601712 0.3355125280526968 0.037435678335336536 0.0367893805870643
0 0.45915860396165115 0.8838162055382361 0.019038567176231973 0.019225193903996393
0 0.21022730607252854 0.7777504554161658 0.017312123225285456 0.017382988562950723
0 0.7474042452298678 0.9190343710092398 0.02772345909705529 0.02768986041729267
0 0.320469122666579 0.4268076970027043 0.016411854670597956 0.016539940467247598
0 0.8130962665264423 0.9210395079392654 0.027109586275540866 0.033324021559495196
0 0.41851102388822115 0.7045430403489333 0.018587846022385817 0.018464015080378607
0 0.3774586090674767 0.7326051271878756 0.02646152789776142 0.02670889634352464
0 0.6344736539400541 0.8530941743117112 0.023478287916917067 0.02349428030160757
0 0.30154184194711536 0.7625958369328425 0.02393341064453125 0.024074407724233773
0 0.5920199614304763 0.6398698366605319 0.02322079585148738 0.022862067589393027
0 0.2826864169194148 0.6631014897273138 0.019471095158503607 0.019433241624098558
0 0.7430693553044245 0.43611533825214094 0.020161261925330527 0.01992944570688101
0 0.2578856394841121 0.8809377230130709 0.016744026770958535 0.01677703857421875
0 0.30793307377741885 0.5885234612684983 0.023072536175067607 0.02349692124586839
0 0.3944257956284743 0.13506661928617036 0.0172272462111253 0.017125863295335036
0 0.7968284166776217 0.4374336095956656 0.025580479548527643 0.025655746459960938
0 0.5822230118971604 0.6772434528057392 0.018552486713115986 0.018582710852989785
0 0.2244258477137639 0.6467918982872596 0.019736436697152946 0.019652880155123197
0 0.739275492154635 0.6272978415855994 0.027218745304987982 0.027210382314828727
0 0.6608271965613732 0.9750917874849759 0.031108562762920674 0.03137001624474159
0 0.7944196554330679 0.9025632418118991 0.026493219228891227 0.026370708759014424
0 0.38016436650202823 0.8334900049062876 0.018379064706655648 0.018387427696814902
0 0.43014078873854417 0.6208682427039514 0.024244235112116888 0.02449651864858774
0 0.7161442683293269 0.05181539058685303 0.014870570256159855 0.01499346586374136
0 0.3784232506385216 0.28225033099834734 0.01896183307354267 0.019010543823242188
0 0.7769758517925556 0.6297525992760291 0.01817453824556791 0.017965316772460938
0 0.7440872192382812 0.12818767474247858 0.055143503042367786 0.05526572007399339
0 0.7111657949594351 0.634543198805589 0.025895338792067308 0.026694077711838942
0 0.6000177676861103 0.9371998860285833 0.017528754014235277 0.017607468825120192
0 0.2394275298485389 0.2793506108797513 0.026712564321664665 0.02655645517202524
0 0.4845148233266977 0.898682374220628 0.017525452833909255 0.0173187255859375
0 0.6185588836669922 0.32762791560246396 0.03762938426091121 0.03799145038311298
0 0.7284187903771033 0.6433941767765925 0.017855717585637018 0.01794257530799279
0 0.2253712690793551 0.39491983560415417 0.015478721031775841 0.015474832974947415
0 0.25467575513399565 0.11944405849163349 0.01698141831618089 0.01728200912475586
0 0.33821656153752255 0.26546870745145357 0.029653255756084736 0.029328126173753005
0 0.33909199788020206 0.706851078913762 0.02032125913179838 0.020674778864933893
0 0.1855603181398832 0.3748003152700571 0.01855322030874399 0.018828758826622598
0 0.650015610914964 0.5337156149057242 0.0193026616023137 0.019271190349872295
0 0.37939871274507964 0.2327120487506573 0.018961539635291465 0.018822633303128757
0 0.2558122965005728 0.06825321454268235 0.017362557924710788 0.017322521943312425
0 0.5289082893958459 0.723095967219426 0.01669150132399339 0.016815772423377402
0 0.3380904931288499 0.5504555335411658 0.01994785895714393 0.020374004657451924
0 0.3050082280085637 0.6136829669658954 0.01871211712176983 0.01868776174692007
0 0.22145979221050555 0.11876150277944711 0.018105250138502855 0.018196656153752253
0 0.4930327855623685 0.7270240783691406 0.018460640540489785 0.01841911902794471
0 0.7954210134652945 0.919709719144381 0.01605987548828125 0.01593164297250601
0 0.206299011523907 0.3921961417564979 0.019465006314791165 0.0195311766404372
0 0.3587840153620793 0.5082135567298303 0.01507568359375 0.015123367309570312
0 0.6367098734929011 0.36118588080772984 0.01590127211350661 0.015635123619666465
0 0.425690247462346 0.5302529701819787 0.017691832322340745 0.01783297612116887
0 0.3979922074538011 0.21669090711153471 0.018736765934870794 0.019066003652719352
0 0.37358298668494594 0.3014906369722806 0.023010914142315205 0.02283331064077524
0 0.5539876497708834 0.13553575369027945 0.028122681837815505 0.02804264655480018
0 0.18813081888052133 0.3900887049161471 0.016702578617976263 0.016510743361253005
0 0.25209536919227016 0.5907807716956506 0.014368937565730168 0.014264180110051082
0 0.6759674365703876 0.31174832123976487 0.018284430870643027 0.018017695500300482
0 0.6741080650916467 0.8953891900869516 0.01986973102276142 0.02007014934833233
0 0.5858807930579553 0.657649040222168 0.0172885014460637 0.017212354219876803
0 0.5154202901400052 0.49371976118821365 0.014958821810208835 0.014944663414588341
0 0.48967453149648815 0.6970635927640475 0.017911984370304987 0.01813536423903245
0 0.5573354134192834 0.4627392842219426 0.01596978994516226 0.016029798067533053
0 0.3306127328139085 0.5342128460223858 0.02179380563589243 0.021596174973707933
0 0.2846856484046349 0.5827489999624399 0.02408442130455604 0.024096855750450723
0 0.43066835403442383 0.6350991175724909 0.023226811335637018 0.02297240037184495
0 0.45980541522686297 0.056344807147979736 0.02752406780536358 0.027892800477834847
0 0.2992785893953763 0.5711669188279372 0.017066148611215446 0.01698413262000451
0 0.7029369060809796 0.9604960221510667 0.017566827627328727 0.017502417931189902
0 0.7118621972891 0.927014424250676 0.022959782527043268 0.023189691396859977
0 0.22734755736130935 0.41625338334303635 0.019579300513634317 0.019419376666729268
0 0.7097291212815505 0.3300627194918119 0.026278275709885817 0.026769564701960638
0 0.2784431897676908 0.548124753511869 0.016164522904616136 0.016311792226938102
0 0.7471297337458684 0.6429968613844651 0.01733251718374399 0.018105433537409857
0 0.3664210026080792 0.5474806932302622 0.01815656515268179 0.01804175743689904
0 0.20476506306574896 0.3170358951275165 0.01627041743351863 0.01632088881272536
0 0.4813089370727539 0.8720906330988958 0.014774762667142428 0.014975180992713341
0 0.5220340215242826 0.6843938093919021 0.01668247809776893 0.01688561072716346
0 0.23932486314039964 0.4715782312246469 0.09556066072904147 0.09501354510967548
0 0.7614958836482122 0.6247634887695312 0.023715972900390625 0.023213606614332933
0 0.803932996896597 0.34218546060415417 0.02650789114145132 0.026451697716346152
0 0.4058413505554199 0.011853470252110409 0.01978903550368089 0.019471397766700156
0 0.2913038914020245 0.12405642179342416 0.04653805952805739 0.04619772617633526
0 0.710811394911546 0.9477084966806265 0.018213712252103366 0.018686294555664062
0 0.31064609380868763 0.7766404518714318 0.015265758220966045 0.015731224646935098
0 0.19173145294189453 0.6446396754338191 0.023445936349722054 0.02298575181227464
0 0.2559978778545673 0.7234422243558444 0.0315251717200646 0.03249579209547777
0 0.18747879908635065 0.325346066401555 0.01714666073138897 0.017084855299729567
0 0.21470447687002328 0.1922304813678448 0.014507146982046274 0.01430808580838717
0 0.40491151809692383 0.6092940110426682 0.02672114739051232 0.027530523446890023
0 0.19396187708928034 0.6558215067936823 0.04191501323993389 0.041435535137469955
0 0.19994966800396258 0.9180537003737229 0.015256478236271786 0.01525409405048077
0 0.8205196674053485 0.6424804100623498 0.011027996356670674 0.016009110670823317
0 0.6049640362079327 0.23163373653705305 0.015047660240760216 0.015267005333533654
0 0.8054821307842548 0.6725270197941706 0.014523139366736779 0.014605888953575721
0 0.7654173924372747 0.5028063700749323 0.016700597909780648 0.01651133023775541
0 0.2621596593123216 0.7342389913705679 0.022659778594970703 0.02285942664513221
0 0.3214284823491023 0.5981480891887958 0.01691715533916767 0.01636343735914964
0 0.7633141737717849 0.46898757494412935 0.015425755427433895 0.015364720271183895
0 0.4770040512084961 0.9687451582688552 0.01725284869854267 0.016721285306490384
0 0.34674842541034406 0.27968705617464507 0.018352508544921875 0.01915451196523813
0 0.40749821296105015 0.6447027646578275 0.01804014352651743 0.018004784217247598
0 0.25784974831801194 0.9415999926053561 0.014651922079233022 0.014557765080378605
0 0.5867973474355844 0.5964033420269306 0.017260184654822715 0.017569835369403545
0 0.31904492011437047 0.7580859844501202 0.01712373586801382 0.017328995924729567
0 0.7648070408747747 0.9328443087064303 0.01853209275465745 0.018640664907602165
0 0.3834054653461163 0.02001135624372042 0.025978675255408652 0.026289939880371094
0 0.6964476658747747 0.6270952958327073 0.015392010028545674 0.015317770150991587
0 0.48064151177039516 0.717751723069411 0.01897401076096755 0.018910041222205527
0 0.3677853070772611 0.8003460810734675 0.014997775738055889 0.015053235567533053
0 0.2613496413597694 0.43630196497990537 0.0243071776169997 0.024936382587139424
0 0.3735055189866286 0.47474809793325573 0.022901241595928486 0.02338240696833684
0 0.6624503502478967 0.21920039103581354 0.017862319946289062 0.018021143399752103
0 0.7414176647479718 0.4228076201218825 0.014455355130709134 0.014380308297964243
0 0.44875614459698016 0.48198509216308594 0.015960253201998197 0.01569029001089243
0 0.6937616788423978 0.32581674135648286 0.02249732384314904 0.023076570951021634
0 0.4789284559396597 0.7152260266817533 0.019840020399827223 0.020333216740534857
0 0.4922934312086839 0.6545874522282527 0.019198491023137018 0.019444685715895433
0 0.33713216048020583 0.9428940552931565 0.01706534165602464 0.016571631798377402
0 0.18044422223017767 0.8731754009540265 0.01560057126558744 0.016194270207331732
0 0.6025242438683143 0.794648683988131 0.013765775240384616 0.013850872333233174
0 0.20210963029127854 0.2701521103198712 0.01510165287898137 0.015378988706148587
0 0.6555277017446665 0.5468600713289701 0.01917266845703125 0.01994785895714393
0 0.46590500611525315 0.7069354424109826 0.014669271615835337 0.01486499492938702
0 0.6426200133103591 0.33313934619610125 0.03249916663536659 0.03334749661959135
0 0.44827160468468297 0.34598820026104266 0.017314617450420674 0.017191079946664665
0 0.5658132112943209 0.007273167944871462 0.01836556654710036 0.013463700046906104
0 0.7763941838191106 0.9168227269099309 0.020562098576472357 0.020365494948167067
0 0.7604867495023288 0.6366948347825271 0.016909085787259616 0.016597160926231973
0 0.28883150907663196 0.09555754294762245 0.03351112512441782 0.03440937629112831
0 0.6388931274414062 0.3069020051222581 0.02559383098895733 0.024694075951209433
0 0.5077256422776443 0.6978588104248047 0.017707971426156852 0.017645909236027643
0 0.22448913867657 0.38094491225022536 0.013568364656888522 0.01343991206242488
0 0.327791140629695 0.5362454194288987 0.026751591609074518 0.02609854478102464
0 0.2079616876748892 0.6680965423583984 0.022562613854041465 0.023433538583608773
0 0.536879722888653 0.6945559428288386 0.019626397352952223 0.019841120793269232
0 0.6645608315101037 0.61578002342811 0.014797357412484976 0.014859749720646786
0 0.698430428138146 0.6301013506375827 0.01606603769155649 0.019338167630709134
0 0.7344430776742789 0.008960406367595378 0.01439666748046875 0.014460978599695059
0 0.19646461193378156 0.40539132631742036 0.01708815648005559 0.017133345970740683
0 0.5464278734647311 0.815899922297551 0.014119661771334134 0.014409285325270433
0 0.2653172199542706 0.7365973545954778 0.02079604222224309 0.02098259559044471
0 0.4915009278517503 0.7054142585167518 0.015705255361703727 0.015435292170597957
0 0.4037135197566106 0.6137345387385442 0.02026954064002404 0.020223470834585335
0 0.7942829865675706 0.819710951585036 0.015552960909329928 0.015943380502554085
0 0.37363345806415266 0.4822956965519832 0.015449817364032451 0.01455233647273137
0 0.45827520810640776 0.18913127825810358 0.01705316396859976 0.016896577981802132
0 0.7674447573148288 0.6475225595327524 0.014319199782151442 0.014170426588792067
0 0.4345719264103816 0.3018566645108737 0.020334977370042067 0.020409804124098558
0 0.5408342068011944 0.0676029186982375 0.019118529099684495 0.018894323935875527
0 0.32755345564622146 0.7253483258760892 0.013910146859975962 0.013943892258864183
0 0.4279492451594426 0.162109191601093 0.019371913029597357 0.020099208905146673
0 0.437589718745305 0.2883801276867206 0.015821163470928486 0.016796222099891074
0 0.37811044546274036 0.433933478135329 0.01650839585524339 0.016611245962289665
0 0.46703837468073917 0.4818752728975736 0.016361530010516826 0.01627195798433744
0 0.6919935666597806 0.8712995969332181 0.021121391883263223 0.022403423602764424
0 0.49097354595477766 0.7009730705848107 0.01832125737116887 0.01891473623422476
0 0.47770122381357044 0.7119819200955905 0.019114274245042067 0.02047890883225661
