0 0.7716430517343374 0.422910396869366 0.09262143648587741 0.09247464400071365
0 0.4390617517324594 0.26392502051133376 0.07927850576547477 0.07912514759944035
0 0.49707794189453125 0.8095249029306265 0.07793910686786358 0.07810563307542068
0 0.4127288598280687 0.7035581148587741 0.08868929056020883 0.08842409574068509
0 0.20318898787865272 0.42066265986515927 0.07072859544020432 0.07089996337890625
0 0.7672046514657828 0.9777305309589093 0.048648834228515625 0.039142608642578125
0 0.8008896020742563 0.5090781725369967 0.04136789762056791 0.0411993173452524
0 0.5919309762807993 0.6650092051579402 0.0714730482835036 0.07200197073129508
0 0.9082774382371169 0.5236468315124512 0.05891770582932692 0.05907227442814754
0 0.7057549403263972 0.2564819042499249 0.047536263099083535 0.047575143667367786
0 0.2863753942342905 0.23914571908804086 0.05096292495727539 0.05102385007418119
0 0.2935612751887395 0.3811346934391902 0.05942542736346905 0.05926315601055439
0 0.572155659015362 0.0910803904900184 0.0494237312903771 0.049225298257974476
0 0.8628886296198919 0.5773029327392578 0.051362257737379804 0.05118854229266827
0 0.4444901393010066 0.1313775869516226 0.04159993391770583 0.04206389647263747
0 0.48435203845684344 0.7295584311852088 0.037195645845853366 0.03744345444899339
0 0.17223831323476937 0.9223177983210638 0.05047167264498197 0.049930572509765625
0 0.474242797264686 0.4997166120089017 0.049772409292367786 0.050049855158879206
0 0.09564825204702523 0.03982493969110342 0.03049813784085787 0.030860249812786397
0 0.9138007530799279 0.10426256289848915 0.055047255295973554 0.07603999284597543
0 0.0819029899743887 0.6390088888315054 0.05293433482830341 0.053445082444411054
0 0.3553931896503155 0.6660118836622971 0.0489660409780649 0.0489195310152494
0 0.39771171716543346 0.4706664818983812 0.039925575256347656 0.040627626272348255
0 0.7075779254619892 0.5347166061401367 0.03609730647160457 0.03585595350999098
0 0.681892835176908 0.17455102847172663 0.02478188734788161 0.02488092275766226
0 0.6134110964261569 0.38425357525165266 0.02058102534367488 0.020313262939453125
0 0.625241206242488 0.5415463814368615 0.048648797548734225 0.0491180419921875
0 0.26296643110421986 0.12635644582601693 0.024798136491041917 0.024861592512864333
0 0.6025851323054388 0.5706580969003531 0.03912823016826923 0.03858859722430889
0 0.5948234704824594 0.43521352914663464 0.049152374267578125 0.04957228440504808
0 0.6257567038902869 0.9118272341214694 0.027374267578125 0.027599334716796875
0 0.3379401427048903 0.8033756842980018 0.062404320790217474 0.06242165198692909
0 0.5900019132173978 0.15665356929485613 0.031592369079589844 0.03171517298771785
0 0.25258933580838716 0.7861892993633564 0.019824761610764723 0.019916387704702523
0 0.8574530528141902 0.5079510395343487 0.029227330134465143 0.029363485483022835
0 0.07809654565957877 0.3585059459392841 0.0447385677924523 0.045006165137657754
0 0.5272443477924054 0.19557417356050932 0.02189768277681791 0.021917049701397236
0 0.08898842334747314 0.5977903512807993 0.05250085317171537 0.05273158733661358
0 0.3135512425349309 0.6931124467116135 0.053517928490271933 0.05397180410531851
0 0.5130858788123498 0.04660429862829355 0.02622648385854868 0.026241403359633226
0 0.40782987154447115 0.04452611391360943 0.021431409395658053 0.02164167624253493
0 0.6858319502610427 0.03558824841792767 0.028186504657451924 0.02852427500944871
0 0.5161663935734675 0.4413526975191556 0.057778431819035456 0.058522591224083535
0 0.6040210357079139 0.18582554963918832 0.026613455552321214 0.0268860596876878
0 0.2014291103069599 0.6724705329308143 0.04424483959491436 0.044167738694411054
0 0.24299084223233736 0.6446993901179388 0.03478648112370418 0.03476979182316707
0 0.13732865223517784 0.7662109228280874 0.02847128648024339 0.028465124276968148
0 0.4915216886080228 0.5770330429077148 0.030579493596003607 0.03068116995004507
0 0.28921618828406703 0.6804052499624399 0.03040291712834285 0.030715062068058893
0 0.7140077444223257 0.4652775250948392 0.04989477304311899 0.050050588754507214
0 0.17805301226102388 0.22130467341496393 0.06374505849984977 0.06554002028245193
0 0.73406982421875 0.5827396099384015 0.038824228140024036 0.039230053241436295
0 0.44510900057279146 0.6251553021944486 0.03131015484149639 0.03177217336801382
0 0.7760935563307542 0.950709342956543 0.01875789348895733 0.01851375286395733
0 0.4414240763737605 0.4789028534522423 0.042098045349121094 0.0425408436701848
0 0.5602964254525992 0.011371768437899075 0.0210875731248122 0.020163471882159893
0 0.663905510535607 0.9550054256732647 0.017826373760516826 0.017805979802058294
0 0.2453160285949707 0.6816507486196665 0.039470672607421875 0.03878167959359976
0 0.20751412098224348 0.7178192872267503 0.03474716039804312 0.03540802001953125
0 0.6231173001802884 0.045983497913067155 0.02445822495680589 0.02446860304245582
0 0.5071617273183969 0.4819453312800481 0.02590641608605018 0.025828141432542067
0 0.6450830606313852 0.8159317603478065 0.01906409630408654 0.01894525381234976
0 0.718595944918119 0.33323838160588193 0.03252630967360277 0.0321504152738131
0 0.6639333871694711 0.3582766606257512 0.018314361572265625 0.01820065424992488
0 0.5515293708214393 0.6596792661226712 0.045590767493614785 0.04585985036996695
0 0.7291494516225961 0.07399900601460384 0.018591660719651442 0.01860973468193641
0 0.5895693118755634 0.4003367790809044 0.034831854013296276 0.03525066375732422
0 0.18923649421105018 0.21758468334491438 0.02750528775728666 0.026856642503004808
0 0.6674844301663913 0.9046577306894156 0.017921887911283053 0.01809061490572416
0 0.28436792813814604 0.47267789107102615 0.04085085942195012 0.04004537142240084
0 0.6955961080697867 0.7632882044865534 0.03997538639948918 0.03974342346191406
0 0.5516218772301307 0.8181304931640625 0.022960075965294473 0.022974161001352165
0 0.16262135138878456 0.0610307317513686 0.025484598599947415 0.025783933126009427
0 0.5367350211510291 0.08379544661595272 0.026647567749023438 0.026544534243070163
0 0.7398185729980469 0.3208343799297626 0.021895775428185098 0.021998772254356973
0 0.6208418332613431 0.9660389239971454 0.01752028098473182 0.017536750206580527
0 0.534305058992826 0.2216619344858023 0.03257663433368389 0.03273311028113732
0 0.5158609243539664 0.650002699631911 0.03416105417104868 0.03422869168795072
0 0.4780862514789288 0.12113723388084999 0.027839073768028848 0.027820257040170524
0 0.8265237074631911 0.4629317797147311 0.027858734130859375 0.0281527592585637
0 0.8497993029080905 0.9321834857647235 0.029869813185471755 0.02948760986328125
0 0.92547974219689 0.6703962179330679 0.03339444673978365 0.03339576721191406
0 0.8493927442110502 0.4777629558856671 0.024663338294396035 0.02513401324932392
0 0.3392348289489746 0.7184045498187726 0.02429544008695162 0.024695176344651442
0 0.6116333741408128 0.2608763254605807 0.02223543020395132 0.022345689626840446
0 0.737832289475661 0.2717112394479605 0.054792550893930286 0.05450358757605919
0 0.12730275667630708 0.6334818326509916 0.041161647209754355 0.04119253158569336
0 0.9011004521296575 0.7007554861215445 0.03654949481670673 0.036137947669396035
0 0.6596802931565505 0.5268754592308631 0.03238325852614183 0.03213948469895583
0 0.11885213851928711 0.5554122924804688 0.06672327335064228 0.06764954787034255
0 0.3799135501568134 0.5717119803795447 0.024808296790489785 0.025275597205528848
0 0.5698008904090295 0.9904166001539964 0.01917442908653846 0.013746114877554087
0 0.8330022371732272 0.5176772337693435 0.016501793494591348 0.016492696908804085
0 0.7504300337571365 0.7850806896503155 0.022286635178786058 0.02254794194148137
0 0.39405331244835484 0.6430699275090144 0.02821966317983774 0.028168898362379808
0 0.6067801255446214 0.030435099051548883 0.03737200223482572 0.03704357147216797
0 0.32217143132136417 0.20630480692936823 0.01949163583608774 0.019568443298339844
0 0.3295142100407527 0.5531428410456731 0.023679146399864785 0.023743849534254808
0 0.6600968287541316 0.7792735466590295 0.017490680401141826 0.01768948481633113
0 0.6076262180621808 0.7237374232365534 0.017333177419809196 0.017613044151893027
0 0.4421197451077975 0.18886368091289812 0.01726355919471154 0.017301559448242188
0 0.9206242194542518 0.48109325995812047 0.03478593092698317 0.0346227792593149
0 0.44161444443922776 0.5581645965576172 0.0193331791804387 0.019522887009840745
0 0.8718440716083233 0.9863801369300256 0.024180779090294473 0.02297386756310096
0 0.635868659386268 0.0809110036263099 0.017446077786959134 0.017345648545485277
0 0.6292116458599384 0.44281710111177885 0.019686332115760215 0.019532277033879206
0 0.29012661713820237 0.344639411339393 0.01917692331167368 0.019147286048302285
0 0.28843483558067906 0.20923034961407 0.02651324638953576 0.026493659386268027
0 0.5317819301898663 0.2649230590233436 0.022344222435584433 0.02242169013390174
0 0.08456121958219089 0.10956364411574143 0.03771664546086238 0.03715368417593149
0 0.22634051396296576 0.43868717780480015 0.019874059236966647 0.020047701322115384
0 0.5413403877845178 0.34688714834359974 0.01746339064378005 0.017593530508188102
0 0.2728566023019644 0.18450324351970965 0.028629376338078424 0.028540941385122445
0 0.6670430256770208 0.20717738224909857 0.026454778817983773 0.026693124037522536
0 0.41333319590641904 0.5732714579655573 0.019134007967435397 0.019045536334698018
0 0.9283591050368089 0.8248050396259015 0.025791461651141826 0.025994520920973558
0 0.706110587486854 0.4195500153761644 0.03587488027719351 0.03618343059833233
0 0.2693001306973971 0.27161840292123646 0.031357104961688705 0.031232320345365085
0 0.3618141321035532 0.5178225223834698 0.017529707688551683 0.017253362215482272
0 0.07380195764394906 0.4052702463590182 0.03893294701209435 0.0398565439077524
0 0.41082433553842396 0.6109809875488281 0.037816561185396634 0.038086964533879206
0 0.18096360793480507 0.5143629220815805 0.01754302244919997 0.017688971299391527
0 0.4843703783475436 0.09228598154508151 0.02600970635047326 0.026518931755652793
0 0.41230223729060245 0.507536374605619 0.041364082923302285 0.041515203622671276
0 0.8624692329993615 0.18943170400766227 0.034496160653921276 0.03432670006385216
0 0.5001957966731145 0.6194414725670447 0.031068801879882812 0.030841533954326924
0 0.6218329943143405 0.6261738263643705 0.03015312781700721 0.03042323772723858
0 0.5805892944335938 0.6060830262991098 0.06568145751953125 0.06570031092717098
0 0.6887503403883714 0.11660794111398551 0.023390843318058893 0.023165812859168418
0 0.22398149050199068 0.9084714742807242 0.06541244800274189 0.06492203932542068
0 0.6101575631361741 0.7927281306340144 0.016729281498835638 0.016882676344651442
0 0.9096400921161358 0.039046186667222246 0.03542826725886418 0.03489833611708421
0 0.49097728729248047 0.06744544781171359 0.023320711576021634 0.02336435134594257
0 0.6846281931950495 0.9214415917029748 0.020310181837815505 0.020586013793945312
0 0.5081239113440881 0.08526416925283578 0.026429249690129206 0.026335344864771917
0 0.1821316939133864 0.7647807781512921 0.01518403566800631 0.01516254131610577
0 0.16972477619464582 0.14122231190021223 0.016013732323279746 0.015914715253389798
0 0.18650385049673227 0.6435694327721229 0.01652867977435772 0.016613006591796875
0 0.838596930870643 0.1587068300980788 0.045419546274038464 0.04575795393723708
0 0.1710479993086595 0.6904452397273138 0.0393518667954665 0.03863980219914363
0 0.7986514751727765 0.5975760679978591 0.025498023399939902 0.025873771080603965
0 0.1527321246954111 0.8091149696936975 0.01681861510643592 0.017024847177358773
0 0.7223692673903245 0.6576031904954177 0.03659527118389423 0.03664897038386418
0 0.40262104914738583 0.09552354079026443 0.023694551908052884 0.023662383739764873
0 0.3702525725731483 0.6380710601806641 0.018244009751539964 0.01852871821476863
0 0.1598384930537297 0.4815218632037823 0.02711463891542875 0.027278973506047174
0 0.1396776529458853 0.5049774463360126 0.03515067467322716 0.035839227529672474
0 0.7561740875244141 0.809876221876878 0.01573944091796875 0.015631749079777643
0 0.48132896423339844 0.34458314455472505 0.01669898399939904 0.016820760873647835
0 0.7747146899883564 0.8656289760883038 0.018716078538161058 0.01859312791090745
0 0.14694640269646278 0.4174159856942984 0.04692857082073505 0.047082020686222956
0 0.7120191867534931 0.873835196861854 0.01577421335073618 0.01587677001953125
0 0.7805799337533804 0.10291966108175424 0.02792182335486779 0.028249685580913838
0 0.11007505196791428 0.4712522213275616 0.01582958148075984 0.015698359562800482
0 0.27851324815016526 0.1534664905988253 0.017574163583608773 0.017624469903799202
0 0.7239899268517127 0.3881262999314528 0.032106839693509616 0.03289310748760517
0 0.8245732234074519 0.33793434729942906 0.027930626502403848 0.02805504432091346
0 0.2408582247220553 0.6034151957585261 0.017407050499549277 0.01740088829627404
0 0.8955541757436899 0.6791890951303335 0.025651051447941706 0.025964883657602165
0 0.5572589727548453 0.18438473114600548 0.01888729975773738 0.0192410028897799
0 0.8283180823692908 0.499322561117319 0.017559344951923076 0.01752339876615084
0 0.18852389775789702 0.22044706344604492 0.03304298107440655 0.03379462315486027
0 0.5044755935668945 0.3805231681236854 0.01612714620736929 0.015815221346341647
0 0.5689829312838041 0.129896879196167 0.017304493830754206 0.017351443950946514
0 0.683021251971905 0.2255855523622953 0.020376058725210335 0.02037393129788912
0 0.5810586489163913 0.3161902060875526 0.015564478360689603 0.015497647798978366
0 0.5182525561406062 0.4143786063561073 0.033738283010629505 0.03427424797644982
0 0.44195072467510516 0.5964192243722769 0.03156221829927885 0.031841204716609076
0 0.7304471822885367 0.5080258296086237 0.03486926739032452 0.034940132727989785
0 0.25576066970825195 0.018350096849294808 0.017481217017540567 0.017859417658585768
0 0.32433414459228516 0.5413260093102088 0.03934022096487192 0.039905621455265924
0 0.3631492027869591 0.8532458085280198 0.030579053438626803 0.03066840538611779
0 0.8826742905836839 0.9181665273813101 0.03899398216834435 0.0377649160531851
0 0.5327251140887921 0.1214744311112624 0.018033321087176982 0.017899183126596305
0 0.49054699677687424 0.4663906464209923 0.021886605482835036 0.021526263310359076
0 0.8825759154099685 0.9412822723388672 0.029894315279447116 0.030536945049579326
0 0.5517992239732009 0.04007465105790358 0.03027820587158203 0.03006314314328707
0 0.18951746133657602 0.476811042198768 0.03435310950646034 0.03519498384915865
0 0.23006109090951773 0.6992155221792368 0.027141424325796273 0.027676215538611777
0 0.3894839286804199 0.3217490636385404 0.023226077740009014 0.023184702946589544
0 0.7756036611703726 0.6107889688931979 0.021830632136418268 0.021907292879544772
0 0.27110583965594953 0.516172849214994 0.02949997094961313 0.029327979454627402
0 0.891792370722844 0.8073299114520733 0.017603507408728965 0.017888582669771634
0 0.29832876645601714 0.5727501649122971 0.016738378084622897 0.016935201791616585
0 0.48700494032639724 0.05129800393031193 0.01550608414870042 0.01582050323486328
0 0.14404292290027326 0.7025560232309195 0.018326832697941706 0.018668541541466348
0 0.6106990667489859 0.06883598749454205 0.02669393099271334 0.027012045566852275
0 0.509187074807974 0.1867805260878343 0.016788702744704027 0.016625697796161357
0 0.3643043224628155 0.422086055462177 0.016257065993088942 0.015677232008713942
0 0.3805527687072754 0.528990232027494 0.022264480590820312 0.02173614501953125
0 0.21761138622577375 0.23331389060387245 0.01765860044039213 0.017972762768085185
0 0.24335213807912973 0.10059077923114483 0.0445398550767165 0.044521295107327975
0 0.8641215104323167 0.6195807823768029 0.024552271916316107 0.02510672349196214
0 0.31499693943903995 0.8556671142578125 0.02734793149507963 0.027491642878605768
0 0.8821689899151142 0.3889826994675856 0.12402519812950721 0.13959503173828125
0 0.12399869698744553 0.4427794676560622 0.02664925501896785 0.026831993689903848
0 0.285310121682974 0.11633011010976937 0.03385771237886869 0.03313112258911133
0 0.6709167040311373 0.3423742881188026 0.018822596623347357 0.018810859093299277
0 0.6711383232703576 0.45000714522141677 0.054807809682992786 0.05499898470365084
0 0.6442590860220102 0.41574808267446667 0.03809151282677284 0.038190988393930286
0 0.09665129734919621 0.7290552579439603 0.015018169696514424 0.015320704533503605
0 0.2491727608900804 0.4524313486539401 0.03520356691800631 0.034299263587364785
0 0.7710819977980393 0.3310413360595703 0.05223552997295673 0.052383147753202
0 0.7232420994685247 0.5144048837515024 0.0169833256648137 0.017222477839543268
0 0.47607062413142276 0.64520630469689 0.03789021418644832 0.03772999690129207
0 0.3925143021803636 0.43363270392784703 0.019022574791541465 0.019087718083308294
0 0.3351883521446815 0.37784767150878906 0.026917237501878005 0.02717927786020132
0 0.6214105899517353 0.8232666895939753 0.016928452711838942 0.01685362595778245
0 0.4385279141939603 0.05906912455191979 0.02631833003117488 0.02590935963850755
0 0.19399015720073992 0.5831046104431152 0.03982074444110577 0.039933424729567304
0 0.63317504295936 0.5909505990835336 0.029332527747521035 0.028981869037334736
0 0.5957712760338416 0.2894299213702862 0.01727448976956881 0.017543279207669772
0 0.4457233502314641 0.06504690647125244 0.017756168658916768 0.01818556051987868
0 0.8382798708402194 0.67877197265625 0.02162933349609375 0.02155436002291166
0 0.29015185282780576 0.6475508029644306 0.0156552241398738 0.015810012817382812
0 0.21089669374319223 0.13515894229595476 0.014518921191875752 0.014710939847506009
0 0.5800601519071139 0.12773893429682806 0.04072130643404447 0.03962359061607948
0 0.9131708145141602 0.9361592806302584 0.030694081233097956 0.031054863562950723
0 0.12256327042212853 0.3436864706186148 0.02161418474637545 0.021773558396559495
0 0.6432236891526443 0.02098898245738103 0.028578538161057692 0.028342976019932672
0 0.5023672397320087 0.6168549611018255 0.02406032268817608 0.024368873009314902
0 0.6772237924429086 0.06381075657331027 0.024922004112830527 0.025203842383164626
0 0.36789732712965745 0.09001023952777569 0.014491007878230168 0.014676094055175781
0 0.894696675814115 0.7777814131516677 0.047008367685171276 0.048245943509615384
0 0.5513191956740159 0.13055551052093506 0.017046781686636116 0.017222184401292067
0 0.10042366614708534 0.28948341883145845 0.031332896305964544 0.03121328353881836
0 0.2487633044903095 0.41863470811110276 0.0359797844519982 0.035831304696890026
0 0.2689660145686223 0.290068846482497 0.023462368891789362 0.023047740642841045
0 0.7592532818134015 0.7615229533268855 0.031194100013146035 0.03135593120868389
0 0.8663916221031775 0.7143259048461914 0.04015614436222957 0.04049946711613582
0 0.4499510618356558 0.6556072235107422 0.022922002352201022 0.02357336191030649
0 0.6680840712327224 0.49097835100614107 0.026918557974008415 0.026994998638446514
0 0.8721496141873873 0.7545270919799805 0.0314027346097506 0.03144631019005409
0 0.17815962204566368 0.1958462641789363 0.023284545311560996 0.02331062463613657
0 0.16351973093472993 0.6488617383516752 0.025428295135498047 0.02596253615159255
0 0.35171743539663464 0.2306206776545598 0.025873917799729567 0.026057903583233174
0 0.44226613411536586 0.1593752640944261 0.01703335688664363 0.016784163621755745
0 0.5746346987210788 0.027955830097198486 0.023684061490572415 0.023434804036067083
0 0.27780738243689906 0.48605933556189906 0.015051768376277043 0.01564656771146334
0 0.6399503854604868 0.29819459181565505 0.015161367563100962 0.015044652498685397
0 0.7279197986309345 0.3793358069199782 0.023998260498046875 0.024208729083721455
0 0.42140403160682094 0.7849468818077674 0.08005259587214543 0.07964207575871395
0 0.06851373269007756 0.12945697857783392 0.024422975686880257 0.03076481819152832
0 0.08070199306194599 0.14613879643953764 0.017819881439208984 0.018681746262770433
0 0.1321571790255033 0.1189580513880803 0.014787380511944111 0.015050007746769832
0 0.11212941316457894 0.7237240717961237 0.049893782689021185 0.04930261465219351
0 0.3103804955115685 0.5615629783043494 0.018098097581129808 0.017936119666466348
0 0.5689646647526667 0.5079167072589581 0.029739526601938102 0.029302303607647236
0 0.07979143582857572 0.42541269155649036 0.022312893317295954 0.022536644568810098
0 0.5657064731304462 0.32367944717407227 0.0147551023043119 0.015091749338003306
0 0.5619240540724534 0.15829808895404524 0.027588330782376803 0.027590421529916618
0 0.8027047377366286 0.1513669307415302 0.030698336087740384 0.031301021575927734
0 0.19254095737750715 0.5730674817011907 0.01839615748478816 0.018563050490159255
0 0.13446824367229754 0.8388067392202524 0.02556125934307392 0.024858621450570915
0 0.35741358536940354 0.6013171122624323 0.042775520911583535 0.04337736276479868
0 0.37241363525390625 0.31023322618924654 0.01726642021766076 0.01695713630089393
0 0.7557779458852915 0.12919977995065543 0.026371002197265625 0.026835258190448467
0 0.09942408708425668 0.5105094176072341 0.038164799030010514 0.03957638373741737
0 0.3642566387469952 0.7363744882436899 0.02997002234825721 0.030345623309795674
0 0.17249345779418945 0.6949552389291617 0.045839979098393366 0.04706309391902043
0 0.38926098896906924 0.4969784663273738 0.023357611436110277 0.02361018841083233
0 0.2652732592362624 0.20784957592303938 0.022556451650766227 0.02310312711275541
0 0.3844592754657452 0.21435150733360878 0.017684129568246696 0.017842659583458535
0 0.07051500907311073 0.13827162522536057 0.028164441768939678 0.04654642251821665
0 0.38900309342604417 0.23547480656550482 0.023506898146409255 0.023601531982421875
0 0.45856651893028844 0.16368917318490836 0.015085660494290866 0.015220018533559946
0 0.46793449842012846 0.14777522820692796 0.016362630403958835 0.016471385955810547
0 0.6443400016197791 0.2600559638096736 0.014918253971980168 0.014817641331599308
0 0.1410196744478666 0.6716446509728065 0.03038963904747596 0.030482365534855768
0 0.1688858545743502 0.37849125495323765 0.038005682138296276 0.03783702850341797
0 0.2295848773075984 0.012956919578405527 0.015950129582331732 0.015829760294694167
0 0.8464513925405649 0.15854861186100885 0.059518080491286054 0.058789775921748236
0 0.45148614736703724 0.9929401691143329 0.02406457754281851 0.012796842134915866
0 0.2637010721059946 0.03348875275025001 0.015233186575082632 0.015425329024975117
0 0.19382306245657113 0.10380677076486441 0.01921851818378155 0.0193942143366887
0 0.1967760966374324 0.7625197630662185 0.014786133399376502 0.014535463773287259
