0 0.6090556291433481 0.24733437024630034 0.08226211254413311 0.08206521547757663
0 0.30526564671443057 0.8361189915583684 0.13758204533503607 0.1346567594088041
0 0.7390004671536959 0.640534914456881 0.07236304649939904 0.07393264770507812
0 0.6973407451923077 0.4658964597261869 0.05878771268404447 0.057679983285757214
0 0.7406791540292593 0.8890991944533128 0.05509875370905949 0.05526249225323017
0 0.5802279252272385 0.47446170220008266 0.026586239154522236 0.02668894254244291
0 0.68109681056096 0.3384061593275804 0.05469556955190805 0.05508078061617338
0 0.5895237555870643 0.16981638394869292 0.032403799203725964 0.03243945195124699
0 0.3194003471961388 0.6881210620586689 0.06124247037447416 0.06082622821514423
0 0.531654431269719 0.5566125282874475 0.04878322894756611 0.048044644869290866
0 0.6821195162259616 0.5990433326134315 0.02187171349158654 0.022109838632436898
0 0.5441741943359375 0.20660226161663348 0.020714686467097357 0.02068306849553035
0 0.2562510050260104 0.6884012955885667 0.04872945638803335 0.04880993182842548
0 0.7613284771259015 0.7466561977679913 0.0336462167593149 0.03520525418795072
0 0.7458164508526142 0.014752841912783109 0.041640061598557696 0.028947949409484863
0 0.7185915433443509 0.3763137964101938 0.0328212151160607 0.033190213716947116
0 0.7430951045109675 0.9861040848952073 0.018606039193960335 0.01863244863656851
0 0.6079642956073468 0.9097824096679688 0.06990902240459736 0.06997152475210336
0 0.46335785205547625 0.6201560680682843 0.016439437866210938 0.01629018783569336
0 0.36975669860839844 0.6947423494779147 0.036634665269118086 0.03673641498272236
0 0.6126265525817871 0.9745601507333609 0.02993004138653095 0.02999114990234375
0 0.5824898939866286 0.33495382162240833 0.032358022836538464 0.03277866656963642
0 0.6558383061335638 0.13222223978776199 0.017357459435096152 0.017023911842933066
0 0.6977184002216046 0.08065165923191951 0.04092847383939303 0.04077845353346605
0 0.32122289217435396 0.7649333660419171 0.017480923579289362 0.017360980694110576
0 0.6818004021277795 0.43615267826960635 0.026786217322716348 0.026525057279146634
0 0.6091565352219802 0.5733534739567683 0.03558892470139723 0.0355840829702524
0 0.7189357464130108 0.9890909928541917 0.025164970984825723 0.021015460674579326
0 0.6721603686992939 0.3738235326913687 0.06874524630033053 0.06751529987041767
0 0.6876835456261268 0.6587675534761869 0.015443948599008413 0.015593015230618991
0 0.31624390528752255 0.9682785180898813 0.023757806191077598 0.023843911977914665
0 0.6916484832763672 0.6730440579927884 0.015602698692908654 0.015500582181490384
0 0.764250241793119 0.7201606310330905 0.017001518836388223 0.017360540536733773
0 0.6994913541353666 0.2524270644554725 0.015291067270132212 0.015382913442758413
0 0.5599973385150616 0.7636511142437274 0.025565660916841947 0.02573556166428786
0 0.7124159152691181 0.18564811119666466 0.016861548790564902 0.016758111807016227
0 0.33184300936185396 0.7465670658991888 0.034813220684344955 0.03491122906024639
0 0.2553235934330867 0.7595528822678786 0.043906211853027344 0.044109344482421875
0 0.5446425217848557 0.23387734706585223 0.04958695631760817 0.04939677165104793
0 0.6424817305344802 0.968971325800969 0.02556463388296274 0.025370084322415866
0 0.6452014629657452 0.9453617976262019 0.02777437063363882 0.027738424447866585
0 0.6635270485511193 0.7895873143122747 0.04134148817795973 0.04171606210561899
0 0.5205985582791842 0.5280711834247296 0.020319718580979567 0.020317811232346755
0 0.6689468530508188 0.14742567906012902 0.034200081458458535 0.03404083618750939
0 0.5456697390629694 0.18983158698448768 0.015824611370380107 0.01569953331580529
0 0.7136924450214093 0.4095854392418495 0.03257458026592548 0.032814319317157455
0 0.7241040743314303 0.5440119596628042 0.014737496009239784 0.014885462247408353
0 0.33400722650381237 0.9027106211735652 0.029836507943960335 0.029874361478365384
0 0.700035021855281 0.8073982092050406 0.03292039724496695 0.03284938518817608
0 0.7448725333580604 0.8269786834716797 0.0388031005859375 0.03911546560434195
0 0.6351887629582331 0.8753157395582932 0.01640143761268029 0.016562828650841348
0 0.6197968262892503 0.5576725006103516 0.0321807861328125 0.03206561161921574
0 0.3140528752253606 0.9148294008695163 0.02752349926875188 0.02848229041466346
0 0.31646068279559797 0.43123461649968076 0.061743516188401446 0.06229679401104267
0 0.6348918034480169 0.6741993243877704 0.014876439021183895 0.015147575965294471
0 0.662104606628418 0.6889030016385592 0.024950027465820312 0.025228060208834134
0 0.5224860631502591 0.5817306225116436 0.02099910149207482 0.02102837195763221
0 0.6243974979107196 0.6695461273193359 0.06684024517352764 0.06429378802959736
0 0.6333236694335938 0.5004701614379883 0.01799774169921875 0.018080784724308893
0 0.25693262540377104 0.7297501930823693 0.01973122816819411 0.020064867459810697
0 0.5298795700073242 0.808428690983699 0.07154538081242488 0.07171572171724759
0 0.2495564314035269 0.7724761962890625 0.016201606163611777 0.016092740572415866
0 0.5880570044884315 0.3567644999577449 0.01518542949969952 0.015165182260366587
0 0.617155148432805 0.8558796369112455 0.06922193673940805 0.06823231623722957
0 0.34127022669865537 0.7257878230168269 0.020990738501915567 0.02127221914438101
0 0.5653760616595929 0.7431463094858023 0.01630122844989483 0.016552851750300482
0 0.44259966336763823 0.2781853125645564 0.025441829974834736 0.02534686602078951
0 0.6584076514610877 0.9098399235652044 0.03332372812124399 0.033179063063401446
0 0.5925211906433105 0.4445208035982572 0.01436152824988732 0.014678661639873799
0 0.44634411885188174 0.5912444774921124 0.020085554856520433 0.020358452430138223
0 0.7119136223426232 0.5034586099477915 0.023465670072115384 0.024045650775615986
0 0.5607423782348633 0.97686033982497 0.015432651226337139 0.015423407921424279
0 0.2903149678156926 0.5952060772822454 0.014389478243314303 0.01455842531644381
0 0.6862615438608023 0.9308006580059345 0.02707085242638221 0.027736957256610576
0 0.4720873465904823 0.5756762211139386 0.01935239938589243 0.018995211674616888
0 0.637774760906513 0.6347935016338642 0.015813240638146035 0.015746483435997598
0 0.5446169926570013 0.8368001350989709 0.015952183650090143 0.015747217031625602
0 0.7472089620736929 0.17224772159869856 0.052315932053786054 0.052373409271240234
0 0.319579344529372 0.9423985114464393 0.029551946199857272 0.030024895301231973
0 0.6906069975632888 0.5138603357168344 0.018540162306565505 0.017850435697115384
0 0.7732924681443435 0.09045545871441181 0.02296609144944411 0.023694295149583083
0 0.3227989857013409 0.8196465418888972 0.016228529123159554 0.01636475783128005
0 0.6218059246356671 0.33003748380220854 0.04312955416165865 0.043356088491586536
0 0.39521312713623047 0.34403228759765625 0.015764823326697715 0.015814781188964844
0 0.49132545177753156 0.8242707619300256 0.014818631685697116 0.014697881845327524
0 0.3018912168649527 0.7204955174372747 0.0197140620304988 0.020123995267427884
0 0.6344344799335186 0.5780602235060471 0.013764308049128605 0.013806709876427284
0 0.29740269367511457 0.34193702844473034 0.04310325475839468 0.043949053837702826
0 0.48574370604295 0.6747428453885592 0.015703494732196514 0.016224200908954326
0 0.6903776755699744 0.21920504936805138 0.02713291461651142 0.02747205587533804
