0 0.34026454045222354 0.7720372860248272 0.09809633401724008 0.09801747248722957
0 0.1992499278141902 0.3751970804654635 0.04423068119929387 0.045020690331092246
0 0.2460797016437237 0.3322627361004169 0.049788401677058294 0.049523500295785755
0 0.5958801416250376 0.5425833922166091 0.04686883779672476 0.046906544612004206
0 0.2663746613722581 0.45134467345017654 0.04254363133357121 0.04264090611384465
0 0.38937612680288464 0.5116565777705266 0.04022979736328125 0.04052096146803636
0 0.6593546500572791 0.6041992627657377 0.05126630342923678 0.05154506976787861
0 0.23580217361450195 0.5380795552180364 0.052559265723595254 0.052041860727163464
0 0.3051166534423828 0.41183361640343297 0.047281925494854264 0.047849288353553183
0 0.6815280914306641 0.7737256563626803 0.04100242027869591 0.04072424081655649
0 0.7663901402400091 0.9729558504544772 0.05271354088416466 0.049959036020132214
0 0.6229566427377554 0.9825093195988581 0.05516253984891451 0.03307342529296875
0 0.45591442401592547 0.802064455472506 0.09276140653170072 0.09071907630333534
0 0.22047879145695612 0.6949636752788837 0.024765491485595703 0.024726720956655648
0 0.3394022721510667 0.15393653282752404 0.025720743032602165 0.025803052462064303
0 0.27102112770080566 0.17087811690110427 0.03208138392521785 0.03215584388146034
0 0.6517182130080003 0.3614336894108699 0.07342103811410758 0.07272265507624699
0 0.3887936885540302 0.8525274716890775 0.030714988708496094 0.030495863694411058
0 0.17636807148273176 0.6563896032480093 0.021345175229586087 0.021440799419696514
0 0.29778513541588414 0.8379877530611478 0.020752906799316406 0.0208437992976262
0 0.7654525316678561 0.6020758335406964 0.05477714538574219 0.05457621354323167
0 0.6491708755493164 0.7877944065974309 0.035807096041165866 0.03584905771108774
0 0.6660167987530048 0.22472394429720366 0.044776623065655045 0.044582183544452376
0 0.5986771216759315 0.4647037065946139 0.03601617079514723 0.035816339346078724
0 0.458583611708421 0.3279673136197604 0.026976878826434795 0.02687534919151893
0 0.4675467564509465 0.3492564421433669 0.023235467764047477 0.023235907921424277
0 0.1758421384371244 0.4819229566133939 0.035623330336350664 0.03583820049579327
0 0.7150050676785983 0.1403108835220337 0.03225106459397536 0.03211665153503418
0 0.15306299466353196 0.42392723376934344 0.021329751381507285 0.021512398352989785
0 0.4870212995089017 0.7228546142578125 0.028255169208233174 0.028487278864933893
0 0.6216670549832858 0.3978074880746695 0.018019456129807692 0.018113209651066706
0 0.829507460960975 0.9159635397104117 0.020648956298828125 0.020664215087890625
0 0.7363590827355018 0.24759354958167443 0.024692828838641826 0.024745611044076774
0 0.5525740109957181 0.48332639840932995 0.022602668175330527 0.02266531724196214
0 0.7838322566105769 0.05489717080042912 0.028905134934645433 0.02885297628549429
0 0.1627795696258545 0.6085091370802659 0.04292865899892954 0.04316153893103966
0 0.44796250416682315 0.6542557202852689 0.02184596428504357 0.02185968252328726
0 0.7911786299485427 0.602295105273907 0.016667879544771634 0.016988240755521335
0 0.38050548846905047 0.7229741169856145 0.019846549400916465 0.019709367018479567
0 0.7907471290001502 0.35736692868746245 0.017377706674429085 0.017394872812124398
0 0.2282867064842811 0.9320951608511118 0.018195739159217246 0.018477806678185098
0 0.353090946490948 0.9667019477257361 0.0259854976947491 0.025597498967097357
0 0.6155005234938401 0.9001310788668119 0.01917879398052509 0.019070845383864183
0 0.5874290833106408 0.7025464864877554 0.035781493553748496 0.0353387685922476
0 0.6707125443678635 0.7998200930081881 0.016232123741736777 0.016083790705754206
0 0.5852699279785156 0.49591886080228365 0.03323510976938101 0.03304921663724459
0 0.33521461486816406 0.469757446875939 0.016502820528470553 0.016423665560208835
0 0.34627492611224836 0.07528909811606774 0.018203148475060098 0.01806351771721473
0 0.38379848920381987 0.4169785426213191 0.03373153393085186 0.03335864727313702
0 0.29816334064190203 0.33038960970365083 0.02727222442626953 0.027602562537560098
0 0.627786269554725 0.4221058625441331 0.018758773803710938 0.018565544715294473
0 0.697567866398738 0.7022825387807993 0.029820075401893027 0.030221205491286058
0 0.36280023134671724 0.8602582491361178 0.029514606182391826 0.02928748497596154
0 0.6087133701031024 0.7523869734544021 0.04034233093261719 0.04058133638822115
0 0.22831117189847505 0.6119168354914739 0.020762003385103665 0.02081020061786358
0 0.30128897153414214 0.05894314325772799 0.016140497647798978 0.016080416165865384
0 0.5472603944631723 0.5830590174748347 0.017743477454552285 0.017520611102764424
0 0.18807675288273737 0.8196726578932542 0.02051962338961088 0.0207827641413762
0 0.5863833794227014 0.7899274826049805 0.09221385075495793 0.09106944157527043
0 0.817567385160006 0.04289582600960365 0.01620145944448618 0.016422225878788874
0 0.732509759756235 0.02414407179905818 0.019142884474534255 0.019312675182635967
0 0.6214668567364032 0.4356821867135855 0.015906370603121243 0.016051732576810397
0 0.3280039934011606 0.8631489093487079 0.018557108365572415 0.018513019268329326
0 0.5264022533710186 0.9575911301832932 0.03296734736515926 0.03295604999248798
0 0.3055280905503493 0.5910175763643705 0.021713696993314303 0.02164121774526743
0 0.24495608990009016 0.6198533131526067 0.019217894627497747 0.018933809720552884
0 0.16843287761394793 0.9260790164654071 0.025576261373666618 0.025685530442457933
0 0.523602925814115 0.7562442192664514 0.025662788977989785 0.025690518892728366
0 0.7003547961895282 0.6398887634277344 0.02060728806715745 0.020726130558894232
0 0.3693513870239258 0.9560640775240384 0.025297898512620192 0.024539800790640023
0 0.5192416264460638 0.6228804221520057 0.01766659663273738 0.01787596482496995
0 0.6900680982149564 0.5229642574603741 0.025210160475510817 0.025626696073091947
0 0.338592162499061 0.5119901803823618 0.021756979135366585 0.02174692887526292
0 0.26590550862825835 0.4109651858990009 0.02727812987107497 0.027713482196514424
0 0.812898195706881 0.4712881308335524 0.028754601111778848 0.02871872828556941
0 0.3599589421198918 0.9016532897949219 0.04022840353158804 0.040740673358623795
0 0.16721749305725098 0.2912147962130033 0.017401915330153245 0.017285787142240085
0 0.7210292082566482 0.6264695387620193 0.01623359093299279 0.016071613018329326
0 0.5902310884915866 0.28227949142456055 0.04044503432053786 0.04043263655442458
0 0.5517008854792669 0.9804972135103666 0.04385940845196064 0.03444172785832332
0 0.7101116180419922 0.17291958515460676 0.015555161696213942 0.01551958230825571
0 0.14390147649324858 0.3885295574481671 0.0160980224609375 0.017695060143103965
0 0.4222887112544133 0.7946091431837815 0.03032985100379357 0.02970284682053786
0 0.6198817033034104 0.6001638999352088 0.016529083251953125 0.01634817857008714
0 0.7123653705303485 0.09010045345012958 0.015593895545372596 0.015541681876549354
0 0.49199669177715594 0.9825157018808218 0.036957814143254206 0.03144396268404447
0 0.3349449451153095 0.9795287205622747 0.021899663485013522 0.02239256638746995
0 0.6781843625582181 0.04617565411787767 0.03138879629281851 0.0307004451751709
0 0.4794027621929462 0.7770848641028771 0.03599049494816707 0.036893404447115384
0 0.41855445274939906 0.10580739608177772 0.014896832979642428 0.015074693239652194
0 0.38135990729698765 0.13497365438021147 0.015014941875751201 0.014852340404803935
0 0.18200030693641076 0.43263497719397914 0.042136192321777344 0.04285086118257963
0 0.6439109215369592 0.9563427705031174 0.027269950279822715 0.02691048842210036
0 0.19674123250521147 0.8954017345721905 0.023534774780273438 0.02349266639122596
0 0.3147624089167668 0.503338520343487 0.019733447294968825 0.01978720151461088
0 0.39940999104426456 0.6977448096642127 0.021728002108060397 0.021906632643479567
0 0.5527860934917743 0.26198517359220064 0.02209340609036959 0.02220428906954252
0 0.5422279651348407 0.3634774868304913 0.02499279609093299 0.024940637441781852
0 0.39879432091346156 0.44112194501436675 0.020018504216120794 0.020139180696927585
0 0.7621300770686223 0.22749523016122672 0.01622933607835036 0.01623194034282978
0 0.6237229567307693 0.58163177050077 0.02025604248046875 0.020581392141488884
0 0.43977495340200573 0.3938212761512169 0.021854107196514424 0.02183958200307993
0 0.154051633981558 0.5002922644981971 0.022067592694209173 0.022041467519906852
0 0.4858738825871394 0.4396134890042819 0.016617481525127705 0.016686219435471755
0 0.328001462496244 0.8400250948392428 0.038209034846379206 0.03907629159780649
0 0.8482685089111328 0.8573484420776367 0.016611539400540866 0.017501097459059495
0 0.40358235285832333 0.6503850496732272 0.022575231698843148 0.0219573974609375
0 0.632423107440655 0.2339919530428373 0.03153170072115385 0.031713082240178034
0 0.1607058965242826 0.1608773928422194 0.01501156733586238 0.014825013967660757
0 0.4658829615666316 0.4497905144324669 0.014718055725097656 0.014679982112004207
0 0.5611236645625188 0.742073499239408 0.01876530280480018 0.01892706064077524
0 0.3402833938598633 0.6229033103355994 0.014050850501427284 0.014222511878380409
0 0.8511111919696515 0.8896387540377103 0.013749636136568509 0.01955589881310096
0 0.7185909564678485 0.2009295500241793 0.07226709219125602 0.07307591805091271
0 0.17155817838815543 0.32531371483436 0.01433559564443735 0.014283987192007212
0 0.5819001564612756 0.3451027503380409 0.018655850337101862 0.018750337453988884
0 0.35790685506967396 0.6828440152681791 0.015960546640249398 0.01612061720628005
0 0.6063995361328125 0.6069344007051908 0.018356469961313102 0.01839417677659255
0 0.6147540899423453 0.7222618689903846 0.022095313439002402 0.02222105172964243
0 0.21565774770883414 0.9073123931884766 0.025177698868971605 0.025418795072115384
0 0.3736567864051232 0.07144455726330097 0.030502172616811898 0.030667671790489785
0 0.6203398337730994 0.8397866762601413 0.020406576303335335 0.020467318021334134
0 0.3456408427311824 0.9436089442326472 0.019367438096266527 0.019237224872295674
0 0.22832241425147423 0.6646217199472281 0.022379471705510065 0.022674560546875
0 0.7149718357966497 0.7213422335111178 0.018732657799353965 0.018501868614783652
0 0.6724492586576022 0.18274934475238508 0.030474736140324518 0.030272410466120794
0 0.8091558309701773 0.7517731006328876 0.05731744032639723 0.05704028789813702
0 0.8103454296405499 0.6450058863713191 0.07216262817382812 0.07305647776677059
0 0.36357608208289516 0.043527960777282715 0.020575596736027643 0.020834429905964777
0 0.6705034696138822 0.11003767527066745 0.015053382286658654 0.015272140502929688
0 0.7634486418503982 0.010573093707744893 0.027447040264423076 0.019761048830472507
0 0.3589640397291917 0.8963127136230469 0.03624666654146635 0.03617594792292668
0 0.495332461137038 0.8442751811100886 0.026192078223595254 0.025456795325646035
0 0.6866839482234075 0.2542282801408034 0.015557655921349159 0.015946645003098708
0 0.33326053619384766 0.5490197401780349 0.014254496647761418 0.01419368157019982
0 0.7385676457331731 0.3667295162494366 0.014781658466045674 0.014562019935021034
0 0.755462646484375 0.3417781683114859 0.023300757774939902 0.023629408616286058
0 0.4650604541485126 0.9517993927001953 0.01883844228891226 0.018954643836388223
0 0.23863786917466384 0.7259343954233023 0.0252379270700308 0.026139479417067308
0 0.773556635929988 0.6822810539832482 0.025139441856971152 0.02459540733924279
0 0.4572218381441556 0.5270550067608173 0.016130447387695312 0.016286409818209134
0 0.3171745447012094 0.5518159866333008 0.019866796640249398 0.019842001108022835
0 0.3610021151029147 0.9074473747840295 0.037048706641564004 0.038817185621995196
0 0.6553354996901292 0.2724544635185829 0.01600060096153846 0.015991907853346605
0 0.29578733444213867 0.9545546311598557 0.014825967641977163 0.014815550584059495
0 0.6916503172654372 0.5457236216618464 0.021601310143103965 0.02217263441819411
0 0.5011728726900541 0.7008430774395282 0.017077079186072715 0.01721983689528245
0 0.28121660305903506 0.37991538414588344 0.020370299999530498 0.020766771756685697
0 0.6122485674344577 0.09547015336843637 0.01465298579289363 0.014675598878126878
0 0.29056182274451625 0.8071311803964468 0.020750926091120794 0.021181106567382812
0 0.5322800049415002 0.8042825552133414 0.019072972811185397 0.01915711622971755
0 0.35299477210411656 0.6240180088923528 0.014146951528695913 0.01440884516789363
0 0.7417548986581656 0.08063395206744854 0.014100588285006009 0.014028397890237661
0 0.398165042583759 0.9378188940194937 0.023395831768329326 0.022992500892052285
0 0.6458737299992487 0.4791858379657452 0.015112510094275841 0.015232159541203426
