0 0.18343239564162034 0.7499485015869141 0.18245344895582932 0.18973526587853065
0 0.730376096872183 0.5786598645723783 0.10144219031700721 0.10242740924541767
0 0.20568979703463042 0.11554068785447341 0.09304611499492939 0.09308943381676307
0 0.8930005293626052 0.43282739932720476 0.0278323246882512 0.028545159559983473
0 0.28760708295381987 0.22134109643789437 0.03345625217144306 0.033612654759333685
0 0.27614564162034255 0.31453371047973633 0.03075995812049279 0.03063620053804838
0 0.2243063633258526 0.463073363670936 0.034610895010141224 0.0342557613666241
0 0.6931639451246995 0.3629178267258864 0.023367955134465143 0.02339319082406851
0 0.7393021216759315 0.8421118076031024 0.027156829833984375 0.027191602266751803
0 0.4016132354736328 0.4339829958402194 0.022997195904071514 0.022969172551081732
0 0.8430128831129807 0.5421882042518029 0.02280426025390625 0.022831843449519232
0 0.8085484137901893 0.5581726661095252 0.023729471059945915 0.02353697556715745
0 0.24705197260929987 0.20406708350548378 0.022317812992976263 0.02241626152625451
0 0.11942694737361027 0.13071981760171744 0.020264112032376803 0.020397314658531777
0 0.4719963073730469 0.5600293966440054 0.018950388981745794 0.019073633047250602
0 0.18732892549954927 0.3195005930387057 0.018979512728177585 0.019118382380558893
0 0.7797968204204853 0.9162324758676382 0.018666780911959134 0.01899132361778846
0 0.14847656396719125 0.4118042358985314 0.01914673585158128 0.019230182354266826
0 0.3568342649019681 0.2243500122657189 0.023107528686523438 0.02307880841768705
0 0.4753826948312613 0.02346188059219947 0.024384131798377402 0.023938444944528434
0 0.19793132635263297 0.4666317059443547 0.02459570077749399 0.024788049551156852
0 0.14674023481515738 0.958311887887808 0.020149047558124248 0.020207918607271634
0 0.471865360553448 0.6600498786339393 0.016624303964468148 0.016640883225661058
0 0.565163465646597 0.16856901462261492 0.020462476290189303 0.02050150357759916
0 0.22358494538527268 0.4323394481952374 0.01949794475848858 0.019503373366135817
0 0.8805470099815955 0.5560009296123798 0.020615210899939902 0.020869621863731973
0 0.49926302983210635 0.6912407508263221 0.016906004685621995 0.01700562697190505
0 0.5875743719247671 0.3700977105360765 0.017446224506084736 0.017479089590219352
0 0.6607243464543269 0.3625195209796612 0.018595475416917067 0.018533853384164665
0 0.6833934783935547 0.5153237122755784 0.01767422602726863 0.017564700200007513
0 0.8389567595261794 0.9466279836801382 0.019193502572866585 0.019405658428485576
0 0.8622053586519681 0.5598392486572266 0.015910221980168268 0.015813607435960036
0 0.34269222846397984 0.2445050753079928 0.01949442349947416 0.019497174483079176
0 0.5228643417358398 0.10885940148280217 0.017056098351111777 0.017050761442918044
0 0.29800169284527117 0.03718122381430406 0.01858219733605018 0.01843494176864624
0 0.23015873248760516 0.3182401657104492 0.01746203349186824 0.01746955284705529
0 0.5046678689809946 0.044312660510723405 0.017877578735351562 0.018117851935900174
0 0.6307422931377704 0.8009279691256009 0.016266749455378607 0.016158470740685098
0 0.8245975787823017 0.7752280602088342 0.01634069589468149 0.016316340519831732
0 0.2623783258291391 0.2761173981886644 0.027135848999023438 0.027483206528883714
0 0.3979392418494591 0.6468875591571515 0.015319237342247596 0.015318063589242788
0 0.8095081035907452 0.8853291731614333 0.015025505652794471 0.015125274658203125
0 0.5535692068246695 0.6390030200664814 0.015602992131159855 0.015838036170372598
0 0.7921615747305063 0.05029947024125319 0.01768185542179988 0.017700066933265098
0 0.2648915694310115 0.17402881842393142 0.016624597402719352 0.016740102034348708
0 0.49689586345966047 0.022888891972028293 0.02405093266413762 0.024522639237917386
0 0.16585845213669997 0.43570951315072864 0.01565210635845478 0.01564333989070012
0 0.84583253126878 0.7533124043391302 0.016329398522010215 0.016394395094651442
0 0.25204933606661284 0.2529086699852577 0.02730729029728816 0.027924537658691406
0 0.3777297093318059 0.11449980735778809 0.0181735112116887 0.018317479353684645
0 0.6687475351186899 0.2591242790222168 0.016407306377704326 0.01626271467942458
0 0.8690878061147836 0.015624361542555002 0.026835514948918268 0.02666376416499798
0 0.5302830476027268 0.8757972717285156 0.015683614290677585 0.01567840576171875
0 0.4614703105046199 0.7971388009878305 0.01911192673903245 0.019298260028545674
0 0.5696886869577261 0.3252240694486178 0.015543130727914663 0.01579563434307392
0 0.37088848994328427 0.9563845120943509 0.015453338623046875 0.015602405254657451
0 0.4446841386648325 0.8118721888615534 0.019070992102989785 0.019023601825420674
0 0.8773614443265475 0.133429976610037 0.016359769381009616 0.01656961441040039
0 0.517544122842642 0.022350474045826837 0.014707858745868389 0.015017908353071947
0 0.825314081632174 0.6745446278498723 0.014776963454026442 0.014681155865009014
0 0.583407842195951 0.12583265854762152 0.017626395592322715 0.01795816421508789
0 0.5761427879333496 0.14676448015066293 0.016350966233473558 0.01647329330444336
0 0.8715063241811899 0.7123868648822491 0.029133723332331732 0.029087360088641826
0 0.8421462132380559 0.4972664026113657 0.013881096473106971 0.014098387498121995
0 0.7563965137188251 0.9884526179387019 0.019591844998873197 0.018006251408503607
0 0.17056824610783503 0.4505772957435021 0.014832826761099009 0.014863087580754207
0 0.4251744196965144 0.07410027430607723 0.02379945608285757 0.02352305559011606
0 0.10922130254598764 0.20365326221172625 0.014394503373366136 0.014318136068490835
0 0.7607655158409705 0.8077253194955679 0.015370882474459134 0.015419886662409855
0 0.1883845696082482 0.5749318416302021 0.014508650853083683 0.01445909646841196
0 0.7177165104792669 0.48348104036771333 0.01632235600398137 0.016416329603928786
0 0.8785158304067758 0.08149258907024677 0.014781365027794471 0.01467667634670551
0 0.7556155278132513 0.9755998758169321 0.018488663893479567 0.01885252732496995
0 0.362302670112023 0.8358259201049805 0.015900905315692607 0.015944554255558893
0 0.1598667731651893 0.25113391876220703 0.014841455679673415 0.014801979064941406
0 0.4941577177781325 0.061218986144432656 0.01608114976149339 0.016084991968595065
0 0.8563321920541617 0.7003104870135968 0.01517017071063702 0.015276101919320913
0 0.4702928983248197 0.7719336289625901 0.017139141376201924 0.01754305912898137
0 0.5161589108980619 0.07519888419371384 0.015117645263671875 0.015216781542851375
0 0.8298348646897536 0.9796551190889798 0.014566568227914663 0.014461957491361178
0 0.3934369454017052 0.8186837709867038 0.014762658339280348 0.014671619121844951
0 0.7645317957951472 0.6422570301936223 0.014771094689002404 0.01511852557842548
0 0.8715281853309045 0.5396402432368352 0.014435401329627404 0.014487119821401743
0 0.5542349081773025 0.12919941315284142 0.014728399423452524 0.014911926709688626
0 0.5113076430100661 0.08469609113839957 0.015024772057166466 0.015026367627657376
0 0.5837542460514948 0.1614566032703106 0.015319530780498799 0.015361419090857873
0 0.5986667779775766 0.6651664147010217 0.015017949617826022 0.01501758282001202
0 0.7767659700833834 0.9306176992563101 0.017914698674128607 0.01807256845327524
0 0.5413372333233173 0.9048764155461237 0.014201971200796274 0.014299392700195312
0 0.2250852218041053 0.5119779293353741 0.014181063725398136 0.014336952796349159
0 0.8041196969839243 0.024570180819584772 0.01674622755784255 0.016829353112440843
0 0.5289787879356971 0.9811842991755559 0.052973380455603965 0.03293052086463341
0 0.17324616358830378 0.5091838836669922 0.013784041771521935 0.013859822199894832
0 0.1909650839292086 0.4132832380441519 0.01564135918250451 0.015787931588979866
0 0.30710425743689906 0.8442773085374099 0.01403515155498798 0.0140382326566256
0 0.4674936074476976 0.7652832911564753 0.01499770237849309 0.015646714430588942
0 0.46518494532658505 0.41115914858304536 0.014502598689152645 0.014441710252028245
0 0.8826629198514498 0.6379940326397235 0.014725758479191707 0.014911358173076924
0 0.14399162622598502 0.9252708141620343 0.014232635498046875 0.014335338885967549
0 0.8645423008845403 0.7270185030423678 0.01997551551231971 0.020759729238656852
0 0.8062850511991061 0.9186809246356671 0.014069043673001803 0.014063468346228966
0 0.862017558171199 0.12190042092249943 0.0166781498835637 0.01763013693002554
0 0.7026392129751352 0.44232727931096005 0.014958748450646034 0.01501919673039363
0 0.733368286719689 0.9684366079477164 0.018707128671499398 0.01885839608999399
0 0.8761018606332632 0.38232983075655425 0.01372234637920673 0.013834953308105469
0 0.7864553011380709 0.6692953109741211 0.013431842510516826 0.0133665524996244
0 0.6287064185509315 0.9459473536564753 0.01421649639423077 0.014340914212740384
0 0.4368995519784781 0.47072439927321214 0.014059653648963341 0.014503772442157451
0 0.4216158940241887 0.07106379362253043 0.020256629356971152 0.019852729944082406
0 0.335235779102032 0.2630811104407677 0.01483931908240685 0.014742557819073018
0 0.10362945153163029 0.37435458256648135 0.014233937630286584 0.01465592017540565
0 0.4384938019972581 0.29032124005831206 0.016007056603064902 0.016000967759352464
0 0.3504162935110239 0.05917419837071346 0.013888359069824219 0.013852348694434533
0 0.7987359120295598 0.5854969024658203 0.01332400395320012 0.013285123384915866
0 0.6145524245042068 0.14624762535095215 0.014109244713416466 0.014423076923076924
0 0.8699528620793269 0.6255918649526743 0.013694469745342549 0.013767829308143029
0 0.8715877532958984 0.5184761560880221 0.014858245849609375 0.014936373783991886
0 0.3054197017963116 0.24032090260432318 0.017028221717247598 0.0165403072650616
0 0.4865138347332294 0.04111124002016508 0.016150841346153848 0.01640130694095905
0 0.7018095896794245 0.5043296813964844 0.013570785522460938 0.013670701246995192
0 0.8897287662212665 0.5292706856360803 0.015311021071213942 0.015474759615384616
