0 0.47869443893432617 0.29310938028188854 0.0819105735191932 0.08150562873253456
0 0.6189590600820688 0.6495158855731671 0.048503875732421875 0.04895577063927284
0 0.6055492987999549 0.5949523632342999 0.023069381713867188 0.023070555466871995
0 0.46345725426307094 0.6201915740966797 0.02042814401479868 0.020327054537259616
0 0.2902538226200984 0.15438508987426758 0.020284432631272536 0.02036116673396184
0 0.27845004888681263 0.5989925677959735 0.020420221182016227 0.02049988966721755
0 0.29881715774536133 0.2948028307694655 0.019853665278508112 0.019690733689528245
0 0.4453114362863394 0.4140647741464468 0.0205841798048753 0.020713952871469352
0 0.6774139404296875 0.020859665595568143 0.03627630380483774 0.03631088825372549
0 0.27501825185922474 0.27168033673213077 0.02251460002018855 0.028082664196307842
0 0.4963061626140888 0.9240465897780198 0.023495233975923978 0.023856236384465143
0 0.2992247801560622 0.5078662725595328 0.02510496286245493 0.02509615971491887
0 0.6275586348313552 0.050986179938683145 0.021846184363731973 0.022092287357036885
0 0.2812996277442345 0.7261557945838342 0.016127366286057692 0.016223614032451924
0 0.6342031038724459 0.753903315617488 0.018439072829026442 0.018592981191781852
0 0.3882308373084435 0.9082177969125601 0.019535211416391227 0.019430013803335335
0 0.7012497094961313 0.6322895930363581 0.01742245600773738 0.017369783841646634
0 0.679451428926908 0.37513285416823167 0.020657759446364183 0.02059320303109976
0 0.582887209378756 0.878955180828388 0.017896505502554085 0.01794594984788161
0 0.6446484052217923 0.007798627018928528 0.01883668165940505 0.01494635297701909
0 0.5986792491032527 0.02579376330742469 0.021624931922325723 0.021660639689518854
0 0.4913535484900841 0.8886880141038161 0.020979954646183893 0.020868448110727165
0 0.7229344294621394 0.6131305694580078 0.016086284930889424 0.016433128943810098
0 0.6597822629488431 0.6227905566875751 0.017362447885366585 0.017437861515925482
0 0.532244975750263 0.34143866025484526 0.0633402604323167 0.06343548114483173
0 0.38756051430335414 0.48333974984975964 0.022129352276141826 0.0223696782038762
0 0.5080683047954853 0.6547063680795523 0.014858686006986178 0.014876732459435096
0 0.7175818223219651 0.4026937484741211 0.016453963059645433 0.01672216562124399
0 0.537057142991286 0.9520687690147986 0.01707033010629507 0.017473367544320915
0 0.6615412785456731 0.42240582979642427 0.015056463388296274 0.014956841102013221
0 0.3550838323739859 0.3542499542236328 0.01679068345289964 0.016849811260516826
0 0.37448795025165266 0.8270088342519907 0.0371705568753756 0.03759149404672476
0 0.5663555952218863 0.5037702780503494 0.02503798558161809 0.024918409494253304
0 0.6381193307729868 0.6929514958308294 0.0188754155085637 0.01902140103853666
0 0.27084710047795224 0.6546574372511643 0.014789874737079326 0.014860299917367788
0 0.585664675785945 0.6776815561147836 0.032817693857046276 0.03286669804499699
0 0.6069381420428936 0.8310846182016226 0.023031968336838942 0.023314842810997598
0 0.5679955849280725 0.4811334243187538 0.027520106388972357 0.027747594393216647
0 0.36294225546029896 0.9267774728628305 0.015794020432692308 0.015743549053485576
0 0.5244551438551682 0.7861884924081656 0.01464550311748798 0.014744245089017428
0 0.4617181924673227 0.21755225841815656 0.03403333517221304 0.03375948392427885
0 0.4087379528925969 0.12130506222064678 0.01590589376596304 0.016115445357102614
0 0.38042919452373797 0.010561251869568458 0.018512652470515326 0.01830903612650358
0 0.41448288697462815 0.7788416055532602 0.024570465087890625 0.02498597365159255
0 0.45533231588510364 0.9766592612633338 0.014497023362379808 0.014312010544996995
0 0.5560347483708308 0.29684884731586164 0.04679298400878906 0.04629729344294621
0 0.348754149216872 0.6199546227088342 0.017145303579477165 0.016865363487830527
0 0.3523531693678636 0.196486234664917 0.02960968017578125 0.02911655719463642
0 0.5447463989257812 0.4091666294978215 0.01584595900315505 0.01569337111253005
0 0.33366206976083607 0.7460130544809195 0.02911978501539964 0.029381678654597357
0 0.6467337975135217 0.9487769787128155 0.03410500746506911 0.03437306330754207
0 0.2736180012042706 0.6219728176410382 0.02508398202749399 0.03306007385253906
0 0.38784335209773135 0.86358642578125 0.017444537236140326 0.017719415517953727
0 0.4133030818058894 0.2791742911705604 0.03342276353102464 0.033451080322265625
0 0.5429259446951059 0.9270314436692458 0.030383917001577523 0.030096054077148438
0 0.47559386033278245 0.9610102726862981 0.02280448033259465 0.022407385019155648
0 0.7036016904390775 0.6987978128286508 0.030628497783954326 0.0301058842585637
0 0.616698118356558 0.6197646948007437 0.021588839017427884 0.021489070012019232
0 0.342566050015963 0.5075856355520395 0.013788810143103966 0.014020259563739482
0 0.4273669903094952 0.8212784987229568 0.014687904944786659 0.015007899357722355
0 0.7053959919856145 0.702445543729342 0.02353184039776142 0.023078331580528848
0 0.2855042861058162 0.17052562420184797 0.01523417692918044 0.014873027801513672
0 0.40045899611253005 0.26001948576707107 0.032806396484375 0.032479506272536054
0 0.3996852728036734 0.010993989614339976 0.021325404827411357 0.01992840491808378
0 0.7076033078707181 0.0627122292151818 0.015279036301832933 0.015140643486609826
0 0.6151341658372146 0.16527428993811974 0.03438362708458534 0.033994738872234635
0 0.2934265870314378 0.5499756152813251 0.061682481032151446 0.06293062063363883
0 0.7242377354548528 0.24451325489924505 0.024205134465144232 0.028603553771972656
0 0.37411051530104417 0.6582504419180063 0.013697404127854567 0.013857474693885216
0 0.5367408899160532 0.7122036860539362 0.020413325383112982 0.020453966580904447
0 0.6252402525681716 0.8189380352313702 0.01938012930063101 0.019482245812049277
