0 0.6071438055772048 0.05994526239541861 0.12379653637225811 0.11853740765498234
0 0.7909199641301081 0.6145630616408128 0.0484002920297476 0.04816700862004207
0 0.5050689257108248 0.2181715598473182 0.044341747577373795 0.044494922344501205
0 0.12129385654742901 0.5616523302518405 0.04055210260244516 0.04109544020432692
0 0.7795303784883939 0.9327081533578726 0.03194236755371094 0.03227380605844351
0 0.742850083571214 0.8797476108257587 0.021214998685396634 0.021093221811147835
0 0.3953236799973708 0.6848165071927584 0.024130747868464544 0.02377744821401743
0 0.7972133343036358 0.650110831627479 0.0302276611328125 0.03023499708909255
0 0.39543995490440953 0.13017845153808594 0.02874601804293119 0.029050698647132285
0 0.26616965807401216 0.6472548704880935 0.02462929945725661 0.02464573199932392
0 0.6648119412935697 0.8507876762977014 0.019772456242487982 0.019538145798903245
0 0.7166032057542068 0.7091135611900916 0.02329562260554387 0.02335357666015625
0 0.8018075502835788 0.5897502532372108 0.0195770263671875 0.019690440251277044
0 0.8916502732496995 0.7315946725698618 0.025148538442758415 0.025303767277644232
0 0.3485222596388597 0.3793331659757174 0.06189419673039363 0.06203768803523137
0 0.8186239095834585 0.2542848036839412 0.026810279259314902 0.02679887184729943
0 0.5723664210392878 0.5620281146122859 0.02269128652719351 0.02275701669546274
0 0.8031511306762695 0.915766349205604 0.02721375685471755 0.027229895958533652
0 0.8868042872502253 0.6378608116736779 0.025753314678485576 0.02598395714393029
0 0.3683296350332407 0.6917221362774189 0.02387384267953726 0.023874722994290866
0 0.352782469529372 0.735717039841872 0.016869765061598558 0.016886197603665866
0 0.13227468270521897 0.08623282725994404 0.022313411419208232 0.022327294716468223
0 0.16610024525569037 0.5385610873882587 0.01730031233567458 0.01740881112905649
0 0.8274292579064002 0.7760617182804987 0.04271375215970553 0.0431360098031851
0 0.5215378174415002 0.32081849758441633 0.02312894967886118 0.02336714817927434
0 0.8932822300837591 0.972897456242488 0.025120368370643027 0.02518125680776743
0 0.6758197637704703 0.6782631507286658 0.02661895751953125 0.02684754591721755
0 0.5122739351712741 0.29985805658193737 0.02993187537560096 0.029677391052246094
0 0.22315043669480544 0.0817644137602586 0.02477895296536959 0.024833844258235052
0 0.6425559704120343 0.2406020164489746 0.020148644080528848 0.020377966073843148
0 0.7133762653057392 0.8677412913395808 0.017119481013371393 0.0172268794133113
0 0.4231227728036734 0.5274444359999436 0.01779776353102464 0.01793531271127554
0 0.2598887590261606 0.5379227858323318 0.017339779780461237 0.0172116206242488
0 0.7268358377309946 0.7486699911264273 0.07456764808067909 0.07541363055889423
0 0.8997189448429987 0.6711003230168269 0.015750004695012018 0.018129788912259616
0 0.5613786624028132 0.27583059897789586 0.026568045982947715 0.026621451744666465
0 0.10666735355670635 0.6808468745304987 0.016715049743652344 0.016507955697866585
0 0.7577040745661809 0.6168701465313251 0.02054141117976262 0.020834996150090143
0 0.4912407581622784 0.035887062549591064 0.11516475677490234 0.0702822391803448
0 0.39834455343393177 0.1892410791837252 0.03260671175443209 0.03296162531926082
0 0.3787785310011644 0.1795964057628925 0.022533563467172477 0.0230099237882174
0 0.6361457384549655 0.18952619112454927 0.0220489501953125 0.02190567896916316
0 0.3976546801053561 0.4267996641305777 0.035748995267427884 0.035318227914663464
0 0.8848888690655048 0.9907409227811373 0.025265913743239183 0.01709145766038161
0 0.8674093393179086 0.6467979137714093 0.020656585693359375 0.020763397216796875
0 0.2491277547983023 0.8169634892390325 0.01775198716383714 0.017945509690504808
0 0.7161505772517278 0.341152154482328 0.05767616858849159 0.05737018585205078
0 0.5821035091693585 0.5138817567091721 0.01578375009390024 0.016050192025991585
0 0.11794150792635404 0.5152371479914739 0.015508688413179837 0.015547092144305889
0 0.5215253829956055 0.7068501985990084 0.015118085421048678 0.015261136568509616
0 0.17255009137667143 0.3965914799616887 0.015171564542330228 0.015179120577298678
0 0.5643201974722055 0.9907720272357647 0.01638185060941256 0.014400188739483174
0 0.6468734741210938 0.5172911790701059 0.015833634596604567 0.015849480262169473
0 0.11922947260049674 0.25632297075711763 0.02770704489487868 0.02793576167179988
0 0.876956059382512 0.5231459690974309 0.014758770282451924 0.014935860267052284
0 0.22180388523982122 0.945089707007775 0.015258055466871995 0.015204649705153245
0 0.6075648894676795 0.9608722833486704 0.016383611238919772 0.01650575491098257
0 0.8625081869272085 0.9898443955641526 0.01815942617563101 0.016362850482647236
0 0.39882227090688854 0.3911578105046199 0.04155188340407152 0.04163309244009165
0 0.29689647601200986 0.2645156200115497 0.014996161827674279 0.014884581932654748
0 0.8056825491098257 0.8535209068885217 0.01771398691030649 0.017770033616286058
0 0.34184815333439755 0.6490898132324219 0.015093730046198918 0.015336110041691707
0 0.1805139688345102 0.30748950518094575 0.02246262476994441 0.022455435532789964
0 0.12806719083052415 0.8317611400897686 0.015113317049466647 0.015413577740009014
0 0.3326406478881836 0.3159032234778771 0.020924934974083535 0.0209353520320012
0 0.8559758846576397 0.6999218280498798 0.017023673424353965 0.01695706294133113
0 0.6964783301720252 0.40932886417095476 0.017827840951772835 0.017857184776893027
0 0.7276494686420147 0.7288512449998122 0.018052321213942308 0.018345759465144232
0 0.4956325384286734 0.7164534055269681 0.014890817495492788 0.015029026911808895
0 0.3844300783597506 0.32141604790320766 0.016371800349308893 0.016499739426832933
0 0.30287606899554914 0.10606776751004733 0.017523472125713643 0.01771244635948768
0 0.1348591401026799 0.05280750072919405 0.024646942432110127 0.023984019572918232
0 0.11637826149280255 0.07055515050888062 0.018395754007192757 0.01853323899782621
0 0.8933321145864633 0.6841540703406701 0.015281383807842549 0.015343592717097355
0 0.31368244611299956 0.20889927790715143 0.014906369722806491 0.014800365154559795
0 0.18690940049978402 0.06532693826235257 0.018460640540489785 0.018434909673837516
0 0.3701336934016301 0.9175943961510291 0.014359694260817308 0.014436868520883413
0 0.7496101672832782 0.9247674208420974 0.015254387488731971 0.015199221097506009
0 0.173053136238685 0.8075301830585186 0.01456623810988206 0.014474868774414062
0 0.5258339735177847 0.12909043752230132 0.0347600350013146 0.03480093295757587
0 0.122100830078125 0.04219536597912128 0.024558324080247145 0.024748634833555955
0 0.32889894338754505 0.17106272624089167 0.01738137465256911 0.017612677354079027
0 0.4683966269859901 0.4043766902043269 0.03877947880671574 0.03879341712364784
0 0.7365140914916992 0.569737434387207 0.01642007094163161 0.016575446495643027
0 0.45153181369488055 0.3899523661686824 0.030495716975285456 0.030405484713040866
0 0.8551532305203952 0.475279111128587 0.014273863572340745 0.014530035165640024
0 0.4937411821805514 0.5580185376680814 0.015482315650353065 0.015811920166015625
0 0.3550866933969351 0.29995973293597883 0.03144909785344051 0.03174605736365685
0 0.1860340925363394 0.8351229887742263 0.015019710247333232 0.014694654024564303
0 0.6687068939208984 0.22307601341834435 0.021703133216271035 0.02195908473088191
0 0.8061721508319561 0.6908486439631536 0.034116891714242786 0.034144034752478965
0 0.5282473564147949 0.7430593050443209 0.02181669381948618 0.02173761221078726
0 0.24061133311345026 0.9253092545729417 0.014362738682673527 0.014266380896935096
0 0.5651625486520621 0.12029238847585824 0.038828556354229264 0.03905940055847168
0 0.7351184258094201 0.8411777936495267 0.015659478994516227 0.015590814443734976
0 0.17216948362497184 0.059783761317913346 0.016057271223801833 0.016003847122192383
0 0.7427123143122747 0.6335457288301908 0.01777062049278846 0.017684202927809495
0 0.6110117618854229 0.7309732437133789 0.016006836524376504 0.016078655536358174
0 0.4013294806847206 0.6389290736271784 0.017569615290715143 0.017355992243840143
0 0.6377124786376953 0.9170063458956205 0.023140540489783652 0.023373530461237982
0 0.8754561497614934 0.36949557524461013 0.014879373403695913 0.014892798203688402
0 0.18252112315251276 0.166351685157189 0.041220554938683145 0.042043016507075384
0 0.14539861679077148 0.06323176163893479 0.02159261703491211 0.021663519052358773
0 0.41280020200289214 0.9946099794827975 0.01776401813213642 0.009884174053485576
0 0.5228735850407527 0.7398744729849008 0.016150841346153848 0.017062847430889424
0 0.29546403884887695 0.31870394486647385 0.016435623168945312 0.016254425048828125
0 0.7153073090773362 0.15913999997652495 0.021010765662560098 0.02142004783336933
0 0.6365773127629206 0.9220661016610953 0.029176712036132812 0.03008402310884916
0 0.713593996488131 0.1973106310917781 0.015460968017578125 0.015561910775991587
0 0.7722355035635141 0.41646113762488735 0.014122889592097355 0.013982919546274038
0 0.17909629528339094 0.15112053430997407 0.03256702423095703 0.03273952924288236
0 0.12766344730670637 0.5267229813795823 0.016367435455322266 0.016395128690279447
0 0.20058672244732195 0.9056066366342398 0.014451100276066707 0.014553510225736178
0 0.22745088430551383 0.36321038466233474 0.014329910278320312 0.014614618741548978
0 0.6038239919222318 0.8646144866943359 0.015186236454890324 0.015073336087740384
0 0.4210810661315918 0.047544438105363115 0.02361576373760517 0.02282084868504451
0 0.12758489755483773 0.635654302743765 0.01395243864793044 0.013869358943058895
0 0.21758211576021635 0.569135152376615 0.014611500960129958 0.014553290147047777
0 0.548008185166579 0.9513742006742038 0.014739916874812199 0.014692159799429087
0 0.31402404491718 0.05324592498632578 0.02199693826528696 0.022182235350975625
0 0.5836665080143855 0.8391182239239032 0.014760237473707933 0.014668684739332933
0 0.7994352487417368 0.9929768488957331 0.015483856201171875 0.012031261737530049
0 0.2817847728729248 0.1133109056032621 0.017263412475585938 0.017145156860351562
0 0.673133556659405 0.5089131868802584 0.013566824106069712 0.013711342444786659
0 0.7447789999154898 0.6462020874023438 0.015754112830528848 0.015782869779146634
0 0.6173199873704177 0.12163369472210224 0.031213026780348558 0.032097816467285156
0 0.8254579397348257 0.7063472454364483 0.015753525954026442 0.015637030968299277
0 0.18398090509267953 0.172699158008282 0.03526511559119591 0.036548614501953125
0 0.7458076477050781 0.5848940335787259 0.014134920560396634 0.014186565692608174
0 0.8139980022723858 0.22620659608107346 0.01485912616436298 0.014921445112961989
0 0.5648707609910232 0.21112467692448542 0.019510415884164665 0.019863422100360576
0 0.26828652161818284 0.15742903489332932 0.014031410217285156 0.014261823434096117
0 0.2959278363447923 0.24837204126211312 0.14061616017268255 0.13261516277606672
0 0.5155064509465144 0.1662603525015024 0.04535675048828125 0.04475978704599234
0 0.7366418838500977 0.03257834223600534 0.015032108013446514 0.015359983994410588
0 0.47566285500159633 0.13429303352649397 0.0432892579298753 0.04436204983637883
0 0.10456712429340069 0.6239091433011569 0.014240448291485127 0.014075646033653846
0 0.10430563413179837 0.042769477917597845 0.016060719123253457 0.01713219055762658
0 0.12394801469949576 0.2856141237112192 0.02415946813730093 0.02502595461331881
0 0.6140354596651517 0.9391574859619141 0.016123551588792067 0.016188988318810098
0 0.5303885019742526 0.7474941840538611 0.01828178992638221 0.018229851355919473
0 0.26314282417297363 0.5212801419771634 0.013166097494272085 0.013493904700646034
0 0.2549466903393085 0.986145753126878 0.01427910878108098 0.014362628643329326
0 0.8682192288912259 0.5375534204336313 0.01606574425330529 0.015777441171499398
0 0.5601566388056829 0.12448379626640907 0.0533604988685021 0.050747963098379284
0 0.8981587336613581 0.9537374789898212 0.015215360201322116 0.015114270723783053
0 0.7349521930401142 0.8515535501333383 0.015828059269831732 0.015085807213416466
0 0.3621233793405386 0.1580184239607591 0.014811515808105469 0.014722860776461087
0 0.6705306860116812 0.8886827322152945 0.031391290517953724 0.031164902907151442
