0 0.21064987549415 0.2789056117718036 0.11090230941772461 0.11183364574725811
0 0.7303948035606971 0.9183383354773889 0.17476477989783654 0.16432864849384016
0 0.5666685837965745 0.08342803441561185 0.048145440908578724 0.048529588259183444
0 0.6762332916259766 0.2681866242335393 0.05237432626577524 0.05149690921490009
0 0.7291185672466571 0.6728800260103666 0.11373343834510216 0.1125637934758113
0 0.2518760974590595 0.5829804493830755 0.03888753744272085 0.03898437206561749
0 0.658425184396597 0.12030872931847206 0.04344103886530949 0.04349660873413086
0 0.878145878131573 0.8963960500863882 0.03744712242713341 0.03746179433969351
0 0.4490412198580228 0.05049879734332745 0.04068543360783504 0.04102576695955717
0 0.5664233060983511 0.16338403408343977 0.030819232647235576 0.03094167892749493
0 0.4713325500488281 0.23668639476482684 0.06021617009089543 0.06063292576716496
0 0.8459397095900315 0.5435779644892766 0.04917628948505108 0.0493768545297476
0 0.6793705866887019 0.3906411024240347 0.04040835453913762 0.04050738994891827
0 0.28621411323547363 0.3757817561809833 0.027024269104003906 0.027318440950833835
0 0.4979724150437575 0.09255431248591496 0.03066106942983774 0.030532286717341497
0 0.8429938096266526 0.6221279731163611 0.036498729999248795 0.03635703600369967
0 0.3748601766733023 0.10063709662510799 0.026912615849421576 0.02670629207904522
0 0.7373721782977765 0.570104929117056 0.021379617544320915 0.021239794217623197
0 0.5195236572852502 0.8176703819861779 0.02459577413705679 0.024964552659254808
0 0.6943580920879657 0.5804100036621094 0.026655050424429085 0.026560563307542067
0 0.32910497371967024 0.08050437156970684 0.03372830611008864 0.03328635142399715
0 0.5047599719120905 0.030776454852177546 0.020975479712853067 0.020848989486694336
0 0.784428229698768 0.766915174630972 0.09285692068246695 0.09144254831167367
0 0.6100083131056565 0.43167539743276745 0.034977105947641224 0.03482950650728666
0 0.9349563305194561 0.02201631894478431 0.022183344914362982 0.022297143936157227
0 0.8586788177490234 0.6415041410006009 0.022102942833533652 0.022402543288010817
0 0.8546246748704177 0.8331834352933444 0.027852718646709736 0.027981391319861777
0 0.5548609953660232 0.5572145168597882 0.029593981229341947 0.02955040564903846
0 0.8900636526254507 0.69549560546875 0.03182132427509014 0.03193517831655649
0 0.7575690196110652 0.5322838563185471 0.026296028724083535 0.026179020221416768
0 0.8238277435302734 0.34076969440166766 0.03472694983849159 0.03474506965050331
0 0.3729945696317233 0.42830342512864333 0.023848240192119893 0.02396231431227464
0 0.3927348577059232 0.07480615835923415 0.022890311021071214 0.022770258096548226
0 0.6280187460092398 0.6208796867957482 0.0238949702336238 0.024071656740628757
0 0.9457660088172326 0.5311489105224609 0.03888232891376202 0.039496348454402044
0 0.6780903155987079 0.4470408879793607 0.03222744281475361 0.032598055326021634
0 0.2497557309957651 0.9247868611262395 0.19157794805673453 0.14786104055551383
0 0.7598814597496619 0.4906367522019606 0.027465380155123197 0.02755253131573017
0 0.4571871757507324 0.11839606211735652 0.02193472935603215 0.021980725801908053
0 0.6699947210458609 0.7159885259775015 0.025078846858097956 0.025164970984825723
0 0.7841642819918119 0.40390520829420823 0.03878021240234375 0.03854692899263822
0 0.8556558168851413 0.39380876834575945 0.01823087838979868 0.018607946542593148
0 0.5299318753756009 0.6552870823786809 0.023863865778996393 0.02393957284780649
0 0.14056094793172982 0.3556666741004357 0.03385035808269794 0.03401096050555889
0 0.48401729877178484 0.7227777334359976 0.02272767287034255 0.022892291729266826
0 0.8251444009634165 0.39580227778508115 0.0184475825383113 0.01844332768366887
0 0.15654508884136492 0.48878119542048526 0.02101436028113732 0.02080535888671875
0 0.09151984178102933 0.2840598913339468 0.023068978236271784 0.02296902583195613
0 0.14957672816056472 0.789091917184683 0.23469266524681678 0.26486866290752703
0 0.4405869704026442 0.6171607971191406 0.027030504666841947 0.027086257934570312
0 0.062312621336716875 0.03349176278481117 0.020959799106304463 0.02104794979095459
0 0.061613353399130016 0.4482612609863281 0.03405344486236572 0.03397838885967548
0 0.8136269496037409 0.4551701912513146 0.017827694232647236 0.01777824988731971
0 0.3842131541325496 0.5116824370164138 0.028991845937875602 0.02931492145244892
0 0.9123705350435697 0.6570964959951547 0.025234515850360576 0.025523552527794473
0 0.5467132054842435 0.5788398522597092 0.025780457716721755 0.025782071627103366
0 0.7235556382399339 0.36339290325458234 0.018688495342548076 0.018444061279296875
0 0.6015320557814378 0.6466502409714919 0.022051884577824518 0.02201989980844351
0 0.3011623529287485 0.23708306826077974 0.026334249056302585 0.026252269744873047
0 0.9423811985896184 0.7819218268761268 0.026103679950420674 0.026091942420372598
0 0.1657430392045241 0.15244125402890718 0.028383401724008415 0.028130072813767653
0 0.16505740239070013 0.37775633885310245 0.030581217545729417 0.03122256352351262
0 0.7815129206730769 0.3339078242962177 0.018359257624699518 0.01825567392202524
0 0.6528002665593073 0.8155952600332407 0.023732992318960335 0.023807525634765625
0 0.902161744924692 0.5173818148099459 0.029116263756385215 0.028795389028695915
0 0.7388591032761794 0.6728145892803485 0.018572587233323317 0.01966579143817608
0 0.9030094146728516 0.3634241544283353 0.019537705641526442 0.019577466524564303
0 0.90093994140625 0.3480131442730243 0.030299846942608174 0.03104862800011268
0 0.25928128682650053 0.4220277346097506 0.018232969137338493 0.018140646127554085
0 0.5492854485144982 0.25562101144057053 0.018076016352726862 0.018044178302471455
0 0.14534113957331732 0.7650395906888522 0.022095130040095404 0.022166325495793268
0 0.7395493434025691 0.6105500367971567 0.024501507098858174 0.024587557866023138
0 0.20163048230684721 0.28881505819467396 0.017969791705791768 0.01798593080960787
0 0.5972247490516076 0.20032328825730544 0.01952362060546875 0.019452535189115085
0 0.6656120740450345 0.35786929497352016 0.02718661381648137 0.02734507047213041
0 0.6550597410935622 0.31119500673734224 0.027597867525540866 0.027478438157301683
0 0.5919137367835412 0.968951151921199 0.13428893456092247 0.061220022348257214
0 0.7645923907940204 0.12030522639934833 0.018927354079026442 0.019014358520507812
0 0.6448503640981821 0.5921798852773813 0.022617340087890625 0.022582054138183594
0 0.5125496937678411 0.937369860135592 0.03598462618314303 0.03624637310321514
0 0.4356072499201848 0.10605043631333572 0.017465884868915264 0.017400228060208835
0 0.6258206000694861 0.580925464630127 0.017569321852463942 0.017496109008789062
0 0.8329061361459585 0.5068312424879807 0.03140112069936899 0.03137500469501202
0 0.73816834963285 0.1855031160207895 0.019597713763897236 0.019761158869816706
0 0.9306768270639273 0.476228824028602 0.020403641920823317 0.02050480475792518
0 0.13985064396491417 0.012356558671364417 0.04019394287696251 0.02394153980108408
0 0.4834922643808218 0.5424043582035944 0.02794339106633113 0.02748247293325571
0 0.7982964148888221 0.3917653010441707 0.01716467050405649 0.017366849459134616
0 0.05963658369504488 0.9881293223454402 0.018386070544903096 0.018143433790940505
0 0.7883616227370042 0.12233595664684589 0.027965839092548076 0.02831297654371995
0 0.6199832329383264 0.10708159666794997 0.039124562190129206 0.03843501897958609
0 0.8471029721773587 0.5728975809537448 0.01974032475398137 0.019855499267578125
0 0.919486192556528 0.5577800457294171 0.02762178274301382 0.027482106135441706
0 0.2613649368286133 0.39580326813917893 0.019915213951697715 0.020043593186598558
0 0.6990206791804388 0.24176766322209284 0.018055549034705527 0.01805848341721755
0 0.8773963634784405 0.6742610197800857 0.0262454106257512 0.026536941528320312
0 0.1913145872262808 0.144884311235868 0.01637880618755634 0.01656767038198618
0 0.7097052060640775 0.2228670853834886 0.030688359187199518 0.030857966496394232
0 0.8941414172832782 0.30780799572284406 0.01998754648061899 0.02003134213961088
0 0.6107017810528095 0.3384708991417518 0.021211770864633415 0.021274786729079027
0 0.7676028471726638 0.3578983453603891 0.017468085655799277 0.017392525306114785
0 0.8091612595778245 0.5260348686805139 0.03252264169546274 0.03211784362792969
0 0.7926132495586689 0.6944895524245042 0.020899552565354567 0.021066812368539665
0 0.720850577721229 0.11013504175039437 0.038741771991436295 0.038451744959904596
0 0.5042393024151142 0.5337875806368314 0.03271205608661358 0.03285650106576773
0 0.9533343681922326 0.290924072265625 0.028425950270432692 0.04852837782639723
0 0.9012996967022235 0.058702244208409235 0.047321319580078125 0.047013585384075456
0 0.9014534583458533 0.7563058412992038 0.017375359168419473 0.017515035775991585
0 0.2689235027019794 0.0893242359161377 0.023481442378117487 0.023893466362586387
0 0.5292459634634165 0.2928637724656325 0.01638625218318059 0.016474797175480768
0 0.734494135929988 0.589916889484112 0.02796598581167368 0.02772683363694411
0 0.09155064362746018 0.062280673247117266 0.06221547493567833 0.061949509840745196
0 0.8530398882352389 0.7525150592510517 0.015050154465895433 0.014977968656099759
0 0.2602587113013634 0.06509268283843994 0.017025067256047174 0.017087120276231032
0 0.4853045023404635 0.5133461218613845 0.02405966245211088 0.024156717153695915
0 0.4063272476196289 0.5632488544170673 0.051256840045635514 0.05112457275390625
0 0.10471362334031326 0.3326341188870944 0.025841786311222956 0.025828434870793268
0 0.9117067043597882 0.7104210486778846 0.019877213698167067 0.020047554602989785
0 0.8708629608154297 0.3440603476304274 0.016559454110952523 0.01663992955134465
0 0.4183954092172476 0.5529213318457971 0.01772733835073618 0.017762110783503607
0 0.9511483265803411 0.8371838789719802 0.027947499201847956 0.04097835834209736
0 0.7984840686504657 0.28780361322256237 0.02414732712965745 0.02431011199951172
0 0.3185300093430739 0.4149738825284518 0.019001520597017728 0.019015092116135817
0 0.8633056053748498 0.5933627348679763 0.015392596905048076 0.015248958881084736
0 0.10919793752523568 0.4254275101881761 0.020851923869206354 0.021007684560922477
0 0.047391148713918835 0.21477581904484674 0.018179033811275776 0.01837576352632963
0 0.5902569110576923 0.0071301397222739 0.017208099365234375 0.013061478734016418
0 0.7127874080951397 0.5589921657855694 0.02007117638221154 0.02015517308161809
0 0.5617615993206317 0.33092381403996396 0.015823804415189303 0.015762915978064902
0 0.5279602637657752 0.4826515637911283 0.015902152428260215 0.016138516939603366
0 0.04442891249289879 0.2947276555574857 0.017214279908400316 0.01695739305936373
0 0.8435601454514724 0.24878670619084284 0.050037530752328724 0.04917328174297626
0 0.7877313173734225 0.31544824746938854 0.01665628873384916 0.016286116379957933
0 0.9158766819880559 0.49613365760216344 0.023810460017277643 0.023831734290489785
0 0.8236631246713492 0.6883183259230393 0.034715505746694714 0.03462512676532452
0 0.5687021108774039 0.1944410617534931 0.028781744150015023 0.028461933135986328
0 0.6913434542142428 0.42403265146108776 0.032634735107421875 0.03260047619159405
0 0.5366519047663763 0.527711061330942 0.016538179837740384 0.016533631544846755
0 0.08649268517127404 0.40566620459923375 0.020244896411895752 0.02046805161696214
0 0.8123163076547476 0.7163678682767428 0.04062329805814303 0.04025063147911659
0 0.32363047966590297 0.18195177958561823 0.016695756178635817 0.01678151350754958
0 0.832572496854342 0.03446743809259855 0.14122948279747596 0.0669276760174678
0 0.6488556495079627 0.36142459282508266 0.017377706674429085 0.017542032095102165
0 0.733519774216872 0.432316596691425 0.02834906944861779 0.02785631326528696
0 0.5990223517784705 0.5874936030461237 0.01508331298828125 0.014972393329326924
0 0.18278237489553598 0.7866352521456205 0.014807004194993239 0.014928817749023438
0 0.9049596052903396 0.2971821564894456 0.015016995943509616 0.015114344083345853
0 0.5153028048001803 0.3237106983478253 0.02225156930776743 0.022381342374361478
0 0.9393909160907452 0.20693621268639198 0.023663447453425482 0.023809432983398438
0 0.9186672063974234 0.8923345712515024 0.01698156503530649 0.017070770263671875
0 0.8674571697528546 0.22450788204486555 0.026571127084585335 0.026368067814753607
0 0.42880707520705 0.4933597124539889 0.020610735966609076 0.020426383385291465
0 0.6356989053579477 0.9183594630314753 0.019542987530048076 0.019731961763822116
0 0.9264821272629958 0.19037738213172326 0.01799495403583233 0.017742707179142878
0 0.2241631287794847 0.0764233607512254 0.032407907339242786 0.03218748019291805
0 0.6398045466496394 0.4577973439143254 0.015426048865685096 0.015669602614182692
0 0.08385125490335318 0.026989070268777702 0.020139107337364785 0.02043603016779973
0 0.3379541543813852 0.22336831459632286 0.020162582397460938 0.020422605367807243
0 0.900360474219689 0.734784199641301 0.015997960017277643 0.01635008591871995
0 0.8430048135610727 0.2823626078092135 0.015293121337890625 0.015407965733454777
0 0.12649831405052772 0.37595059321476865 0.02147678228525015 0.021549078134390023
0 0.521262682401217 0.4632478127112755 0.016451468834510215 0.016429314246544473
0 0.41420690829937273 0.6252588858971229 0.024362490727351263 0.02459878187913161
0 0.18897482065054086 0.6062714136563815 0.01600947746863732 0.015819549560546875
0 0.3422260284423828 0.4127302903395433 0.01755685072678786 0.01783121549166166
0 0.4642548927894005 0.6124469683720515 0.02104341066800631 0.02142986884483924
0 0.8648179861215445 0.8590599940373347 0.026444655198317308 0.02614446786733774
0 0.18945085085355318 0.2544137147756723 0.016298367426945612 0.01681071061354417
0 0.3928265938392052 0.8565120697021484 0.028588368342472956 0.028069422795222357
0 0.36397677201491135 0.3012049381549542 0.017725137563852165 0.01783143557035006
0 0.7965108431302584 0.23542349155132586 0.029678784883939303 0.029542299417349007
0 0.6721817896916316 0.2490840691786546 0.02363733144906851 0.023869661184457634
0 0.8376833108755258 0.30729108590346116 0.029134603647085335 0.02906003365149865
0 0.5855780014624963 0.543666252723107 0.015754186190091647 0.01581463446983924
0 0.6246522756723257 0.5645479055551382 0.014534290020282451 0.014985964848445011
0 0.5201631692739633 0.1991281509399414 0.01580326373760517 0.015904353215144232
0 0.06753226426931527 0.403749942779541 0.015950973217303935 0.016197864825908955
0 0.040122660306783825 0.12024556673490085 0.0242618230672983 0.04187092414269081
0 0.35379519829383266 0.3672630236699031 0.017746118398813102 0.01788755563589243
0 0.4220117422250601 0.16397472528310922 0.015660946185772236 0.015574161822979268
0 0.9067269838773288 0.4590955880972055 0.037465462317833535 0.03723819439227764
0 0.9460454353919396 0.1854566243978647 0.01592430701622596 0.016146072974571817
0 0.5876737741323618 0.46227550506591797 0.014897493215707632 0.014949725224421574
0 0.8676352867713342 0.3704106257512019 0.03276824951171875 0.03238355196439303
0 0.6136806928194486 0.8334739391620343 0.01940331092247596 0.019487821138822116
0 0.5918932327857385 0.6732078698965219 0.014758110046386719 0.014915172870342549
0 0.36655264634352464 0.7008945758526142 0.0439764169546274 0.04427146911621094
0 0.9598966745229868 0.20270842772263747 0.01740881112905649 0.022040587205153245
0 0.07715044571803166 0.33230099311241734 0.019017769740178034 0.01884768559382512
0 0.6431967661930964 0.3478790796720065 0.015349461482121395 0.015352909381573018
0 0.398004018343412 0.32366466522216797 0.017427884615384616 0.017125936654897835
0 0.17927202811607948 0.2359346059652475 0.014276687915508565 0.014872477604792668
0 0.5875413234417255 0.35036200743455154 0.014583661006047176 0.014480077303372897
0 0.6589028285099909 0.33094387788038987 0.032568124624399036 0.031636604895958535
0 0.35764466799222505 0.27483221200796276 0.018200507530799277 0.017183964069073018
0 0.2322530379662147 0.3634771933922401 0.01501156733586238 0.014918107252854567
0 0.44846784151517427 0.4322985869187575 0.01873926016000601 0.018912755526029147
0 0.8959400470440204 0.9909516848050631 0.018016815185546875 0.013820354755108174
0 0.1394372169788067 0.31302903248713565 0.01645007500281701 0.016483600323016826
0 0.4325730250431941 0.44339319375845104 0.015207804166353665 0.01518719012920673
0 0.3508421824528621 0.34557448900662935 0.04028188265286959 0.03901092822735126
0 0.35485047560471755 0.5278277030357947 0.01622295379638672 0.01645792447603666
0 0.35367892338679385 0.49572893289419323 0.03632926940917969 0.035121991084172174
0 0.953764768747183 0.051563189579890326 0.01628729013296274 0.016385646966787484
0 0.5427873318011944 0.30873867181631237 0.024744033813476562 0.024487055264986478
0 0.7050578044011042 0.34726817791278547 0.013812431922325721 0.013797173133263221
0 0.3628360308133639 0.3469658631544847 0.023746490478515625 0.024509576650766227
0 0.4635346486018254 0.06851370059526883 0.014336219200721154 0.014193204733041616
0 0.16429332586435172 0.5319545452411358 0.01787259028508113 0.017781477708082933
0 0.5103202232947717 0.3820661764878493 0.017550101647010215 0.01773856236384465
0 0.5776694004352276 0.4036152179424579 0.05164278470552885 0.05295841510479267
0 0.6217424686138446 0.8935159536508414 0.023823664738581732 0.023728590745192308
0 0.4660819127009465 0.6683295323298528 0.07821009709284855 0.08022484412560096
0 0.33799032064584583 0.47760570966280425 0.022045428936298076 0.02234480931208684
0 0.6350462986872747 0.8429744427020733 0.025465745192307692 0.025321080134465143
0 0.8747938596285306 0.5219254126915565 0.024480379544771634 0.02455623333270733
0 0.46686803377591646 0.5165105966421274 0.01767877432016226 0.01842608818641076
0 0.3350900136507474 0.46276745429405797 0.019797618572528545 0.019437643197866585
0 0.5335104648883526 0.8568311838003305 0.07049201085017277 0.07045804537259616
0 0.0954128412099985 0.07040599676278922 0.0743884673485389 0.07338467011084923
0 0.09434530368218055 0.94738035935622 0.12455887060899001 0.10179725060096154
0 0.9323485447810247 0.6996575869046725 0.021240234375 0.021532205434945915
0 0.4802981890164889 0.8690863389235276 0.013920123760516826 0.014495849609375
0 0.30543277813838077 0.2663348638094388 0.014346819657545824 0.014214625725379357
0 0.3536377686720628 0.263171361042903 0.015646714430588942 0.016056610987736628
0 0.7950229644775391 0.9727825018075796 0.035472723153921276 0.036062387319711536
0 0.45987587708693284 0.5655830456660345 0.020946576045109674 0.02087240952711839
0 0.44255777505727917 0.08708361478952262 0.0142823732816256 0.01420145768385667
0 0.6041043354914739 0.07729635788844182 0.028968957754281852 0.029230686334463265
0 0.5187607545119065 0.17033470593965971 0.021198859581580527 0.020841525151179388
0 0.5802995975200946 0.11958545904893142 0.015150216909555288 0.015028128257164588
0 0.27611673795259917 0.24240181996272162 0.021500000586876504 0.021112442016601562
0 0.10656522787534274 0.09852043481973502 0.06690261914179875 0.06589432863088754
0 0.3558318064762996 0.27025164090670073 0.021137164189265326 0.02147703904371995
0 0.863063958974985 0.015302603061382588 0.015303978553185096 0.015482636598440317
0 0.7528080573448768 0.6272096633911133 0.02066216102013221 0.02013265169583834
0 0.45309873727651745 0.5489979523878831 0.02999144334059495 0.029302523686335638
0 0.5460099440354568 0.8271475571852464 0.10716893122746395 0.11152179424579327
0 0.2933345024402325 0.569092530470628 0.01526487790621244 0.015162247877854567
0 0.7901587119469275 0.6209069031935471 0.03431246830866887 0.034207857572115384
0 0.11342017467205341 0.11773825608766995 0.046936365274282604 0.046619103505061224
0 0.8747874039870042 0.41979334904597354 0.02923099811260517 0.02996980226956881
0 0.7172001325167142 0.6667754833514874 0.013353201059194712 0.013202373798076924
0 0.27379470605116624 0.7355285791250376 0.06158366570105919 0.06035702045147236
0 0.230406431051401 0.34363343165471005 0.02139392265906701 0.021662345299353965
0 0.532779913682204 0.3259447537935697 0.0154570066011869 0.014660175030048076
0 0.7148459507868841 0.6061461522028997 0.023569547213040866 0.02337954594538762
0 0.25222008044903094 0.02972630812571599 0.014772708599384014 0.014664521584144006
0 0.4839671208308293 0.5772232275742751 0.01923971909743089 0.019241699805626504
0 0.8268362192007211 0.12351175454946664 0.015032548170823317 0.015146989088792067
0 0.7672491073608398 0.3179484147291917 0.015094610360952524 0.015142147357647236
0 0.8386168113121619 0.24715130145733172 0.04206349299504207 0.042504383967472956
0 0.8819275635939378 0.8168712029090295 0.04239595853365385 0.042102960439828724
0 0.08370177562420185 0.8876763857327975 0.01431194177040687 0.014497610238882212
0 0.6579718956580529 0.06329377797933725 0.07599023672250602 0.07576856246361366
0 0.7845544081467849 0.6390277422391452 0.020305340106670674 0.02007323044996995
0 0.3444426976717435 0.12506822439340445 0.022073965806227464 0.022130195911114033
0 0.18007634236262396 0.13166199280665472 0.016133235051081732 0.01640174939082219
0 0.9102705441988431 0.2719206443199745 0.01836219200721154 0.018113026252159707
0 0.693211188683143 0.21111785448514497 0.019336113562950723 0.01945950434758113
0 0.9622020721435547 0.1918770716740535 0.012637798602764424 0.012888358189509464
0 0.8053863965548002 0.4271381084735577 0.014269608717698317 0.014264766986553486
0 0.9613758967472956 0.22415995597839355 0.01489712641789363 0.018119151775653545
0 0.5288958182701697 0.882389655480018 0.01880058875450721 0.019203772911658652
0 0.22266798753004807 0.45765007459200346 0.015613849346454326 0.015564184922438402
0 0.37816062340369594 0.9479533709012545 0.05490889916053185 0.0545955071082482
0 0.5578469129709097 0.6410347865178034 0.015503883361816406 0.015459647545447716
0 0.5848253690279447 0.873574476975661 0.025521351740910456 0.025205172025240384
0 0.8662505516639123 0.8756785759559045 0.016277019794170674 0.016046670766977165
0 0.16534588887141302 0.4125223893385667 0.015821016751802884 0.015922693105844352
