0 0.25280160170335036 0.7781609755295974 0.041998863220214844 0.04170139019305889
0 0.6251664528479943 0.7989318554217999 0.031032415536733773 0.03127787663386418
0 0.9481755036574143 0.34708463228665865 0.03207236069899339 0.03174913846529447
0 0.13020082620474008 0.7818834598247821 0.04713196020859938 0.04679048978365385
0 0.51513305077186 0.5400481590857873 0.020943861741286058 0.020922294029822715
0 0.5403384428757888 0.978180665236253 0.02674278846153846 0.026798395010141227
0 0.7399443112886869 0.34484166365403396 0.024583082932692308 0.024317007798414964
0 0.15199937270237848 0.6240376692551833 0.03126685435955341 0.03125561200655424
0 0.30166350878202 0.9259348649245042 0.021169295677771933 0.021195044884314902
0 0.38581019181471604 0.49477291107177734 0.02096102787898137 0.020900873037484977
0 0.8193837679349459 0.4093395746671237 0.026137572068434495 0.025995841393103965
0 0.5222807297339807 0.6274576920729417 0.0229037358210637 0.023240016056941107
0 0.840415514432467 0.33199211267324596 0.048268831693209134 0.04853556706355168
0 0.7036433586707482 0.46094461587759167 0.0301205561711238 0.030318553631122295
0 0.7175224010760968 0.33637105501615083 0.019303248478816107 0.01910400390625
0 0.6126501376812274 0.2108179239126352 0.0207522465632512 0.02065453162560096
0 0.0950458233173077 0.9882703927847055 0.020113486510056715 0.019041061401367188
0 0.6711326012244592 0.09418581082270695 0.017890490018404447 0.01787589146540715
0 0.3026441977574275 0.5238940532390888 0.03903033183171199 0.03873913104717548
0 0.194089596088116 0.8237579052264874 0.024754084073580228 0.024361537053034857
0 0.8495690272404597 0.38108216799222505 0.019997229942908652 0.02032338655911959
0 0.8859199377206656 0.6366641704852765 0.01796898475060096 0.018199920654296875
0 0.16625283314631537 0.8389316705557016 0.022101915799654447 0.02204469534067007
0 0.7385732210599459 0.4513652508075421 0.021366412823016826 0.021177291870117188
0 0.3383957789494441 0.7784636570857122 0.019695281982421875 0.019892765925480768
0 0.30543994903564453 0.1782385385953463 0.016906371483435996 0.016950387221116286
0 0.9455095437856821 0.6626836336576022 0.017610696645883415 0.01766806382399339
0 0.7709525181696966 0.35782854373638445 0.018330207237830527 0.01812318655160757
0 0.6584227635310247 0.7812333473792443 0.0179898188664363 0.017921594473031852
0 0.1437240563906156 0.08315200072068435 0.017394249255840596 0.017253343875591572
0 0.6948226781991812 0.44350807483379656 0.027666385357196514 0.02813720703125
0 0.6103257032541128 0.15924917734586275 0.016947306119478665 0.017130338228665866
0 0.5530794950631949 0.3071806797614464 0.017344107994666465 0.017333507537841797
0 0.6384585453913763 0.4723909084613507 0.01854559091421274 0.018256554236778848
0 0.7286171546349158 0.667267946096567 0.026214746328500602 0.02620110144981971
0 0.17839521628159744 0.6016639562753531 0.019025912651648887 0.019103637108435996
0 0.8046785501333383 0.3441777229309082 0.05059212904710036 0.0482184336735652
0 0.2583764149592473 0.8853413508488581 0.01618326627291166 0.016176370474008415
0 0.9857798356276292 0.38198155623215896 0.014383902916541466 0.015917557936448317
0 0.7109479170579177 0.6432835505558894 0.016416109525240384 0.016157003549429085
0 0.08897177989666279 0.6080496127788837 0.01599715306208684 0.015869287344125602
0 0.8321306522075946 0.45333150716928333 0.016051805936373197 0.016042562631460335
0 0.17251025713407075 0.06489903193253738 0.01822831080510066 0.01835771707388071
0 0.1252882847419152 0.06046252984267015 0.016028477595402643 0.016159809552706204
0 0.16172489753136268 0.28007930975693923 0.017002362471360426 0.016811517568734977
0 0.6580069615290716 0.5054886891291692 0.021381965050330527 0.02137330862192007
0 0.8662037482628455 0.7162267244779147 0.015653463510366585 0.01555926983173077
0 0.7250568683330829 0.6824437654935397 0.026841090275691107 0.026740440955528848
0 0.5466679793137771 0.3932653573843149 0.01652695582463191 0.016621809739332933
0 0.021570994303776667 0.8011380709134616 0.01702063702619993 0.0169674799992488
0 0.9827776688795823 0.1007082278911884 0.020647195669320915 0.021675916818472054
0 0.8519247495211087 0.20714723146878755 0.016544048602764424 0.016574786259577826
0 0.8906066601092999 0.6776836835421048 0.025557884803185098 0.025845894446739785
0 0.8426194557776818 0.42022059513972354 0.02313966017503005 0.022763619056114785
0 0.6150324161236103 0.5268542583172138 0.01822691697340745 0.018174244807316706
0 0.14562755364638108 0.6679903177114633 0.02163417522723858 0.021586198073167067
0 0.16032710442176232 0.5778025113619291 0.019376167884239785 0.019287989689753607
0 0.5800603719858023 0.40802746552687424 0.018816581139197715 0.01868856870211088
0 0.7773677385770358 0.2730521238767184 0.015853294959435098 0.01578496052668645
0 0.7886706132155198 0.5688932125384991 0.028034356924203727 0.027916101308969352
0 0.013053936453965994 0.15487918486961952 0.014207030718143169 0.019652696756216195
0 0.5449131452120267 0.5509667029747596 0.023009520310621995 0.02270082327035757
0 0.9212166712834284 0.1551505052126371 0.014957574697641226 0.014868076031024639
0 0.9221763610839844 0.3966500208928035 0.022948631873497598 0.022647784306452826
0 0.18953825877262995 0.8726973900428185 0.015846105722280648 0.015692490797776442
0 0.12625521879929763 0.24516831911527193 0.015387718494121846 0.01550153585580679
0 0.7472196725698618 0.9023729471059946 0.01660302969125601 0.016599508432241585
0 0.9173001509446365 0.40978758151714617 0.03522051297701322 0.03465116941011869
0 0.024190091169797458 0.5361870252169095 0.016745456136189975 0.01672055171086238
0 0.3637799116281363 0.7793184427114633 0.01614695328932542 0.0161288334773137
0 0.9476693960336539 0.4309841302724985 0.017431992750901442 0.01718447758601262
0 0.47927159529465896 0.5613622665405273 0.0144805908203125 0.014464891873873197
0 0.14189303838289702 0.09863190467541035 0.015726602994478665 0.015589035474337064
0 0.9266376495361328 0.0612940054673415 0.01436321551983173 0.014380124899057241
0 0.14881288088285005 0.7355571893545297 0.018146404853233926 0.018173804649939902
0 0.4788004435025729 0.28560673273526704 0.015326206500713643 0.015128685877873348
0 0.23180858905498797 0.3250569563645583 0.015292094304011418 0.015353056100698618
0 0.2917606280400203 0.7945205981914814 0.01651917971097506 0.01676794198843149
0 0.6113534340491662 0.3836066539470966 0.015075390155498799 0.015149923471304087
0 0.6669401022104117 0.4102325806250939 0.016917302058293268 0.01689756833589994
0 0.6993782336895282 0.9636217997624323 0.015053675724909855 0.014814816988431491
0 0.4539660307077261 0.4209286983196552 0.013675176180326022 0.013790570772611178
0 0.47412615555983323 0.058353763360243574 0.014045421893780049 0.014037719139685998
0 0.17341212125924918 0.0504610171684852 0.014894632192758413 0.015002965927124023
0 0.6812024483313928 0.6798823429987981 0.014342968280498799 0.014200797447791466
0 0.09392903401301457 0.8819918999305139 0.014731590564434346 0.01468188946063702
0 0.4639581533578726 0.756526726942796 0.014633618868314303 0.014706684992863582
0 0.14555098460270807 0.7509545546311599 0.02167481642503005 0.021363478440504808
0 0.9080122434175931 0.16179325030400202 0.016024662898137018 0.016071026141826924
0 0.6890462728647085 0.3469535387479342 0.013989668626051683 0.013934062077448918
0 0.46015167236328125 0.6425378506000226 0.014570089486929087 0.014460930457481971
0 0.053463055537297174 0.3819523591261644 0.014899749022263747 0.014993374164287861
0 0.1683376385615422 0.6623973846435547 0.01696300506591797 0.016652914193960335
0 0.47251121814434344 0.7179395235501803 0.014296898475060096 0.014570382925180288
0 0.6427080447857196 0.608730096083421 0.014673673189603366 0.014850469735952524
0 0.9733549264761118 0.023288933130411003 0.01537322998046875 0.015485259202810435
0 0.5270303579477164 0.34631795149583083 0.014270342313326322 0.014292203463040866
0 0.6471027227548453 0.7643057749821589 0.014384929950420674 0.014266527616060697
0 0.9611833278949444 0.6664342146653396 0.015204796424278846 0.015124981219951924
0 0.06084558596977821 0.8865271348219651 0.015128685877873348 0.015448643611027645
0 0.8086935190054086 0.2045134030855619 0.014711820162259616 0.014653499309833232
0 0.4008967693035419 0.26014131766099197 0.015249178959773136 0.015233773451585036
0 0.6761917701134315 0.9343985044039212 0.020107416006234977 0.01996025672325721
0 0.6595375354473407 0.4397551463200496 0.014070657583383413 0.014191700862004207
0 0.16504856256338266 0.7562216245211087 0.016777478731595553 0.017071650578425482
0 0.4800002391521747 0.6113229531508225 0.015739074120154746 0.01608870579646184
0 0.9408930264986478 0.19672404802762544 0.017870976374699518 0.017606001633864183
0 0.9876292302058294 0.3594636917114258 0.012423295241135817 0.015862244826096755
0 0.7561840644249549 0.6078181633582482 0.016279954176682692 0.01623227046086238
0 0.09672307968139648 0.901952156653771 0.020830374497633714 0.02090791555551382
0 0.8954330591055063 0.40280925310575044 0.014884508573091947 0.015212792616624098
0 0.5599895257216233 0.9212270883413461 0.013882710383488582 0.014045128455528846
0 0.09683377926166241 0.30892632557795596 0.014345279106727013 0.014261172367976261
0 0.31731088344867414 0.33511414894690883 0.016474577096792366 0.016468048095703125
0 0.08396498973552997 0.9101851536677434 0.014511621915377103 0.014646676870492788
0 0.8038754096397986 0.49530872931847203 0.015308967003455529 0.01576966505784255
0 0.9792054983285757 0.520728771503155 0.014600900503305288 0.014561873215895433
0 0.0774991512298584 0.8943093373225286 0.016627146647526667 0.016572071955754206
0 0.03325990759409391 0.5220553324772761 0.01488577861052293 0.015371909508338341
0 0.9461831312913161 0.4180776889507587 0.014382582444411058 0.014328883244441105
0 0.5823405705965482 0.7842762286846454 0.014922582186185397 0.015013474684495192
0 0.5967500393207257 0.84197998046875 0.0137939453125 0.01392657940204327
0 0.1840212528522198 0.13897926073807937 0.014804766728327824 0.014750278913057767
0 0.3417771045978253 0.9607502863957331 0.06085755274846004 0.061567453237680286
0 0.9381347069373498 0.5678753486046424 0.018329913799579326 0.01834267836350661
0 0.0943310077373798 0.5454087624183068 0.013541331657996545 0.01340792729304387
0 0.6864560934213492 0.8127012986403245 0.018363365760216348 0.018323311438927285
0 0.13644702617938703 0.11018499961266151 0.016636188213641826 0.016694949223445013
0 0.8199681502122146 0.35679333026592547 0.01813507080078125 0.01840063241811899
0 0.8201662943913386 0.6664145543025091 0.014156194833608774 0.014219724214993991
0 0.5079134427584134 0.2847438958974985 0.01418289771446815 0.014079020573542668
0 0.9167432051438552 0.3514501131497897 0.01834693321814904 0.018460640540489785
0 0.020457703333634596 0.9552010756272536 0.01791872542638045 0.01771369347205529
0 0.030115134440935575 0.10822883936075064 0.02007659123494075 0.020016211729783278
0 0.1770497835599459 0.5566148024338943 0.014072344853327824 0.014202484717735877
0 0.07813151983114389 0.6772246727576623 0.013728160124558669 0.013932154728816105
0 0.00973255129960867 0.8095667912409856 0.011931295578296367 0.015316596397986779
0 0.3449672552255484 0.4938068389892578 0.0286099360539363 0.029082811795748197
0 0.6521314474252554 0.9026052034818209 0.013722639817457933 0.01365192119891827
0 0.3904185661902794 0.05434286594390869 0.013452676626352163 0.013749471077552209
0 0.7754091116098257 0.41471503331111026 0.014354705810546875 0.013905011690579928
0 0.12482296503507175 0.19085291715768668 0.016356394841120794 0.016362630403958835
0 0.0997708118878878 0.9079149686373197 0.022950154084425706 0.023597130408653848
0 0.09966040574587308 0.680507073035607 0.014004707336425781 0.014359400822566105
0 0.41762671103844273 0.05988057301594661 0.013131948617788462 0.013405799865722656
0 0.10215082535376915 0.9115798656757061 0.020288907564603366 0.019738123967097357
