0 0.8023142447838416 0.3361653914818397 0.08983524029071514 0.08823805588942307
0 0.09850833049187294 0.905095467200646 0.05368797595684345 0.05347090501051683
0 0.12101984024047852 0.9704649998591497 0.02686904026911809 0.0267941401554988
0 0.17941755514878494 0.8162432450514573 0.0319822017963116 0.03207588195800781
0 0.6164818543654221 0.6094425641573392 0.03999255253718449 0.03969148489145132
0 0.131574612397414 0.8260561869694636 0.020387612856351413 0.019986079289362982
0 0.3398915437551645 0.9890853441678561 0.02484717735877404 0.018696418175330527
0 0.19246781789339507 0.5322058751032903 0.025904435377854567 0.025781631469726562
0 0.7590983464167669 0.30497780212989223 0.01964290325458233 0.019607067108154297
0 0.19682645797729492 0.504549686725323 0.029908473675067607 0.029902018033541165
0 0.20689942286564753 0.6874746909508338 0.03008732428917518 0.029847071721003607
0 0.03165435332518358 0.7868931110088642 0.018233445974496696 0.01816588181715745
0 0.2944395358745868 0.9013922764704778 0.028572962834284857 0.028649403498722956
0 0.12176547600672795 0.15335306754479042 0.01962168400104229 0.01987156501183143
0 0.30147457122802734 0.3863867979783278 0.0173336909367488 0.017478796151968148
0 0.0814968255849985 0.6611050092256986 0.020181330350729134 0.020472893348106973
0 0.38816147584181565 0.46158717228816104 0.016972981966458835 0.017049055833082933
0 0.7302441230187049 0.5434880623450646 0.02477235060471755 0.02449959975022536
0 0.5603215511028583 0.9532787616436298 0.018775573143592246 0.018805283766526442
0 0.7803249359130859 0.9188279371995193 0.027319981501652643 0.027626917912409857
0 0.3479124582730807 0.28858701999370867 0.024109546954815205 0.024133608891413763
0 0.8375946925236628 0.2010514002579909 0.027634400587815505 0.027615877298208382
0 0.0926745212995089 0.579436522263747 0.02203059196472168 0.022110865666316107
0 0.7011445852426382 0.35863186762883115 0.034799429086538464 0.03441913311298077
0 0.6118589547964243 0.03350833287605873 0.020440321702223558 0.020153128183805026
0 0.07326167363386887 0.2928778941814716 0.09266913854158841 0.0939953143780048
0 0.8279263423039362 0.8929843168992263 0.018494826096754808 0.01846152085524339
0 0.28624646480266863 0.5823396536020132 0.034323472243088946 0.034755560067983776
0 0.0462076709820674 0.8913284448476938 0.02958179437197172 0.029531478881835938
0 0.4729156494140625 0.0641142542545612 0.07226203038142277 0.07246535557966965
0 0.2594916086930495 0.9249293987567608 0.019495193774883565 0.019606370192307692
0 0.19019633073073167 0.6270724076491135 0.04282027024489183 0.043071783505953275
0 0.4778865667489859 0.823391107412485 0.01542201408973107 0.015427075899564303
0 0.296020874610314 0.62121948829064 0.042131790748009317 0.04279752878042368
0 0.8874303377591647 0.4757242936354417 0.016335414006159857 0.016292425302358773
0 0.5521083978506235 0.7355261582594651 0.016604276803823616 0.016437530517578125
0 0.9041943916907678 0.07492062678703895 0.03006318899301382 0.029810410279494066
0 0.1341546865609976 0.3318534997793344 0.022768424107478216 0.02307891845703125
0 0.050338602983034574 0.3630751096285306 0.033328313093919024 0.03317605532132662
0 0.6164481089665339 0.30022069124075085 0.030921789316030648 0.031016753270075872
0 0.04057200138385479 0.3926566197321965 0.04282704683450552 0.04426794785719652
0 0.7583311521089994 0.9825345552884616 0.017865987924429085 0.017735114464393027
0 0.7509626241830679 0.9060336626493014 0.0226590083195613 0.022786067082331732
0 0.14667663207420936 0.1094509271474985 0.022379178267258864 0.02221815402691181
0 0.08977569066561185 0.7078279348520132 0.015973347883958083 0.015972724327674277
0 0.31582051057081956 0.5241599082946777 0.032991189223069414 0.033162557161771335
0 0.18708135531498835 0.32064162767850435 0.039542785057654746 0.039834242600661054
0 0.2713339695563683 0.2201388432429387 0.1208037963280311 0.12137853182279147
0 0.41035938262939453 0.8269091386061448 0.01705008286696214 0.017138261061448317
0 0.87915589259221 0.0646808514228234 0.02357629629281851 0.023497471442589395
0 0.06422205613209651 0.574987191420335 0.017231180117680475 0.017280431894155648
0 0.3045006531935472 0.44130574739896333 0.021375509408804085 0.02126458974984976
0 0.20957139822152945 0.023081240745691154 0.019617300767164964 0.019541424054365892
0 0.37839229290301984 0.6837335733266977 0.018295654883751504 0.0182949946476863
0 0.5942327059232272 0.2681534473712628 0.06297038151667668 0.0637498268714318
0 0.8263190342829778 0.10495169346149151 0.02617821326622596 0.02631227786724384
0 0.08724014575664814 0.7910245748666617 0.013900353358342098 0.013971768892728366
0 0.503365736741286 0.7502880096435547 0.28046857393704927 0.2943836725675143
0 0.3465123176574707 0.5754074316758376 0.03595322829026442 0.03645170651949369
0 0.6071100234985352 0.08114162775186393 0.03774863023024339 0.03796117122356708
0 0.12936972654782808 0.4546070098876953 0.04305423223055326 0.04321626516488882
0 0.12006279138418344 0.778468865614671 0.014847755432128906 0.015246904813326322
0 0.6879520416259766 0.5497396909273587 0.01626000037560096 0.016201899601862982
0 0.5668479479276217 0.05710380810957689 0.024671627924992487 0.024916667204636794
0 0.4354568628164438 0.8079632979172927 0.01529678931603065 0.015151684100811299
0 0.13127588308774507 0.7743930083054763 0.036146108920757584 0.03668814439039964
0 0.11133301258087158 0.8684528057391827 0.01970964211684007 0.01967767568734976
0 0.15927734741797814 0.9934473771315354 0.020180995647723857 0.01173694317157452
0 0.5201596113351675 0.5820934589092548 0.028103168194110576 0.028601793142465446
0 0.5699114432701697 0.33206917689396787 0.01887937692495493 0.0188601567195012
0 0.2547326454749474 0.590170273414025 0.03485650282639723 0.03435105543870192
0 0.6697505070612981 0.08741387954125038 0.015549292931189904 0.01533977801983173
0 0.5950323251577524 0.05249177492581881 0.029473231388972357 0.02965989479651818
0 0.06943820990048923 0.5653143662672776 0.10450865672184871 0.11270728478064904
0 0.03793988778040959 0.03714529826090886 0.03693375220665565 0.0573880672454834
0 0.5885784809405987 0.9468521705040565 0.12162435971773587 0.10138232891376202
0 0.17434784082266 0.7750519238985502 0.021759913517878607 0.02180026127741887
0 0.7810115814208984 0.5133977303138146 0.08481685931865986 0.08388680678147536
0 0.8288756150465745 0.7837376227745643 0.016827509953425482 0.016688713660606973
0 0.26865986677316517 0.8389359987699069 0.02325754899245042 0.023341839130108174
0 0.28408584227928746 0.5359779137831467 0.0254977299616887 0.025074078486515924
0 0.34428046299861026 0.5035183979914739 0.037738873408390924 0.03743897951566256
0 0.7312115889329177 0.13673033164097712 0.014184218186598558 0.014113279489370493
