0 0.19164001024686372 0.3006783081935002 0.17112035017747146 0.1727428803077111
0 0.7809310326209435 0.29401245483985317 0.09216367281400241 0.09355915509737454
0 0.9179397729726938 0.17876678246718186 0.13873745844914362 0.2075485082773062
0 0.5174774390000564 0.4414494221027081 0.07111314626840445 0.07060843247633714
0 0.3098608163686899 0.9075388541588416 0.04068939502422626 0.04076576232910156
0 0.5097829378568209 0.27570181626539964 0.048633575439453125 0.048446948711688705
0 0.4599436980027419 0.03623687991729149 0.025499930748572715 0.025308586083925687
0 0.47650828728309047 0.614898681640625 0.03582147451547476 0.035611519446739785
0 0.42062113835261417 0.6009415113008939 0.033945670494666465 0.033948311438927285
0 0.8740995847261869 0.9042706122765174 0.02631202110877404 0.026206383338341348
0 0.5534737293536847 0.49571598493135893 0.02312498826246995 0.023189031160794772
0 0.5363715245173528 0.11253210214468148 0.021685380202073317 0.021733467395489033
0 0.5907257520235502 0.6346927789541391 0.03606194716233473 0.03595132094163161
0 0.6263523101806641 0.204683597271259 0.0185546875 0.018536861126239482
0 0.7074188819298377 0.14778489332932693 0.021893134483924277 0.02207026114830604
0 0.5499148735633264 0.6083246377798227 0.028998301579402044 0.02891203073354868
0 0.42677167745736927 0.4485551393949069 0.04030682490422176 0.04049330491286058
0 0.7685830042912409 0.20847346232487604 0.022921635554387018 0.022993014408991888
0 0.8991922965416541 0.9820961585411658 0.029793959397536058 0.029330326960637018
0 0.7447377718411959 0.6489686965942383 0.02344175485464243 0.023515701293945312
0 0.8269060575045072 0.3676899763254019 0.02750396728515625 0.027550403888408955
0 0.9518952002892127 0.9386756603534405 0.018498934232271634 0.01841002244215745
0 0.9181280869704026 0.8264622321495643 0.0207675053523137 0.020752833439753607
0 0.8636756310096154 0.7900297458355243 0.018932635967548076 0.019152127779447116
0 0.23509672971872184 0.4095293925358699 0.019203846271221455 0.0192868159367488
0 0.6275386076707107 0.6040103618915265 0.020381047175480768 0.02041310530442458
0 0.44091041271503156 0.3426990875831017 0.021344625032865085 0.021500807542067308
0 0.159334109379695 0.0984192811525785 0.01714607385488657 0.01712788068331205
0 0.7913338587834284 0.6982069749098557 0.026204329270582933 0.026616023137019232
0 0.30534740594717175 0.3908859399648813 0.030078301062950723 0.029999659611628607
0 0.33334959470308745 0.9558550761296198 0.020173146174504206 0.020180335411658652
0 0.5941848754882812 0.23323649626511794 0.020980394803560697 0.021131588862492487
0 0.2696570616502028 0.878144044142503 0.017998915452223558 0.017964289738581732
0 0.5956105819115272 0.27834057807922363 0.05002161172720102 0.050781066601093
0 0.5013467348538913 0.13303682437309852 0.01621730511005108 0.016025396493765023
0 0.378816898052509 0.35167730771578276 0.025760063758263223 0.025963563185471755
0 0.3562242067777194 0.025096255999345046 0.023160934448242188 0.023006058656252347
0 0.7345415262075571 0.23757178966815656 0.018399752103365384 0.01837319594163161
0 0.7264392559344952 0.1238252016214224 0.016779972956730768 0.016808748245239258
0 0.9537852360652044 0.6678140346820538 0.05260379497821514 0.05238180894118089
0 0.40469785837026745 0.21791289402888372 0.016052832970252402 0.01602906447190505
0 0.4614418103144719 0.5442556601304275 0.02223337613619291 0.022191927983210638
0 0.7509903540978065 0.5881632291353666 0.018969902625450723 0.01886749267578125
0 0.7915632541363056 0.4994328572199895 0.08350240267240085 0.08315775944636418
0 0.12675273418426514 0.6825428009033203 0.015753635993370645 0.015842584463266227
0 0.7260648287259616 0.8227470104510968 0.023369715763972357 0.023560450627253607
0 0.7911570622370794 0.04130391891186054 0.01853209275465745 0.01855344955737774
0 0.9156954838679388 0.9934065892146184 0.022476049569936898 0.012391897348257212
0 0.689663080068735 0.49428815108079177 0.022452134352463942 0.022672359759990986
0 0.5571726285494291 0.5682563781738281 0.014621734619140625 0.014730600210336538
0 0.22356240565960223 0.640667621905987 0.017134886521559495 0.017173033494215745
0 0.4860260303203876 0.14328773205096906 0.02193480271559495 0.02240331356342022
0 0.8560876846313477 0.9507774939903846 0.0155638181246244 0.015727116511418268
0 0.640872075007512 0.24367075700026292 0.015296642596905049 0.015100625845102163
0 0.8372688293457031 0.6226298992450421 0.036839998685396634 0.03736730722280649
0 0.8577699661254883 0.6941951604989859 0.04990401634803185 0.050670477060171276
0 0.4053758474496695 0.6213179368239182 0.015076637268066406 0.014851643488957332
0 0.40040371968195987 0.9365338545579177 0.01571523226224459 0.015597710242638221
0 0.6605613415057843 0.7053634203397311 0.021071947537935697 0.021331053513746995
0 0.6415135310246394 0.7437487382155198 0.06520700454711914 0.06602947528545673
0 0.8916554817786584 0.5935946244459885 0.02064998333270733 0.020726937514085036
0 0.7488139225886419 0.671505854679988 0.015238395104041466 0.015452751746544471
0 0.8382373956533579 0.09212035399216872 0.03145951491135817 0.03155304835392879
0 0.8482712232149564 0.6698072873629056 0.04301892794095553 0.04361666165865385
0 0.845278446490948 0.8031338178194486 0.017399421105018027 0.017937733576847956
0 0.9763732323279748 0.5681894742525541 0.01966241689828726 0.03553346487192007
0 0.41447837536151594 0.34234912578876203 0.01452189225416917 0.014632151677058293
0 0.0230671029824477 0.1517197718987098 0.01878428000670213 0.018910664778489333
0 0.5539272748506986 0.3807668319115272 0.015672757075383112 0.015948075514573317
0 0.9720363616943359 0.7276917971097506 0.03396459726186899 0.05182354266826923
0 0.9169425230759841 0.710239263681265 0.07139015197753906 0.07232225858248197
0 0.2510029719426082 0.10736492963937613 0.27060670119065505 0.2121418072627141
0 0.7999168542715219 0.7785785381610577 0.06528106102576622 0.06496224036583534
0 0.5803256401648889 0.011401109970532931 0.04254509852482723 0.022306465185605563
0 0.2077908332531269 0.4043908485999474 0.03141315166766827 0.031828073354867786
0 0.800441155066857 0.06541432784153865 0.014732947716346154 0.01455237315251277
0 0.4747019914480356 0.5347675176767203 0.014662815974308895 0.014722824096679688
0 0.8142708998460036 0.7120909324059119 0.0254824711726262 0.025693453275240384
0 0.07474309664506179 0.3907610086294321 0.018928931309626654 0.019093880286583535
0 0.4259892977201022 0.40564724115224987 0.03472210810734676 0.03447437286376953
0 0.8324149205134466 0.45867347717285156 0.014249214759239784 0.014658414400540866
0 0.6361658389751728 0.7445570138784555 0.05482189471905048 0.054574819711538464
0 0.6253560873178335 0.6983489990234375 0.04763379463782677 0.04758042555588942
0 0.9239551837627704 0.38505722926213193 0.022055992713341348 0.022141529963566706
0 0.8154888153076172 0.6518163681030273 0.029735565185546875 0.02936553955078125
0 0.7161548321063702 0.6920455052302434 0.014490714439978966 0.014754368708683895
0 0.7860965728759766 0.09225882933689998 0.015308086688701924 0.015733370414147012
0 0.34044463817889875 0.21608580075777495 0.014125237098106971 0.014173581049992489
0 0.3933267226585975 0.4215112099280724 0.03094827211820162 0.030652853158804085
