0 0.4802531462449294 0.7111203120304987 0.03506682469294621 0.035040048452524036
0 0.02027401328086853 0.2769723121936505 0.02603829365510207 0.02609425324660081
0 0.5150875678429236 0.015205017649210416 0.026915623591496393 0.026647171148887046
0 0.6977408482478216 0.18459650186391977 0.020587627704326924 0.02054309844970703
0 0.21878413053659293 0.058841627377730146 0.019507774939903848 0.01939990887275109
0 0.7248550561758188 0.733495125403771 0.02301920377291166 0.023132177499624398
0 0.44711021276620716 0.25955031468318057 0.02742598606989934 0.027234224172738884
0 0.29111860348628116 0.8544729672945462 0.02120553530179537 0.021259454580453727
0 0.7482301271878756 0.2101584031031682 0.021064171424278848 0.021298701946551982
0 0.27416728093073917 0.17778935799231896 0.020670010493351862 0.02066194094144381
0 0.5123369877155011 0.12670835164877084 0.021914115318885215 0.021975223834698018
0 0.04056362922375019 0.9130981885469877 0.0266018991286938 0.026811746450570915
0 0.5723147759070764 0.6015355770404522 0.01806978078988882 0.018271226149338942
0 0.4734812883230356 0.24222401472238395 0.019431701073279746 0.01937305010282076
0 0.5124459633460412 0.7631893157958984 0.022682336660531852 0.022852677565354567
0 0.9125914940467248 0.13626332466418928 0.018836534940279447 0.018915304770836465
0 0.6828136444091797 0.4609562066885141 0.019469774686373197 0.01949148911696214
0 0.07829729410318229 0.5048937430748572 0.018396560962383565 0.018365859985351562
0 0.7575280849750226 0.7609709226168119 0.02625127939077524 0.02633358882023738
0 0.9298498447124774 0.00916286214039876 0.020842625544621393 0.017358593069590054
0 0.1206727669789241 0.06128951219411997 0.01701010190523588 0.017119462673480693
0 0.690030024601863 0.10414413305429313 0.017456935002253607 0.017496805924635667
0 0.6045508751502404 0.1516100259927603 0.024988174438476562 0.024891083057110127
0 0.06280326843261719 0.7030751154972956 0.017534586099477913 0.017572843111478366
0 0.27024107712965745 0.23188352584838867 0.016591732318584736 0.01657441946176382
0 0.3110124147855319 0.11206361880669227 0.016917081979604866 0.017055181356576774
0 0.14207712503579947 0.17107770993159369 0.019076218971839316 0.019147909604586087
0 0.8566106649545523 0.11450605209057148 0.021396636962890625 0.02175277930039626
0 0.8008017173180213 0.39455538529616135 0.017900466918945312 0.018212098341721755
0 0.4466505784254808 0.2998325824737549 0.023926661564753607 0.02421287389901968
0 0.007940537654436551 0.8824301499586839 0.015769910353880662 0.02328637930063101
0 0.5609538371746356 0.2241822756253756 0.016603910006009616 0.016624083885779746
0 0.12390789618858924 0.2713414705716647 0.017991909613976113 0.017974853515625
0 0.9322191385122446 0.6825777200552133 0.019087864802433893 0.019037980299729567
0 0.7961316475501428 0.2640433678260216 0.017008121197040264 0.017092411334698018
0 0.7978653540978065 0.23720154395470253 0.0175326420710637 0.01761172367976262
0 0.24042375271136945 0.5352380459125226 0.016622653374305137 0.016524094801682692
0 0.9463474567119892 0.2669966771052434 0.01680726271409255 0.01675238976111779
0 0.5441371477567233 0.12316743227151725 0.018982520470252402 0.018882127908559945
0 0.0738059924199031 0.11316651564378005 0.015859310443584736 0.016030238224909857
0 0.2610340118408203 0.2804740575643686 0.015514227060171274 0.015516978043776292
0 0.17151619837834284 0.650032483614408 0.016936338864839993 0.016765007605919473
0 0.914305540231558 0.6362458742581881 0.016225668100210335 0.016121497521033652
0 0.8545901958759015 0.688843140235314 0.015567779541015625 0.015314395611102764
0 0.6783284407395583 0.40953881923968977 0.015511145958533654 0.015674664424015924
0 0.8985956632173978 0.7025196368877704 0.015468450692983774 0.015701147226186898
0 0.7563608609713041 0.788516117976262 0.040365365835336536 0.04114327063927284
0 0.7436467684232272 0.14573303552774283 0.016306070181039665 0.016362758783193734
0 0.8407231844388522 0.45891483013446516 0.016537592961237982 0.016653060913085938
0 0.4856288983271672 0.5493095471308782 0.015885646526630107 0.0158841059758113
0 0.9059879596416767 0.8791971940260667 0.01726561326246995 0.017117720383864183
0 0.27794760924119216 0.11424335149618295 0.0160521727341872 0.016089384372417744
0 0.8600970048170823 0.4816893797654372 0.017742743858924277 0.01777472862830529
0 0.28785452475914586 0.0480340444124662 0.015912496126615085 0.015936778141902044
0 0.9905106471135066 0.168017552449153 0.018545004037710335 0.13449892630943885
0 0.8393099858210638 0.2212210435133714 0.0148468017578125 0.01492918454683744
0 0.21394784633929914 0.9404669541579026 0.017946683443509616 0.01803764930138221
0 0.6923641791710486 0.2616602090688852 0.016667879544771634 0.016828500307523288
0 0.8618968083308294 0.8755085284893329 0.014689812293419471 0.014658267681415264
0 0.5773215660682092 0.7489983485295222 0.014599800109863281 0.014669858492337741
0 0.9330403254582331 0.8813030536358173 0.0144804441011869 0.014444938072791466
0 0.9578987268301157 0.5409661072951096 0.015245290902944712 0.014953026404747596
0 0.5005556986882136 0.6233271085298978 0.022710800170898438 0.023007282843956582
0 0.9647822746863732 0.029142826795578003 0.01543441185584435 0.015653889912825365
0 0.9012958820049579 0.35852747697096604 0.014553363506610576 0.014579332791841947
0 0.4810710320105919 0.17652575786297137 0.014661788940429688 0.01470635487483098
0 0.5781611295846792 0.5551922871516302 0.014055325434758114 0.014231094947228065
0 0.5125376627995417 0.6537072108342097 0.014725024883563701 0.014518444354717549
0 0.2280721481029804 0.3834498112018292 0.014860263237586388 0.01466200901911809
0 0.8721828460693359 0.5012895143949069 0.01578697791466346 0.015880437997671273
0 0.006653204560279846 0.5736234738276556 0.013279603077815129 0.01987310556265024
0 0.5061111816993127 0.2699271715604342 0.014809461740347056 0.014606329110952524
0 0.36847408001239484 0.3999604812035194 0.014804546649639424 0.014708885779747596
0 0.6094158979562613 0.24100923538208008 0.014042854309082031 0.014269461998572716
0 0.06077859034905067 0.423679388486422 0.01470030271089994 0.014734414907602163
0 0.8358182907104492 0.9040616842416617 0.014442150409405049 0.014494088979867788
0 0.794821519118089 0.7352642646202674 0.014300126295823317 0.014203291672926683
0 0.10344263223501352 0.12882021757272574 0.015267445490910457 0.015800109276404746
0 0.8817184154803936 0.6098359914926382 0.014271222628079928 0.014340767493614784
0 0.5124381138728216 0.5977290226862981 0.01849966782789964 0.018777994009164665
0 0.31308797689584583 0.1406994599562425 0.014675067021296574 0.014988202315110426
0 0.8705033522385818 0.498168211716872 0.016895147470327523 0.017288794884314902
0 0.6167011260986328 0.7457228440504807 0.013689921452448918 0.013869799100435697
0 0.48040140592134917 0.6536585000845102 0.019721251267653245 0.01967796912560096
0 0.31272499377910906 0.08099736617161678 0.013852064426128682 0.013957830575796274
0 0.48170771965613735 0.6499440853412335 0.017414239736703727 0.017678187443659857
0 0.8833769284761869 0.39522823920616734 0.013822408822866587 0.013464707594651442
0 0.05193565442011906 0.3896975517272949 0.013860775874211239 0.013995830829326924
0 0.7781204810509315 0.9788290170522836 0.014983837421123799 0.015041204599233774
0 0.5907297867995042 0.11381756342374362 0.013944038977989784 0.013904608212984525
0 0.2439727416405311 0.4573799280019907 0.01337432861328125 0.013463680560772236
0 0.2733102028186505 0.5209967539860652 0.012788332425631009 0.013025430532602163
0 0.7477527031531701 0.7945892627422626 0.017606588510366585 0.019285055307241585
0 0.8560078694270208 0.0831924768594595 0.014324041513296274 0.01458116678091196
