0 0.8084476911104642 0.4354104995727539 0.1698888631967398 0.17079470707820013
0 0.6207055311936599 0.3739047417273888 0.08716847346379207 0.08751869201660156
0 0.07979393922365628 0.4330949049729567 0.04210187838627742 0.0421606944157527
0 0.4626234494722806 0.28670393503629243 0.06154970022348257 0.061816985790546126
0 0.7718242498544546 0.08564226443950947 0.055692085852989785 0.05563680942241962
0 0.3044372338515062 0.11507903612576999 0.04073319068321815 0.04117235770592323
0 0.36980386880727917 0.20699112231914812 0.06157698998084435 0.061358011685884915
0 0.7814159393310547 0.5231063916133001 0.048279982346754804 0.04814698145939754
0 0.8017338972825271 0.17803320517906776 0.030589763934795674 0.030416048490084134
0 0.9130349526038537 0.410092830657959 0.057149446927584134 0.05725244375375601
0 0.06777005012218769 0.4911982462956355 0.02546389286334698 0.026018582857572116
0 0.10591494120084323 0.3103176997258113 0.0300143682039701 0.02992138495812049
0 0.7265842877901517 0.12891299907977766 0.03802651625413161 0.03821644416222206
0 0.11458954444298378 0.6237985170804538 0.02571410399216872 0.0260164921100323
0 0.2504715552696815 0.16713637572068435 0.04716003858126127 0.04748667203463041
0 0.20223391973055327 0.13617642109210676 0.04877908413226788 0.04929421498225285
0 0.9034401820256159 0.503999453324538 0.022189800555889424 0.022092672494741585
0 0.7062059549184946 0.5904396497286283 0.019449967604417067 0.019382476806640625
0 0.1545121669769287 0.5594828679011419 0.02653085268460787 0.026456099290114183
0 0.6721081366905799 0.24096250534057617 0.07133131760817307 0.07077870002159706
0 0.3435520025400015 0.1038214793572059 0.05078403766338642 0.05112644342275766
0 0.2655768027672401 0.7481585282545823 0.044916813190166764 0.044957674466646634
0 0.7499554707453802 0.2946166258591872 0.03183555603027344 0.032237933232234076
0 0.216064819922814 0.24118531667269194 0.029145020705003005 0.029095869797926683
0 0.4529048479520358 0.6547393065232497 0.024036260751577523 0.024045357337364785
0 0.0636534048960759 0.5184439512399527 0.019557916201077975 0.021716851454514723
0 0.2747106368725116 0.5547830508305476 0.04138469696044922 0.04163074493408203
0 0.1262945028451773 0.3997196784386268 0.03165527490469126 0.03130003122182993
0 0.5174563114459698 0.6085066428551307 0.020915911747859076 0.020995360154371995
0 0.10814862067882831 0.34929759685809797 0.02052894005408654 0.0205996586726262
0 0.8949408897986779 0.5547248400174655 0.04028731126051683 0.04046014639047476
0 0.6339133335993841 0.1333101254243117 0.04216458247258113 0.042452096939086914
0 0.9005537766676682 0.9238482255202073 0.020663041334885817 0.020513094388521634
0 0.705741442166842 0.365878912118765 0.035070566030649036 0.035263354961688705
0 0.8345314906193659 0.16946957661555365 0.02090630164513221 0.020803048060490534
0 0.4020529893728403 0.32857520763690656 0.031041365403395433 0.031069828913762018
0 0.8631470020000751 0.6487391545222356 0.02839939410869892 0.028293903057391826
0 0.6915184901310847 0.03137202446277325 0.03574019211989183 0.0353847466982328
0 0.7001602466289814 0.46630624624399036 0.022139769334059495 0.02202188051663912
0 0.829618894136869 0.6788352085993841 0.022307175856370192 0.02234796377328726
0 0.28670340317946214 0.44758121783916766 0.030208257528451774 0.030393160306490384
0 0.8925640399639423 0.3403630623450646 0.031715099628155045 0.03188059880183293
0 0.8586085392878606 0.5518646973830003 0.016503260685847357 0.016469368567833535
0 0.1278375662290133 0.9110795534574069 0.019826852358304538 0.019770108736478366
0 0.2960816346682035 0.17380776772132286 0.028556273533747747 0.028700938591590293
0 0.2760332364302415 0.13684588212233323 0.03166528848501352 0.0320129944727971
0 0.10941925415625939 0.954917834355281 0.019548636216383714 0.01939054635854868
0 0.9131127137404221 0.6226834517258865 0.017448278573843148 0.017248006967397835
0 0.8233828911414514 0.05041758372233464 0.028019244854266826 0.02800436203296368
0 0.24951912806584284 0.4292911749619704 0.018398871788611777 0.018204102149376504
0 0.7525656773493841 0.16150536903968224 0.017638279841496393 0.017749309539794922
0 0.39876182262714094 0.10020451362316425 0.026950542743389424 0.027020876224224385
0 0.7749236180232122 0.34021249184241664 0.02772243206317608 0.02778764871450571
0 0.5764226179856521 0.39648202749399036 0.018695537860576924 0.01854573763333834
0 0.6291688772348257 0.021314776860750638 0.039570001455453724 0.03829017969278189
0 0.3101610036996695 0.5486498245826135 0.03488768064058744 0.03454127678504357
0 0.7835749112642728 0.6870929277860202 0.036004139826847956 0.035719651442307696
0 0.3942283116854154 0.6641565469595102 0.02373225872333233 0.02394866943359375
0 0.5029496779808631 0.266447690817026 0.09069274022028996 0.09086234752948467
0 0.8829039060152494 0.6890577169565054 0.018052027775691107 0.018030606783353366
0 0.14416543337015006 0.6911480243389423 0.02477266238285945 0.024721585787259616
0 0.48685381962702823 0.41884517669677734 0.020903513981745794 0.020897791935847357
0 0.8137540083665115 0.11494387113131009 0.023406395545372598 0.023411897512582634
0 0.10194008166973408 0.5966899945185735 0.02735306666447566 0.027308097252478965
0 0.432890378511869 0.3567502682025616 0.018084966219388522 0.018066846407376803
0 0.8363752365112305 0.12375089755425087 0.06654064471905048 0.064988741507897
0 0.08546319374671349 0.6610020123995267 0.016887334676889274 0.016745934119591348
0 0.2910298567551833 0.6869759926429162 0.02215715555044321 0.02212949899526743
0 0.2329736856313852 0.19337967725900504 0.02623895498422476 0.02615980001596304
0 0.7253671059241662 0.4803912823016827 0.02643922659067007 0.026464022122896634
0 0.401456172649677 0.28760444200955904 0.04270040071927584 0.04334119650033804
0 0.7296872505774865 0.5919624475332407 0.03527699984036959 0.034862371591421276
0 0.3163710374098558 0.632108761714055 0.019193080755380485 0.01916782672588642
0 0.9197544684776893 0.21724180074838492 0.016898081852839544 0.016748354985163763
0 0.5412150162916917 0.4576385204608624 0.01831194070669321 0.01832279792198768
0 0.4547745631291316 0.4132905373206505 0.017391204833984375 0.017709878774789665
0 0.5342245101928711 0.4380584496718187 0.016594813420222357 0.016576253450833835
0 0.4250517258277306 0.46807230435884917 0.029279782221867487 0.02931800255408654
0 0.275105934876662 0.9354168084951547 0.03011039587167593 0.030215336726262018
0 0.4154622004582332 0.20050294582660383 0.07494794405423678 0.07251504751352164
0 0.6546437190129206 0.11094376674065223 0.017194014329176683 0.017122323696429912
0 0.9060924236591046 0.9561770512507513 0.020884587214543268 0.020720261793870192
0 0.882224596463717 0.8046480325552133 0.034246004544771634 0.033794403076171875
0 0.2739685131953313 0.42509599832388073 0.02394214043250451 0.02408467806302584
0 0.7719556368314303 0.271302186525785 0.038665478046123795 0.038344163161057696
0 0.6693476163423978 0.13144463759202224 0.03038333012507512 0.030258802267221305
0 0.2882517484518198 0.22162320063664362 0.038641819587120645 0.03853108332707332
0 0.4432517198415903 0.10112382815434383 0.02800435286301833 0.02802302287175105
0 0.26047363648047817 0.8896903258103591 0.022316492520845853 0.022438782912034255
0 0.7703135563777044 0.2895085078019362 0.015234433687650241 0.015158616579495944
0 0.47199102548452526 0.7425622206467849 0.01754415952242338 0.01757475046011118
0 0.46008113714364857 0.3893457559438852 0.017705697279710036 0.01772161630483774
0 0.6763825783362756 0.08095898078038143 0.02640694838303786 0.02639145117539626
0 0.2525510787963867 0.5301278921274039 0.04262065887451172 0.04200025705190805
0 0.17761065409733698 0.34378774349506086 0.024588804978590745 0.024215258084810697
0 0.557096554682805 0.125659154011653 0.016064277062049277 0.016169419655433066
0 0.32750144371619594 0.48701997903677136 0.02163520226111779 0.021728882422814004
0 0.5900759330162635 0.4796697176419772 0.041588123028094955 0.041227560776930586
0 0.34855255713829625 0.7299602215106671 0.028734647310697116 0.028427270742563102
0 0.30074108563936675 0.1552847165327806 0.019117281987116888 0.01984398181621845
0 0.8102051661564753 0.2013252331660344 0.015566018911508413 0.015498784872201772
0 0.36150792928842396 0.6718064088087815 0.018122012798602764 0.018445381751427285
0 0.6926546830397385 0.12780015285198504 0.016735957219050482 0.016499831126286432
0 0.8264124943659856 0.562518413250263 0.057803960946890026 0.05714563223031851
0 0.38173176692082333 0.5045381692739633 0.01502697284405048 0.014967771676870493
0 0.3036057949066162 0.5019804147573618 0.024268480447622445 0.02423579876239483
0 0.5238926594073956 0.1240615386229295 0.015959666325495794 0.01604879819429838
0 0.27746750758244443 0.19797768959632286 0.030266394981971152 0.030574505145733174
0 0.34459301141592175 0.1611161965590257 0.01843151679405799 0.018633328951322116
0 0.35798938457782453 0.48349908682016224 0.019793583796574518 0.0198208735539363
0 0.2462781025813176 0.7224257542536809 0.016531980954683743 0.0163421630859375
0 0.42477527031531703 0.36826661916879505 0.016759725717397835 0.016762660099909857
0 0.24264225592980018 0.44728851318359375 0.023041981917161208 0.023216687715970553
0 0.39939462221585786 0.9948243361253005 0.018956551185021035 0.00948803241436298
0 0.4156331282395583 0.42504464662992036 0.015479014470027043 0.015439840463491587
0 0.6798254893376277 0.7437686920166016 0.0214999272273137 0.021596468411959134
0 0.614218124976525 0.10332885155310997 0.024415969848632812 0.024599148676945612
0 0.8851693960336539 0.7898605786837064 0.01734616206242488 0.018204322228064902
0 0.24809180773221529 0.35720003568209135 0.018354049095740683 0.0180513675396259
0 0.1513134974699754 0.5233989862295297 0.04910104091350849 0.04828643798828125
0 0.31522013590886044 0.24327987890977126 0.03507276681753305 0.03333348494309645
0 0.8062902597280649 0.8093343881460336 0.015529926006610576 0.015439400306114784
0 0.44775001819317156 0.07323304964945866 0.020960881159855768 0.02109711903792161
0 0.9293958223783053 0.32641414495614857 0.01963982215294471 0.019650752727801982
0 0.29201426872840297 0.3466321138235239 0.042195907005896933 0.042831054100623496
0 0.8524749462421124 0.6193871131310096 0.1227871821476863 0.12217096182016227
0 0.42166816271268404 0.9712738623985877 0.02095662630521334 0.021076202392578125
0 0.26504026926480806 0.07812291842240554 0.024729178502009466 0.024622385318462666
0 0.9332579099214994 0.8025675553541917 0.018010066105769232 0.01819581251878005
0 0.10402361246255729 0.2670333752265343 0.017561857516948994 0.017432799706092246
0 0.8314022651085486 0.33385130075307995 0.024263822115384616 0.02443519005408654
0 0.7573280334472656 0.13216799956101638 0.01563292283278245 0.015453265263484074
0 0.6324981542734 0.43801021575927734 0.02063780564528245 0.02047392038198618
0 0.39276702587421125 0.46298540555513823 0.023272294264573317 0.023261290330153245
0 0.5633694942180927 0.43047912304218 0.04503433520977314 0.04558137746957632
0 0.5014763612013596 0.7118131931011493 0.048487223111666165 0.04830785898061899
0 0.18183515622065619 0.592319341806265 0.022916427025428183 0.022964330819936898
0 0.7963073437030499 0.3126940360436073 0.019564115084134616 0.019522887009840745
0 0.8880049632145808 0.035740201289837174 0.015206410334660457 0.014908295411330003
0 0.20666195796086237 0.03605318069458008 0.014152746934157152 0.014526917384221004
0 0.1024163136115441 0.14759742296659029 0.06243725923391489 0.06213797055757963
0 0.7790873600886419 0.19094166388878456 0.021389594444861777 0.02161862299992488
0 0.4279339130108173 0.5971852816068209 0.022327129657451924 0.022314071655273438
0 0.1468698244828444 0.6418173863337591 0.018989746387188252 0.019120143010066107
0 0.8901894642756536 0.4456908886249249 0.015107668363131009 0.015366040743314303
0 0.41732648702768177 0.6286208813007061 0.015009513268103966 0.014951265775240384
0 0.41168917142427885 0.0840309216425969 0.015027853158804087 0.014798182707566481
0 0.16280495203458345 0.3658306782062237 0.02507356496957632 0.025569402254544772
0 0.19890491779033953 0.07256645422715408 0.021468162536621094 0.021757859450120192
0 0.1620469460120568 0.14067961619450495 0.015305299025315505 0.015057967259333683
0 0.238554624410776 0.9179373521071214 0.015020480522742638 0.015196580153245192
0 0.8787153684175931 0.1638968174274151 0.016369746281550482 0.016570458045372598
0 0.1971132571880634 0.5319525278531588 0.01438294924222506 0.014464598435621995
0 0.6080192785996658 0.9605478140024039 0.01838397979736328 0.018486609825721152
0 0.19535589218139648 0.2084184426527757 0.014365636385404147 0.014353348658635067
0 0.7872658509474534 0.21031834528996393 0.028526159433218148 0.027828216552734375
0 0.845001220703125 0.606994995704064 0.015316156240609976 0.01540668194110577
0 0.9162927040686975 0.35706703479473406 0.026613969069260817 0.026612208439753607
0 0.784551033606896 0.12193662386674148 0.014504946195162259 0.014539223450880785
0 0.2095517378586989 0.21143403420081505 0.015511366037222056 0.01561271227323092
0 0.31214582003079927 0.24599145008967474 0.02799224853515625 0.027983812185434196
0 0.11838912046872653 0.21481891778799203 0.062484832910391 0.061734639681302585
0 0.4118041625389686 0.23768206743093637 0.04499141986553486 0.044136377481313854
0 0.4145308274489183 0.655386704664964 0.02303006098820613 0.0230404780461238
0 0.5783815750708947 0.21105384826660156 0.015330901512732873 0.015296495877779447
0 0.47247780286348784 0.40793140117938703 0.016255011925330527 0.015754039470966045
0 0.2144605930034931 0.3809655996469351 0.026169410118689902 0.026032081017127402
0 0.8824030069204477 0.1769711421086238 0.014681302584134616 0.014634939340444712
0 0.1093292236328125 0.05099352047993587 0.04050232813908504 0.040694557703458346
0 0.32761353712815505 0.7148158733661358 0.014445084791917067 0.014715341421274038
0 0.14640546762026274 0.14869253452007586 0.026198075367854193 0.02623128890991211
0 0.45429930320152867 0.44602856269249547 0.02108427194448618 0.02145811227651743
0 0.1831330152658316 0.2246242303114671 0.014308709364670973 0.014549182011530949
0 0.873416020320012 0.5174352205716647 0.02543786855844351 0.02604330503023588
0 0.453094849219689 0.5890394357534555 0.015176626352163462 0.015221375685471755
0 0.34681092775785005 0.16471041165865385 0.024409734285794772 0.025528467618502103
0 0.8659916657667893 0.7066327608548678 0.02775118901179387 0.028090403630183294
0 0.8139161330003005 0.24001389283400315 0.014413686899038462 0.014380308297964243
0 0.5116871687082144 0.8854031196007361 0.024382811326246995 0.024720412034254808
0 0.37334068004901594 0.2877802482018104 0.017452093271108773 0.01776262430044321
0 0.3178902039161095 0.22845143538254958 0.019922623267540567 0.020661354064941406
0 0.1883248549241286 0.15373793015113243 0.01718312043410081 0.01758014238797701
0 0.16380999638484076 0.31035713049081654 0.03380732352917011 0.03420448303222656
0 0.893170430110051 0.24162463041452262 0.015031521136944111 0.014969165508563701
0 0.16309331013606146 0.6259996707622821 0.015827105595515326 0.01590097867525541
0 0.4244989248422476 0.6798456632173978 0.014299392700195312 0.01452930157001202
0 0.7962262080265925 0.7569024012638972 0.01540374755859375 0.015235607440655049
0 0.21916268422053412 0.8481027162992038 0.022971666776216947 0.02316871056189904
0 0.750714008624737 0.013054717045563918 0.016477438119741585 0.01612690778879019
0 0.3738762048574594 0.09046134581932655 0.024732443002554085 0.025061313922588643
0 0.3023112187018761 0.19947185883155236 0.08343846981342022 0.08174547782311073
0 0.2483515922839825 0.4814308606661283 0.02277649365938627 0.02285920656644381
0 0.2781012791853685 0.3396578568678636 0.014097800621619591 0.014255963839017428
0 0.7404719132643479 0.15290637199695295 0.01644163865309495 0.016560169366689827
0 0.42690280767587513 0.7282377389761118 0.01561876443716196 0.015769078181340143
0 0.24416417341965896 0.9626860251793494 0.0404508297259991 0.0400995107797476
0 0.28081143819368803 0.6093765405508188 0.018480741060697116 0.01856510455791767
0 0.28783018772418684 0.08694783540872428 0.02193608650794396 0.02189315282381498
0 0.641605597275954 0.0698615679374108 0.032201180091271035 0.03271640264070951
0 0.620338880098783 0.41630081030038685 0.029522088857797477 0.030239398662860576
0 0.370424747467041 0.6880083817702073 0.01426087892972506 0.014204171987680288
0 0.3158408678494967 0.7603332812969501 0.014989266028771034 0.01498882587139423
0 0.6754795954777644 0.38814632709209734 0.02823506868802584 0.028327501737154447
0 0.827597764822153 0.7081920917217548 0.02451016352726863 0.024176377516526442
0 0.5244789123535156 0.4201106291550856 0.019524060762845553 0.019640995905949518
0 0.7394649799053485 0.8959509042593149 0.04468272282527043 0.04559179452749399
0 0.31820913461538464 0.6503904049213116 0.014867709233210636 0.015025065495417668
0 0.23369337962223932 0.14070813472454363 0.018241442166841947 0.018399128547081582
