0 0.31098318099975586 0.36082788614126354 0.09284474299504207 0.09437355628380409
0 0.3984262759868915 0.715340100801908 0.05664825439453125 0.05696575458233173
0 0.33510677631084734 0.8221525045541617 0.035729628342848554 0.03592065664438101
0 0.5610827666062576 0.7481798758873572 0.03163968599759615 0.03154446528508113
0 0.5729442743154672 0.6577709638155423 0.03767262972318209 0.03765311607947716
0 0.5372271904578576 0.5390583185049204 0.029473378108097956 0.02946164057804988
0 0.6923195765568659 0.6291740857637845 0.03169690645658053 0.031777601975661054
0 0.7330093383789062 0.6627503908597506 0.029413223266601562 0.029553046593299277
0 0.3085189232459435 0.8486834305983323 0.032654377130361706 0.0327459482046274
0 0.43856154955350435 0.5359260485722468 0.029722873981182393 0.029506830068734977
0 0.4508954561673678 0.9649677276611328 0.024667886587289665 0.024762667142427884
0 0.39855098724365234 0.6131296157836914 0.031138200026292067 0.030995589036207933
0 0.35747924217811 0.3932388745821439 0.027967159564678486 0.027966132530799277
0 0.3357739815345177 0.7613909794734075 0.024030538705679085 0.024449861966646634
0 0.6406916104830228 0.7631507286658654 0.0424200204702524 0.04252829918494591
0 0.5563368430504432 0.5028104782104492 0.019118529099684495 0.01904722360464243
0 0.6402244567871094 0.6202171032245343 0.029279562143179085 0.02938211881197416
0 0.40418023329514724 0.9930154360257663 0.019354600172776442 0.013883150540865384
0 0.2480353575486403 0.9702217395489032 0.019639895512507513 0.0197598383976863
0 0.35394100042489857 0.8819659306452825 0.022041174081655648 0.022086216853215143
0 0.5880510623638446 0.2871510432316707 0.023719640878530648 0.0235897577725924
0 0.6511154174804688 0.656802617586576 0.021384312556340143 0.0213168217585637
0 0.49628947331355167 0.7424420576829177 0.02963880392221304 0.030087837806114785
0 0.273865663088285 0.8279256820678711 0.023758888244628906 0.023828506469726562
0 0.5393746816194974 0.8997183579664964 0.019650385929987982 0.019411820631760817
0 0.2587518875415509 0.4582825440626878 0.028215738443227913 0.028300652137169473
0 0.5856280326843262 0.7055705143855169 0.024872706486628607 0.025050530066856973
0 0.5728430381188025 0.9426708221435547 0.020981275118314303 0.020918626051682692
0 0.2433303686288687 0.7468696007361779 0.026264007274921123 0.026302631084735576
0 0.6922697654137244 0.497560611137977 0.02473904536320613 0.02449769240159255
0 0.7006055391751803 0.8223636333759015 0.023572481595552884 0.02355370154747596
0 0.4638009804945726 0.7778002665593073 0.0211794192974384 0.021317555354191706
0 0.7488003510695237 0.5420567439152644 0.024730388934795674 0.025080093970665567
0 0.6764907103318435 0.1085362617786114 0.018798241248497598 0.0186920166015625
0 0.42746360485370344 0.6363303844745343 0.025200330294095553 0.025306114783653848
0 0.267326153241671 0.04384985795387855 0.024799603682297926 0.024689335089463454
0 0.6775245666503906 0.0477448976956881 0.025188152606670674 0.025284317823556755
0 0.6110967122591459 0.5854741243215708 0.026192518380972054 0.02612935579740084
0 0.4809437531691331 0.6885696557851938 0.022681603064903848 0.022646977351262018
0 0.6027654501108023 0.6839615014883188 0.02842110853928786 0.028621526864858773
0 0.6089005103478065 0.7503199210533729 0.017670411330003005 0.01779805696927584
0 0.6620791508601263 0.8704586029052734 0.01689001230093149 0.016938282893254206
0 0.56921753516564 0.42223838659433216 0.017797029935396634 0.01805987724891076
0 0.6254937098576472 0.7274919656606821 0.02157882543710562 0.021597642164963942
0 0.32410335540771484 0.25668855813833386 0.02154841789832482 0.021700492272010215
0 0.5123563546400803 0.6357899445753831 0.01761773916391226 0.01771398691030649
0 0.4904463841364934 0.4970849110529973 0.02115968557504507 0.021016340989332933
0 0.6837542607234075 0.21224407049325797 0.018351628230168268 0.01851338606614333
0 0.6288931919978216 0.9176648946908804 0.018930875338040866 0.018878056452824518
0 0.45752844443688023 0.2734887416546161 0.02222589346078726 0.022269615760216348
0 0.501901809985821 0.8880805969238281 0.01738152137169471 0.017319899338942308
0 0.2456826796898475 0.025638071390298698 0.021012379572941706 0.02100560298332801
0 0.46231478911179763 0.8800333463228666 0.0174863521869366 0.017566094031700723
0 0.7200161860539362 0.42415765615609974 0.01718741196852464 0.017128871037409857
0 0.7706149174616888 0.8145057971660907 0.0225375248835637 0.031679740318885215
0 0.7686626727764423 0.5510709469134991 0.021599696232722357 0.023013848524827223
0 0.49747650439922625 0.47870702009934646 0.0204012944148137 0.020252081064077523
0 0.3079726512615497 0.5699305167564979 0.016883189861591045 0.016895294189453125
0 0.5497062389667218 0.5594362112192007 0.017610770005446214 0.017476448645958535
0 0.6068640488844651 0.2561531433692345 0.02567907480093149 0.025632491478553183
0 0.44729005373441255 0.9423087927011343 0.016921556912935697 0.01693241412823017
0 0.4753539745624249 0.4148051922137921 0.024188701923076924 0.024551978478064902
0 0.7694231180044321 0.8857344113863431 0.01722541222205529 0.017004746657151442
0 0.23290788210355318 0.5886300893930289 0.01806640625 0.01799473395714393
0 0.7522852971003606 0.475003902728741 0.01914391150841346 0.019060648404634915
0 0.24506539564866286 0.1642033320206862 0.019346237182617188 0.019674924703744743
0 0.5509376892676721 0.3023673571073092 0.019521419818584736 0.01935863494873047
0 0.5058094171377329 0.037782912070934586 0.018364612872783955 0.01838382390829233
0 0.36316893650935245 0.820578355055589 0.016995650071364183 0.017204871544471152
0 0.42066111931434047 0.7848987579345703 0.0247952387883113 0.02458777794471154
0 0.23398546072152945 0.5354960881746732 0.016364170954777643 0.016379136305588942
0 0.7525372871985803 0.6955512120173528 0.01665496826171875 0.016773370596078727
0 0.5545265124394343 0.9708673770611103 0.017160489008976862 0.017024407019981973
0 0.3012317143953763 0.9663127018855169 0.018399825462928183 0.01839593740609976
0 0.6332039466271033 0.8155315105731671 0.022615579458383415 0.022482651930588942
0 0.3486937009371244 0.44002540294940656 0.01788506141075721 0.017908609830416165
0 0.46381741303663987 0.3756917439974271 0.018488223736102764 0.01833057403564453
0 0.7571527040921725 0.6646062410794772 0.01863831740159255 0.018366593580979567
0 0.27553451978243315 0.7611323136549729 0.01658344268798828 0.016525415273813102
0 0.4490064474252554 0.7585414739755484 0.020228459284855768 0.020419487586388223
0 0.6620537684513972 0.5328480647160456 0.019178097064678486 0.019240819490872897
0 0.39629452045147234 0.7837483332707331 0.02020131624661959 0.020233154296875
0 0.2620231371659499 0.18948012131911057 0.01546646998478816 0.015444168677696815
0 0.5929521780747634 0.31008030818058896 0.01715366656963642 0.01689600944519043
0 0.3867041514470027 0.44938212174635667 0.02364635467529297 0.02376527052659255
0 0.49538355607252854 0.7128059680645282 0.018025618333082933 0.01788506141075721
0 0.7078762054443359 0.72558226952186 0.016413028423602764 0.016284355750450723
0 0.51953308398907 0.860259642967811 0.016204980703500602 0.016381190373347357
0 0.7164203203641452 0.7657023209791917 0.01727896470289964 0.017407050499549277
0 0.611791390639085 0.9163395074697641 0.015539609468900241 0.0153196774996244
0 0.6527825869046725 0.30645410831157976 0.015094463641826924 0.015042304992675781
0 0.27542415032019985 0.4812141565176157 0.015989376948429987 0.01575132516714243
0 0.6357714579655573 0.6831802955040565 0.018845778245192308 0.018787677471454326
0 0.43111368326040417 0.9285320868858924 0.018082838792067308 0.018178939819335938
0 0.24533992547255296 0.27724089989295375 0.02353803928081806 0.023942250471848708
0 0.3375828449542706 0.8747304036067083 0.016910846416766826 0.01707795950082632
0 0.33716517228346604 0.5489557706392728 0.015905086810772236 0.01581125992995042
0 0.4531554442185622 0.8550919752854568 0.016127659724308893 0.016052979689378005
0 0.375941826747014 0.5760073295006385 0.016335120567908652 0.016306657057542067
0 0.3433984609750601 0.8470871998713567 0.01666846642127404 0.016725686880258415
0 0.427209340609037 0.04767945179572472 0.016493723942683294 0.01651593355032114
0 0.649474364060622 0.6010064345139724 0.014982663668118991 0.014988532433143029
0 0.27519020667442906 0.6905507307786208 0.016405068911038913 0.01640466543344351
0 0.6611511523907001 0.4312757345346304 0.014980316162109375 0.015067173884465145
0 0.5290667460514948 0.2469174311711238 0.015916971059945915 0.015991944533128005
0 0.6997237572303185 0.7616144327016977 0.01526641845703125 0.015169583834134616
0 0.7572804964505709 0.2448428594149076 0.015132317176231971 0.015122413635253906
0 0.7251186370849609 0.8522487053504357 0.017672905555138223 0.01771369347205529
0 0.42480952923114484 0.7580142387977014 0.018793106079101562 0.018939091609074518
0 0.7341276315542368 0.7589388627272385 0.015630281888521634 0.015773919912484977
0 0.3180272028996394 0.5137432538546048 0.015121826758751502 0.015147575965294471
0 0.7141052392812876 0.7013571078960712 0.0148771726168119 0.014816724337064303
0 0.4940173809344952 0.4075790551992563 0.02224863492525541 0.022215916560246393
0 0.4533868202796349 0.6093821158775916 0.014390211838942308 0.014724438007061299
0 0.6268235720120944 0.8435430526733398 0.015504103440504808 0.0158083989070012
0 0.6602186789879432 0.5677496103140024 0.014579039353590745 0.014700229351337139
0 0.5492437436030462 0.9390926361083984 0.02216368455153245 0.021992903489332933
0 0.7573307477510892 0.9043463927048904 0.025653252234825723 0.026119085458608773
0 0.7719026712270883 0.6526687328632061 0.017707237830528848 0.019242213322566107
0 0.3926752530611478 0.9129086274367112 0.014847975510817308 0.014928671029897837
0 0.3079726512615497 0.9498794262225811 0.015107008127065806 0.015332295344426082
0 0.7395750192495493 0.07281631689805251 0.014560406024639424 0.014900537637563853
0 0.35051995057326096 0.734436768751878 0.018938211294320915 0.018564224243164062
0 0.7099220569317157 0.46099552741417515 0.01510913555438702 0.015039884127103366
0 0.28006704037006086 0.6166814657358023 0.01878819098839393 0.018981089958777793
0 0.29692602157592773 0.5287057069631723 0.015302438002366286 0.015224676865797777
0 0.5052756896385779 0.9759958707369291 0.028786145723783053 0.027868124154897835
0 0.5594983467688928 0.2387362260084886 0.014859272883488582 0.01509871849646935
0 0.6706453470083383 0.8430299025315505 0.014459756704477163 0.014717982365534855
0 0.7718869722806491 0.4808682661790114 0.015221522404597355 0.023320784935584433
0 0.41099188877986026 0.7703296954815204 0.021153963529146634 0.021243462195763223
0 0.7370488093449519 0.5168027877807617 0.02431649428147536 0.024197945227989785
0 0.60867034471952 0.01305775000498845 0.019051551818847656 0.0193329591017503
0 0.7310050084040716 0.5054816099313589 0.019554725060096152 0.019201058607835036
0 0.4639145044180063 0.022780840213482197 0.019542107215294473 0.01979047518510085
0 0.6458760041456956 0.5053304525522085 0.01427004887507512 0.0143890380859375
0 0.5162774966313288 0.16031665068406326 0.017447544978215143 0.017228309924785908
0 0.34303995279165417 0.039561959413381725 0.046792250413161054 0.04592746954697829
0 0.41998074604914737 0.876491693349985 0.01471402094914363 0.014423076923076924
0 0.7349214553833008 0.09311432104844314 0.014784152691180889 0.014937767615685096
0 0.7574766599214994 0.9015893202561599 0.021440652700570915 0.021869659423828125
0 0.46927958268385667 0.3986694629375751 0.017493614783653848 0.016980317922738884
0 0.40520073817326474 0.25205401273874134 0.016832645122821514 0.017077519343449518
0 0.6021669094379132 0.036414618675525375 0.015619131234975962 0.015656076944791354
0 0.2635299609257625 0.5764164557823768 0.015104110424335185 0.015171271104079027
0 0.5794254082899827 0.4366460213294396 0.015738560603215143 0.015950129582331732
0 0.6696134713979868 0.925416506253756 0.015061451838566707 0.014939234806941105
0 0.6783551436204177 0.7855069087101862 0.020617851844200723 0.020936232346754808
0 0.44425307787381685 0.027066012987723716 0.017705183762770433 0.01826721429824829
0 0.22786591603205755 0.6792138906625601 0.017629036536583535 0.018123920147235576
0 0.5043827203603891 0.9720962230975811 0.03315397409292368 0.033843994140625
0 0.3703163953927847 0.7396079576932467 0.019670779888446514 0.019536972045898438
0 0.38831886878380406 0.801880616408128 0.016040655282827523 0.016014979435847357
0 0.22972422379713792 0.7188704564021184 0.016149557553804837 0.015987102801983174
0 0.3413108312166654 0.9244189629187951 0.014304821307842549 0.014048356276292067
0 0.4713762723482572 0.04450376217181866 0.01737213134765625 0.017537412735132072
0 0.3583022631131686 0.2530131706824669 0.2490362020639273 0.2658259318425105
0 0.35516878274770886 0.4702764657827524 0.015111042903019832 0.01516129420353816
0 0.5917738034174993 0.5818543434143066 0.02289471259483924 0.023738567645733174
0 0.7684073814978967 0.5320018621591421 0.0169217036320613 0.016512063833383415
0 0.5001354217529297 0.9623576677762545 0.0245663569523738 0.02452820997971755
0 0.34393736032339245 0.9779542776254507 0.01775976327749399 0.01820520254281851
0 0.3304418417123648 0.05233683952918419 0.013678330641526442 0.013536737515376164
0 0.6246845538799579 0.5037977878863995 0.018478980431189902 0.018065746013934795
0 0.7001782197218674 0.38913686458881086 0.014551749596228966 0.014430559598482572
0 0.4187481953547551 0.8909738980806791 0.015545918391301082 0.015581864577073317
0 0.43288671053372896 0.8835051609919622 0.014176735511192909 0.014327122614933895
0 0.4713119360116812 0.06741689718686618 0.01591344980093149 0.01600757012000451
0 0.4627820528470553 0.3180811588580792 0.014154947721041165 0.013634461622971755
0 0.3304357895484337 0.9486471322866586 0.013739512516902043 0.013885498046875
0 0.4611486288217398 0.4993757101205679 0.01615458268385667 0.016168594360351562
0 0.6512263371394231 0.995826427753155 0.015500288743239183 0.008026416485126201
0 0.6672946489774264 0.7668043283315805 0.014070070706881009 0.014258458064152645
0 0.2960086235633263 0.014187368062826304 0.014643449049729567 0.014111564709590031
0 0.3674463858971229 0.4432516098022461 0.016595106858473558 0.016665532038762018
0 0.7023335970365084 0.5118965002206656 0.014524313119741587 0.014549842247596154
0 0.45296316880446214 0.35529474111703724 0.014496289766751803 0.014811442448542668
0 0.5916604262131911 0.5863727789658767 0.018914002638596755 0.018303651076096755
0 0.7178592681884766 0.48091360238882214 0.01596978994516226 0.016428360572228067
0 0.31998751713679385 0.7158935253436749 0.014240705049954928 0.014090904822716346
0 0.5611388866717999 0.9608896695650541 0.01564451364370493 0.015561617337740384
0 0.5927192981426532 0.33086182520939755 0.01458131350003756 0.014508907611553486
0 0.24964343584500825 0.7770811227651743 0.014302327082707332 0.014268141526442308
0 0.714940071105957 0.8363323211669922 0.014835357666015625 0.015091235821063701
0 0.6079778671264648 0.6371329380915716 0.013924378615159255 0.013980865478515625
0 0.7503097240741436 0.524078735938439 0.013422452486478366 0.013342490563025841
0 0.7396144133347732 0.5947808485764724 0.015292534461388221 0.01533038799579327
0 0.5103344183701736 0.0763623255949754 0.01830152364877554 0.01847252478966346
0 0.27707439202528733 0.32054893787090594 0.01758586443387545 0.017787786630483773
0 0.28383511763352615 0.8085809854360727 0.022021366999699518 0.022525200477013223
0 0.53846498636099 0.17497000327477089 0.045340317946213946 0.04565758888538067
0 0.6726235609788161 0.8886694541344275 0.014054225041316105 0.014084742619441105
0 0.5434331527123084 0.03654924035072327 0.014669491694523739 0.014735785814431997
0 0.7034513033353366 0.6446509728064904 0.015979766845703125 0.016378255990835335
0 0.6524629592895508 0.6842911793635442 0.014550282404972957 0.014774175790640024
0 0.41870799431434047 0.8264798384446365 0.014252589299128605 0.014256697434645433
0 0.5013787563030536 0.9649562835693359 0.028986343970665567 0.028308574969951924
0 0.22858190536499023 0.9075308579664964 0.01698607664841872 0.01701531043419471
0 0.7094863744882437 0.6114350098830003 0.01611181405874399 0.015938978928786058
0 0.34113553854135364 0.9759744497445914 0.017820064838115986 0.017911764291616585
0 0.7352865659273587 0.5131248694199783 0.027712308443509616 0.027023682227501504
0 0.352049130659837 0.9431470724252554 0.013969861544095553 0.013711195725661058
0 0.7007582737849309 0.2026989643390362 0.015214773324819712 0.015119039095365085
0 0.67643979879526 0.6588024726280799 0.02708303011380709 0.027724045973557692
0 0.682679323049692 0.42177563447218674 0.014689812293419471 0.014632591834435096
0 0.30702550594623274 0.8170032501220703 0.014166831970214844 0.013983212984525241
0 0.6252247003408579 0.5401974457960862 0.014474868774414062 0.014898006732647236
0 0.5920169903681829 0.5762284352229192 0.018355369567871094 0.017464857835036058
0 0.6766841594989483 0.8582911858191857 0.014520204984224759 0.014525046715369591
0 0.5038681763869065 0.6985801550058218 0.014100294846754808 0.01425479008601262
0 0.7522409879244291 0.5585418114295373 0.014246720534104567 0.014147685124323918
0 0.6447411317091721 0.11446171540480393 0.014508467454176683 0.014641138223501353
0 0.3550258783193735 0.9846307314359225 0.015815294705904447 0.014771241408128005
0 0.32016541407658505 0.9192364032451923 0.013435803926908053 0.013332073505108174
0 0.47679952474740833 0.2563220721024733 0.0143434084378756 0.014878126291128306
0 0.5947904586791992 0.3805919060340294 0.013384305513822116 0.013216165395883413
0 0.6130451422471267 0.8682815111600436 0.01462855705848107 0.01457522465632512
0 0.48333292741041917 0.9017597345205454 0.014106457050030049 0.013999352088341346
0 0.4567874028132512 0.6606200291560247 0.023435005774864785 0.02343163123497596
0 0.2219557945544903 0.9200634589562049 0.011071498577411357 0.014471787672776442
