0 0.020636762563998882 0.11542151524470402 0.03939651984434862 0.03989366384652945
0 0.8752112755408654 0.1945207302386944 0.03021548344538762 0.030716309180626504
0 0.8007560143103967 0.038956669660714954 0.02628605182354267 0.026374979661061212
0 0.8549689512986404 0.7523439113910382 0.03515830406775841 0.03546949533315805
0 0.8573391987727239 0.8678144308236929 0.04456549424391527 0.044412466195913464
0 0.2270796115581806 0.04261241509364201 0.030519375434288613 0.030246221102201022
0 0.5144868997427133 0.7012929182786208 0.02633520273061899 0.026410029484675482
0 0.9037770491379958 0.21274405259352464 0.024434309739332933 0.024573436150184043
0 0.2233870763045091 0.7520028627835788 0.02930938280545748 0.029398257915790264
0 0.1671580167917105 0.7208330447857196 0.019129459674541768 0.019236197838416465
0 0.1353138776925894 0.5446222745455228 0.021531105041503906 0.021415857168344352
0 0.8687287844144381 0.5532365212073693 0.021747295673076924 0.021707828228290264
0 0.5502247443565955 0.6290811391977164 0.021853080162635215 0.02186158987192007
0 0.9053450364332932 0.02945194336084219 0.019202012282151442 0.019297847381004922
0 0.40649868891789365 0.30184109394366926 0.017939054048978366 0.018291950225830078
0 0.4653482070335975 0.5363878103402945 0.019221012408916768 0.019451728233924277
0 0.86407837500939 0.7105802389291617 0.033010629507211536 0.033128591684194714
0 0.8355595515324519 0.8041854271521935 0.024119450495793268 0.023952337411733773
0 0.34940605897169846 0.0768080078638517 0.017923355102539062 0.018210420241722695
0 0.9882395817683294 0.8158952272855319 0.02251610389122596 0.023014655480018027
0 0.6677463971651517 0.0406532883644104 0.01921815138596755 0.019267705770639274
0 0.8739207341120794 0.7789154052734375 0.035631033090444714 0.03624813373272236
0 0.8909759521484375 0.8858462847196139 0.02807030310997596 0.02791316692645733
0 0.06117225610292875 0.17966754619891828 0.021721638165987454 0.02179886744572566
0 0.9878217256986178 0.5927948951721191 0.024105952336237982 0.031487464904785156
0 0.5425269787128155 0.4630745374239408 0.019203039316030648 0.019195043123685397
0 0.33468114412747896 0.4016237258911133 0.019295619084284857 0.01934051513671875
0 0.9274768095750076 0.1489852941953219 0.02394588177020733 0.0238495606642503
0 0.8785696029663086 0.15958450390742376 0.022568922776442308 0.022701336787297174
0 0.9617156248826247 0.20214080810546875 0.01738430903508113 0.01756891837486854
0 0.2427982917198768 0.3250778638399564 0.018091128422663763 0.018277828509990986
0 0.6392816396859976 0.8414886181171124 0.019707606388972357 0.01976350637582632
0 0.5674641682551458 0.6138390761155349 0.020543905404897835 0.020891336294320915
0 0.589788767007681 0.8602729210486779 0.02689508291391226 0.0268856928898738
0 0.8714587871844952 0.8346451979417068 0.02526239248422476 0.025195488562950723
0 0.8929481506347656 0.8197577549861028 0.026311434232271634 0.026192591740534857
0 0.37926116356482875 0.40635189643272984 0.017731446486253005 0.017620966984675482
0 0.9651962426992563 0.8894400229820838 0.016831324650691107 0.016665091881385215
0 0.21096368936391977 0.49814525017371547 0.01683499262883113 0.016754003671499398
0 0.7790115063007061 0.05266237258911133 0.017253288855919473 0.01723058407123272
0 0.8974944628201998 0.7218828934889573 0.01917868394118089 0.019297086275540866
0 0.904389161330003 0.8435576512263372 0.023122347318209134 0.023059258094200723
0 0.8145659520075872 0.8156472719632663 0.02316460242638221 0.023244417630709134
0 0.9753557351919321 0.17838551447941706 0.018832280085637018 0.018877102778508112
0 0.36009979248046875 0.516571778517503 0.016562828650841348 0.016493870661808893
0 0.8801042116605319 0.8024702805739182 0.029926006610576924 0.03002137404221755
0 0.39828131749079776 0.6219451610858624 0.016907912034254808 0.016728878021240234
0 0.9581447748037485 0.9426197638878455 0.02292501009427584 0.02301025390625
0 0.8430951925424429 0.18753304848304161 0.016318688025841348 0.01645066187931941
0 0.8906975526076096 0.8599933477548453 0.023218595064603366 0.023002477792593148
0 0.08368594829852764 0.29636133634127104 0.025922023333035983 0.025971412658691406
0 0.93462951366718 0.7246112823486328 0.016269977276141826 0.016389113206129808
0 0.03608967249210064 0.2718983796926645 0.019555284426762506 0.019600281348595254
0 0.039895360286419206 0.28945141572218674 0.023058010981633112 0.023003578186035156
0 0.9937781554002029 0.7918253678541917 0.01205737774188702 0.033654433030348554
0 0.07439476251602173 0.688472160926232 0.017100178278409518 0.017249180720402643
0 0.8823393308199369 0.1073467364678016 0.01592254638671875 0.015883885897122897
0 0.7720190194936899 0.3698752843416654 0.015992091252253607 0.01581228696382963
0 0.17950138678917518 0.56472870019766 0.015954017639160156 0.01594198667086088
0 0.7170157799353967 0.2059649504148043 0.015473879300631009 0.015503113086407002
0 0.46962635333721453 0.4191580552321214 0.017768126267653245 0.01773408743051382
0 0.8604811888474685 0.16434845557579628 0.017130925105168268 0.017228419964130107
0 0.4506042553828313 0.4182117535517766 0.015677965604341947 0.01548304924598107
0 0.9180818704458383 0.2552051910987267 0.016313699575570915 0.01647663116455078
0 0.02843814629774827 0.8989093487079327 0.016086394970233623 0.01615172166090745
0 0.47661264126117414 0.8759649716890775 0.023638505202073317 0.024105952336237982
0 0.2466441117800199 0.09947612652411827 0.014996932103083683 0.014949266727154072
0 0.8035592299241286 0.11643933332883395 0.014701549823467549 0.01473083862891564
0 0.3934197792640099 0.9466253427358774 0.015713985149676982 0.015814561110276442
0 0.83415464254526 0.8997867290790265 0.020224497868464544 0.019684424767127402
0 0.47154987775362456 0.46947295849139875 0.015415631807767428 0.0155027829683744
0 0.9270330575796274 0.12789097199073204 0.015287252572866587 0.015369305243858924
0 0.8293264829195462 0.3049490268413837 0.0151518308199369 0.01535628392146184
0 0.4340505233177772 0.5147093992966872 0.015836128821739785 0.01584478525015024
0 0.6009118006779597 0.5131481610811673 0.01421048091008113 0.014418968787560096
0 0.1535017306988056 0.3495813516470102 0.015866719759427585 0.015912276047926683
0 0.5469337610098032 0.36686376424936146 0.015832020686222956 0.015747950627253607
0 0.9907700465275691 0.5259585747352014 0.01635888906625601 0.01633761479304387
0 0.820679444533128 0.8833613762488732 0.022799858680138223 0.022427192101111777
0 0.4464366619403546 0.9878962590144231 0.015573061429537259 0.015340951772836538
0 0.8343764085036057 0.8344821929931641 0.022785773644080527 0.022799565241887018
0 0.9614124298095703 0.07341260176438552 0.01494598388671875 0.014977014981783353
0 0.7107766224787786 0.7275097186748798 0.019161517803485576 0.019177950345552884
0 0.9881389324481671 0.5419077506432166 0.016796258779672477 0.01636395087608924
0 0.5531760362478403 0.05897201941563533 0.01450362572303185 0.014620056519141564
0 0.41548919677734375 0.27111031458928037 0.015642166137695312 0.01578983893761268
0 0.8979079906757061 0.48533490987924427 0.015576582688551683 0.01587677001953125
0 0.9777043415949895 0.2281180895291842 0.01575308579664964 0.015884032616248496
0 0.8146071067223182 0.7479272989126352 0.020449271568885215 0.020453819861778848
0 0.8164262771606445 0.9267104955819937 0.02034275348369892 0.020711165208082933
0 0.07697169597332294 0.849002324617826 0.014968670331514798 0.015204943143404447
0 0.8310041427612305 0.09408131012549767 0.014950825617863582 0.014643192291259766
0 0.8576343242938702 0.8176623857938327 0.027090806227463942 0.027068064762995794
0 0.5820477925814115 0.6030531296363244 0.01545546605036809 0.01531982421875
0 0.8151776240422175 0.7629977006178635 0.0178530766413762 0.01831964346078726
0 0.8600905491755559 0.14046888168041521 0.014824793888972355 0.014598442957951473
0 0.9086317649254432 0.06249228349098793 0.015230472271259014 0.01540982723236084
0 0.9344209524301382 0.26959962111253005 0.014039553128756009 0.014125383817232572
0 0.5639627896822416 0.8837429926945612 0.01962456336388221 0.01982278090256911
0 0.31818070778479945 0.2610711684593788 0.0178528565626878 0.017863640418419473
0 0.35231502239520734 0.24050527352553147 0.014740357032189002 0.0146941771874061
0 0.6071949738722581 0.2969369154710036 0.015614582942082332 0.015750554891733024
0 0.7360988763662485 0.9079270729651818 0.015540049626277043 0.01565375694861779
0 0.8137104327862079 0.8684251491840069 0.017514889056865986 0.017573136549729567
0 0.060103618181668796 0.29960140815147984 0.023242803720327523 0.022480157705453727
0 0.6944642433753381 0.8289233721219577 0.01563541705791767 0.015830260056715745
0 0.827700688288762 0.11295223236083984 0.014830956092247596 0.014817494612473708
0 0.1495504195873554 0.13613334068885216 0.014569869408240685 0.01444240716787485
0 0.6807253910945013 0.3636959516085111 0.0153656005859375 0.015179267296424279
0 0.9766310178316556 0.7389892431405874 0.020711752084585335 0.02048463087815505
0 0.5989362276517428 0.8687039888822116 0.025328709528996393 0.0246579096867488
0 0.4255692408635066 0.025342684525709886 0.019184992863581732 0.018629752672635592
0 0.2606984101808988 0.49089996631328875 0.01445755591759315 0.01458432124211238
0 0.40044498443603516 0.04218214750289917 0.021693596473106973 0.02100501610682561
0 0.8442444434532752 0.9153090256911057 0.01824012169471154 0.01831480172964243
0 0.47817156865046573 0.0637272046162532 0.01520068828876202 0.015377356455876278
0 0.5756267767686111 0.700041257418119 0.014524533198429989 0.014412513146033654
0 0.16122904190650353 0.1475726182644184 0.014631564800555889 0.014786848655113807
0 0.6008911499610314 0.8714533585768479 0.023856383103590745 0.0235751225398137
0 0.3244604697594276 0.6242298713097205 0.01454910865196815 0.01436321551983173
0 0.4839360530559833 0.40608354715200573 0.016213637131911058 0.016640149630033053
0 0.8544783959021935 0.9067584551297702 0.017550541804387018 0.018217820387620192
0 0.4046683678260216 0.34412805850689226 0.015014721797062801 0.015415778526893029
0 0.5166742618267353 0.34283634332510143 0.01732914264385517 0.017118527339054987
0 0.9695259974553034 0.11133331518906814 0.013533078707181491 0.013519030350905199
0 0.858828617976262 0.12880367499131423 0.01445770263671875 0.014836861537053036
0 0.6168549611018255 0.5215175335223858 0.0166928217961238 0.016463499802809495
0 0.07179659605026245 0.7948521834153396 0.015445259901193472 0.01569527846116286
0 0.6134536449725811 0.0514747821367704 0.014102642352764424 0.01417215053851788
0 0.43002917216374326 0.2633825448843149 0.01521924825815054 0.015175379239595853
0 0.7215055318979117 0.6327414879432092 0.0136260986328125 0.01383678729717548
0 0.9495654472937951 0.8239935361422025 0.013612013596754808 0.013849551861102764
0 0.822757207430326 0.08275749133183406 0.013408220731295072 0.013616713193746714
0 0.9918283315805289 0.19571986565223107 0.01554577167217548 0.01585806333101713
0 0.6200615075918344 0.038905285871945895 0.014932485727163462 0.014884306834294246
0 0.20878182924710786 0.7319570688100961 0.019905567169189453 0.01972785362830529
0 0.39683209932767427 0.015184028790547298 0.017409544724684495 0.01799799845768855
0 0.36664023766150844 0.17444163102370042 0.014125237098106971 0.014076012831467848
0 0.8234732701228216 0.12357438527620755 0.014112325815054087 0.013952915485088643
0 0.7053758914654071 0.0315955991928394 0.01401534447303185 0.014175740572122427
0 0.5224658525907077 0.41265164888822115 0.014495776249812199 0.014630977924053486
0 0.9040025564340445 0.613167616037222 0.01326458270733173 0.013488329373873197
0 0.3329508854792668 0.47155064802903396 0.014754368708683895 0.014433934138371395
0 0.9586450870220478 0.7155371445875901 0.01705140333909255 0.017281458928034857
0 0.8570676950307993 0.7982061826265775 0.018383319561298076 0.018488957331730768
0 0.826991448035607 0.7203121185302734 0.018296168400691107 0.018439366267277643
0 0.620176755464994 0.14003304334787223 0.013875227708082933 0.013958050654484676
0 0.5792262737567608 0.46189198127159703 0.013474831214317909 0.013275366563063402
0 0.518220094534067 0.769565435556265 0.01383223900428185 0.013724400446965145
0 0.9664764404296875 0.7278550954965445 0.016389993520883415 0.017369490403395433
0 0.3892649870652419 0.3817619177011343 0.013655295738807091 0.013705913837139424
0 0.9115455334003155 0.15752278841458833 0.014171893780048076 0.014765079204852764
0 0.47642876551701474 0.3945168348459097 0.014949211707481971 0.014568622295673076
0 0.4787694490872897 0.4024526522709773 0.02378713167630709 0.023025072537935697
0 0.4747632833627554 0.3971727811373197 0.01728028517503005 0.017371104313777044
0 0.32344377957857573 0.8672434733464167 0.014245253342848558 0.014029869666466346
0 0.6159259355985202 0.5980196732741135 0.01454925537109375 0.014479123629056491
0 0.12613283670865572 0.17167608554546648 0.013976683983435998 0.014249361478365384
0 0.5047979354858398 0.5142400448138897 0.01592107919546274 0.015973457923302285
0 0.3978926952068622 0.01864074170589447 0.01772315685565655 0.016841569772133462
0 0.47576009310208833 0.4006666403550368 0.024420664860652044 0.023111710181603067
0 0.3368281584519606 0.45419095112727237 0.014251708984375 0.01447905026949369
0 0.24509387749892014 0.4255682871891902 0.015696195455697868 0.015606146592360277
0 0.8164116786076472 0.8000889558058518 0.014747913067157451 0.015181761521559495
0 0.8965848776010367 0.0790031047967764 0.014095159677358774 0.014195588918832632
0 0.7951960196861854 0.8441021259014423 0.013757999126727764 0.013564183161808895
0 0.8308827326847956 0.870823493370643 0.014270782470703125 0.014206519493689904
0 0.05806247087625357 0.2846073737511268 0.019506546167226937 0.019165185781625602
