0 0.5546273451585036 0.9472779494065505 0.11514076819786659 0.1044156001164363
0 0.8083695631760818 0.12799027332892784 0.027984619140625 0.028074136147132285
0 0.781735346867488 0.07176543657596295 0.02231597900390625 0.02232831258040208
0 0.7408906496488131 0.03158286443123451 0.025932898888221152 0.026158938041100137
0 0.6860722028292142 0.03192561635604271 0.0350042489858774 0.0349853543134836
0 0.6303634643554688 0.1432685118455153 0.027103130634014424 0.02706175584059495
0 0.23936532093928412 0.1286784135378324 0.04145673605111929 0.041211715111365683
0 0.6809241955096905 0.1758551964393029 0.025806720440204326 0.02601029322697566
0 0.2720470611865704 0.44373416900634766 0.019902706146240234 0.01981955308180589
0 0.21016905857966497 0.4072132844191331 0.037862264193021335 0.037591787484975964
0 0.6093226946317233 0.2619480353135329 0.0328675783597506 0.0326230709369366
0 0.19042491912841797 0.42900254176213193 0.04369831085205078 0.043430181650015026
0 0.4037191684429462 0.2099162798661452 0.04936717106745793 0.050119179945725664
0 0.2703989835885855 0.5238613715538611 0.018407088059645433 0.01845125051645132
0 0.3120170739980844 0.2541270622840294 0.026166310677161582 0.0260466795701247
0 0.47360871388362 0.14692762264838585 0.07108174837552585 0.0723730417398306
0 0.6446521465594952 0.4421220926138071 0.019350492037259616 0.019507188063401442
0 0.49034324059119594 0.38488553120539737 0.030013011052058294 0.030333959139310397
0 0.3785697863652156 0.18933729025033805 0.04526952596811148 0.04518618950477013
0 0.43773599771352917 0.3510511838472806 0.018367767333984375 0.018633035513070915
0 0.7612722837007962 0.447385494525616 0.015944554255558893 0.015854028555063102
0 0.7960596818190354 0.016032269367804892 0.03126716613769531 0.030125526281503532
0 0.7029521648700421 0.18119296660790077 0.018712997436523438 0.01871772912832407
0 0.7085310862614558 0.4475421905517578 0.024393668541541465 0.024472383352426384
0 0.7826939362746018 0.28253940435556263 0.027928719153771035 0.027882796067457933
0 0.8350006983830378 0.06634200536287747 0.018318909865159255 0.018308694546039287
0 0.4874259508573092 0.4023568813617413 0.016807922950157754 0.016579261192908652
0 0.7025368030254657 0.8855764682476337 0.01716745816744291 0.017149705153245192
0 0.4344471051142766 0.36751688443697417 0.015424581674429087 0.015816761897160456
0 0.834231816805326 0.026144600831545316 0.02484923142653245 0.024718513855567344
0 0.5255330159113958 0.1331160068511963 0.04502523862398588 0.0452276743375338
0 0.5314237521244929 0.19780371739314154 0.042455086341271035 0.04224586486816406
0 0.344666994535006 0.21766899182246283 0.03416530902569111 0.03392652364877554
0 0.2174517558171199 0.3595088078425481 0.05198515378511869 0.05267407343937801
0 0.364506354698768 0.038892195774958685 0.03317891634427584 0.0335751473903656
0 0.8281195713923528 0.05168377894621629 0.016508836012620192 0.01679078432229849
0 0.16477460127610427 0.48107598378108096 0.07161227556375357 0.07115019284761868
0 0.16154223221998948 0.2801242241492638 0.03701092646672176 0.037457796243520886
0 0.5449897325955905 0.06557161074418288 0.022943936861478366 0.02254770352290227
0 0.18330165056081918 0.1833155888777513 0.03638175817636343 0.035542744856614336
0 0.5198688507080078 0.8652411240797776 0.019478284395658053 0.019766587477463942
0 0.3633766174316406 0.24072944200955904 0.04702560718242939 0.04799798818734976
0 0.3822630368746244 0.057974631969745345 0.020367255577674277 0.02074879866379958
0 0.1411595344543457 0.18462133407592773 0.031412784869854264 0.043680631197415866
0 0.585426403925969 0.16207335545466497 0.03174392993633564 0.031235401447002705
0 0.7839012145996094 0.16009066655085638 0.018535907451923076 0.0185475074327909
0 0.5735560563894418 0.08978431041424091 0.02058109870323768 0.020761966705322266
0 0.339047541985145 0.15850012118999773 0.02335056891808143 0.0234145476267888
0 0.2769808035630446 0.01370145265872662 0.032267827254075274 0.025907296400803786
0 0.19816152866070086 0.278416083409236 0.01807557619535006 0.01802965310903696
0 0.3761614285982572 0.0117351240836657 0.0326695808997521 0.022189532334987935
0 0.1390251379746657 0.1571060694181002 0.02565919435941256 0.026118122614347018
0 0.5462393393883338 0.036160831268017106 0.03764504652756911 0.03732595076927772
0 0.5892527286822979 0.21152422978327826 0.022718356205866888 0.023181621844951924
0 0.621363273033729 0.052478212576646074 0.029465748713566706 0.03013178935417762
0 0.5984448286203238 0.2280854078439566 0.02759126516488882 0.027504700880784255
0 0.45290583830613357 0.07397132194959201 0.04293052966778095 0.04171528266026424
0 0.46436148423414964 0.8264617919921875 0.015491192157451924 0.015736213097205527
0 0.7497149247389573 0.08814567785996658 0.017444317157451924 0.017075740374051608
0 0.7867108858548678 0.1619862409738394 0.018561436579777643 0.018677748166597806
0 0.6494490550114558 0.8837566375732422 0.0163726806640625 0.01664000291090745
0 0.6417607527512771 0.10902278239910419 0.01900144723745493 0.019016082470233623
0 0.674498411325308 0.06842287687154916 0.017031009380634014 0.01702290314894456
0 0.3335741850046011 0.33197351602407604 0.016099049494816706 0.016269683837890625
0 0.6110266905564529 0.09302990253155048 0.028516475970928486 0.027915367713341348
0 0.4161555583660419 0.23712341602032 0.04021541888897236 0.03987418688260592
0 0.5232868928175706 0.08206646259014423 0.015420326819786659 0.01541889630831205
0 0.39980939718393177 0.06674845402057354 0.021754044752854567 0.021669571216289815
0 0.6470235677865835 0.20878703777606672 0.02948452876164363 0.028751886807955228
0 0.22704170300410345 0.284891440318181 0.03935733208289513 0.04030172641460712
0 0.43826594719519985 0.058440951200631946 0.022914886474609375 0.022933134665855996
0 0.6669078973623422 0.11705181231865516 0.01617578359750601 0.016653097592867337
0 0.5261447979853704 0.5853082216702975 0.013802161583533654 0.013872366685133714
0 0.13187729395352876 0.6484844501201923 0.02034759521484375 0.021399277907151442
0 0.2575151003324069 0.03060055925295903 0.0243985836322491 0.024538072255941536
0 0.19949874511131874 0.1028382869867178 0.018353975736177884 0.018459668526282676
0 0.7320336561936599 0.18525965397174543 0.01699036818284255 0.016943821540245645
0 0.2628331917982835 0.5413892085735614 0.014802786020132212 0.014736102177546574
0 0.5624146461486816 0.11812944595630352 0.016248336205115683 0.016060664103581354
0 0.2620845207801232 0.10529721700228177 0.014850286337045522 0.015042671790489784
0 0.27385421899648815 0.11160536912771371 0.030736336341271035 0.030194686009333685
0 0.2173155821286715 0.19158064402066743 0.029198096348689154 0.028641920823317308
0 0.6502863077016977 0.1456292225764348 0.01584009023813101 0.016253031217134915
0 0.5073095835172213 0.10690143475165734 0.02916262700007512 0.02938679548410269
0 0.16135536707364595 0.6018895369309646 0.013664759122408353 0.013688307542067308
0 0.17442732590895432 0.1636491188636193 0.022433134225698616 0.022199153900146484
0 0.2889043367826022 0.17339346959040716 0.028886795043945312 0.02894761012150691
0 0.3988456726074219 0.0799569350022536 0.038949232835036054 0.03973920070208036
0 0.2808019197904147 0.019599440006109383 0.029140178973858174 0.02841858221934392
0 0.43306537774892956 0.5047638966487005 0.019379102266751803 0.019561107342059795
0 0.17607707243699294 0.2577609649071327 0.02449769240159255 0.024736697857196514
0 0.7140547679020808 0.5019093293410081 0.016057381263146035 0.01622625497671274
0 0.6071054385258601 0.11768509791447566 0.021985347454364482 0.02210536369910607
0 0.4742306929368239 0.021557906499275796 0.03018525930551382 0.029706097566164456
0 0.3946903668917142 0.08964208456186148 0.025501838097205527 0.025920996299156777
0 0.6614743746243991 0.08995813589829665 0.030186286339393027 0.0300708871621352
0 0.6711214505709134 0.24792843598585862 0.06108357356144832 0.060183231647198014
