0 0.15156749578622672 0.39563355079064 0.20279235106248122 0.19991551912747896
0 0.19083547592163086 0.5580723102276142 0.08220038047203651 0.08227905860314003
0 0.45442702220036435 0.3263674515944261 0.0639634499183068 0.06464290618896484
0 0.6125956315260667 0.15566013409541204 0.03858199486365685 0.03847800768338717
0 0.9515364720271184 0.5183563232421875 0.030193035419170674 0.03027959970327524
0 0.9527677389291617 0.7003147418682392 0.03915962806114784 0.04112566434420072
0 0.10335969924926758 0.7481175936185397 0.034669729379507214 0.03464596088115986
0 0.8348680642934946 0.439176816206712 0.03095098642202524 0.03085921360896184
0 0.3059749970069298 0.27312629039470965 0.03192586165208083 0.03185495963463417
0 0.5880805529080905 0.9840310170100286 0.030748514028695915 0.027451295119065505
0 0.7492081568791316 0.25777303255521333 0.03944866473858173 0.03921824235182542
0 0.9106828249417819 0.31632636143611026 0.023467430701622598 0.023451878474308893
0 0.3771063731266902 0.9804386725792518 0.030925750732421875 0.030469600970928486
0 0.4086039616511418 0.9809725834773138 0.031846193166879505 0.031431931715745196
0 0.8364174916194036 0.9674273270827073 0.027458044198843148 0.027409480168269232
0 0.506559995504526 0.7642750373253455 0.027987260084885817 0.028200589693509616
0 0.8368732745830829 0.23613623472360465 0.028462043175330527 0.028433909782996543
0 0.9424529442420373 0.30898013481727016 0.024027164165790264 0.02426741673396184
0 0.5417867807241586 0.9431191957913913 0.027379989624023438 0.027438823993389424
0 0.14695492157569298 0.12066250581007737 0.02434880916888897 0.024372100830078125
0 0.6460181016188401 0.9568365537203275 0.022617926964393027 0.022662236140324518
0 0.8647088270920974 0.9430988018329327 0.020494901216947116 0.020582932692307692
0 0.8207429739145132 0.7452000838059646 0.023858290452223558 0.024001488318810098
0 0.11078748336205116 0.10918010198152982 0.02089669154240535 0.020909859583928034
0 0.13205823531517616 0.34050816756028396 0.01919265893789438 0.019204359788161058
0 0.3554077515235314 0.08133616814246544 0.01983752617469201 0.01949860957952646
0 0.8160664485051081 0.33532080283531773 0.018846951998197116 0.018670008732722357
0 0.3014077406663161 0.4056987762451172 0.127686647268442 0.12762612562913161
0 0.044873604407677285 0.6080122727614182 0.018069489644123957 0.017863933856670674
0 0.468261902148907 0.6063868816082294 0.020123408390925482 0.019862028268667366
0 0.8586056049053485 0.2192990596477802 0.03434958824744591 0.03441421802227314
0 0.8978822414691632 0.40721526512732875 0.02024415823129507 0.020311942467322715
0 0.8843103555532602 0.06935633145845853 0.052645169771634616 0.05265421133774977
0 0.3641675802377554 0.4192369901216947 0.20784772359407866 0.2008801973783053
0 0.27452956713162935 0.6027071292583759 0.018149522634652946 0.01834561274601863
0 0.7585297364455003 0.475710025200477 0.019927391639122598 0.019702617938701924
0 0.491913575392503 0.9831730769230769 0.03782103611872746 0.029537787804236777
0 0.5133455349848821 0.9438692973210261 0.03255000481238732 0.03191155653733473
0 0.521506823026217 0.1312043391741239 0.027150594271146335 0.02697023978600135
0 0.3726206559401292 0.343842286330003 0.018666560833270732 0.018680572509765625
0 0.9635188762958233 0.06953118397639348 0.02131960942195012 0.027868876090416543
0 0.6769441457895132 0.9745280926044171 0.01832727285531851 0.018501868614783652
0 0.6111936569213867 0.9526794140155499 0.023388202373798076 0.023342426006610576
0 0.5180233441866361 0.9695984033437876 0.03968605628380409 0.03886604309082031
0 0.6474980574387771 0.8583881671612079 0.017588395338792067 0.017571375920222357
0 0.12629940876593956 0.5807357934805063 0.037524865223811224 0.03756259037898137
0 0.04969484989459698 0.24476062334500825 0.018937147580660306 0.018647120549128607
0 0.7783094552847055 0.9205037630521334 0.020378699669471152 0.020458514873798076
0 0.1925815802354079 0.3787590173574594 0.018276508037860576 0.018314361572265625
0 0.4835958480834961 0.12489056587219238 0.019588763897235576 0.019800956432635967
0 0.8038404904879056 0.9012640439547025 0.032044630784254804 0.03204961923452524
0 0.3402552971473107 0.7434391608605018 0.028373204744779147 0.028162736159104567
0 0.8314184042123648 0.10516133675208458 0.021371988149789665 0.02145521457378681
0 0.5409900958721454 0.04931316008934608 0.1073138897235577 0.09413543114295372
0 0.8830550267146184 0.18477410536545974 0.025789994459885817 0.02583489051231971
0 0.07014623972085807 0.9839008771456205 0.018157958984375 0.018523289607121393
0 0.29706522134634167 0.4967200939471905 0.038688366229717545 0.03867120009202223
0 0.9546734736515925 0.4648771286010742 0.016625037560096152 0.016762366661658652
0 0.09549735142634465 0.21879045779888445 0.016418603750375602 0.016260367173414964
0 0.6107452832735502 0.6853323716383714 0.023097698505108174 0.02301788330078125
0 0.955714592566857 0.23586555627676156 0.03629860511192909 0.04975124505849985
0 0.14712445552532488 0.7568009449885442 0.01768633035513071 0.017945069533128005
0 0.27527244274432844 0.19209779225862944 0.016640956585223857 0.01691605494572566
0 0.5484245006854718 0.29287052154541016 0.021982192993164062 0.022124730623685397
0 0.6102220461918757 0.12584174596346343 0.15721680567814753 0.15765751325167143
0 0.24542969923753005 0.17672645128690279 0.01563431666447566 0.015624926640437199
0 0.3383322495680589 0.23775144723745492 0.01725930434006911 0.01714479006253756
0 0.2708167296189528 0.3285858447735126 0.01557174095740685 0.015720660869891826
0 0.8932074033297025 0.9900012383094201 0.022418388953575723 0.016112694373497598
0 0.7162014887883112 0.7583924807035006 0.01938042273888221 0.019464932955228366
0 0.708804203913762 0.4437066958500789 0.03414564866286058 0.03448647719163161
0 0.535998637859638 0.827762090242826 0.016086431650015023 0.016143211951622598
0 0.9196946070744441 0.42247302715594953 0.015779641958383415 0.015810012817382812
0 0.8302771494938777 0.6772750707773062 0.16139793395996094 0.1629202916071965
0 0.8157811531653771 0.1416934086726262 0.023602999173677884 0.023670746729924128
0 0.6199473601121169 0.935307135948768 0.01511397728553185 0.015391129713792067
0 0.5734823667086087 0.6072708276601938 0.015873835637019232 0.015790939331054688
0 0.2803085767305814 0.8398529933049128 0.01583099365234375 0.016016299907977764
0 0.6961021423339844 0.9624421046330378 0.023720961350661058 0.02387516315166767
0 0.7914364154522235 0.8787212371826172 0.02986937302809495 0.029362898606520433
0 0.9661706044123723 0.3476428252000075 0.012809459979717549 0.01986239506648137
0 0.5597840089064378 0.5146249257601224 0.020638245802659255 0.02077205364520733
0 0.8927609370304987 0.381650447845459 0.015330681434044471 0.015170684227576623
0 0.6531727864192083 0.6779185075026292 0.014973860520582933 0.014984130859375
0 0.5959104024446927 0.8150458702674279 0.01665775592510517 0.016501500056340143
0 0.1874692256634052 0.3050659253047063 0.024808957026554987 0.024403865520770732
0 0.07303628554710975 0.7860572521503155 0.015164522024301382 0.015256734994741587
0 0.6159957005427434 0.971234761751615 0.019467720618614785 0.01912821256197416
0 0.2922687347118671 0.22751896197979266 0.01517625955434946 0.015288499685434194
0 0.18969603685232309 0.07225388746995193 0.021458222315861628 0.021334519753089316
0 0.04885104986337515 0.9286082341120794 0.015861364511343148 0.015926654522235576
0 0.15930942388681266 0.8317809471717248 0.014713865060072679 0.014774615948016826
0 0.6792201995849609 0.737515009366549 0.021341470571664665 0.02126033489520733
0 0.8593298105093149 0.39908676881056565 0.015092409574068509 0.014974300677959736
0 0.7435492002047025 0.014609394165185781 0.026903299184945915 0.02628903205578144
0 0.45374026665320766 0.9740606454702524 0.018526223989633415 0.018420292780949518
0 0.9084377288818359 0.8918156257042518 0.015603579007662259 0.015573354867788462
0 0.30329080728384167 0.7033874071561373 0.01617431640625 0.015897750854492188
0 0.32755807729867786 0.1804070105919471 0.015806124760554388 0.01593171633206881
0 0.29129844445448655 0.17702084321242112 0.015826041881854717 0.016130887545072116
0 0.43497540400578427 0.9745068916907678 0.019425025353064902 0.019255418043870192
0 0.1967781690450815 0.9886402717003455 0.01496124267578125 0.014563046968900241
0 0.8224662634042593 0.7093247633713943 0.01573944091796875 0.015556922325721154
0 0.7143366887019231 0.928043952355018 0.016090979942908652 0.015997813298152044
0 0.6175625874445989 0.7581725487342248 0.04255338815542368 0.04398962167593149
0 0.6254295202401968 0.528670861170842 0.025952559251051683 0.025935539832481973
0 0.654789557823768 0.06858121890288132 0.044590143057016224 0.04479007537548359
0 0.8977932563194861 0.3371457319993239 0.017840018639197715 0.01779482914851262
0 0.7789068955641526 0.8978014725905198 0.018506270188551683 0.018538254957932692
0 0.09353373600886418 0.12603877140925482 0.015525304354154147 0.01529521208543044
0 0.7896916316105769 0.993128409752479 0.02893976064828726 0.012675065260667067
0 0.48008254858163685 0.444065680870643 0.016196837792029746 0.016158250661996696
0 0.7476353278526893 0.7992246334369366 0.015402280367337741 0.015337723952073317
0 0.7683074657733624 0.4021794245793269 0.01701046870304988 0.016930800217848558
0 0.8021028958834134 0.07124329071778518 0.01859430166391226 0.018537108714763936
0 0.8242618854229267 0.909019763653095 0.028829134427584134 0.0293270991398738
0 0.1070386079641489 0.5135660171508789 0.018644993121807393 0.018703167255108174
0 0.19286753581120417 0.052826216587653525 0.014915979825533353 0.015016959263728214
0 0.9654470590444711 0.33690797365628755 0.013845590444711538 0.014869029705341045
0 0.08384534028860238 0.09984004497528076 0.01430746683707604 0.014216991571279673
0 0.6954105083759015 0.9176863156832181 0.016444279597355768 0.016559307391826924
0 0.0807859805914072 0.47582483291625977 0.017563141309298 0.017859532282902643
0 0.943384757408729 0.4525636893052321 0.017575777493990384 0.01760710202730619
0 0.9399791130652795 0.7879001910869892 0.014355292687049279 0.014431293194110576
0 0.18543764261099008 0.6432823768028846 0.03459328871506911 0.03494526789738582
0 0.7333890474759616 0.46892279845017654 0.015102973351111779 0.01511067610520583
0 0.7275064908541166 0.9934538327730619 0.01734777597280649 0.011491628793569712
0 0.5939858509944036 0.9656851841853216 0.020009701068584736 0.020655998816856973
0 0.7590936514047476 0.6028301532451923 0.07932574932391827 0.07636613112229568
0 0.8976627496572641 0.9120689538808969 0.01712945791391226 0.01748510507436899
0 0.37761834951547474 0.5551718198336087 0.09345597487229568 0.09135216933030349
0 0.04247531982568594 0.3824580999521109 0.02294618349808913 0.02301172109750601
0 0.8178171011117789 0.8497870518611028 0.01605679438664363 0.016309298001802884
0 0.8739279233492337 0.33020657759446365 0.013802161583533654 0.013991282536433293
0 0.22351695941044733 0.6173554200392503 0.031404348520132214 0.031960560725285456
0 0.934064351595365 0.16325840583214393 0.015267005333533654 0.015130996704101562
0 0.18135756712693435 0.0897730955710778 0.015382766723632812 0.015814469410822943
0 0.818580334003155 0.9866626446063702 0.018070514385516826 0.018199040339543268
0 0.244263795705942 0.5209286029522235 0.034679559560922474 0.03564115671011118
0 0.8840025388277494 0.39936967996450573 0.01405803973858173 0.014146658090444712
0 0.17110050641573393 0.7489286569448618 0.014951632573054386 0.014913999117337741
0 0.20288727833674505 0.6308124248798077 0.040611560528094955 0.04145691945002629
0 0.22019353279700646 0.6200264417208158 0.03926761333759014 0.039701021634615384
0 0.33093951298640323 0.7545877603384165 0.02008188687838041 0.020420661339393027
0 0.5245651098398062 0.4682435989379883 0.06363531259390023 0.0636439690223107
0 0.59247009570782 0.9646859535804162 0.024380317101111777 0.0243988037109375
0 0.9573858701265775 0.29694527846116286 0.0191800044133113 0.019482759328988884
0 0.7014940701998197 0.7357807159423828 0.016404371995192308 0.01683220496544471
0 0.702724970304049 0.9015155205359826 0.015792259803185098 0.01624122032752404
0 0.045566714726961575 0.7865113478440505 0.016106846240850594 0.016306510338416465
0 0.05768495798110962 0.6416436708890475 0.019129193746126615 0.018984574538010817
0 0.26560460604154146 0.6944409150343674 0.015219981853778545 0.015238101665790264
0 0.1648400746859037 0.05596537314928495 0.014905342688927284 0.014655480018028846
0 0.892917119539701 0.7877185528094952 0.013968981229341947 0.014079460730919471
0 0.2151959859407865 0.6220792623666617 0.04916697282057542 0.04613080391517052
0 0.6483725034273587 0.9087200164794922 0.014809241661658654 0.014782538780799279
0 0.19486698737511268 0.635132569533128 0.03851318359375 0.0379022451547476
0 0.17986172896165115 0.6463708143967849 0.033931805537297174 0.03318698589618389
0 0.6278266906738281 0.03193500408759484 0.017548781174879808 0.017618243510906514
0 0.6372589698204627 0.1375114367558406 0.034263317401592545 0.033025888296274036
0 0.2718930978041429 0.04244186328007625 0.014624228844275841 0.014738121858009925
0 0.5271070920504056 0.9887619018554688 0.029585618239182692 0.019427079420823317
0 0.16271042823791504 0.6624745589036208 0.02142634758582482 0.020865220289963942
0 0.9424368784977839 0.2774518086360051 0.01970496544471154 0.02019082582913912
0 0.24410090079674354 0.266722899216872 0.017221890963040866 0.017059179452749398
0 0.2083416902101957 0.6268145487858698 0.046732572408822864 0.0441442636343149
0 0.9345726600060096 0.2251595900608943 0.023549446692833535 0.023641329545241136
0 0.08987918266883263 0.5753396841195914 0.016932139029869668 0.017713253314678486
0 0.2432706539447491 0.990021485548753 0.014464598435621995 0.014207106370192308
0 0.8193692427415115 0.9078521728515625 0.039151558509239785 0.03731756943922777
0 0.6326098808875451 0.7544963543231671 0.040329309610220104 0.04009569608248197
0 0.47020992865929234 0.03861890847866352 0.040803689223069414 0.04058947012974666
0 0.4921121230492225 0.012162314011500431 0.015717799846942607 0.016214237763331488
0 0.09987697234520546 0.18677014570969802 0.020966823284442607 0.021389521085298978
0 0.10989201068878174 0.23534114544208234 0.016953358283409707 0.01709145766038161
0 0.08680192323831412 0.17457683269794172 0.013958894289456882 0.013893640958345853
0 0.07162531981101403 0.19159195973322943 0.03607560121096098 0.03623889042780949
0 0.14729150441976693 0.3353294592637282 0.01822689863351675 0.01822038797231821
0 0.8695825430063101 0.4832467299241286 0.013735551100510817 0.013632994431715745
0 0.07366916766533485 0.6117269809429462 0.013764142990112305 0.013901490431565505
0 0.808951891385592 0.9697187863863431 0.014857658973106971 0.014711526724008413
