0 0.747921870304988 0.6533799538245568 0.029560969426081732 0.02966910142164964
0 0.8675096218402569 0.06910864206460807 0.024311065673828125 0.024335255989661582
0 0.5173680965717022 0.9187550177940955 0.021360397338867188 0.021083831787109375
0 0.517577758202186 0.8479681748610276 0.025016344510591947 0.02500005868765024
0 0.4330914570735051 0.11237814793219933 0.02341299790602464 0.02349719634422889
0 0.4399394989013672 0.8173339550311749 0.02421085651104267 0.024559167715219352
0 0.5047371204082782 0.20343835537250227 0.01807124798114483 0.017985417292668268
0 0.020518279992617093 0.8888130921583909 0.019527160204373874 0.019452755267803486
0 0.8345490969144381 0.23658033517690805 0.023430750920222357 0.023360325739933893
0 0.2119286977327787 0.04321458706488976 0.0239714842576247 0.023760172036977913
0 0.20849862465491661 0.6586856842041016 0.02018888180072491 0.020106095534104567
0 0.13793088839604303 0.11845075167142428 0.01593578778780424 0.01595174349271334
0 0.896662712097168 0.4606117835411659 0.018173951369065505 0.0181884765625
0 0.06460686371876644 0.6790166267981896 0.016890489138089694 0.016872112567608174
0 0.6274896768423227 0.18022693120516264 0.021663519052358773 0.02167991491464468
0 0.1433701331798847 0.26511428906367374 0.016068458557128906 0.01604314950796274
0 0.9404902824988732 0.5469276721660907 0.01728087205153245 0.017440062302809495
0 0.05594755136049711 0.9106258979210486 0.017368316650390625 0.01735863318810096
0 0.016215784045366142 0.4860423161433293 0.016252341178747323 0.016365564786470853
0 0.11192176892207219 0.007112521391648512 0.01621732344994178 0.013355823663564829
0 0.8087112720196064 0.3929020808293269 0.015121166522686299 0.015269059401292067
0 0.9440705226017878 0.15764570236206055 0.01709894033578726 0.01704077537243183
0 0.11334515534914456 0.6367602715125451 0.014984901134784404 0.014890524057241587
0 0.14127370027395394 0.7422860218928411 0.015845115368182842 0.015910808856670674
0 0.4761470647958609 0.5145463209885818 0.014442003690279447 0.014437161959134616
0 0.8225448314960186 0.1305242501772367 0.015146989088792067 0.01514889643742488
0 0.38221351916973406 0.09491860866546631 0.0149687253511869 0.014933421061589168
0 0.5341534614562988 0.9596280318040115 0.015703714810884915 0.015799889197716348
0 0.010860266593786387 0.026502444193913385 0.01690544531895564 0.016939695064838115
0 0.7204955907968374 0.9330001244178185 0.01539919926570012 0.015551346998948317
0 0.4412745695847731 0.6604108076829177 0.015134077805739183 0.015008339515099159
0 0.2039783000946045 0.6816833202655499 0.015338274148794321 0.015212425818810096
0 0.28392916459303635 0.7494329305795523 0.013896722059983473 0.014084302462064303
0 0.16749963393578163 0.6297343327448919 0.0162814213679387 0.016196617713341348
0 0.1632389472081111 0.5936752099257249 0.014591400439922627 0.014534876896784855
0 0.4146272219144381 0.3358434530404898 0.01671629685621995 0.016543461726262018
0 0.2356724005479079 0.9900495089017428 0.015297376192533053 0.014940701998197116
0 0.555661678314209 0.6722484001746545 0.016482720008263223 0.016228602482722357
0 0.27767080527085525 0.6371273627647986 0.013988421513484074 0.013993189885066105
0 0.5365944642287034 0.06889062661391038 0.014102348914513221 0.014118066200843224
0 0.3522671919602614 0.3535905984731821 0.015708776620718148 0.01605224609375
0 0.12727559529818022 0.7633485060471755 0.014968101794903096 0.014967698317307692
0 0.2375028316791241 0.8687055294330304 0.014198743380033053 0.014278705303485576
0 0.9585954225980319 0.5239495864281287 0.014777843768780049 0.014635966374323918
0 0.5879280750568097 0.7911181083092322 0.01459195063664363 0.01475055401141827
0 0.19116548391488883 0.66266602736253 0.015185796297513522 0.015288132887620192
0 0.8697173778827374 0.4455876717200646 0.01399700458233173 0.014179596534142127
0 0.0867991722547091 0.9260356609637921 0.014066182650052585 0.014330643873948317
0 0.9937522594745343 0.03980428438920241 0.012279217059795674 0.014529285522607656
