0 0.4042100172776442 0.2647534517141489 0.029007691603440505 0.028787502875694863
0 0.5093059539794922 0.3396006364088792 0.02580848106971154 0.02580114511343149
0 0.33516377669114333 0.2543940360729511 0.030646690955528848 0.030153311215914212
0 0.5828072474553034 0.8112445978017954 0.031237308795635518 0.03079355680025541
0 0.6183273608867939 0.6980728736290565 0.02512157880342924 0.025093958928034857
0 0.4453155811016376 0.6801388080303485 0.02047142615685096 0.02050165029672476
0 0.3961926973783053 0.08968529334435096 0.01883389399601863 0.01893190237192007
0 0.35637844525850737 0.9475458585298978 0.019979550288273737 0.019630285409780648
0 0.36010419405423677 0.48517689338097203 0.02453950735238882 0.024740072397085335
0 0.3295749884385329 0.7118280850923978 0.019249989436222956 0.01960416940542368
0 0.428954527928279 0.06433771206782414 0.01579871544471154 0.015742136881901667
0 0.5906306046705979 0.41606939755953276 0.04608359703650841 0.04576595012958233
0 0.3836929981525128 0.2023150003873385 0.01715711446908804 0.017125569857083835
0 0.5685194455660306 0.17961815687326285 0.015936778141902044 0.015918951768141527
0 0.34004629575289214 0.1941072207230788 0.016028184157151442 0.015973531282865085
0 0.3910956382751465 0.6826980297382061 0.01687137897198017 0.0170590327336238
0 0.35140257615309495 0.542635624225323 0.01631619380070613 0.016476997962364785
0 0.6900354532095102 0.7253192021296575 0.019829676701472357 0.019842001108022835
0 0.5512999754685622 0.7958839856661283 0.017976100628192607 0.018004344059870794
0 0.3242607116699219 0.2168244215158316 0.015371175912710337 0.015715525700495794
0 0.3109196149385892 0.38531002631554234 0.016148127042330228 0.01639388157771184
0 0.3395840571476863 0.8128117047823392 0.01579710153432993 0.016020994919996995
0 0.4196621087881235 0.14419747315920317 0.023236494797926683 0.02321787980886606
0 0.6594411409818209 0.6420621138352615 0.02066494868351863 0.02077645521897536
0 0.4029429509089543 0.29979599439180815 0.01668086418738732 0.016450148362379808
0 0.6755189162034255 0.861509763277494 0.0506280752328726 0.05096905048076923
0 0.6064309340256911 0.6016953541682317 0.01935239938589243 0.019205753619854268
0 0.3453338329608624 0.07208035083917472 0.01778866694523738 0.017553026859576885
0 0.6802366696871244 0.7116025777963492 0.018726348876953125 0.01871461134690505
0 0.34324458929208607 0.8549397541926458 0.1062002915602464 0.13329931405874398
0 0.6905221939086914 0.4221651737506573 0.029621417705829326 0.03020792741041917
0 0.5695257920485276 0.2620077133178711 0.015421573932354268 0.015583185049203726
0 0.5542233540461614 0.610099352323092 0.015254680926983174 0.015290480393629808
0 0.4091145442082332 0.006648886662263136 0.017299358661358174 0.012430704556978665
0 0.3420410889845628 0.11298181460453914 0.01523421360896184 0.015424838432898888
0 0.4274701705345741 0.27242319400493914 0.015710977407602165 0.01593505419217623
0 0.4022468420175406 0.4151564378004808 0.016288904043344352 0.016122964712289665
0 0.46280648158146787 0.8994049659142127 0.015940446120042067 0.015792259803185098
0 0.6630360529972956 0.6613153310922476 0.01607542771559495 0.016252517700195312
0 0.33261574231661284 0.713072263277494 0.021217492910531852 0.020592909592848558
0 0.34042670176579404 0.7169298025277945 0.018076456510103665 0.018748650184044473
