0 0.4036439015315129 0.9315679256732647 0.03606062669020433 0.03600634061373197
0 0.8581990462083083 0.35327764657827526 0.06528296837439904 0.08892873617318961
0 0.3656691037691556 0.24726522885836089 0.07346314650315505 0.07323837280273438
0 0.7342944512000451 0.6734162110548753 0.03208483182466947 0.032245489267202526
0 0.5382801202627329 0.8113506023700421 0.03351915799654447 0.03346868661733774
0 0.4155896260188176 0.3793852145855243 0.05655406071589543 0.05617816631610577
0 0.6909233973576472 0.6818695068359375 0.0370641855093149 0.03680830735426683
0 0.2646771944486178 0.43693960629976714 0.021726534916804388 0.021979552048903245
0 0.7398537855881911 0.20791772695688102 0.01887849661020132 0.018868409670316257
0 0.3658951979417067 0.5375879727877103 0.07456720792330228 0.07537790445181039
0 0.4961186922513522 0.8570499420166016 0.021542842571551982 0.02163843008188101
0 0.6723279219407302 0.7590888096736028 0.03300930903508113 0.033509474534254804
0 0.685637694138747 0.5388072454012357 0.019242506760817308 0.019243607154259317
0 0.1367354576404278 0.8089582003079928 0.017311903146597054 0.017178168663611777
0 0.3421038480905386 0.19149352953984186 0.046773543724646933 0.04692426094642052
0 0.3859430459829477 0.8936189504770132 0.036239917461688705 0.03648655231182392
0 0.7830112897432767 0.9224248299231896 0.02628355759840745 0.02616735605093149
0 0.2036753801199106 0.5899859208327073 0.0401006111731896 0.04000003521259014
0 0.29929601229154146 0.10403031569260818 0.0671384517963116 0.06625641767795269
0 0.45394758077768177 0.6194532834566556 0.04448391841008113 0.04509456341083233
0 0.23136674440824068 0.24867351238544172 0.020469518808218148 0.02049409426175631
0 0.4885066105769231 0.011940316512034489 0.03350250537578876 0.02234487350170429
0 0.8183193206787109 0.4699902901282677 0.0321813730093149 0.0322265625
0 0.3433237809401292 0.6407901323758639 0.02059012192946214 0.020768092228816107
0 0.28081486775324893 0.539302239051232 0.04629171811617338 0.04721846947303185
0 0.39031116779033953 0.2771602410536546 0.06037345299353966 0.06109743851881761
0 0.7758621802696815 0.5253755862896259 0.028079986572265625 0.028000318087064303
0 0.7172146577101487 0.7860996539776142 0.021155724158653848 0.021013700045072116
0 0.4015670189490685 0.4311682627751277 0.10027709374060997 0.1009063720703125
0 0.5342507362365723 0.834349852341872 0.025984470660869893 0.025547614464393027
0 0.8676729935866135 0.7989872418917142 0.033489227294921875 0.03323217538686899
0 0.5502460186298077 0.8514556884765625 0.01987794729379507 0.0200039790226863
0 0.7443938622107873 0.8412399291992188 0.020636925330528848 0.020676539494441107
0 0.8247451782226562 0.7204494476318359 0.01595907944899339 0.016103597787710335
0 0.5221308561471792 0.7888552592350886 0.02094268798828125 0.021094102125901442
0 0.7856374887319711 0.13074436554541954 0.018644039447490986 0.01880920850313627
0 0.78679136129526 0.8483087099515475 0.035546376154972956 0.03508699857271635
0 0.6477000896747296 0.8245435861440805 0.017226292536808893 0.017246833214393027
0 0.49643949361947864 0.6661466451791617 0.024751663208007812 0.024874467116135817
0 0.15540711696331316 0.1755946416121263 0.05670008292564979 0.05681808178241436
0 0.1647016085111178 0.9825398371769831 0.016167714045597956 0.016131767859825723
0 0.18946141463059646 0.7456279901357797 0.014955080472506009 0.014905195969801683
0 0.3354671918428861 0.37881887876070464 0.026328306931715745 0.02635060823880709
0 0.5926462686978854 0.43043752817007214 0.028200516333946817 0.028553009033203125
0 0.14870346509493315 0.6021137971144456 0.019234143770658053 0.019077447744516227
0 0.8539323073167068 0.8564092195951022 0.01799906217134916 0.018103526188777044
0 0.8045633756197416 0.3628408725445087 0.023535801814152643 0.02342810997596154
0 0.2269293528336745 0.20965328583350548 0.015541993654691257 0.01540062977717473
0 0.4224729537963867 0.51025940821721 0.01923502408541166 0.01930860372690054
0 0.4929913374093863 0.08847737312316895 0.01601270528940054 0.0158993647648738
0 0.33460118220402646 0.3602013954749474 0.024855540348933294 0.024917749258188102
0 0.28111098362849307 0.06170864288623516 0.04384880799513597 0.043727452938373275
0 0.8197386814997747 0.3766584029564491 0.014376566960261418 0.01418766608605018
0 0.19985081599308893 0.12270245185265174 0.04966266338641827 0.049523426936222956
0 0.3935279112595778 0.9723209967980018 0.01911779550405649 0.01888891366811899
0 0.3437963632436899 0.4720898408156175 0.04825518681452824 0.048418485201322116
0 0.8571274097149189 0.15311144865476167 0.020539210392878607 0.020577118946955755
0 0.18573416196382964 0.02680510741013747 0.019658748920147236 0.01961004275542039
0 0.5593332877525916 0.834931887113131 0.026195819561298076 0.026593868549053486
0 0.4228823368365948 0.1862484858586238 0.02950763702392578 0.02988272446852464
0 0.3119606604942909 0.5366710516122671 0.04932058774507963 0.04821997422438402
0 0.2662193958575909 0.0996014063174908 0.03734878393319937 0.03758936661940355
0 0.3704952826866737 0.32765700266911435 0.018704927884615384 0.018824063814603366
0 0.7034750718336839 0.8178326533390925 0.018307025615985576 0.018021510197566107
0 0.7750185452974759 0.8231031711284931 0.01927008995643029 0.019717876727764424
0 0.6968973599947416 0.8752162639911358 0.01616844764122596 0.016213343693659857
0 0.4778192960298978 0.4754190811744103 0.0894633073073167 0.09180443103496845
0 0.7744420858529898 0.03292249945493845 0.022822013268103965 0.0225108632674584
0 0.2336890147282527 0.907618889441857 0.13252500387338492 0.13477354783278245
0 0.5225868958693284 0.09499434324411246 0.028704276451697715 0.028619069319504958
0 0.2666815427633432 0.14997071486253005 0.031070709228515625 0.031245304987980768
0 0.709744380070613 0.7183328041663537 0.02394588177020733 0.02406472426194411
0 0.8846373191246619 0.7242263647226187 0.015396998478816105 0.015727703387920674
0 0.7084748194767878 0.8370200670682467 0.015796661376953125 0.015794900747445915
0 0.8433940594012921 0.4842414122361403 0.0226132319523738 0.022702583899864785
0 0.16114675081693208 0.9709308330829327 0.11031019687652588 0.05758857727050781
0 0.2549598767207219 0.5252648133497971 0.036647686591515176 0.03763389587402344
0 0.33826314485990083 0.7620277404785156 0.0802932335780217 0.08032050499549279
0 0.2665366209470309 0.29665862596952 0.059638646932748646 0.060568662790151745
0 0.8313178282517654 0.573795905480018 0.015061451838566707 0.015220201932466947
0 0.23711376923781174 0.093885770210853 0.014306068420410156 0.014483378483698918
0 0.2798316662128155 0.24206920770498422 0.024651747483473558 0.02472070547250601
0 0.7699805039625901 0.68469788477971 0.019838479849008415 0.020228752723106973
0 0.3810979402982272 0.14330627368046686 0.015910808856670674 0.01588128163264348
0 0.556518004490779 0.7069960374098557 0.014960289001464844 0.015137305626502404
0 0.7227077484130859 0.8075507237361028 0.017948737511268027 0.018109541672926683
0 0.7283982496995193 0.8984188666710486 0.015705695519080527 0.01511852557842548
0 0.724972284757174 0.8613317196185772 0.023954244760366585 0.023973464965820312
0 0.7232861152062049 0.8211813706618089 0.017765045166015625 0.01777487534743089
0 0.6987666350144607 0.013885774291478671 0.0163876460148738 0.016548246145248413
0 0.705775627723107 0.7179786975567157 0.019722865178034857 0.018650348369891826
0 0.8075797007634089 0.9915403219369742 0.014726638793945312 0.013437417837289663
0 0.49256068009596604 0.8162175692044772 0.024502974290114183 0.025091904860276442
0 0.28002463854276216 0.8471029721773587 0.027237451993502103 0.026802943303034857
0 0.16724001444303072 0.2989934774545523 0.019318837385911208 0.019040988041804388
0 0.2863676364605243 0.03800146396343525 0.03479268000676082 0.03418607895190899
0 0.693363776573768 0.8278550368088943 0.020624600923978366 0.02083000769981971
0 0.1213294267654419 0.2041459450354943 0.02153336084806002 0.029448729294996995
0 0.17370957594651443 0.5028387583219088 0.01739656008206881 0.01781324239877554
0 0.7175825559175931 0.9033655753502479 0.03314120952899639 0.03239866403432993
0 0.17176541915306678 0.5011698282681979 0.022504549760084886 0.021986081049992487
0 0.37131632291353667 0.32563275557297927 0.022741317749023438 0.021891447213979866
0 0.14868370386270377 0.604547170492319 0.022423249024611253 0.02313577211820162
0 0.2045462681696965 0.5535127933208759 0.01846445523775541 0.018383026123046875
0 0.5420465469360352 0.991665033193735 0.02050150357759916 0.01466076190655048
0 0.15093810741718 0.6155960376446064 0.01829374753511869 0.01861718984750601
0 0.5740237602820764 0.7973435475276067 0.018303504356971152 0.018153557410606973
0 0.12275228133568397 0.02127059606405405 0.02321657767662635 0.032524402324969955
0 0.29070298488323504 0.9913394634540265 0.02244703586284931 0.015974778395432692
