0 0.7037626413198618 0.23605783169086164 0.07818911625788762 0.07802141629732572
0 0.5504450431236854 0.3535321309016301 0.07863352848933293 0.07918445880596454
0 0.798674803513747 0.6761061595036433 0.05256330049954928 0.054829964270958535
0 0.4570793371934157 0.5366130975576547 0.030524180485652044 0.030370712280273438
0 0.2936571744772104 0.7322492599487305 0.04224854249220628 0.042588307307316706
0 0.5821387951190655 0.3113814133864183 0.03783724858210637 0.03762597304124098
0 0.5058740469125601 0.37322814647968 0.02542246305025541 0.025504185603215143
0 0.7572498321533203 0.25131918833805966 0.03294798044057993 0.032967567443847656
0 0.7067128694974459 0.7549734115600586 0.02543786855844351 0.025618773240309495
0 0.6684901897723858 0.0935068680689885 0.02864250769981971 0.028743450458233174
0 0.40385690102210414 0.09801418964679424 0.02252365992619441 0.0226439329294058
0 0.5925562198345478 0.25709863809438854 0.02744300548846905 0.027227181654710036
0 0.6463098526000977 0.40282458525437576 0.017994513878455527 0.018004857576810397
0 0.6529656923734225 0.5970180951631986 0.04465279212364784 0.04449110764723558
0 0.37136290623591495 0.5624518394470215 0.020219949575570915 0.019831363971416768
0 0.8165597182053786 0.10495365582979642 0.01955560537484976 0.019833748157207783
0 0.77051331446721 0.9447490985576923 0.11109586862417367 0.10762757521409255
0 0.7437829971313477 0.6453594794640174 0.029241561889648438 0.029285137469951924
0 0.4650071951059195 0.169327424122737 0.06798744201660156 0.06915602317223182
0 0.6577613537128155 0.48952359419602615 0.03746795654296875 0.03740002558781551
0 0.7158982937152569 0.044521794869349554 0.03173197232759916 0.031544116827157825
0 0.7729966823871319 0.03824465091411884 0.029560969426081732 0.029543170562157266
0 0.5649625338040866 0.09290175254528339 0.030338874230018027 0.030350960217989408
0 0.6344469510591947 0.36485862731933594 0.01923341017503005 0.019175309401292067
0 0.6121488717886118 0.5398961580716647 0.044872283935546875 0.045055316044734076
0 0.2699769460237943 0.7093084775484525 0.02059459686279297 0.02086786123422476
0 0.27749542089609 0.5901299256544846 0.020815042349008415 0.020817683293269232
0 0.4523816475501427 0.07856722061450665 0.02527310298039363 0.025006642708411582
0 0.7095290697537936 0.5015619718111478 0.04120489267202524 0.041722811185396634
0 0.3184370994567871 0.09763486568744366 0.03980174431434044 0.039615594423734225
0 0.7615805405836839 0.20161951505220854 0.021083538348858174 0.021228203406700723
0 0.45997836039616513 0.24390923059903657 0.023055223318246696 0.022129902472862832
0 0.7301556513859675 0.3133256985591008 0.02642088669996995 0.02645536569448618
0 0.7099015162541316 0.5978813904982346 0.01848015418419471 0.018332994901216947
0 0.7894032551692083 0.5379917438213642 0.017887408916766826 0.017630503727839544
0 0.7193051851712741 0.7095623016357422 0.0289456294133113 0.02881475595327524
0 0.23715765659625715 0.9262290367713342 0.0202944462115948 0.020166837252103366
0 0.7080317277174729 0.5660390120286208 0.018603985126201924 0.018465188833383415
0 0.7250534204336313 0.1109465268942026 0.02739114027756911 0.027388866131122295
0 0.2445699435013991 0.6608192737285907 0.0284270873436561 0.028310042161207933
0 0.6359417255108173 0.953268784743089 0.024034646841195915 0.02390113243689904
0 0.7318610411423904 0.07092803716659546 0.02426631634051983 0.02456346841958853
0 0.5132428315969614 0.8930383095374475 0.030411353478064902 0.030248348529522236
0 0.8127532372107873 0.7097920637864333 0.024128840519831732 0.03025539104755108
0 0.7312984466552734 0.8717475304236779 0.020817683293269232 0.02057618361253005
0 0.3805588942307692 0.058535520847027116 0.019104150625375602 0.019020539063673753
0 0.668311779315655 0.15993404388427734 0.09552706204927884 0.09756140525524433
0 0.6383757958045373 0.5234910158010629 0.02799532963679387 0.027870985177847054
0 0.7673473358154297 0.06309414826906644 0.020107562725360576 0.019826577259944037
0 0.6124136998103216 0.32279091614943284 0.020777188814603366 0.020427703857421875
0 0.509774061349722 0.12055114599374625 0.016481546255258415 0.016499042510986328
0 0.5188785699697641 0.2830480428842398 0.02036256056565505 0.0204922602726863
0 0.5484146338242751 0.985255608191857 0.0421746327326848 0.024979224571814902
0 0.750666618347168 0.5155437176044171 0.020212613619290866 0.020719528198242188
0 0.6426274226262019 0.8927076779879056 0.028395432692307692 0.02793268057016226
0 0.28209301141592175 0.8583791439349835 0.015704888563889723 0.01573327871469351
0 0.4330896230844351 0.23941795642559344 0.030924503619854268 0.03174653420081505
0 0.20683901126568133 0.46154044224665713 0.01575638697697566 0.015969349787785456
0 0.8192886939415565 0.5828000215383676 0.014148712158203125 0.01634847200833834
0 0.8229992206280048 0.2709763783674974 0.011563667884239784 0.01701153241671049
0 0.7876553168663611 0.0820165964273306 0.02286500197190505 0.02235013246536255
0 0.6828516446627103 0.5837920262263372 0.01630577674278846 0.016139910771296576
0 0.6988812960111178 0.6542433225191556 0.030129652756911058 0.030809695904071514
0 0.657571059006911 0.340487186725323 0.021991436298076924 0.022023861224834736
0 0.7246291820819561 0.6787462968092698 0.018514193021334134 0.018241002009465143
0 0.5033684510451096 0.24632793206434983 0.015479601346529447 0.015581057621882511
0 0.7265289013202374 0.7661471733680139 0.01976776123046875 0.0199429438664363
0 0.8187161959134616 0.891450075002817 0.014702576857346755 0.01998446537898137
0 0.7789801084078275 0.21579707585848296 0.019240746131310098 0.019186056577242337
0 0.6297469505896935 0.6619427754328802 0.023318657508263223 0.02334448007436899
0 0.7391961904672476 0.04091261900388277 0.01715850830078125 0.017270546693068285
0 0.8005932294405423 0.16336842683645394 0.03601910517765926 0.03619223374586839
0 0.7369933495154748 0.8810995542086087 0.06903780423677884 0.06733175424429086
0 0.6196794509887695 0.6397329477163461 0.023010840782752402 0.0235443115234375
0 0.4527566616351788 0.17008498998788688 0.020122528076171875 0.020272181584284857
0 0.22321282900296724 0.08787837395301232 0.014763171856219951 0.015267372131347656
0 0.8153416560246394 0.2225977090688852 0.018448022695688102 0.01838339292086088
0 0.4248989178584172 0.1284795724428617 0.015552594111515926 0.015812158584594727
0 0.6655520659226638 0.260380378136268 0.019929005549504206 0.020141014685997598
0 0.7941592289851263 0.33473840126624477 0.02736326364370493 0.027626917912409857
0 0.4284409009493314 0.16015239862295297 0.015245290902944712 0.015126925248366136
0 0.26790952682495117 0.7996920805711013 0.020297123835637018 0.02080198434682993
0 0.78911986717811 0.23098479784451997 0.019400669978215143 0.019219325138972357
0 0.7920027512770432 0.5182960216815655 0.015970670259915866 0.015721247746394232
0 0.6854462256798377 0.6342763900756836 0.04861024709848257 0.0487370124230018
0 0.7900686997633714 0.8049088991605319 0.017475421612079326 0.017792921799879808
0 0.24881854424109826 0.6407413482666016 0.01683154472937951 0.016850398137019232
0 0.8113084939809946 0.49368146749643177 0.01790765615609976 0.018227430490347054
0 0.33498485271747297 0.38169369330772984 0.041201151334322415 0.041107177734375
0 0.370211307819073 0.07110934991102952 0.01977817828838642 0.019401403573843148
0 0.6934266457190881 0.46424209154569185 0.02833072955791767 0.027681350708007812
0 0.37125990940974307 0.12936652623690093 0.014605448796198918 0.014712993915264424
0 0.7077060846182016 0.43877190809983474 0.016405105590820312 0.01650575491098257
0 0.8083173311673678 0.5130892533522385 0.015466690063476562 0.015486203707181491
0 0.22156269733722395 0.4239058494567871 0.10179706720205453 0.16126463963435247
0 0.7916688185471755 0.8496775993934045 0.01773834228515625 0.017894891592172477
0 0.5681492732121394 0.6403515155498798 0.015492659348707933 0.015547972459059495
0 0.6798314314622146 0.29369548650888294 0.022961249718299277 0.022658861600435697
0 0.6738441173846905 0.7020033322847806 0.0156399653508113 0.015612969031700721
0 0.20780291924109826 0.03288969626793495 0.04640278449425331 0.04829171070685753
0 0.3063780711247371 0.2677177649277907 0.015055289635291466 0.014812982999361478
0 0.7486807749821589 0.015138387680053711 0.021990555983323317 0.022602127148554876
0 0.4668024503267728 0.04837809617702778 0.016193536611703727 0.015769105691176195
0 0.6950299189640925 0.70671873826247 0.015982407789963942 0.016235791719876803
0 0.2807598114013672 0.9104404449462891 0.03140717286330003 0.03106542733999399
0 0.8169460296630859 0.6218716548039362 0.01829352745643029 0.02440676322350135
0 0.8063788780799279 0.040019452571868896 0.014386984018179087 0.014529228210449219
0 0.20320600729722244 0.6709647545447717 0.015226254096397987 0.01499469463641827
0 0.6234626770019531 0.5776239541860727 0.026488524216871995 0.02696990966796875
0 0.5198461092435397 0.9295876576350286 0.021047005286583535 0.022141089806189902
0 0.5542928622319148 0.2967212016765888 0.01902154775766226 0.019381926609919622
0 0.690149894127479 0.6379737854003906 0.058559564443734974 0.05930343041053185
0 0.798161506652832 0.24749135971069336 0.017643121572641227 0.017886822040264424
0 0.8130287757286658 0.13001396105839655 0.016043736384465143 0.01649948266836313
0 0.36580657958984375 0.5487904915442834 0.014434521014873799 0.014183411231407752
0 0.7677012223463792 0.7787767556997446 0.01740411611703726 0.017682735736553486
0 0.27662466122553897 0.6516554905818059 0.016599288353553183 0.01646599402794471
0 0.28530333592341495 0.21496923153217024 0.01642637986403245 0.016492916987492487
0 0.7028836470383865 0.542170891394982 0.02339656536395733 0.02317208510178786
0 0.7016875193669245 0.684394909785344 0.025580332829402044 0.025604101327749398
0 0.4869637122521034 0.09560992167546199 0.016323162959172174 0.016676572652963493
0 0.5184702139634353 0.04171403554769663 0.020706836993877705 0.020768128908597507
0 0.6908168792724609 0.7255645165076623 0.014115553635817308 0.014233809251051683
0 0.8086725381704477 0.4936043665959285 0.02083411583533654 0.02047905555138221
0 0.804258786714994 0.1649942398071289 0.04426868145282452 0.043851155501145586
0 0.30567297568688023 0.6321885035588191 0.014087163485013522 0.014252295860877404
0 0.7536245492788461 0.6922855377197266 0.027842888465294473 0.027741065392127402
0 0.27301307824941784 0.9299310537484976 0.04592411334698017 0.04796908451960637
0 0.5446863174438477 0.28065831844623274 0.01629220522367037 0.01624716245211088
0 0.5981115194467398 0.6229464457585261 0.019983291625976562 0.02012795668381911
0 0.6656422248253455 0.8847134663508489 0.01869054941030649 0.018793546236478366
0 0.2355181987469013 0.5971600092374362 0.01615443596473107 0.016417576716496393
