0 0.5529881990872897 0.056213245942042425 0.1253531529353215 0.11054639632885273
0 0.6422402308537409 0.15420169096726638 0.06845254164475661 0.06774583229651818
0 0.29933595657348633 0.7863747523381159 0.05109720963698167 0.05124869713416466
0 0.7910633087158203 0.1556682953467736 0.06643001849834736 0.06690065677349384
0 0.15868203456585223 0.3546075454125038 0.03948156650249775 0.038941530080942005
0 0.3160088245685284 0.6807270783644456 0.02637004852294922 0.0263369633601262
0 0.27548386500431943 0.052962688299325794 0.04131808647742638 0.041199335685143106
0 0.4324752734257625 0.8008778645442083 0.024131628183218148 0.02402012164776142
0 0.37436224864079404 0.651908434354342 0.024956116309532754 0.024980838482196514
0 0.41999208010160005 0.3940376135019156 0.038193922776442304 0.038089605478140026
0 0.9607106722318209 0.48222901270939755 0.023118239182692308 0.023006585928109977
0 0.1957370684697078 0.46006481464092547 0.03172625028170072 0.03147558065561148
0 0.14298391342163086 0.6469371502216046 0.02672235782329853 0.027113694411057692
0 0.08646244269150954 0.6707253089317908 0.023717366732083835 0.023707169752854567
0 0.43978676429161656 0.7318782806396484 0.03003854017991286 0.030201545128455527
0 0.4059970195476825 0.6528398807232196 0.023209425119253304 0.023122787475585938
0 0.8554380857027494 0.3162383299607497 0.029622738177959736 0.029905190834632285
0 0.54076231442965 0.6214984013484075 0.03375053405761719 0.033748663388765775
0 0.03131989103097182 0.9789556356576773 0.02386840948691735 0.023972144493689902
0 0.20072175906254694 0.5384644361642691 0.03470523540790264 0.03490154559795673
0 0.4934100004342886 0.8220462799072266 0.023217127873347357 0.023233853853665866
0 0.7796776111309345 0.2701707436488225 0.023507338303786058 0.02328318815964919
0 0.15373107103201059 0.03694585653451773 0.018506343548114482 0.01853489875793457
0 0.383147643162654 0.3800801497239333 0.02340353452242338 0.023417252760667067
0 0.18180313477149376 0.5541994388286884 0.024765198047344502 0.024505761953500602
0 0.4726062554579515 0.28005919089684117 0.026336009685809795 0.02641127659724309
0 0.28690866323617786 0.8566001011775091 0.0215605955857497 0.021491417518028848
0 0.3101932085477389 0.30401611328125 0.018280157676109902 0.01841911902794471
0 0.31588114224947417 0.8271996424748347 0.02971064127408541 0.029909280630258415
0 0.18053909448476937 0.6116155477670523 0.02310320047231821 0.022856785700871393
0 0.13167480322030875 0.7385493058424729 0.02917823424706092 0.029314187856820915
0 0.2962929285489596 0.44879641899695766 0.023226151099571817 0.02298457805926983
0 0.479339966407189 0.42353028517503005 0.021903111384465143 0.022204765906700723
0 0.7763577241163987 0.7035237825833834 0.019566902747521035 0.019561180701622598
0 0.4624058650090144 0.11744053547198956 0.021469629727877103 0.021495268895075872
0 0.2680187775538518 0.15154297535236066 0.019460091224083535 0.019669239337627705
0 0.24251094231238732 0.8952520077045147 0.021972142733060397 0.022150773268479567
0 0.3032396756685697 0.036744470779712386 0.02124940432035006 0.02127530941596398
0 0.8768687615027795 0.4715236517099234 0.019507188063401442 0.019479751586914062
0 0.45508549763606143 0.25780754822951096 0.019734529348520134 0.01962005175076998
0 0.29674368638258714 0.5968989592332107 0.019107598524827223 0.019034459040715143
0 0.8216268099271334 0.19898493473346418 0.08190536499023438 0.0803967622610239
0 0.9422997694749099 0.9614369319035456 0.019541520338792067 0.019561767578125
0 0.3397811009333684 0.7098278632530799 0.02082487253042368 0.020831474891075723
0 0.2862786879906288 0.47833956204927885 0.027863759260911208 0.027918008657602165
0 0.9209578587458684 0.16268088267399713 0.019300314096304085 0.01938791458423321
0 0.6168578221247747 0.776283704317533 0.03444345180804913 0.03453210683969351
0 0.5804536159221942 0.563346789433406 0.020951197697566107 0.020946649404672477
0 0.10672626128563514 0.7927257831280048 0.017394029177152194 0.01756139901968149
0 0.44846083567692685 0.8799976935753455 0.02181412623478816 0.021735558143028848
0 0.8796630272498498 0.23616754091702974 0.028251061072716348 0.028157124152550332
0 0.07213161541865422 0.7704233022836539 0.035366021669827975 0.03616523742675781
0 0.677822259756235 0.5306417758648212 0.01898794907789964 0.018781368549053486
0 0.6823861048771784 0.6208071341881385 0.01833930382361779 0.01817189730130709
0 0.3614785854633038 0.43767488919771635 0.01598196763258714 0.01597316448505108
0 0.22033271422752967 0.3303951850304237 0.02529169962956355 0.02581933828500601
0 0.020798453917870156 0.9339542388916016 0.017192464608412523 0.016903510460486777
0 0.7432111593393179 0.3269834518432617 0.04826266948993389 0.048166293364304766
0 0.879001470712515 0.17372809923612154 0.030303955078125 0.030263900756835938
0 0.08630921290471004 0.8490452399620643 0.017793655395507812 0.01778749319223257
0 0.27222358263455904 0.5091376671424279 0.02116878216083233 0.0214236332820012
0 0.9727373856764573 0.43688242252056414 0.019112807053786058 0.019201058607835036
0 0.3806098791269156 0.770718134366549 0.024959710928109977 0.025229674119215745
0 0.06779495110878578 0.6647869990422175 0.023675726010249212 0.02384772667518029
0 0.44757534907414365 0.1760237216949463 0.026134490966796875 0.025716818295992337
0 0.22766623130211464 0.6826717670147235 0.01648880885197566 0.01656312208909255
0 0.4563280985905574 0.8417273301344651 0.01735819303072416 0.017498896672175482
0 0.3435868483323317 0.8787094996525691 0.016266749455378607 0.016495924729567308
0 0.20980429649353027 0.502107180081881 0.01589547670804537 0.015718606802133415
0 0.3763176111074594 0.23856287736159104 0.019104590782752402 0.01919130178598257
0 0.8309728182279147 0.13636285525101882 0.024975703312800482 0.025112500557532676
0 0.7635900057279147 0.8879812680757962 0.02819648155799279 0.02825619624211238
0 0.36601763505202073 0.4945856974675105 0.016583662766676683 0.016954788794884317
0 0.11049455862778884 0.8591414231520432 0.0163418146280142 0.016480372502253607
0 0.9478448721078726 0.32027714069073016 0.016880622276893027 0.01659077864426833
0 0.7679572472205529 0.80273987696721 0.020380753737229567 0.020368282611553486
0 0.30308059545663685 0.4638562569251427 0.02032947540283203 0.02102323678823618
0 0.3211044164804312 0.8620334038367639 0.01660442352294922 0.016789362980769232
0 0.7004883105938251 0.3144931426415077 0.01744211637056791 0.01727713071382963
0 0.47751283645629883 0.7077301465548002 0.015594555781437801 0.015765850360576924
0 0.8744798806997446 0.11534486367152287 0.018222221961388223 0.01816410284775954
0 0.24123642994807318 0.5672019078181341 0.02063289055457482 0.020524905278132513
0 0.3582225212684044 0.8200484789334811 0.01554401104266827 0.015863858736478366
0 0.4931671436016376 0.8740591636070838 0.017696674053485576 0.01757049560546875
0 0.8129704548762395 0.42291953013493466 0.016002068152794473 0.01587024101844201
0 0.854671991788424 0.20906551067645734 0.020474067101111777 0.02034788865309495
0 0.05438976562940157 0.9384334270770733 0.017225054594186637 0.017006800724909857
0 0.1793493124154898 0.03474097985487718 0.01523905534010667 0.015268628413860615
0 0.45853336040790266 0.23427831209622896 0.015542397132286659 0.0155488527738131
0 0.8540245202871469 0.474397769341102 0.016792150644155648 0.017033136807955228
0 0.3903232721182016 0.2515339484581581 0.017613631028395433 0.01734330103947566
0 0.06344133156996506 0.7566759402935321 0.01874979642721323 0.019037833580603965
0 0.06952650730426495 0.4776119085458609 0.014741072287926307 0.01477967775785006
0 0.29669633278479945 0.20935902228722206 0.015099085294283353 0.0149992429293119
0 0.28891695462740385 0.38562708634596604 0.0168606684758113 0.01697378892164964
0 0.2512774650867169 0.27467509416433483 0.017944776094876803 0.01785865196814904
0 0.7903716747577374 0.8183094904972956 0.018973423884465143 0.0188140869140625
0 0.138390275148245 0.12844707415654108 0.016974852635310247 0.016987397120549128
0 0.2216975322136512 0.45561614403357875 0.0244143926180326 0.02542260976938101
0 0.8419102888840896 0.4917197594275841 0.021401331974909857 0.021277207594651442
0 0.08595670186556302 0.6402697929969201 0.015282594240628757 0.014680128831129808
0 0.014182215699782738 0.9684713803804837 0.016177674898734458 0.019576146052433893
0 0.42318479831402117 0.2597033610710731 0.015978666452261116 0.01592258306650015
0 0.1558544268974891 0.7938844240628756 0.016252994537353516 0.016223907470703125
0 0.7417194659893329 0.8554835686316857 0.01697716346153846 0.017054924598106973
0 0.38272703610933745 0.7010333721454327 0.015290920551006611 0.015322465163010817
0 0.9270574129544772 0.79925537109375 0.0182492182804988 0.018356910118689902
0 0.7240142088669997 0.373254262484037 0.02752964313213642 0.027331132155198317
0 0.5702432852524978 0.3990365175100473 0.026778001051682692 0.026925013615534857
0 0.9802696521465595 0.415102481842041 0.017438448392427884 0.025197175832895134
0 0.7651179387019231 0.87196108011099 0.018085479736328125 0.01784691443810096
0 0.7729955086341271 0.8479699354905349 0.015244850745567909 0.015525524432842549
0 0.25265106788048375 0.485384464263916 0.03111611879788912 0.03047921107365535
0 0.44060248595017654 0.9875391446627103 0.022719309880183294 0.020544785719651442
0 0.4717422265272874 0.19485293901883638 0.024131408104529746 0.024649986853966348
0 0.47000789642333984 0.5232696533203125 0.015689629774827223 0.015861657949594352
0 0.2727358341217041 0.541050177354079 0.017198782700758714 0.0169985844538762
0 0.3955690677349384 0.7214122185340295 0.015323272118201623 0.015296055720402645
0 0.043645464456998385 0.12429762803591214 0.024703346765958346 0.02487947390629695
0 0.07237750750321609 0.4378708325899564 0.014311937185434194 0.01413726806640625
0 0.7513864957369291 0.7284829066349909 0.014786060039813701 0.014802492581881009
0 0.47732268846952 0.23714423179626465 0.019816471980168268 0.020009627709021933
0 0.9441233414870042 0.12751019918001616 0.027826455923227165 0.028403392204871543
0 0.9313627389761118 0.3878289736234225 0.014983250544621395 0.015093289888822116
0 0.5072908401489258 0.803733385526217 0.021336775559645433 0.0214080810546875
0 0.7618541717529297 0.35198174990140474 0.04680765592134916 0.046851084782527044
0 0.34029271052433896 0.015327643889647264 0.032095835759089544 0.02934280725625845
0 0.8955928362332858 0.2950954253856952 0.016033466045673076 0.015976979182316706
0 0.7416505080003005 0.8757740901066706 0.01952978280874399 0.019274784968449518
0 0.013445582527380723 0.8311443328857422 0.013960987329483032 0.015115591195913462
0 0.6386758364163913 0.365172973045936 0.017277644230769232 0.017837671133188102
0 0.9759097466102014 0.6795881711519681 0.030893765963040866 0.043311779315655045
0 0.6566002185528095 0.5689883965712327 0.2603894380422739 0.26855358710655797
0 0.9107385048499475 0.6065134635338416 0.020597311166616585 0.020402174729567308
0 0.7801707341120794 0.7655602235060471 0.015128502478966346 0.015164888822115384
0 0.0931249581850492 0.11012495481050931 0.014113242809589092 0.014076746427095853
0 0.08733910780686599 0.788021601163424 0.016525928790752705 0.01631443317119892
0 0.062260884505051836 0.9940677789541391 0.017194271087646484 0.010491444514347957
0 0.8333547298724835 0.5266133821927584 0.020172999455378607 0.020069415752704326
0 0.7435786907489483 0.14401633005875808 0.021022209754356973 0.02120672739469088
0 0.9314096890963041 0.41384220123291016 0.015323052039513221 0.015369635361891527
0 0.9017285567063552 0.4959711661705604 0.014188326322115384 0.014134040245643029
0 0.5047082901000977 0.788277846116286 0.015100185687725361 0.015494126539963942
0 0.6990443743192233 0.2416511315565843 0.046087998610276446 0.04622650146484375
0 0.07252735358018142 0.6348512356097882 0.01489725479712853 0.014575811532827524
0 0.1496399732736441 0.6268369234525241 0.019307870131272536 0.01895420367901142
0 0.7372118142934946 0.7835467411921575 0.015060864962064303 0.015213306133563701
0 0.504669923048753 0.8048874781681941 0.017940374521108773 0.018169403076171875
0 0.09864309200873742 0.7660747674795297 0.017345318427452676 0.017650604248046875
0 0.9146914115318885 0.07847818044515756 0.0192108154296875 0.019565802354079027
0 0.16043857427743766 0.07573086481827956 0.01684864667745737 0.0169375676375169
0 0.7094425788292518 0.3315233817467323 0.022219291100135215 0.021875821627103366
0 0.3348711453951322 0.8416384183443509 0.014101908757136418 0.013876694899338942
0 0.7327332129845252 0.6965877826397235 0.024044036865234375 0.023708490224984977
0 0.8158703583937424 0.31071028342613805 0.014185391939603366 0.014370918273925781
0 0.27950620651245117 0.6760956690861628 0.013984240018404447 0.014299099261944111
0 0.606692020709698 0.4319261404184195 0.029481887817382812 0.03037093235896184
0 0.8294498737041767 0.3150807160597581 0.023723015418419473 0.023435299213115986
0 0.592724506671612 0.31699650104229266 0.03646249037522536 0.03648853302001953
0 0.3797600819514348 0.2914156730358417 0.015480334942157451 0.015718936920166016
0 0.37103601602407604 0.8668504861684946 0.014412806584284855 0.014255817119891826
0 0.8541309650127704 0.906777601975661 0.04465425931490385 0.04498202984149639
0 0.21998808934138372 0.590192281282865 0.016932047330416165 0.017335011408879206
0 0.01866119183026827 0.6077693058894231 0.01546543836593628 0.015222696157602163
0 0.8248330629788913 0.6460713606614333 0.016069705669696514 0.016019087571364183
0 0.22371167403001052 0.4589016620929425 0.030138822702261116 0.03026551466721755
0 0.8872892673198993 0.10363122133108285 0.18835816016564003 0.17042112350463867
0 0.5414396799527682 0.45105552673339844 0.015190638028658353 0.015403307401216947
0 0.19926656209505522 0.08847137597891 0.014438995948204627 0.014269095200758714
0 0.2142026791205773 0.7692910707913913 0.01432972687941331 0.01423351581280048
0 0.6352902925931491 0.2631523792560284 0.021679804875300482 0.022031050461989183
0 0.7320127487182617 0.22008833518395057 0.01657529977651743 0.016738451444185697
0 0.8569310995248648 0.04927364679483267 0.25794278658353365 0.09749443714435284
0 0.15186818746420053 0.22076797485351562 0.023950521762554463 0.02379952944242037
