0 0.9344745782705454 0.3561418606684758 0.04188317518967848 0.04174254490778996
0 0.2972286297724797 0.35563168158897984 0.03505655435415415 0.03511795630821815
0 0.8757002903864934 0.0763024641917302 0.032840728759765625 0.03282642364501953
0 0.7967375241793119 0.5553139539865347 0.028588221623347357 0.028568194462702826
0 0.7196388244628906 0.650569328894982 0.024956923264723558 0.025139441856971152
0 0.15303356830890363 0.9406375885009766 0.034913283128004804 0.03451215303861178
0 0.24548284824077898 0.24750203352708083 0.022194862365722656 0.022504659799429085
0 0.021283697623472948 0.5134579585148737 0.025253566411825325 0.02552032470703125
0 0.9009483043964093 0.027138989705305833 0.023825718806340143 0.023961113049433783
0 0.18805650564340445 0.3853795345012958 0.023544458242563102 0.023585099440354567
0 0.16135386320260856 0.822970830477201 0.02200775880080003 0.02182432321401743
0 0.2161586468036358 0.10303701804234432 0.0319059078509991 0.031594734925490156
0 0.7435603508582482 0.23226149265582746 0.02724588834322416 0.0272826781639686
0 0.9445718618539664 0.09504276055556077 0.023409329927884616 0.02330295856182392
0 0.25735084827129656 0.6622085571289062 0.02246372516338642 0.02258608891413762
0 0.8031196594238281 0.06992178238355197 0.02484556344839243 0.0247268034861638
0 0.06030807128319374 0.598486276773306 0.021132542536808893 0.021245589623084433
0 0.14248748926016 0.06225850031926082 0.020798646486722507 0.020270127516526442
0 0.07265253250415508 0.6884823579054612 0.02027728007389949 0.02039058391864483
0 0.7145115778996394 0.6323267129751352 0.02194375258225661 0.022252596341646634
0 0.6290858342097356 0.41196500338040865 0.01941094031700721 0.019585242638221152
0 0.1895280251136193 0.17380567697378305 0.02001784398005559 0.019966859083909255
0 0.12430096589601956 0.785428340618427 0.02120652565589318 0.021386073185847357
0 0.19312214851379395 0.9187831145066482 0.0204772582420936 0.020691945002629206
0 0.8948076688326322 0.40244186841524565 0.024216871995192308 0.02416515350341797
0 0.4670226023747371 0.441501837510329 0.01802957974947416 0.018069047194260817
0 0.571989866403433 0.7068440363957331 0.016516465407151442 0.0166470454289363
0 0.32500773209791917 0.41600568477924055 0.01630122844989483 0.016132501455453727
0 0.28876458681546724 0.44853984392606294 0.016913193922776442 0.016650273249699518
0 0.23916294024540827 0.9533503605769231 0.022095606877253607 0.022185252262995794
0 0.3699961442213792 0.5397054232083834 0.016891332773061898 0.01697540283203125
0 0.03202201311404888 0.5912935917194073 0.025034656891456016 0.024968367356520433
0 0.049856919508713946 0.8188313704270583 0.023882279029259317 0.02384156447190505
0 0.2684947160574106 0.9747208815354568 0.019770402174729567 0.019975808950570915
0 0.05116682786207933 0.9432006249060998 0.01827555436354417 0.01830438467172476
0 0.026574707948244534 0.35524221567007214 0.01743151476750007 0.017595878014197715
0 0.4467008664057805 0.7740259170532227 0.021627206068772536 0.021708268385667067
0 0.31455487471360427 0.4736946179316594 0.017176481393667366 0.017095639155461237
0 0.32439371255727917 0.8952448918269231 0.026123046875 0.026103826669546273
0 0.2947487464317909 0.6856353466327374 0.02872188274676983 0.028649403498722956
0 0.46125213916485125 0.7389162503756009 0.02229000971867488 0.02213258009690505
0 0.9921899208655725 0.05307316780090332 0.015320704533503605 0.017765136865469124
0 0.4707074532142052 0.40015631455641526 0.022725472083458535 0.022435848529522236
0 0.33622536292442906 0.7132240442129282 0.027938402616060697 0.027421951293945312
0 0.18961750544034517 0.714631594144381 0.01731414061326247 0.017024700458233174
0 0.7291479844313401 0.886238538301908 0.015924747173602764 0.015821310190054085
0 0.2871071191934439 0.07453350378916813 0.017203551072340745 0.01694164826319768
0 0.055939628527714655 0.3254597003643329 0.020242892778836764 0.019831437330979567
0 0.31311974158653844 0.0190373590359321 0.016978924091045674 0.017004366104419414
0 0.3161947177006648 0.20464471670297477 0.02370445544903095 0.023848533630371094
0 0.6572209871732272 0.46915098337026745 0.016394981971153848 0.016406132624699518
0 0.3779986821688138 0.964627192570613 0.017920494079589844 0.017853370079627402
0 0.7191569254948542 0.27200159659752476 0.024418464073768027 0.02437136723445012
0 0.360382080078125 0.24474176993736854 0.016338641826923076 0.016514998215895433
0 0.44301421825702375 0.04606853081629826 0.01618620065542368 0.016306237532542303
0 0.913634887108436 0.6761054992675781 0.021462660569411058 0.021497579721304085
0 0.21141178791339582 0.9629736680250901 0.025840612558218148 0.02608343271108774
0 0.7127927633432242 0.7855874575101413 0.016556519728440505 0.016600828904371995
0 0.07653086002056415 0.40475970048170823 0.01597288938669058 0.016010577862079326
0 0.36531877517700195 0.9207702049842248 0.019044215862567607 0.018938798170823317
0 0.8248085608849158 0.23198344157292292 0.017716187697190505 0.01784797815176157
0 0.47610048147348255 0.23505665705754206 0.019889684823843148 0.019739664517916165
0 0.14010031406696027 0.9278731712928185 0.020042236034686748 0.02025750967172476
0 0.03469616174697876 0.423671135535607 0.017694684175344613 0.017617152287409857
0 0.10555199476388785 0.2002553939819336 0.02910437950721154 0.029046938969538763
0 0.7269460237943209 0.02772981386918288 0.01813536423903245 0.01836522725912241
0 0.20996409196120042 0.9299750694861779 0.02135188762958233 0.021006657527043268
0 0.6350819514347956 0.3312244415283203 0.022668985220102165 0.023065567016601562
0 0.39541956094595104 0.06509828109007615 0.015885426447941706 0.015873432159423828
0 0.3824892044067383 0.4429193643423227 0.017281018770658053 0.01714471670297476
0 0.9778028634878305 0.43732819190392125 0.01965508094200721 0.01950660118689904
0 0.0039947227789805485 0.4881651218120868 0.007969964009064894 0.02557519766000601
0 0.4047973339374249 0.7593587728647085 0.02365897252009465 0.023679146399864785
0 0.9206348565908579 0.42068851911104643 0.024425359872671273 0.024739705599271335
0 0.253710361627432 0.16356141750629133 0.0175324586721567 0.017582159775954027
0 0.49030469014094424 0.5793926532451923 0.021028445317195013 0.02083719693697416
0 0.97722655076247 0.2221233294560359 0.015746189997746393 0.015595142657940205
0 0.44176226395827073 0.9065953768216647 0.02140947488638071 0.021231724665715143
0 0.20461957271282488 0.27221034123347354 0.023021624638484076 0.023157706627478965
0 0.5928504650409405 0.6316418280968299 0.019562354454627402 0.019481952373798076
0 0.42573906825138974 0.8728499779334435 0.01812890859750601 0.017990699181189902
0 0.7488109882061298 0.008109433146623464 0.028352003831129808 0.01596336639844454
0 0.32668707920954776 0.9735819009634165 0.022332264826847956 0.022333878737229567
0 0.08249328686640812 0.7031272007868841 0.01828307371873122 0.018512138953575723
0 0.12488251466017503 0.8273418133075421 0.01582167698786809 0.01576408973106971
0 0.5269045462975135 0.2514343628516564 0.018334608811598558 0.01840653786292443
0 0.18535272891704851 0.980957764845628 0.01627657963679387 0.016316633958082933
0 0.722593747652494 0.5068481151874249 0.014963003305288462 0.015517308161808895
0 0.16231626730698806 0.7778483170729417 0.020374591533954326 0.020618145282451924
0 0.5890527505141038 0.5832549975468562 0.01833321497990535 0.01827232654278095
0 0.37995309096116286 0.7383438990666316 0.020233887892503005 0.020063253549429085
0 0.994080323439378 0.8632486783541166 0.011670626126802884 0.019919615525465745
0 0.8632126588087815 0.17203853680537298 0.019456863403320312 0.019847869873046875
0 0.2375919635479267 0.12490722766289344 0.02001300224891076 0.020212852037869967
0 0.3591763056241549 0.7261967292198768 0.024564816401554987 0.02446893545297476
0 0.34600470616267276 0.8977470397949219 0.016528202937199518 0.016789949857271634
0 0.666206800020658 0.34091545985295224 0.016289637638972357 0.01658791762131911
0 0.13945618042579064 0.026148264224712666 0.014998729412372295 0.015187088113564711
0 0.12253722777733436 0.6843076119056115 0.039478228642390326 0.03957073505108173
0 0.07559798314021184 0.1576993832221398 0.015890213159414437 0.015842364384577826
0 0.1620178589454064 0.8544481717623197 0.019173411222604606 0.0190277099609375
0 0.7874871767484225 0.26995710226205677 0.018785623403695915 0.018888473510742188
0 0.8904585471520057 0.17815076387845552 0.01661051236666166 0.016559087313138522
0 0.32616182473989636 0.5496398852421687 0.016159791212815505 0.01623058319091797
0 0.041892675253061146 0.6332940321702224 0.019914184625332173 0.01986518272986779
0 0.6592885530911959 0.21263790130615234 0.01873955359825721 0.018468269935021035
0 0.4002763308011569 0.9933444536649264 0.015632262596717246 0.011779491717998799
0 0.32083885486309344 0.6542195540208083 0.018746155958909255 0.018994258000300482
0 0.4340031697199895 0.9361792344313401 0.015860264117901143 0.015706282395582933
0 0.11635635449336125 0.3106720264141376 0.014590630164513221 0.01458131350003756
0 0.23649542148296648 0.3789080106295072 0.01560834737924429 0.015741641704852764
0 0.5465489167433518 0.6518493065467248 0.024881729712853067 0.02452263465294471
0 0.10245878879840557 0.7457919487586389 0.0164336057809683 0.01639380821814904
0 0.06935199865928063 0.35909461975097656 0.016079416641822226 0.015904353215144232
0 0.09131442583524264 0.686280764066256 0.016758038447453424 0.016856560340294473
0 0.5672697654137244 0.38474512100219727 0.015298403226412259 0.01539751199575571
0 0.1299442694737361 0.4883540960458609 0.015050484583928036 0.015289746798001803
0 0.8429864003108098 0.9867343902587891 0.0187527583195613 0.01833519568810096
0 0.07831538640535794 0.7406576596773587 0.01577706978871272 0.015525230994591346
0 0.6545798961932843 0.37503286508413464 0.014370258037860576 0.014409432044396034
0 0.327024716597337 0.6200040670541617 0.025206345778245192 0.025266757378211387
0 0.917742655827449 0.25438470106858474 0.018146221454326924 0.018166798811692458
0 0.2277359045468844 0.8180076892559345 0.01733537820669321 0.017299358661358174
0 0.07235046533437875 0.28921937942504883 0.016520610222449668 0.016141304602989785
0 0.9658869229830228 0.5624065765967736 0.019799452561598558 0.01985329848069411
0 0.2269009810227614 0.9651256707998422 0.015977859497070312 0.016315606924203727
0 0.5282663198617789 0.8663314672616812 0.015219028179462139 0.015099892249474159
0 0.4026517134446364 0.2758871592008151 0.015948955829326924 0.016029871427095853
0 0.5219885019155649 0.6509890923133264 0.01724727337176983 0.017484518197866585
0 0.23990466044499323 0.22033275090731108 0.01905980476966271 0.018751217768742487
0 0.12447419533362755 0.058281082373399004 0.0150755735544058 0.014838402087871846
0 0.30753440123337966 0.17469257574815017 0.01630379603459285 0.01625218758216271
0 0.232485110943134 0.14446594164921686 0.01675759829007662 0.016994696397047777
0 0.05207941165337196 0.2719553067133977 0.01582655539879432 0.015917851374699518
0 0.46967587104210484 0.5844231752248911 0.01754027146559495 0.01744996584378756
0 0.5813740583566519 0.6485352149376502 0.01838823465200571 0.018501868614783652
0 0.6439145895150992 0.19884375425485465 0.018525050236628607 0.018598189720740683
0 0.32982011941763073 0.02561399111380944 0.017781624427208535 0.018117446165818434
0 0.4888983139624962 0.5158259318425105 0.0145109616793119 0.014265353863055889
0 0.17697403981135443 0.3014282446641188 0.01550124241755559 0.015459720905010518
0 0.10871513073260967 0.8652948232797476 0.01568115674532377 0.015955704909104567
0 0.252928220308744 0.9933539904080905 0.024576407212477464 0.012145555936373197
0 0.9157086885892428 0.6546937502347506 0.01588718707744892 0.015794900747445915
0 0.304211818254911 0.6418237686157227 0.02568615399874174 0.025725731482872598
0 0.010996777277726393 0.63562745314378 0.014817338723402757 0.014976794903094951
0 0.924068964444674 0.7321571203378531 0.019373233501727764 0.0193173335148738
0 0.5663262880765475 0.6637052389291617 0.026667961707481973 0.025902381310096152
0 0.06137641576620249 0.6259664388803335 0.016356468200683594 0.016148787278395433
0 0.38125933133638823 0.8068620241605319 0.020599511953500602 0.020659226637620192
0 0.8348767940814679 0.43181320337148815 0.017260184654822715 0.017438741830679085
0 0.182910130574153 0.7370019325843225 0.03417084767268254 0.033556424654447116
0 0.5559454697829026 0.18031817216139573 0.016337027916541465 0.016399310185359076
0 0.8483499380258414 0.25023306333101714 0.014553070068359375 0.014430706317608174
0 0.06468943907664372 0.05597524459545429 0.015019737757169284 0.015536088209885817
0 0.6698011251596304 0.5742897620567908 0.015577463003305288 0.01585549574631911
0 0.3525529641371507 0.1154928574195275 0.014946790841909556 0.014559048872727614
0 0.9955373177161584 0.8147255090566782 0.008767348069411058 0.02111478952261118
0 0.6329112419715295 0.06340450506943923 0.013871706449068509 0.013596351330096904
0 0.8894673860990084 0.8607581211970403 0.014262859637920674 0.014245986938476562
0 0.7619502727801983 0.2943855432363657 0.016144385704627402 0.016219432537372295
0 0.7660045623779297 0.8756719735952524 0.015638204721304085 0.015448643611027645
0 0.3599860484783466 0.9056750811063327 0.016888765188363884 0.016841741708608773
0 0.3321323027977577 0.04398927321800819 0.021333987896259014 0.02127792055790241
0 0.010330826044082642 0.9629062505868765 0.01778896038348858 0.017675106342022236
0 0.08524586604191707 0.6480394510122446 0.03411380602763249 0.034252166748046875
0 0.20195649220393255 0.7926915975717398 0.014454034658578726 0.014310396634615384
0 0.6498260498046875 0.5931495519784781 0.03190319354717548 0.031814281757061295
0 0.39399121357844424 0.7502825810359075 0.01654500227708083 0.017001812274639424
0 0.96802124610314 0.4026206456697904 0.01800815875713642 0.017907436077411357
0 0.22385692596435547 0.7196565774770883 0.017028661874624398 0.01712182851938101
0 0.6462428753192608 0.2007129742549016 0.017995687631460335 0.016884583693284255
0 0.44040690935575044 0.8698086371788611 0.014266600975623498 0.013948733990009014
0 0.7254462608924279 0.15531354684096116 0.013705620398888221 0.013869468982403096
0 0.7000312805175781 0.23186342532818133 0.019892765925480768 0.02016298587505634
0 0.20653214821448693 0.2696242332458496 0.025774295513446514 0.026856349064753607
0 0.11394276985755333 0.13884570048405573 0.016091548479520358 0.01612410178551307
0 0.9744242154634916 0.645179821894719 0.01744813185471755 0.017336185161884014
0 0.07892963519463173 0.1300225441272442 0.015086852587186374 0.01526656517615685
0 0.4782887238722581 0.5687470436096191 0.019093880286583535 0.018845338087815505
0 0.9841560217050406 0.169615415426401 0.014409432044396034 0.01449724344106821
0 0.9860071035531851 0.8511987832876352 0.019460531381460335 0.01867088904747596
0 0.2671138323270358 0.19773215513962966 0.013889899620643029 0.013869872459998498
0 0.007905757771088527 0.1805416620694674 0.014803559734271122 0.015023928422194261
0 0.43182556445782 0.8925376305213342 0.016596427330603965 0.016570458045372598
0 0.9165115356445312 0.7192479647122897 0.01627349853515625 0.016146439772385817
0 0.9955976926363431 0.12119069466224083 0.00857074444110577 0.015041608076829176
0 0.015875161840365484 0.36719648654644305 0.015460851100774912 0.01579137948843149
0 0.9594832200270432 0.7128369991595929 0.015552814190204326 0.015554281381460337
0 0.11251033269442044 0.8533022220318134 0.013966230245736929 0.013834146352914663
0 0.2805196688725398 0.9596149738018329 0.015570787283090444 0.015414604773888221
0 0.43744685099675107 0.4388630206768329 0.01321579859806941 0.013220860407902645
0 0.7745700249305139 0.8044766646165115 0.013983799861027645 0.014268728402944712
0 0.9469773952777569 0.45807053492619443 0.014567888700045072 0.014698468721829928
0 0.33172086568979114 0.28136953940758336 0.014204171987680288 0.014339043543888973
0 0.6169556104219877 0.31813379434438854 0.014455501849834736 0.014146071213942308
0 0.972546650813176 0.07489544611710769 0.013954749474158654 0.01387942754305326
0 0.09227566535656269 0.7360034355750451 0.014154874361478366 0.014000525841346154
0 0.051451609684870794 0.5451562588031476 0.014028127376849834 0.01403045654296875
0 0.8324172680194561 0.6419075452364408 0.02028171832744892 0.020491966834435098
0 0.006231074149792011 0.5297401868380033 0.01236270024226262 0.017097913301908053
0 0.5750524814312274 0.49354050709651065 0.013572105994591346 0.013440719017615685
0 0.880511577312763 0.1218340671979464 0.015197020310621995 0.015426177244919997
0 0.6977010873647836 0.5947138712956355 0.020484044001652643 0.02050473139836238
0 0.17720798345712516 0.09665936690110427 0.019173842210036058 0.019407125619741585
0 0.5307736029991736 0.02211596415593074 0.014042487511268029 0.013869033409998966
0 0.8951173929067758 0.6793796832744892 0.01639380821814904 0.016936375544621393
0 0.3120118654691256 0.6986654721773587 0.024522176155677207 0.024460719181941107
0 0.4335828927847055 0.8951053619384766 0.016392341026893027 0.01605811485877404
0 0.4281410804161659 0.3725888912494366 0.01815179678109976 0.01809413616473858
0 0.11764950018662673 0.6626415986281174 0.01889911064734826 0.01900790287898137
0 0.33047125889704776 0.04625570315581102 0.018032587491548978 0.01780100052173321
0 0.27183013695936936 0.2956646772531363 0.015123697427602915 0.015237074631911058
0 0.004721280473929185 0.3724821530855619 0.009399065604576698 0.017499336829552285
0 0.8854679694542518 0.5636045749370868 0.019405951866736777 0.01940433795635517
0 0.17663211088914138 0.07941888845883883 0.015773809873140775 0.01601562133202186
0 0.7584554232083834 0.3303998800424429 0.013918069692758413 0.014038819533128005
0 0.04325802051104032 0.7899771470289964 0.014867608363811787 0.014751434326171875
0 0.6886587876539964 0.12396982999948356 0.01654991736778846 0.016703458932729866
0 0.2528932277972882 0.3252130655141977 0.013764748206505409 0.013981305635892428
0 0.20321906529940093 0.7704106844388522 0.015638278080866888 0.015539316030649038
0 0.9491150195782001 0.76745788867657 0.0228121830866887 0.022783426138070915
0 0.23052098200871393 0.8645157447228065 0.01388087639441857 0.014017105102539062
0 0.8797700588519757 0.8501622860248272 0.016565616314227764 0.016811224130483773
0 0.067330002784729 0.25734354899479794 0.016418988888080303 0.016230949988731973
0 0.9686560997596154 0.3684788483839769 0.013917189378004808 0.014107337364783654
0 0.2834463853102464 0.9189093663142278 0.014269461998572716 0.014743511493389424
0 0.655587416428786 0.9809026718139648 0.014239971454326924 0.013973822960486779
0 0.994982646061824 0.4380071713374211 0.009900606595552884 0.018003317025991585
0 0.8001355391282302 0.4034707729633038 0.014349130483774038 0.014232928936298076
0 0.7537746429443359 0.19970233623798078 0.015413577740009014 0.01557771976177509
0 0.6973510155310998 0.8678861764761118 0.013613187349759616 0.013786902794471154
0 0.3429590371938852 0.634822625380296 0.019733942472017728 0.019792996920072116
0 0.6300750145545373 0.5866959645197942 0.016826923076923076 0.016776011540339544
0 0.36760961092435396 0.6454407618596003 0.016548523536095254 0.016459244948167067
0 0.6553786351130559 0.5905696428739108 0.022079027616060697 0.02281775841346154
0 0.6805804325984075 0.021528111054347113 0.01383194556603065 0.013837080735426683
0 0.9920244950514573 0.8329814764169546 0.01571068396935096 0.02124639657827524
0 0.41434009258563703 0.7038437769963191 0.014203438392052284 0.014322721041165866
