0 0.19707666910611665 0.9482034536508414 0.16162853974562424 0.10175206111027645
0 0.17649063697228065 0.5829395881065955 0.041174705211932845 0.04123533689058744
0 0.38078704247107875 0.35837474236121547 0.027210822472205527 0.02784244830791767
0 0.144535257266118 0.19109439849853516 0.033704482592069186 0.03365003145658053
0 0.07010965163891132 0.8685133273784931 0.042024429027850814 0.04207743131197416
0 0.9105903185330905 0.012997780854885396 0.028499749990609977 0.024200118505037747
0 0.28903515522296613 0.7530100162212665 0.024599515474759616 0.024518673236553486
0 0.26851518337543195 0.5531600071833684 0.023529786330003005 0.023945441612830527
0 0.3934597602257362 0.9794681255634015 0.025077159588153545 0.024990375225360576
0 0.20187102831326997 0.6738910675048828 0.02686478541447566 0.0270382807804988
0 0.6980298849252554 0.2427653716160701 0.02479729285606971 0.02490861599261944
0 0.12434680645282452 0.12170471594883846 0.023134194887601413 0.023215220524714544
0 0.5369147520798904 0.23363450857309195 0.05358739999624399 0.053505237285907455
0 0.2063292356637808 0.4404913095327524 0.02861485114464393 0.028393378624549277
0 0.9049084003155048 0.10091346043806809 0.03500806368314303 0.03511313291696402
0 0.22754815908578727 0.6310727046086237 0.02668652167687049 0.026652409480168268
0 0.8603597787710336 0.6387958526611328 0.020168891319861777 0.019942063551682692
0 0.13478770622840294 0.791896966787485 0.026426920524010293 0.026393596942608174
0 0.27973087017352766 0.5251318858220027 0.03358320089486929 0.03404940091646635
0 0.1643668504861685 0.6104970345130334 0.020265835982102614 0.02033688471867488
0 0.6708967502300556 0.9249785496638372 0.021963119506835938 0.021974563598632812
0 0.3585072664114145 0.9646373895498422 0.025133059575007513 0.025133132934570312
0 0.31215447645920974 0.6205026920025165 0.02704789088322566 0.027079949012169473
0 0.4355891301081731 0.9856730241041917 0.022626069875863884 0.022453894981971152
0 0.08088893156785232 0.7450291560246394 0.04526395522631132 0.04517789987417368
0 0.450842233804556 0.5152734609750601 0.02827299558199369 0.028403208805964544
0 0.06966275435227615 0.7865164830134466 0.019059456311739408 0.018986922044020433
0 0.6179202153132513 0.15532277180598333 0.023107235248272236 0.022993078598609336
0 0.08338940143585205 0.4996159626887395 0.017668705720167894 0.017482904287484977
0 0.33440006696260893 0.7234944563645583 0.01851177215576172 0.018707715548001803
0 0.4943750821627103 0.01747756737929124 0.017211327185997598 0.017215774609492376
0 0.4010486602783203 0.8327991045438327 0.019574091984675482 0.019503666804387018
0 0.38324447778555065 0.8215800065260667 0.023724702688363884 0.02385711669921875
0 0.6944861045250525 0.47333460587721604 0.022168086125300482 0.02229910630446214
0 0.29557250096247745 0.02824142575263977 0.019367731534517728 0.019496037409855768
0 0.25536008981557995 0.10804469768817608 0.025678047767052285 0.025939391209528997
0 0.7249289292555589 0.9347657423753005 0.019623242891751803 0.019802680382361777
0 0.40899412448589617 0.6869902977576623 0.016922804025503304 0.017230400672325723
0 0.7867800639225886 0.015989075486476604 0.02484277578500601 0.025265673032173745
0 0.05431864811823918 0.459566593170166 0.01676462246821477 0.017046561607947715
0 0.6562061309814453 0.9909194065974309 0.019843028141902044 0.015668722299429085
0 0.5232644447913537 0.9869515345646784 0.017002252432016227 0.01687005849984976
0 0.10796828453357403 0.69599122267503 0.017045938051663913 0.017313150259164665
0 0.7671381143423227 0.6067611620976374 0.016825455885667067 0.01689448723426232
0 0.46492671966552734 0.9279614962064303 0.04325045072115385 0.04486788236177885
0 0.6959888018094577 0.021328754149950467 0.040347906259390026 0.03950745784319364
0 0.867463625394381 0.7005625504713792 0.026523590087890625 0.026730904212364785
0 0.3067156718327449 0.4475414569561298 0.016677416287935697 0.0167843745304988
0 0.2714511797978328 0.2709043942964994 0.018656107095571663 0.018602261176476113
0 0.4799639261685885 0.9103848383976862 0.030323908879206732 0.02951225867638221
0 0.16836324104895958 0.5164172832782452 0.015434191777155949 0.015496327326847957
0 0.5013278814462515 0.9314975738525391 0.03248720902663011 0.03277499859149639
0 0.5746451157789964 0.32169180649977464 0.025549961970402643 0.025827554556039665
0 0.7304039001464844 0.04329182551457332 0.024319281944861777 0.024509686690110426
0 0.42665881377000076 0.6725616455078125 0.02320715097280649 0.023312788743239183
0 0.07735216617584229 0.17193405444805437 0.018276287959172174 0.01822346907395583
0 0.40993826205913836 0.9064053755540115 0.025757496173565205 0.02572763883150541
0 0.24620833763709435 0.045268054191882796 0.01735511192908654 0.017350802054772012
0 0.2113938698401818 0.593982036297138 0.017571449279785156 0.01742729773888221
0 0.06587286178882305 0.20157188635606033 0.018304788149320163 0.01832738289466271
0 0.5539011588463416 0.8050368382380559 0.016668172983022835 0.0166323735163762
0 0.3759559484628531 0.30101603728074294 0.024007503802959736 0.024587191068209134
0 0.1428967806009146 0.3590795076810397 0.01491376069875864 0.015011860774113582
0 0.919232808626615 0.37396607032189 0.06328509404109074 0.11781912583571214
0 0.27692692096416766 0.12706943658682016 0.03649682265061598 0.036007624406080976
0 0.9171509375939002 0.615139704484206 0.020110497107872598 0.020551021282489482
0 0.536501591022198 0.4988257334782527 0.01639666924109826 0.01621833214393029
0 0.3824345515324519 0.5969906586867112 0.031418947073129505 0.03149604797363281
0 0.7214732536902795 0.32453228877140927 0.020581172062800482 0.02046489715576172
0 0.44617359454815203 0.12450929788442758 0.024924204899714544 0.02504873275756836
0 0.45478710761437047 0.5566737835223858 0.017492147592397835 0.01759206331693209
0 0.6726933259230393 0.7054794018085186 0.014944369976337139 0.014967991755558895
0 0.24283398114717925 0.34336684300349307 0.015930615938626803 0.01592283982496995
0 0.5585337418776292 0.9583053588867188 0.02710723876953125 0.027646871713491585
0 0.7140343005840595 0.31548023223876953 0.016791417048527643 0.016509202810434196
0 0.232422608595628 0.6810758297259991 0.032274613013634317 0.032360223623422474
0 0.48923580463115984 0.5556452090923603 0.02021202674278846 0.020176520714393027
0 0.5835814109215369 0.5167105748103216 0.017854617192195013 0.017831949087289665
0 0.40086944286639875 0.9300001584566556 0.028368436373197116 0.0279538081242488
0 0.05021309852600098 0.9650846628042368 0.015442481407752404 0.017933185283954326
0 0.09265532860389122 0.3160039461576022 0.02870772435114934 0.02886803333575909
0 0.10373852803156926 0.9366685427152194 0.020814785590538613 0.020398066594050482
0 0.23075298162607047 0.31771557147686297 0.015841080592228815 0.015876623300405648
0 0.820920283977802 0.5096313036405123 0.017597785362830527 0.017569762009840745
0 0.8283260052020733 0.78764585348276 0.04994700505183293 0.04963419987605168
0 0.1568727860083947 0.48612161783071667 0.03139700339390682 0.03124684553879958
0 0.4777281100933368 0.9315235431377704 0.01443026616023137 0.0151521242581881
0 0.8709642703716571 0.6242115314190204 0.020093771127554085 0.020038861494797926
0 0.2667362139775203 0.18832595531757063 0.017594667581411507 0.017905748807466947
0 0.6193397228534405 0.2524919326488788 0.016312782581035908 0.01619720458984375
0 0.6178510372455304 0.06932388819181003 0.021694770226111777 0.02179686839763935
0 0.4780456836407001 0.5171229655926044 0.017013696523813102 0.017049349271334134
0 0.33368510466355544 0.6270859791682317 0.01749244103064904 0.017347189096304085
0 0.7467536192673904 0.5006352571340708 0.022106170654296875 0.022296978877140924
0 0.1587225107046274 0.7439129169170673 0.02150249481201172 0.021441826453575723
0 0.730429429274339 0.9088839751023513 0.014756716214693509 0.014742484459510216
0 0.5908286754901593 0.9053163528442383 0.01644002474271334 0.016657169048602764
0 0.5452835376446064 0.1577312212723952 0.018822890061598558 0.019098868736853965
0 0.11245360741248497 0.32827215928297776 0.014279989095834585 0.014123036311222957
0 0.5139065889211801 0.8446011176476111 0.016471422635591947 0.01668974069448618
0 0.7056055802565354 0.09101426601409912 0.026739854079026442 0.026491935436542217
0 0.19675647295438325 0.4934099637545072 0.015769371619591348 0.01584801307091346
0 0.8995219010573167 0.164017732326801 0.01576511676494892 0.015607430384709286
0 0.07026648979920608 0.46366090040940505 0.014677038559546838 0.014815477224496694
0 0.541586289039025 0.8300181168776292 0.014876292302058293 0.015243090116060697
0 0.3772891484774076 0.554293339069073 0.022932932927058294 0.02284101339486929
0 0.25245266694288987 0.08364417002751277 0.016774360950176533 0.01659040726148165
0 0.4575648674598107 0.61664368556096 0.10368046393761268 0.1069632310133714
0 0.3154310079721304 0.8627539414625901 0.037398998553936295 0.037340017465444714
0 0.4480920204749474 0.4648932677048903 0.016890452458308294 0.017161149245042067
0 0.5526385307312012 0.2631561572735126 0.02401417952317458 0.023382260249211237
0 0.5920204749474158 0.044854347522442155 0.016179891733022835 0.015877042825405415
0 0.8076064770038311 0.9936910775991586 0.022310697115384616 0.011104437021108774
0 0.443849857036884 0.6115491940424993 0.021314327533428486 0.0215912598830003
0 0.8034566732553335 0.5818587083082932 0.015475933368389424 0.015511732835036058
0 0.8203359750600961 0.08673001252687894 0.01636666517991286 0.01663549129779522
0 0.08907749102665828 0.7907048738919772 0.01941956006563627 0.019535945012019232
0 0.38030338287353516 0.39682498345008266 0.020297417273888223 0.019970086904672477
