0 0.5282922891470102 0.504850277533898 0.04799850170428936 0.04844254713792067
0 0.8129829993614783 0.09675232263711783 0.0800792987530048 0.08335021825937125
0 0.37618262951190656 0.7143794573270358 0.05125617980957031 0.05198816152719351
0 0.21454524993896484 0.9345239492563101 0.044542972858135514 0.04460613544170673
0 0.2405076760512132 0.7867425771859976 0.07386024181659405 0.07492358867938702
0 0.17605033287635216 0.5141877027658316 0.05560391682844896 0.05595236558180589
0 0.5093350043663611 0.5713898218595065 0.03368876530573918 0.033846488365760215
0 0.42473257504976714 0.6256065368652344 0.028751079852764424 0.02892127403846154
0 0.7660047090970553 0.9237738389235276 0.03145643380972055 0.03167372483473558
0 0.7283975161038913 0.9327232654278095 0.024916428786057692 0.025075178879957933
0 0.8256651071401743 0.9203761174128606 0.040270438561072715 0.040660858154296875
0 0.5856613379258376 0.7824165637676532 0.04143179379976713 0.041887136606069714
0 0.31470478498018706 0.32175089762761044 0.07289930490347055 0.07383485940786508
0 0.560556961939885 0.09992711360637958 0.041840700002817005 0.04149026137131911
0 0.8134156740628756 0.6477454258845403 0.0194549560546875 0.01916019733135517
0 0.5189184775719275 0.04015149519993709 0.02151173811692458 0.021737797902180597
0 0.3272715348463792 0.13672302319453314 0.0199587161724384 0.01996014668391301
0 0.49323118649996245 0.9667855776273288 0.01900937007023738 0.019122197077824518
0 0.3384694319504958 0.8040376809927133 0.029175758361816406 0.029183314396784857
0 0.8611454596886268 0.8662717525775616 0.02525916466346154 0.02537199167104868
0 0.6728923504169171 0.6930627822875977 0.02110437246469351 0.021036148071289062
0 0.3594936957726112 0.15899164860065168 0.019987986637995794 0.02003170893742488
0 0.6845239492563101 0.8787015034602239 0.021665573120117188 0.021636816171499398
0 0.6295339144193209 0.6446278645442083 0.028209832998422477 0.027854772714468148
0 0.29224425095778245 0.8238594348614032 0.018999539888822116 0.018920311560997598
0 0.6539662434504583 0.6345657935509315 0.021325038029597357 0.021802902221679688
0 0.16219806671142578 0.5850519767174354 0.03198866660778339 0.03231180631197416
0 0.13881415587205154 0.07571082848768967 0.02424060381375826 0.02402650392972506
0 0.28294992446899414 0.42044668931227464 0.029512332035945013 0.02947411170372596
0 0.4610168383671687 0.5915308732252854 0.019749568058894232 0.019629551814152643
0 0.2309724550980788 0.658693973834698 0.04405670899611253 0.04453292259803185
0 0.20021592653714693 0.09941742970393254 0.020060172447791465 0.019858451989980843
0 0.16694901539729193 0.05326526898604173 0.023396932161771335 0.023410687079796426
0 0.5410999151376578 0.4173080004178561 0.020436213566706732 0.02046379676231971
0 0.26937073927659255 0.013709900470880361 0.02040833693284255 0.020343519174135648
0 0.6925152265108548 0.7835008181058444 0.038440851064828724 0.038400503305288464
0 0.49030399322509766 0.8149479352510892 0.04588794708251953 0.045162200927734375
0 0.49395583226130557 0.10909161200890174 0.025522672213040866 0.02543955582838792
0 0.18788825548612154 0.6209968420175406 0.03264610583965595 0.032421112060546875
0 0.6373418661264273 0.7211343325101413 0.01924280019906851 0.01963219275841346
0 0.6984687218299279 0.6513297007634089 0.021769303541917067 0.021735411423903245
0 0.5167179107666016 0.8111211336576022 0.023474473219651442 0.023058671217698317
0 0.16292762756347656 0.6714295607346755 0.029993093930757962 0.02993921133188101
0 0.39617101962749773 0.5728610845712515 0.027050018310546875 0.027031531700721152
0 0.34918847450843227 0.7628812056321365 0.017382988562950723 0.017407637376051683
0 0.18830064626840445 0.6606598633986253 0.03466961934016301 0.034721081073467545
0 0.40497192969689 0.8114442091721755 0.021639310396634616 0.021101731520432692
0 0.20620230528024527 0.1189569143148569 0.017903217902550332 0.017637913043682393
0 0.17771115669837365 0.893340330857497 0.03743054316594051 0.03722469623272236
0 0.4322688029362605 0.949026841383714 0.025539691631610576 0.02536744337815505
0 0.8222484588623047 0.5745438795823318 0.0403900146484375 0.04066760723407452
0 0.678561283991887 0.12844137045053336 0.017604827880859375 0.017950938298152044
0 0.3602564885066106 0.8737344741821289 0.02415613027719351 0.024304023155799277
0 0.5622950333815354 0.7973619607778696 0.023186170137845553 0.02315697303185096
0 0.6803433344914362 0.8210105895996094 0.022311283991887018 0.022334759051983174
0 0.26377193744365984 0.4824964449955867 0.024742639981783353 0.02477396451509916
0 0.12730022577139047 0.8400103495671198 0.018213235414945163 0.018651668842022236
0 0.12163213583139273 0.08682094170497014 0.022467906658466045 0.03305211433997521
0 0.7950936097365159 0.9549233363224909 0.029373902540940505 0.029782955463115986
0 0.3811985162588266 0.8658555104182317 0.0258331298828125 0.025744071373572715
0 0.8223175635704627 0.08435702323913574 0.01657251211313101 0.01668024521607619
0 0.5430757082425631 0.08323045877309945 0.01845066363994892 0.018589294873751126
0 0.6617226233849158 0.14852742965404803 0.03212268535907452 0.0321199160355788
0 0.6844543310312124 0.7539366208589994 0.026395504291240986 0.026150336632361777
0 0.6924486893873948 0.11749647213862492 0.016093914325420674 0.01591660426213191
0 0.18285600955669695 0.10373331950261043 0.016975036034217246 0.01707636393033541
0 0.7935243753286508 0.9124900377713717 0.015093583327073317 0.015226217416616587
0 0.18077450532179612 0.15468769807081956 0.04280398442195012 0.04260680308708778
0 0.39618690197284406 0.019143997476651117 0.01686829787034255 0.017190504532593947
0 0.665270731999324 0.5432612345768855 0.016489762526292067 0.016467754657451924
0 0.6742820739746094 0.48042884239783656 0.016501206618088942 0.016580875103290264
0 0.5630466021024264 0.8234965984637921 0.018925006573016826 0.018805283766526442
0 0.8593683976393479 0.9090403043306791 0.033041880680964544 0.03305493868314303
0 0.39499642298771787 0.8471645942101111 0.03160520700307993 0.0317541269155649
0 0.358427121089055 0.9512202923114483 0.018126707810621995 0.018054668719951924
0 0.5340794049776517 0.5842264615572416 0.01949904515193059 0.019258939302884616
0 0.22411570182213417 0.8383054733276367 0.01547380594106821 0.01535503680889423
0 0.2571091101719783 0.12659237934992865 0.01606413034292368 0.015823547656719502
0 0.4429140824538011 0.4467950967641977 0.01755046844482422 0.01770474360539363
0 0.16894102096557617 0.4201343242938702 0.014967624957744893 0.015039737407977764
0 0.8404715611384466 0.7087494776799128 0.016436650202824518 0.01637444129356971
0 0.18137234907883865 0.7869895054743841 0.027598014244666465 0.0272677494929387
0 0.325621091402494 0.5309670154864972 0.021862176748422477 0.022025548494779147
0 0.5971264472374549 0.0793454647064209 0.016757671649639424 0.016600920603825495
0 0.5955858964186448 0.8599598224346454 0.01727925814115084 0.017375065730168268
0 0.6049399742713342 0.6373412792499249 0.01860222449669471 0.018759800837590143
0 0.47643375396728516 0.8692604945256159 0.027076867910531852 0.027637188251201924
0 0.21601300973158616 0.8962154388427734 0.014929441305307241 0.014797504131610576
0 0.1235212912926307 0.9576920729417068 0.015422931084266076 0.023583338810847357
0 0.6225939530592698 0.05135851181470431 0.04089850645798903 0.040834509409390964
0 0.8648640559269831 0.8313694000244141 0.014874678391676683 0.01512600825383113
0 0.29515911982609677 0.806271846477802 0.015514447138859676 0.015720367431640625
0 0.4734632418705867 0.4143842550424429 0.0166780765240009 0.01664147010216346
0 0.6528450892521784 0.6859452174260066 0.018265944260817308 0.018498640794020433
0 0.3343972059396597 0.8845709287203275 0.015611941997821514 0.015503223125751201
0 0.3225754957932692 0.8718230907733624 0.020515295175405648 0.020331749549278848
0 0.6160031098585862 0.8589988121619592 0.016186053936298076 0.016063983623798076
0 0.309759836930495 0.12352560116694523 0.014977161700908955 0.015004194699800931
0 0.5415533505953275 0.9437333620511569 0.029696097740760215 0.029400752140925482
0 0.823090333205003 0.4051505602323092 0.01578492384690505 0.015565285315880409
0 0.5082793602576623 0.9912305978628305 0.015685154841496393 0.014406937819260817
0 0.5154622884897085 0.0856764683356652 0.017154106727013223 0.017162909874549277
0 0.8111793811504657 0.1209105711716872 0.02605262169471154 0.025687364431527946
0 0.5213285592886118 0.11006788107065055 0.035648199228140026 0.035728748028094955
0 0.6299599867600661 0.23128806627713716 0.05044276897723858 0.050957679748535156
0 0.45281285506028396 0.8447413077721229 0.017968471233661357 0.018061711237980768
0 0.5541916627150315 0.13511134110964262 0.030795464148888223 0.03068681863638071
0 0.8006460483257587 0.7174882155198318 0.01621378385103666 0.01631956834059495
0 0.39595802013690656 0.4781028674199031 0.023807672353891227 0.024364691514235277
0 0.4998794702383188 0.6373852949876052 0.016775131225585938 0.016875046950120192
0 0.1750162014594445 0.80413084763747 0.023493253267728366 0.02364349365234375
0 0.2224087531750019 0.3248753914466271 0.01501622566810021 0.015144128065842848
0 0.6536078819861779 0.7069002298208383 0.022544273963341348 0.022801325871394232
0 0.6987261405357947 0.990024053133451 0.026140653170072116 0.017880072960486777
0 0.4594110342172476 0.06563408558185284 0.07751222757192758 0.07730438159062313
0 0.5943855872521033 0.5708754612849309 0.015123073871319111 0.015278302706204928
0 0.12840679975656363 0.8591566819411057 0.014540855701153096 0.014436428363506611
0 0.13103699684143066 0.16927326642549956 0.02885282956636869 0.028979925008920524
0 0.4281155512883113 0.8137278190025916 0.01937264662522536 0.01965155968299279
0 0.8126436380239633 0.10444866693936862 0.061356617854191706 0.059221469438993014
0 0.8208916737483098 0.7939792779775766 0.01964407700758714 0.019719343919020433
0 0.8414782010591947 0.4073523741502028 0.024931981013371393 0.025022066556490384
0 0.4888772964477539 0.43087078974797177 0.01475070073054387 0.014658707838792067
0 0.43323322442861706 0.9009867448073167 0.016093620887169473 0.01613587599534255
0 0.20438120915339544 0.8491601210374099 0.0168764407818134 0.017102755033052884
0 0.48717344724214995 0.8468937507042518 0.025312130267803486 0.023641439584585335
0 0.6128250268789438 0.7029711649968073 0.016966893122746393 0.016791417048527643
0 0.6557623789860652 0.6565780639648438 0.02134367135854868 0.02118066641000601
0 0.3318656041071965 0.6014653352590708 0.014949651864858774 0.015233406653771034
0 0.521078843336839 0.8771305084228516 0.026264043954702523 0.0263064457820012
0 0.40762123694786656 0.840725825383113 0.015037976778470553 0.015868553748497598
0 0.48702166630671573 0.3350867491502028 0.027531990638146035 0.02763029245229868
0 0.4797780697162335 0.11978302552149846 0.021919764005220853 0.021306478060208835
0 0.8196314298189603 0.6723943857046274 0.014154580923227163 0.014027228722205529
0 0.18582938267634466 0.13169710452740008 0.014737936166616587 0.014887479635385366
0 0.16153423602764422 0.28627645052396333 0.029009681481581468 0.028946363008939303
0 0.39514919427724987 0.5932136315565842 0.01749112055851863 0.017913378201998197
0 0.44217564509465146 0.8092184800368089 0.01779769017146184 0.017624781681941107
0 0.5146284836989182 0.8144950133103591 0.02010682912973257 0.021152789776141826
0 0.8243280557485727 0.18266980464641863 0.03384663508488582 0.03393712410560021
0 0.5616934849665716 0.8514533409705529 0.027168934161846455 0.027725953322190505
0 0.3134768192584698 0.9896385486309345 0.030722544743464544 0.019218884981595553
0 0.7294752414409931 0.8745064368614783 0.019881175114558294 0.020231100229116585
0 0.16222513639009917 0.8738826604989859 0.015022204472468449 0.015018903292142428
0 0.6458428456233098 0.7610770005446214 0.021865257850060098 0.021758446326622598
0 0.21626923634455755 0.629546385544997 0.023685528681828424 0.023746490478515625
0 0.4803145481989934 0.0077074789083921 0.020912977365347054 0.014595460433226366
0 0.4673695197472206 0.9551771604097806 0.02867463918832632 0.028999915489783652
0 0.4763687207148625 0.8724735700167142 0.02394236051119291 0.023388202373798076
0 0.28154439192551833 0.5955835489126352 0.014017691979041466 0.013779860276442308
0 0.15393385520348182 0.9183227832500751 0.017050889822152946 0.017140902005709134
0 0.44140390249399036 0.47330529873187727 0.013771937443659855 0.014407157897949219
0 0.5867435015164889 0.09195780754089355 0.017162909874549277 0.017171859741210938
0 0.6505705760075495 0.7388663658728967 0.019217564509465143 0.019457010122445915
0 0.1975710575397198 0.8148717146653396 0.02256635519174429 0.022797804612379808
0 0.3137160081129808 0.4103664985069862 0.033422305033757135 0.03353595733642578
0 0.8578327619112455 0.91008787888747 0.022331384512094352 0.02234062781700721
0 0.499631588275616 0.7895567967341497 0.023726536677433893 0.0237887455866887
0 0.17605876922607422 0.8009441082294171 0.028419054471529447 0.02714670621431791
0 0.31463934825016904 0.9584476764385517 0.01482684795673077 0.014718569242037259
0 0.33118464396550107 0.6045302611130935 0.015706869272085335 0.015957465538611777
0 0.43164634704589844 0.4760571626516489 0.015410423278808594 0.015425021831805889
0 0.19559775865994966 0.8116017121535081 0.016833011920635518 0.017082947951096755
0 0.17870807647705078 0.7934520427997296 0.03329687852125902 0.035205841064453125
0 0.33105894235464245 0.6081666212815505 0.014678221482496995 0.014940408559945913
0 0.8369183173546424 0.6099089108980619 0.0296328617976262 0.029908400315504808
0 0.6767583993765024 0.7782399104191706 0.021451216477614183 0.023343893197866585
