0 0.7926770723783053 0.17867748553936297 0.13644291804387018 0.1372116620724018
0 0.8097360317523663 0.602384090423584 0.10166711073655349 0.10084174229548527
0 0.8120071704571064 0.4294257164001465 0.04808132465069111 0.04826912513146034
0 0.9539590982290415 0.6504498995267428 0.03744154710036058 0.05236552311823918
0 0.5373054651113657 0.4839518620417668 0.03720841040978065 0.03712962223933293
0 0.14206922971285307 0.6340811802790716 0.03469525850736178 0.0347137451171875
0 0.8834420717679538 0.09969540742727426 0.03437482393704928 0.034585732680100664
0 0.4330084507281964 0.7846254202035757 0.025885875408466045 0.026215479924128607
0 0.8238408015324519 0.8568327977107122 0.031429290771484375 0.03155106764573317
0 0.6943200184748723 0.947884046114408 0.0339359870323768 0.03447048480694111
0 0.8855137458214393 0.18510844157292292 0.026768317589393027 0.026535914494441107
0 0.18291121262770432 0.5796750508821927 0.03351369270911583 0.03359149052546574
0 0.425264468559852 0.7070786402775691 0.03710644061748798 0.037116710956280045
0 0.3218814776493953 0.5974948222820575 0.02558473440317007 0.025458482595590446
0 0.6817810352032001 0.020951569080352783 0.03224592942457933 0.0321969435765193
0 0.6080788832444411 0.947630368746244 0.027282127967247598 0.027080682607797477
0 0.8357298924372747 0.8150064028226413 0.021525749793419473 0.021555387056790866
0 0.9607931283804086 0.2827128813816951 0.022346056424654447 0.024448248056265023
0 0.6333703261155349 0.9452175727257361 0.02419310349684495 0.024283482478215143
0 0.4341716766357422 0.454313534956712 0.019560740544245794 0.019460237943209134
0 0.5809324704683744 0.8557516244741586 0.023221382727989785 0.02332276564378005
0 0.4907781160794772 0.6457130725567157 0.02828069833608774 0.028285980224609375
0 0.5439004531273475 0.5224394064683181 0.020630469689002402 0.020720555232121393
0 0.09480635936443622 0.8824118100679837 0.03309073814978966 0.03296661376953125
0 0.690768682039701 0.38675623673659104 0.019220645611102764 0.01902184119591346
0 0.16054067244896522 0.14763430448678824 0.024830121260422926 0.024779576521653395
0 0.4962737010075496 0.576439197246845 0.02275422903207632 0.02271124032827524
0 0.9430907322810247 0.47507198040301984 0.023304865910456732 0.02313833970289964
0 0.914757068340595 0.663640022277832 0.01816382774939904 0.018343558678260215
0 0.8514238504263071 0.7226737095759466 0.02008672860952524 0.020055624154897835
0 0.2990831228402945 0.760995131272536 0.017798570486215446 0.017850142258864183
0 0.7593759390024039 0.7784756880540115 0.025123742910531852 0.025106283334585335
0 0.636700703547551 0.34991345038780797 0.02740302452674279 0.027406839224008415
0 0.1085350880256066 0.3997825475839468 0.02172371057363657 0.021926293006310098
0 0.7624545464148889 0.49694233674269456 0.02222618689903846 0.022352291987492487
0 0.5737457275390625 0.07590984381162204 0.030716969416691706 0.030640950569739707
0 0.4537200194138747 0.6035457024207482 0.01633475377009465 0.016501793494591348
0 0.8187519953801081 0.8258040501521184 0.020443256084735576 0.020405109112079326
0 0.8136467566856971 0.9395702068622296 0.020583226130558893 0.020268366887019232
0 0.0647294154533973 0.47043338188758266 0.029597759246826172 0.029921751755934495
0 0.6637003971980169 0.5585883213923528 0.01662269005408654 0.01668856694148137
0 0.8993453979492188 0.35700343205378604 0.01618018517127404 0.016307904170109674
0 0.5131220450768104 0.763916015625 0.01781610342172476 0.017859532282902643
0 0.04963238881184505 0.6838153692392203 0.016276469597449668 0.016186934251051683
0 0.5653239763700045 0.9843466098491962 0.016516758845402643 0.016581902137169473
0 0.8736449021559495 0.2026048440199632 0.020227578970102165 0.020344110635610726
0 0.9202346801757812 0.49287073428814226 0.017039372370793268 0.016872112567608174
0 0.8674567295954778 0.7501854529747596 0.018585791954627402 0.018923245943509616
0 0.5872298754178561 0.1341257278735821 0.01804219759427584 0.018195335681621846
0 0.44582022153414214 0.8865865560678335 0.01597008338341346 0.016033759483924277
0 0.12082848182091346 0.16208648681640625 0.016252921177790716 0.01618781456580529
0 0.7066816183236929 0.9650994814359225 0.016230069673978366 0.016300201416015625
0 0.9131052310650165 0.5614783213688777 0.017774288470928486 0.018035888671875
0 0.5162105560302734 0.7269739004281851 0.016565909752478965 0.016190455510066107
0 0.6626679347111628 0.36696617419903094 0.022428365854116585 0.022619247436523438
0 0.8986360109769381 0.5936552928044245 0.016420657818134014 0.016386032104492188
0 0.16722393035888672 0.5120066862839919 0.016985673170823317 0.01711728022648738
0 0.27564257841843826 0.5110992651719314 0.023104154146634616 0.023073123051570013
0 0.21129175332876352 0.06016833965594952 0.01951731168306791 0.019362266247089092
0 0.7377615708571214 0.4796740825359638 0.026217533991887018 0.02634429931640625
0 0.35512304306030273 0.4204615813035231 0.02017057858980619 0.02020263671875
0 0.09553227057823768 0.9406760289118841 0.02097012446476863 0.02088297330416166
0 0.920287352341872 0.33154109808114857 0.015934870793269232 0.016108879676231973
0 0.9226232675405649 0.6512729938213642 0.019108112041766826 0.018908133873572715
0 0.8772396674522986 0.22552785506615272 0.017005333533653848 0.016992495610163763
0 0.9149571932279147 0.3172704256497897 0.015702467698317308 0.015607687143179087
0 0.1627213037931002 0.44578145100520206 0.02149812991802509 0.021330539996807393
0 0.06999962604962863 0.45492062201866734 0.0248335416500385 0.025353651780348558
0 0.8111109366783729 0.7375394381009616 0.020107269287109375 0.020145122821514424
0 0.26571112412672776 0.818995842566857 0.02918690901536208 0.029164534348707933
0 0.6136019780085638 0.15494221907395583 0.014963296743539663 0.014899318034832295
0 0.4896986667926495 0.9522345616267278 0.016750629131610576 0.01668401864858774
0 0.49907724673931414 0.02726050065113948 0.015532566950871395 0.014971219576322116
0 0.4115142088669997 0.7501407770010141 0.01910987267127404 0.01925791226900541
0 0.5169039506178635 0.5841781909649189 0.01581720205453726 0.015559709989107572
0 0.03291619740999662 0.751800903907189 0.013681925260103665 0.022487933819110576
0 0.8143969315748948 0.4981779685387245 0.013919243445763221 0.013844123253455529
0 0.877009758582482 0.13923150759476882 0.016872699444110576 0.016983197285578802
0 0.5266786355238694 0.9650403536283053 0.022277171795184795 0.02240606454702524
0 0.5165323110727164 0.17119825803316557 0.014872330885667067 0.014755982619065505
0 0.6458096137413611 0.18894081849318284 0.017269134521484375 0.01742707766019381
0 0.6815044696514423 0.9772283113919772 0.018953470083383415 0.01915124746469351
0 0.7037798808171198 0.2181218037238488 0.06737782404972957 0.06798502115102914
0 0.68902404491718 0.0710131571843074 0.019843028141902044 0.02010523355924166
0 0.3795793973482572 0.565787462087778 0.014185685377854567 0.0143585205078125
0 0.7616131122295673 0.6974613483135517 0.018526517427884616 0.018304971548227165
0 0.17391586303710938 0.5373200269845816 0.015822630662184495 0.015805757962740384
0 0.47028270134559047 0.13230415490957406 0.018292793860802285 0.018516687246469352
0 0.9044519571157602 0.5282476131732647 0.015040030846228966 0.014848268949068509
0 0.4870329269996056 0.7094604785625751 0.017141268803523138 0.017772674560546875
0 0.8862594457773062 0.15358002369220441 0.01766483600323017 0.01766681671142578
0 0.19551728321955755 0.0315399720118596 0.017145743736853965 0.01735078371488131
0 0.18965930205125076 0.4435855792118953 0.015502636249248799 0.015462948725773739
0 0.48197298783522385 0.7380511944110577 0.02245932358961839 0.022438929631159857
0 0.5176894114567683 0.3408958728496845 0.01560519291804387 0.015871634850135215
0 0.43570826603816104 0.025171694847253654 0.015605853154109074 0.015853560887850247
0 0.5348018132723295 0.15456659977252668 0.015266858614408053 0.015270636631892277
0 0.19871220221886268 0.23851719269385704 0.015394944411057692 0.015582524813138522
0 0.8202181596022385 0.927433600792518 0.017990699181189902 0.017658527080829326
0 0.3085704216590294 0.908368550814115 0.018459155009343073 0.01830746577336238
0 0.3136736796452449 0.11851926950307992 0.015027192922738882 0.015113537128155049
0 0.6169151893028846 0.1898502569932204 0.02267309335561899 0.022536424490121696
0 0.9260581089900091 0.2272959855886606 0.016009697547325723 0.01591656758235051
0 0.966333976158729 0.8286261925330529 0.014261685884915866 0.015033721923828125
0 0.20766606697669396 0.17359286088209885 0.01598666264460637 0.015944407536433294
0 0.3574112378633939 0.8340151126568134 0.022167059091421273 0.021475865290715143
0 0.7243628868689904 0.45988009526179385 0.014405030470628005 0.014445965106670674
0 0.36394757490891677 0.724042012141301 0.01619749802809495 0.01617578359750601
0 0.8928856482872596 0.37653636932373047 0.014261245727539062 0.014199770413912259
0 0.19414978760939378 0.13036716901339018 0.01434637950016902 0.014330900632418118
0 0.08978469555194561 0.33238330254187953 0.018367217137263372 0.018337249755859375
0 0.10893064278822678 0.4746902905977689 0.019005518693190355 0.019013331486628607
0 0.8729110130896935 0.5041880240807166 0.014004927415114183 0.013950347900390625
0 0.3099408516517052 0.48823341956505406 0.01703352194565993 0.016942904545710638
0 0.033923593851236195 0.817526597243089 0.015534070821908804 0.016089219313401442
0 0.9442329406738281 0.10449323287376991 0.023622659536508415 0.023279116703913763
0 0.04528522032957811 0.861115235548753 0.02118065724006066 0.021689928494966947
0 0.12983083724975586 0.48361756251408505 0.015355476966271034 0.015477400559645433
0 0.5207064701960638 0.2633350078876202 0.014126410851111779 0.01441053243783804
0 0.06346642971038818 0.02518511047730079 0.014208353482759915 0.014498715217296895
0 0.8788169714120718 0.6807589897742639 0.01549999530498798 0.015190711388221154
0 0.7677006354698768 0.8233357943021334 0.013695643498347355 0.01359264667217548
0 0.9292219602144681 0.463525441976694 0.014406937819260817 0.01452167217548077
0 0.34390926361083984 0.32088144008929914 0.032174330491286054 0.03217653127817007
0 0.8046515538142278 0.6856531730064979 0.025294083815354567 0.025357466477614183
0 0.3465520418607272 0.24806363766009992 0.07572042025052585 0.07524732443002555
0 0.2822891932267409 0.6963134912344126 0.014400115379920373 0.014448019174429087
0 0.07796742365910457 0.18043123758756197 0.014590185422163744 0.014550172365628757
0 0.6886733862069937 0.6093502411475549 0.0214999272273137 0.021420918978177585
