0 0.6707543593186599 0.7199792128342849 0.06130834726186899 0.061655631432166465
0 0.4838991165161133 0.595121823824369 0.05866182767427885 0.058765558096078724
0 0.5596862939687876 0.3133711814880371 0.10936194199782151 0.10824269514817458
0 0.12885220234210676 0.9307461518507737 0.03333097237807054 0.033005787776066706
0 0.05432558059692383 0.5107735853928786 0.022736824475801908 0.022807781512920674
0 0.09343543419471154 0.8538334186260517 0.02300735620351938 0.023141127366286058
0 0.7582912445068359 0.009677301232631389 0.026222815880408652 0.01831294710819538
0 0.30911548321063703 0.09859103422898513 0.02961107400747446 0.029836141146146335
0 0.7165232438307542 0.5144232970017654 0.037308766291691706 0.03746238121619591
0 0.6210135679978591 0.8951902389526367 0.044773101806640625 0.04420133737417368
0 0.8281418726994441 0.7557926177978516 0.03803884066068209 0.038469167856069714
0 0.13175139060387245 0.774567383986253 0.022335896125206582 0.022236163799579326
0 0.3123001685509315 0.23170850827143744 0.02275738349327674 0.02268530772282527
0 0.6601430452786959 0.5781685022207407 0.026889507587139424 0.026961106520432692
0 0.5279379624586839 0.8942271012526292 0.022735742422250602 0.02295097937950721
0 0.6064328046945425 0.4621918751643254 0.02419288341815655 0.02404506389911358
0 0.15518764349130484 0.7236791757436899 0.019528764944810133 0.019475496732271634
0 0.8997227595402644 0.08990192413330078 0.023189251239483174 0.023183859311617337
0 0.27368857310368466 0.6044183511000413 0.024054197164682243 0.024097956143892728
0 0.8616799574631911 0.6689629187950721 0.022818345289963942 0.022876152625450723
0 0.5129573528583233 0.6963120974027194 0.024397776677058294 0.024682265061598558
0 0.7543307084303635 0.5170413163992075 0.032820481520432696 0.032385752751277044
0 0.07328698268303505 0.41489601135253906 0.024985038317166842 0.024904397817758415
0 0.879368415245643 0.6140849773700421 0.042858270498422474 0.04286413926344652
0 0.18035026697012094 0.1786207602574275 0.033412786630483776 0.03323243214533879
0 0.26780086297255296 0.4359589356642503 0.024488412416898288 0.02454346876878005
0 0.7206436303945688 0.47769935314471906 0.032666573157677285 0.03309961465688852
0 0.5690027383657602 0.6941669170673077 0.01887658926156851 0.01865973839393029
0 0.9247278066781851 0.7603262387789212 0.018444354717548076 0.01836087153508113
0 0.15230723527761605 0.9402550917405349 0.018785843482384317 0.01882597116323618
0 0.09411030549269456 0.36802152486947864 0.017804329211895283 0.01762668903057392
0 0.2567101808694693 0.15626379159780648 0.03541707992553711 0.03564452208005465
0 0.8992256017831656 0.9376968970665565 0.09580480135404147 0.09564883892352764
0 0.43859324088463414 0.4205268713144156 0.019016559307391826 0.01909945561335637
0 0.33388875080988956 0.2876236622150128 0.016599581791804388 0.01665357443002554
0 0.5633361522967999 0.9689153524545523 0.021223948552058294 0.021392822265625
0 0.2664491946880634 0.30402245888343227 0.01781353583702674 0.017817570612980768
0 0.2565173002389761 0.1190803784590501 0.018331307631272536 0.018220864809476413
0 0.4762903360220102 0.4801319929269644 0.05072652376615084 0.05083803030160757
0 0.2201231809762808 0.4588377292339618 0.01873625241793119 0.018788851224459134
0 0.17508462759164664 0.24834244067852312 0.02574458489051232 0.025876705463115986
0 0.21211829552283654 0.41630788949819714 0.019229045281043418 0.01929752643291767
0 0.1824631690979004 0.5313530335059533 0.017322466923640326 0.017212941096379206
0 0.13782067482288068 0.4412353222186749 0.017370242338914137 0.017350270197941706
0 0.12407505512237549 0.031261297372671276 0.03395185103783241 0.03371295562157264
0 0.21750692220834586 0.8431779421292819 0.07363003950852615 0.07220282921424279
0 0.5957468472994291 0.9133250896747296 0.03730157705453726 0.03789608295147236
0 0.4611181846031776 0.7002870119535006 0.023497801560621995 0.02349677452674279
0 0.786105229304387 0.4836521882277269 0.031829540546123795 0.031660813551682696
0 0.6987097079937274 0.10422156407282902 0.016560921302208535 0.016501169938307542
0 0.43791719583364636 0.36620506873497594 0.015997960017277643 0.016143652108999398
0 0.13750320214491624 0.5503659615149865 0.02448694522564228 0.024451182438777044
0 0.4496627587538499 0.71033448439378 0.027436109689565804 0.027156829833984375
0 0.1828306088080773 0.6497462346003606 0.02137129123394306 0.021323570838341348
0 0.6407105372502253 0.4967502447275015 0.02060112586388221 0.020574129544771634
0 0.4612049689659706 0.44408438755915713 0.03550844926100511 0.03580738947941707
0 0.5414178188030536 0.9137825599083533 0.020550287686861478 0.020701481745793268
0 0.5613934443547175 0.5244964086092435 0.018377010638897236 0.01828611814058744
0 0.8439012674184946 0.11391338935265174 0.017960768479567308 0.017775792341965895
0 0.07188012049748348 0.5371460547814002 0.015693481151874248 0.015665641197791465
0 0.7495755415696365 0.8110681680532602 0.022194495567908652 0.022222078763521634
0 0.24800865466778094 0.3569346207838792 0.01633625764113206 0.01634069589468149
0 0.6982930990365835 0.49619329892672026 0.021003136268028848 0.020983035747821514
0 0.41628103989821214 0.35414185890784633 0.01588571988619291 0.01567833240215595
0 0.14898380866417518 0.4730033507713905 0.016055950751671426 0.015862538264347956
0 0.5038589330819937 0.9895773667555589 0.01836424607496995 0.0173336909367488
0 0.49419579139122594 0.25534571134127104 0.035180898813100964 0.035597654489370495
0 0.5459178044245794 0.3793310018686148 0.02507950709416316 0.025069603553185098
0 0.2385551379277156 0.04075367175615751 0.01740103501539964 0.017499281809880182
0 0.15727622692401594 0.31848713067861706 0.015067100524902344 0.015022717989408053
0 0.8372180645282452 0.012569998319332417 0.017331930307241585 0.01737818351158729
0 0.5063980542696439 0.40351467866163987 0.01671438950758714 0.016611612760103665
0 0.7157266323383038 0.4228015679579515 0.03421504680926983 0.034338731032151446
0 0.6352339524489182 0.8776937631460336 0.027479025033804085 0.028212914100060098
0 0.4729876151451698 0.4122473643376277 0.029056549072265625 0.029124039870042067
0 0.6119189629187951 0.506136050591102 0.038163992074819714 0.03811352069561298
0 0.8953459813044622 0.8036950184748723 0.11443901062011719 0.11339613107534555
0 0.8162053181574895 0.014155501356491676 0.015712738037109375 0.015877881875404946
0 0.8870799724872296 0.5601254976712741 0.025310222919170674 0.025412779587965745
0 0.1470970740685096 0.7477593055138221 0.016898338611309346 0.016882676344651442
0 0.386356940636268 0.47563618880051833 0.05724540123572716 0.0566401848426232
0 0.5434127220740685 0.4329377321096567 0.020975626431978665 0.021074441763070915
0 0.24100696123563325 0.6071101702176608 0.01509842505821815 0.015021690955528846
0 0.20930018791785607 0.8065272844754733 0.0376124748816857 0.03739107572115385
0 0.2800678840050331 0.8991845937875601 0.02183048541729267 0.02164283165564904
0 0.9283473675067608 0.24068311544565055 0.04055287287785457 0.040203241201547474
0 0.840228007389949 0.651856202345628 0.02465233435997596 0.024693122276893027
0 0.861659049987793 0.710319078885592 0.025594271146334134 0.025786619919996995
0 0.6558123368483323 0.8227172998281626 0.023929302509014424 0.024237852830153245
0 0.47104542072002703 0.39082006307748646 0.022616753211388223 0.02311222369854267
0 0.7334671020507812 0.23453459372887245 0.015065559974083534 0.015013621403620793
0 0.876101200397198 0.785604843726525 0.015566752507136418 0.01566916245680589
0 0.8845348358154297 0.8016122671274039 0.019086397611177884 0.018925593449519232
0 0.6016389406644381 0.16253166932326096 0.015716699453500602 0.015642606295072116
0 0.6859408158522385 0.5209518212538499 0.0300601078913762 0.030536138094388522
0 0.13520935865548941 0.24579279239361101 0.030665122545682467 0.031097778907189004
0 0.21318870324354905 0.512661310342642 0.01856715862567608 0.01841141627385066
0 0.46032824883094203 0.3427885495699369 0.02539664048414964 0.025582386897160456
0 0.676488656264085 0.14601275554070106 0.014118194580078125 0.01404272592984713
0 0.3240409264197716 0.9757140232966497 0.019574385422926683 0.01950865525465745
0 0.8472124246450571 0.5976321147038386 0.029013853806715745 0.029666900634765625
0 0.8641843795776367 0.5744342803955078 0.025159248938927285 0.025089410635141227
0 0.04632152502353375 0.5309890600351187 0.016654720673194297 0.01655409886286809
0 0.4900258504427396 0.6570844650268555 0.027370599599984977 0.02647253183218149
0 0.5416195942805364 0.40428473399235654 0.028055557837853067 0.028146817133976862
0 0.1427694192299476 0.01000857582459083 0.026307417796208307 0.018881655656374417
0 0.05313721986917349 0.27508150614224947 0.017008121197040264 0.01709780326256385
0 0.8205092503474309 0.980979479276217 0.06195772611177885 0.03552803626427284
0 0.8694177774282602 0.4806197239802434 0.017658820519080527 0.017712813157301683
0 0.21881595024695763 0.02326137973712041 0.016457264239971455 0.016423009909116305
0 0.1571066562946026 0.6077062166654147 0.014311726276691143 0.014136387751652645
0 0.14997375928438628 0.8646193284254807 0.014778320605938252 0.014642862173227163
0 0.7831890399639423 0.7574926523061899 0.05501468365009014 0.05449412419245793
0 0.22971615424522987 0.16764068603515625 0.01518550285926232 0.015035665952242337
0 0.3218276317302997 0.9916187433096079 0.01765295175405649 0.013728508582481971
0 0.6439185509314904 0.8281414325420673 0.02370482224684495 0.023329954880934495
0 0.9564219254713792 0.6890901418832632 0.01411731426532452 0.02254310021033654
0 0.6793720538799579 0.6423620077279898 0.018607212946965143 0.018590340247521035
0 0.7095201932466947 0.8823647865882287 0.016464380117563102 0.016299614539513223
0 0.8115120667677659 0.7161138241107647 0.046920482928936295 0.04647152240459736
0 0.8932134188138522 0.48618588080772984 0.015187777005709134 0.015226657573993389
0 0.15778202276963454 0.7756866308359 0.02355172083928035 0.023397298959585335
0 0.45017579885629505 0.39382457733154297 0.020905568049504206 0.020886641282301683
0 0.15639147391686073 0.8750031544612005 0.017388013693002555 0.017430818997896634
0 0.47174468407264125 0.5437326431274414 0.022446705744816706 0.022187453049879808
0 0.61963440821721 0.3422032136183519 0.02785976116473858 0.02734228280874399
0 0.5755243301391602 0.10692988909207858 0.01422419914832482 0.014177395747258114
0 0.8994384912344126 0.6874283277071439 0.027512623713566706 0.02736942584698017
0 0.6853639162503756 0.5448463880098783 0.01953125 0.019679729755108174
0 0.14709758758544922 0.1837928845332219 0.023612132439246543 0.023238768944373496
0 0.11540548618023212 0.16553418452923113 0.015777789629422702 0.015942756946270283
0 0.27826949266287 0.860225090613732 0.03196437542255108 0.03211270845853365
0 0.4891264255230243 0.43930497536292445 0.017931571373572715 0.018294701209435098
0 0.07763140018169697 0.39598765740027797 0.01720705399146447 0.01717655475323017
0 0.19559110127962553 0.12421043102557842 0.01588289554302509 0.015934577355018027
0 0.4776202348562387 0.5261018459613507 0.05232040698711689 0.05330922053410457
0 0.5253145511333759 0.20996596263005182 0.015348727886493389 0.015416145324707031
0 0.6792892309335562 0.3868200962360089 0.02380532484788161 0.02348012190598708
0 0.597349790426401 0.4817738166222206 0.021112368657038763 0.021239354060246393
0 0.23108397997342622 0.6749911675086389 0.016881869389460638 0.017148384681114785
0 0.19896459579467773 0.39127184794499326 0.015328260568472056 0.015169803912823018
0 0.5076402517465445 0.15456759012662447 0.01459033672626202 0.014486092787522536
0 0.1646752540881817 0.22660161898686335 0.022063768826998197 0.0224610475393442
0 0.8832278618445764 0.08824283343095046 0.01397705078125 0.01406249633202186
0 0.6947598090538611 0.5749813960148737 0.0344396737905649 0.0346064934363732
0 0.3282126279977652 0.9595986879788913 0.016344510591947116 0.016491816594050482
0 0.3624774125906137 0.5775101001446064 0.014761557945838341 0.014788260826697716
0 0.4416789274949294 0.5276192885178786 0.016674628624549277 0.016841888427734375
0 0.6013778539804312 0.635041016798753 0.11581934415377103 0.11654167908888596
0 0.6536576931293194 0.4572738867539626 0.03190759512094351 0.031966869647686295
0 0.8523010840782752 0.5542626747718225 0.018990736741286058 0.018639784592848558
0 0.05871225320375883 0.3961685620821439 0.014754111950214092 0.014660981985238882
0 0.2811603546142578 0.7616615295410156 0.09334483513465294 0.09601651705228366
0 0.45323599301851714 0.708375123830942 0.03030248788686899 0.028677867009089544
0 0.07908869706667386 0.5255532631507287 0.01810935827401968 0.01799928225003756
0 0.3412367013784555 0.01960220015965975 0.01573327871469351 0.015737203451303337
0 0.4484673279982347 0.6073166773869441 0.021021329439603366 0.021222481360802285
0 0.7113819122314453 0.9824000138502854 0.015919905442457933 0.015979620126577523
0 0.5633710714486929 0.7644109725952148 0.017899586604191706 0.017783091618464544
0 0.8028240203857422 0.8027425912710336 0.014616159292367788 0.014559672429011418
0 0.3489336600670448 0.6720329431387094 0.01647024888258714 0.01727148202749399
0 0.6505490816556491 0.4654717812171349 0.021715751061072715 0.02187831585223858
0 0.07947170734405518 0.21993204263540414 0.014008100216205303 0.013878382169283353
0 0.9299778571495643 0.3889920161320613 0.03157483614408053 0.031660813551682696
0 0.3677798784696139 0.21074810394873986 0.013782061063326322 0.013411118434025692
0 0.8564620384803185 0.20752708728496844 0.015143174391526442 0.0150758303128756
0 0.48245914165790266 0.671143311720628 0.017225999098557692 0.016585570115309495
0 0.2440652847290039 0.060330867767333984 0.01497334700364333 0.01485580664414626
0 0.8527575272780198 0.5163769721984863 0.03547228299654447 0.035256385803222656
0 0.3513793578514686 0.8329184605525091 0.0146635495699369 0.014840346116286058
0 0.4832647763765775 0.7140056903545673 0.015096664428710938 0.015087127685546875
0 0.6500985072209284 0.8263591619638296 0.029649881216195915 0.028399540827824518
0 0.5345976169292743 0.4001586620624249 0.019011497497558594 0.019153301532451924
0 0.1868452108823336 0.10629991384652945 0.014060057126558743 0.014223795670729417
0 0.6841898698073167 0.5161060920128455 0.02313995361328125 0.024534005385178786
0 0.2879816935612605 0.2293226168705867 0.014389551602877103 0.01465746072622446
0 0.10716951810396634 0.14551142545846793 0.015546468588022085 0.015383280240572415
0 0.5328731903663049 0.3992461424607497 0.014464451716496395 0.015302071204552284
0 0.3623542785644531 0.6713752012986404 0.014130959144005409 0.014231608464167668
0 0.16913182918842024 0.2135774539067195 0.025119781494140625 0.02413801046518179
0 0.6734495896559495 0.48122596740722656 0.036115206204927884 0.03714708181527945
0 0.23536053070655236 0.657594240628756 0.014583917764516978 0.015378805307241587
0 0.6743748004619892 0.498046875 0.014672205998347355 0.01434920384333684
0 0.16604113578796387 0.22286011622502253 0.025653729071983926 0.025234295771672174
0 0.5566773047814002 0.9794244032639724 0.014224859384390024 0.013937876774714543
0 0.632081178518442 0.363313968365009 0.01279742901141827 0.013035994309645433
