0 0.5286221137413611 0.06655765496767484 0.06472044724684495 0.06564868413485013
0 0.13016040508563703 0.5425402567936823 0.0616150635939378 0.07509642380934495
0 0.24975301669194147 0.6672008220966046 0.03641311938946064 0.03642625075120192
0 0.36232669536884016 0.9071419789240911 0.0789174299973708 0.07865392244779147
0 0.58655151954064 0.3538874112642728 0.04280427786020132 0.042972491337702826
0 0.8041521219106821 0.760882304264949 0.022757603571965143 0.022847689115084134
0 0.6080236434936523 0.4981241959791917 0.060413213876577526 0.06064341618464543
0 0.12754027660076434 0.3278643534733699 0.027398439554067757 0.02756162790151743
0 0.4570928720327524 0.8411805079533503 0.04201287489670973 0.042188057532677285
0 0.8070506315964919 0.03146357719714825 0.028027754563551683 0.02820581656235915
0 0.5112804266122671 0.6264119515052209 0.04544551555926983 0.04565282968374399
0 0.4954235370342548 0.713622313279372 0.06717711228590745 0.0672293442946214
0 0.45742056919978213 0.6759064014141376 0.054578340970552884 0.05486708420973558
0 0.24666654146634615 0.6074101374699519 0.022176302396334134 0.02215268061711238
0 0.27126569014329177 0.9140409322885367 0.02370599599984976 0.023723895733173076
0 0.4015081845797025 0.4674215316772461 0.021243535555326022 0.021092341496394232
0 0.22637682694655198 0.3826701824481671 0.1217664571908804 0.12121141873873197
0 0.32760942899263823 0.9410276412963867 0.02758055466871995 0.027516585129957933
0 0.22295548365666315 0.9659110582791842 0.026814827552208535 0.02686940706693209
0 0.18610002444340631 0.11192480417398307 0.049108651968149036 0.049620554997370794
0 0.1970837116241455 0.6778494027944711 0.02297368416419396 0.022753201998197116
0 0.8170570960411658 0.3107511813823993 0.05986580481896034 0.060178976792555586
0 0.29863672990065354 0.41462105971116286 0.03728081629826473 0.037058316744290866
0 0.6324457755455604 0.5658019872812124 0.07754766024076022 0.07596529447115384
0 0.16982698440551758 0.5061013148381159 0.01951151627760667 0.019822340745192308
0 0.5352116364699143 0.22777375808128944 0.028653878432053786 0.02888796879695012
0 0.3034387551821195 0.892849115224985 0.07412077830387996 0.07357142521784855
0 0.4219702940720778 0.637454106257512 0.07947642986591046 0.07943168053260216
0 0.27616332127497745 0.20403652924757737 0.04148043118990385 0.04185152053833008
0 0.6397732954758865 0.7479366889366736 0.04479232201209435 0.04440659743088942
0 0.4079739497258113 0.8858362344595102 0.05123402522160457 0.049491588885967545
0 0.5769957762498122 0.09347600203294021 0.018587259145883415 0.018560097767756537
0 0.13838733159578764 0.4488055522625263 0.021577064807598408 0.02163094740647536
0 0.23597024037287787 0.10612839918870193 0.053410970247708835 0.0541846201970027
0 0.6172127356896033 0.013834941845673781 0.030768614548903245 0.025912500344789945
0 0.8158338253314679 0.9111873920147235 0.021051993736853965 0.02086918170635517
0 0.45711825444148135 0.5537143120398889 0.022060394287109375 0.02202122028057392
0 0.26662896229670596 0.3064723014831543 0.02007719186636118 0.020000384404109076
0 0.17246018923245943 0.2516661790701059 0.022176082317645732 0.022480524503267728
0 0.20859644963191107 0.5461111068725586 0.05210575690636268 0.05333783076359676
0 0.6864001934344952 0.0940860051375169 0.015933990478515625 0.015920565678523138
0 0.374823130094088 0.6322581951434796 0.01704722184401292 0.01703643798828125
0 0.70831298828125 0.4978944338285006 0.0220489501953125 0.022129205557016227
0 0.6567935943603516 0.7668307377741888 0.04025356586162861 0.04061537522536058
0 0.8443964444673978 0.50466643846952 0.06904807457557091 0.06956137143648587
0 0.655514643742488 0.3911144183232234 0.0299224853515625 0.029050460228553183
0 0.34875789055457485 0.7235642946683444 0.036495062021108776 0.03637255155123197
0 0.29541279719426083 0.6195559868445764 0.03557571998009315 0.03608032373281626
0 0.6778908509474534 0.11872246632209191 0.01594206003042368 0.016025854991032526
0 0.322662903712346 0.5859840833223783 0.0586248544546274 0.05864172715407152
0 0.7888778539804312 0.5131877752450796 0.017937733576847956 0.017880879915677585
0 0.669625502366286 0.41184091567993164 0.04140472412109375 0.04136048830472506
0 0.5807989560640775 0.05911329159369835 0.03687124985914964 0.03754623119647686
0 0.20324450272780198 0.4954310930692233 0.045825261336106524 0.04582008948692909
0 0.7757763495812049 0.968663582435021 0.017738929161658652 0.01752618642953726
0 0.3209685545701247 0.20418992409339318 0.017931718092698317 0.017847868112417366
0 0.7308251307560847 0.7074091984675481 0.01931175818810096 0.018836094782902643
0 0.8110743302565354 0.45262813568115234 0.07316853449894832 0.0739124004657452
0 0.5643163827749399 0.47998619079589844 0.02847143319936899 0.027960997361403245
0 0.8054507328913763 0.7992002047025241 0.024936089148888223 0.025203411395733174
0 0.3999331547663762 0.8035576893733098 0.029694777268629808 0.029396644005408652
0 0.48569602232712966 0.891318834744967 0.01694070375882662 0.016663771409254808
0 0.3137961534353403 0.1102461448082557 0.03085752633901743 0.03079982904287485
0 0.7325688142042893 0.6103544235229492 0.05585963909442608 0.056058443509615384
0 0.597252185528095 0.7894224020150992 0.05376302278958834 0.05321561373197115
0 0.8714558528019831 0.31627368927001953 0.01610389122596154 0.016304162832406852
0 0.8552850576547476 0.721705436706543 0.015802530141977165 0.015775680541992188
0 0.545405021080604 0.9890862978421725 0.029257554274338942 0.019832024207481973
0 0.3654632568359375 0.8475541334885818 0.034469971290001504 0.03434548011192909
0 0.2877635222214919 0.24822517541738656 0.016717910766601562 0.016666412353515625
0 0.2330310894892766 0.17902486140911394 0.052282553452711836 0.052201344416691706
0 0.4532216512239896 0.7501506805419922 0.043361737177922174 0.04382118811974159
0 0.2983213938199557 0.2874362285320575 0.04745292663574219 0.047405096200796276
0 0.6023281537569486 0.3909606199998122 0.08067776606633113 0.07907397930438702
0 0.6332459082970252 0.7958850860595703 0.02508691641000601 0.025101588322566107
0 0.4782846157367413 0.4895466657785269 0.05509537916917067 0.05603379469651442
0 0.587218871483436 0.4341016182532677 0.053905560420109674 0.053853401770958535
0 0.5012320371774527 0.3275320346538837 0.015165989215557393 0.015198414142315205
0 0.8786673912635217 0.20929444753206694 0.028809767503004808 0.028842889345609225
0 0.2929543348459097 0.10568554584796612 0.025977281423715446 0.02594757080078125
0 0.5745712060194749 0.2393378477830153 0.016796332139235277 0.016923904418945312
0 0.7277047817523663 0.9805434300349309 0.016988167395958535 0.017115959754356973
0 0.6438526740440955 0.16691802098200872 0.030323028564453125 0.0300977321771475
0 0.7341138399564303 0.925323486328125 0.03137705876277043 0.030738390409029447
0 0.6677519724919245 0.34366174844595104 0.016485947829026442 0.016458951509915866
0 0.5563501211313101 0.767823732816256 0.03807419996995192 0.03846549987792969
0 0.8372351573063777 0.7112904328566331 0.014616599449744591 0.014607943021334134
0 0.7304499699519231 0.20438814163208008 0.016770142775315505 0.01678180694580078
0 0.8931189316969651 0.5695956670320951 0.015103706946739784 0.01719218034010667
0 0.25676734630878156 0.7914242377647986 0.016670960646409255 0.016650860126201924
0 0.22652772756723258 0.5673028505765475 0.03919014563927284 0.038705605726975664
0 0.49215375460111177 0.23608743227445161 0.015554281381460337 0.01567561809833233
0 0.18187772310697115 0.529020749605619 0.04368253854604868 0.04256996741661659
0 0.1484214892754188 0.6571104343120868 0.0308684935936561 0.030100455650916465
0 0.30661346362187314 0.4963857944195087 0.035289947803203874 0.03505853506234976
0 0.12339601149925819 0.5969284497774564 0.019553514627309945 0.01982747591458834
0 0.4088514768160306 0.7479407970721905 0.06782817840576172 0.06643471351036659
0 0.3270055330716647 0.0818025882427509 0.02528799497164213 0.025338425086094782
0 0.13752297254709098 0.48726991506723255 0.019582161536583535 0.019457156841571514
0 0.3585715660682091 0.15836893595181978 0.015156159034142127 0.014920198000394382
0 0.5426497092613807 0.44019310290996844 0.020179235018216647 0.01981698549710787
0 0.5049756123469427 0.4405694374671349 0.04685079134427584 0.048062691321739785
0 0.7552322974571815 0.1823126719548152 0.01865416306715745 0.01887644254244291
0 0.2998353517972506 0.44039854636559117 0.04284330514761118 0.04223478757418119
0 0.8835123502291166 0.5311999687781701 0.031453646146334134 0.03251501230093149
0 0.24935401402986968 0.9369214864877554 0.01417834942157452 0.014331230750450721
0 0.38069629669189453 0.5739026436438928 0.027241633488581732 0.027081856360802285
0 0.7578889406644381 0.35226972286517805 0.03509257389948918 0.03503080514761118
0 0.331693722651555 0.8434417431171124 0.03101480924166166 0.031186030461237982
0 0.3534133250896747 0.3728907658503606 0.028324273916391227 0.028818717369666465
0 0.10527879458207351 0.777063956627479 0.01210485971890963 0.017329289362980768
0 0.3757038850050706 0.3708549646230844 0.017956366905799277 0.018075062678410456
0 0.16041113780095026 0.3696617346543532 0.11192352038163406 0.11400002699631911
0 0.3875750394967886 0.5511416288522574 0.01694517869215745 0.017145156860351562
0 0.8490568307729868 0.547091740828294 0.017516502967247598 0.01754914797269381
0 0.6968502631554236 0.16184205275315505 0.028459695669320915 0.028466187990628757
0 0.83155580667349 0.19247893186715934 0.03813626216008113 0.03804639669565054
0 0.26084131460923415 0.6341741268451397 0.02984013924231896 0.030166479257436898
0 0.3297170859116774 0.6416296592125525 0.0509340579693134 0.0510554680457482
0 0.1840057739844689 0.19644931646493766 0.014543570004976712 0.014629290654109074
0 0.7098705585186298 0.6455268859863281 0.014339447021484375 0.014364976149338942
0 0.1652869444627028 0.09458670249352089 0.027486544388991136 0.027707283313457783
0 0.6813540825477014 0.3165669074425331 0.016561068021334134 0.0167236328125
0 0.37703668154202974 0.09534083879910983 0.02573526822603666 0.025816000424898587
0 0.694271967961238 0.15772489401010367 0.033586355356069714 0.03363324128664457
0 0.7659813807560847 0.31691349469698393 0.029296288123497598 0.029565150921161357
0 0.2740934812105619 0.5383479044987605 0.03129086127647987 0.031686636117788464
0 0.5046253204345703 0.521557514484112 0.014918694129356971 0.015089475191556491
0 0.528838744530311 0.48829001646775466 0.03938132065993089 0.039081426767202526
0 0.2031062382918138 0.8748671458317683 0.015485616830679087 0.015798422006460335
0 0.4442550219022311 0.2616828771737906 0.015680606548602764 0.015828792865459736
0 0.4940332999596229 0.7592709614680364 0.039426216712364785 0.03926409207857572
0 0.8504825005164514 0.16234621634850135 0.03408094552847055 0.03348842950967642
0 0.38620438942542445 0.5376481276292068 0.014534363379845252 0.014975694509652944
0 0.79680662888747 0.7246570587158203 0.013783968411959134 0.013737311730018029
0 0.2345763353201059 0.4857188004713792 0.06736245522132286 0.06770992279052734
0 0.8311732365534856 0.3657619036160983 0.04011124830979567 0.040137951190655045
0 0.5703225135803223 0.5390718900240384 0.053994325491098255 0.05485666715181791
0 0.11153719975398137 0.5168945239140437 0.02373027801513672 0.0272826414841872
0 0.448026913862962 0.37536558738121617 0.016380676856407754 0.016403565040001504
0 0.45162010192871094 0.5258918175330529 0.03185206193190355 0.0308685302734375
0 0.545472291799692 0.2695605938251202 0.03294181823730469 0.03326907524695763
0 0.300764799118042 0.4650248747605544 0.01470327377319336 0.014831983126126803
0 0.8168010711669922 0.2707384916452261 0.0343475341796875 0.03416802332951473
0 0.4077008320735051 0.6841109349177434 0.046067311213566706 0.04714643038236178
0 0.2941753314091609 0.17618491099430963 0.026224723229041465 0.026582644535945013
0 0.7704159663273737 0.3713326087364784 0.03879987276517428 0.037887866680438705
0 0.341340945317195 0.7794576791616586 0.030351638793945312 0.03014681889460637
0 0.6002541321974534 0.15425803111149713 0.01577333303598257 0.015641203293433555
0 0.6314943020160382 0.9100508323082557 0.023583485529972956 0.023608867938701924
0 0.8704959429227389 0.4634516422565167 0.028303146362304688 0.0284579350398137
0 0.25282623217656064 0.9070697931142954 0.018717325650728665 0.01864756070650541
0 0.8487703616802509 0.1575161126943735 0.03709910466120793 0.03741653148944561
0 0.10904517540564904 0.020698228707680337 0.011779418358435998 0.01451941178395198
0 0.5476796810443585 0.4159957812382625 0.02482150151179387 0.02568472348726713
0 0.5619009458101712 0.507049927344689 0.019727120032677285 0.020005446213942308
0 0.88921752342811 0.4746073942918044 0.019100335928109977 0.020285679743840143
