0 0.40335596524752104 0.8287853827843299 0.038433148310734674 0.038455963134765625
0 0.31995571576631987 0.8461023477407602 0.03447870107797476 0.03411102294921875
0 0.3379637644841121 0.8133630018967849 0.039306347186748795 0.038956862229567304
0 0.20396098723778358 0.9319762449998122 0.025005854093111478 0.02481240492600661
0 0.16678093029902533 0.011410951614379883 0.024457418001615085 0.02145576935548049
0 0.7950973510742188 0.5651311874389648 0.027890718900240384 0.027943977942833535
0 0.04442217716803917 0.767644295325646 0.02763061340038593 0.044081467848557696
0 0.49173839275653547 0.19467760966374323 0.024477298443134014 0.024342170128455527
0 0.21927419075599083 0.745404316828801 0.021858068612905648 0.021633735069861777
0 0.39186782103318435 0.9890408149132361 0.027900182283841647 0.018544710599459134
0 0.14132453845097467 0.8695427821232722 0.024089849912203275 0.024004129263070915
0 0.12069212473355807 0.48826107612022984 0.02053990730872521 0.021048325758713942
0 0.4454571283780612 0.7848091125488281 0.02046966552734375 0.020497982318584736
0 0.4234318366417518 0.6595194889948919 0.020755474384014424 0.02067404526930589
0 0.7628904489370493 0.5302504025972806 0.023326286902794473 0.023421067457932692
0 0.06740143665900597 0.8128245427058294 0.021943055666410007 0.02182916494516226
0 0.09299126038184533 0.031737011212569013 0.01923025571382963 0.01921966442695031
0 0.7007991350614108 0.7352955891535833 0.02249908447265625 0.0226290776179387
0 0.35921481939462513 0.8379080845759466 0.024085851816030648 0.024233891413762018
0 0.37953622524554914 0.9102278489332932 0.021055955153245192 0.021555973933293268
0 0.29004753552950346 0.32845097321730393 0.01857163355900691 0.01831810290996845
0 0.10532023356511043 0.9562704379741962 0.01949302966778095 0.019084783700796273
0 0.3972790057842548 0.9012334530170147 0.018099271334134616 0.01823087838979868
0 0.8073987227219802 0.9103070772611178 0.017180956326998197 0.017081627478966348
0 0.7551032579862155 0.9339989882249099 0.016853772676908053 0.016718937800480768
0 0.594744242154635 0.6163601508507361 0.016818853525015023 0.01679849624633789
0 0.4242603595440204 0.9608055995060847 0.0180206298828125 0.01788755563589243
0 0.2934177838839017 0.9619128153874323 0.017385115990271933 0.01710656973031851
0 0.3836869459885817 0.1432568018253033 0.018108367919921875 0.018087735542884238
0 0.12877423946674055 0.9728282048152044 0.019594412583571214 0.019847282996544473
0 0.341007819542518 0.15409036783071664 0.017577978280874398 0.01750167516561655
0 0.35533472207876354 0.5766552411592923 0.016915394709660456 0.016902410067044772
0 0.5220659696138822 0.33303202115572417 0.01802825927734375 0.018222515399639424
0 0.545506844153771 0.11925349785731389 0.01746067633995643 0.01754872615520771
0 0.6084174376267654 0.42966442841749924 0.016774544349083535 0.016809683579664964
0 0.17420101165771484 0.2473152050605187 0.016621993138239935 0.016554722419151895
0 0.3494564936711238 0.4306773405808669 0.019380862896259014 0.019644957322340745
0 0.8716273674598107 0.3542655064509465 0.01624444814828726 0.016304602989783652
0 0.861605717585637 0.22219157218933105 0.01775536170372596 0.017709952134352464
0 0.6680980095496545 0.7473059434157151 0.020575303297776442 0.020678153404822715
0 0.09207422916705792 0.7208565198458158 0.022022504072922926 0.021809798020582933
0 0.3035779549525334 0.40457542125995344 0.016418860508845404 0.01634348355806791
0 0.6025612170879657 0.12183075684767503 0.015423407921424279 0.015355476966271034
0 0.04052563814016489 0.6865951831524189 0.015052829797451314 0.015523176926832933
0 0.8946819305419922 0.7788617060734675 0.018164708064152643 0.018005957970252402
0 0.6380836780254657 0.1194921090052678 0.016315166766826924 0.016232087061955378
0 0.0441400775542626 0.01703108732516949 0.017789253821739785 0.017817974090576172
0 0.45273428696852464 0.9413134501530573 0.015744576087364785 0.01572388869065505
0 0.3256503618680514 0.7345611865703876 0.015829086303710938 0.016008523794320915
0 0.5350009478055514 0.18996185522813064 0.015486056988055889 0.01545865719134991
0 0.6318891231830304 0.49400755075307995 0.015349314762995793 0.015155425438514123
0 0.35387017176701474 0.13730762555049017 0.015231499305138221 0.015153628129225511
0 0.3973834698016827 0.9667197740994967 0.01581580822284405 0.01622904264009916
0 0.4618082046508789 0.8114015139066256 0.015327233534592848 0.015440427339993991
0 0.671298833993765 0.8382320404052734 0.01781610342172476 0.01793817373422476
0 0.7803666041447566 0.6409888634314904 0.015241476205679087 0.015512906588040866
0 0.5955335910503681 0.9263478792630709 0.016887738154484674 0.016782320462740384
0 0.688821425804725 0.7837192095243014 0.015525230994591346 0.015588320218599759
0 0.11897089848151574 0.3498302973233737 0.016460161942702074 0.016648365901066706
0 0.9091658959021935 0.4788995155921349 0.015942793626051683 0.015895843505859375
0 0.957583867586576 0.9518704047569861 0.01631927490234375 0.0163729741023137
0 0.637534655057467 0.7972771571232722 0.017085442176231973 0.017174794123722956
0 0.565819630256066 0.10993267939640926 0.015169730553260216 0.015047073364257812
0 0.5059212537912222 0.664376478928786 0.01643232198861929 0.016428287212665264
0 0.27291961816641 0.19486218232374924 0.017151245704064004 0.016937696016751803
0 0.7566368396465595 0.7479427777803861 0.015306472778320312 0.015225483820988582
0 0.18388153956486628 0.9445937230036809 0.014376493600698618 0.01453106219951923
0 0.19090025241558367 0.6017552155714768 0.014887516315166768 0.015041351318359375
0 0.6059920237614558 0.8282526456392728 0.014410018920898438 0.014302473801832933
0 0.2781315033252423 0.9192488743708684 0.01608419418334961 0.016095381516676683
0 0.9032908219557542 0.10509017797616813 0.015683394211989183 0.015807738670935996
0 0.6587106264554538 0.7993152324969952 0.015718606802133415 0.015578049879807692
0 0.9419951805701623 0.8692614481999323 0.015229151799128605 0.015273460975060096
0 0.6126764737642728 0.7008567956777719 0.014576251690204326 0.014737642728365384
0 0.4571565848130446 0.8947428189791166 0.0163266842181866 0.016244154710036058
0 0.38713367168719953 0.7999698932354267 0.014949505145733174 0.014908423790564904
0 0.38905041034405047 0.9185746266291692 0.016338054950420674 0.01591066213754507
0 0.28549896753751314 0.9290626232440655 0.015684237846961387 0.015279329740084134
0 0.5986972221961389 0.3541574478149414 0.014371285071739784 0.01432492182804988
0 0.18792249606205866 0.318150153526893 0.014134590442364033 0.014229994553786058
0 0.03801625967025757 0.5624601657573993 0.011096743436960073 0.01923194298377404
0 0.13997826209435096 0.3150470440204327 0.014415557567889873 0.014766106238731971
0 0.7191490760216346 0.26354331236619216 0.014867048997145433 0.01496593768780048
0 0.555793835566594 0.602120252755972 0.015527725219726562 0.015564551720252404
0 0.0715568890938392 0.19572287339430589 0.015825785123384915 0.015784336970402643
0 0.500642336331881 0.9745780504666842 0.015630722045898438 0.015623092651367188
0 0.6030912399291992 0.6580618344820462 0.014300273014948918 0.014315238365760216
0 0.09116138861729549 0.1750639218550462 0.013950751377986027 0.01408991446861854
0 0.599422234755296 0.7605741207416241 0.014459463266225962 0.01452944828913762
0 0.15147840059720552 0.9568267235389123 0.019283808194673978 0.0188290522648738
0 0.09703408754788913 0.00796561917433372 0.019527141864483174 0.015041998945749722
0 0.730042604299692 0.621609981243427 0.014329616840069111 0.014321107130784255
0 0.08925206844623272 0.5981543614314153 0.014003551923311673 0.014035885150615986
0 0.292570004096398 0.5922488065866324 0.015524570758526143 0.015330754793607272
0 0.15036983673389143 0.5202418107252854 0.0150299255664532 0.014721943781926082
0 0.07026114372106698 0.6608877182006836 0.015198826789855957 0.014949358426607572
0 0.34279749943659854 0.9287325052114633 0.015302511361929087 0.01513202373798077
0 0.47048033200777495 0.9013638129601111 0.013923058143028846 0.013878748967097355
0 0.12291636833777794 0.47144559713510364 0.014209160437950721 0.013761813823993389
0 0.7301531571608323 0.640437492957482 0.014063615065354567 0.013968541071965145
0 0.15257386977855975 0.9420046439537635 0.014856503559992863 0.014746886033278245
0 0.25528744550851673 0.6576695075401893 0.014063028188852163 0.01407916729266827
0 0.11093269861661471 0.5152258506188025 0.014269810456496019 0.01425933837890625
0 0.4994366719172551 0.488771732036884 0.015165035541240986 0.015348434448242188
0 0.48798157618596005 0.5902343896719126 0.013992603008563701 0.014162943913386418
0 0.6863134090717022 0.5494579535264236 0.013522074772761418 0.013456417964054989
0 0.582765139066256 0.2769717253171481 0.014447285578801082 0.014610217167780949
0 0.9067451770489032 0.6397942029512845 0.014075499314528245 0.014057306142953726
0 0.7739271017221304 0.2669728719271146 0.014067283043494591 0.01405939689049354
0 0.29033543513371396 0.9000368118286133 0.0138702392578125 0.013952988844651442
0 0.37732579157902646 0.8662376403808594 0.014438042273888221 0.014330056997445913
0 0.07612421879401574 0.6282925238976111 0.013680017911470853 0.013761960543118991
0 0.22141810563894418 0.36111897688645583 0.014055912311260518 0.014067576481745793
0 0.09566862766559307 0.5011408879206731 0.013886194962721605 0.013882857102614183
0 0.539408647097074 0.6867948678823618 0.014262712918795072 0.014573757465069111
0 0.31531810760498047 0.5665381138141339 0.014319053063025841 0.014319860018216647
0 0.7237936900212214 0.3709256832416241 0.013548777653620793 0.013688600980318509
0 0.5011794383709247 0.7350168228149414 0.013466541583721455 0.013525889470027043
0 0.0961673718232375 0.5520993746243991 0.014304582889263447 0.014412806584284855
0 0.22318157782921424 0.7810315352219802 0.014205419100247897 0.01426227276141827
0 0.7880162459153396 0.14597573647132286 0.013602623572716346 0.01366740006666917
0 0.3927585161649264 0.930209233210637 0.01407931401179387 0.014124356783353366
0 0.6150001379159781 0.6765482975886419 0.013644585242638221 0.01392834003155048
0 0.34317522782545823 0.9184824870182917 0.014287215012770433 0.014943342942457933
0 0.5011509015009954 0.9122021014873798 0.013504761915940505 0.013698871319110576
0 0.8184669201190655 0.5757153584406927 0.013387386615459736 0.013548704294057993
0 0.23974994512704703 0.7642952845646784 0.013810377854567308 0.013599395751953125
0 0.5752881123469427 0.9874603564922626 0.022119668813852165 0.021276033841646634
0 0.8596616891714243 0.3350843649644118 0.014852230365459736 0.014794496389535757
0 0.8646832979642428 0.04969504246344933 0.013512831467848558 0.013524697377131535
