0 0.18131199249854454 0.23878148885873648 0.04339874707735502 0.04279943612905649
0 0.2679563302260179 0.6123644021841196 0.04048831646259014 0.040798333974984974
0 0.8035135269165039 0.44375441624568057 0.03657326331505409 0.03634350116436298
0 0.3661692692683293 0.21459828890286958 0.03518045865572416 0.03533157935509315
0 0.6767259010901818 0.2092434809758113 0.033452400794396035 0.03328910240760216
0 0.5283382855928861 0.7406051342303936 0.05767822265625 0.05816107529860277
0 0.5300175226651705 0.21880722045898438 0.022779318002554085 0.02277066157414363
0 0.4303797941941481 0.6704909984882061 0.028367996215820312 0.028439741868239183
0 0.49635645059438854 0.1765446662902832 0.0228881102341872 0.0228884770320012
0 0.34529729989858776 0.4688877692589393 0.02223821786733774 0.02252021202674279
0 0.08522671919602615 0.6825624612661508 0.022190905534304105 0.022136394794170674
0 0.4440498352050781 0.7450491831852839 0.028983042790339544 0.029045985295222357
0 0.39012494454017055 0.3784346947303185 0.029463988084059495 0.029494358943058893
0 0.33385034707876354 0.6292366614708533 0.031020237849308893 0.03110372103177584
0 0.034148674744826094 0.2693758194263165 0.01925837076627291 0.01941372798039363
0 0.386963624220628 0.01818068096270928 0.018947601318359375 0.018686507756893452
0 0.4141188401442308 0.8228050378652719 0.021503595205453727 0.021395169771634616
0 0.27469502962552583 0.13332750247075006 0.029613494873046875 0.02943288362943209
0 0.7421914614163913 0.7635329319880559 0.024758559006911058 0.025066082294170674
0 0.8586220374474158 0.5555995060847356 0.028470552884615384 0.02870456988994892
0 0.09137920232919547 0.21413601361788237 0.024695066305307243 0.02469635009765625
0 0.36835597111628604 0.5149682118342473 0.029202387883112982 0.02944770226111779
0 0.367002927339994 0.4315047997694749 0.02410602569580078 0.024309305044320915
0 0.5238690009483924 0.6599173179039588 0.020461302537184495 0.020736841055063102
0 0.22251202509953424 0.6322222489577073 0.02901488084059495 0.02936421907865084
0 0.817509651184082 0.9493170518141526 0.01900144723745493 0.01888891366811899
0 0.5126245938814603 0.5557091786311223 0.016549183772160456 0.016706026517427884
0 0.3464499253493089 0.19613948235144982 0.0190585209773137 0.01905052478496845
0 0.31048011779785156 0.47502833146315354 0.025677240811861478 0.025760063758263223
0 0.21634490673358625 0.6535891019381009 0.02427365229679988 0.02428612342247596
0 0.7190123337965745 0.8673177132239709 0.024186060978816107 0.024535692655123197
0 0.5912786630483774 0.13622148220355695 0.01910561781663161 0.019265449964083158
0 0.7175156519963191 0.7624150789701022 0.02049108651968149 0.020302405724158652
0 0.8931754185603216 0.7755327224731445 0.0298004150390625 0.029976477989783652
0 0.35705984555757964 0.63055053124061 0.025313524099496696 0.025450486403245192
0 0.9120496603158804 0.9917024465707632 0.022465925950270433 0.014602367694561299
0 0.8052447392390325 0.868435052724985 0.022672213040865384 0.022727379432091348
0 0.40805823986346906 0.34208884605994594 0.02818907224214994 0.028333223783052884
0 0.6931723081148587 0.7914239443265475 0.028230813833383415 0.028494908259465143
0 0.5494830791766827 0.7172147310697116 0.02091246384840745 0.02105859609750601
0 0.23862404089707595 0.6977233153123122 0.022774402911846455 0.02281790513258714
0 0.3959467961237981 0.7802897233229417 0.021213384775015023 0.021511958195612982
0 0.9381159268892728 0.9534092683058518 0.021868485670823317 0.022037359384390023
0 0.3014193314772386 0.6638826223520132 0.021988868713378906 0.022246874295748197
0 0.5471801024216872 0.823437764094426 0.019725799560546875 0.01968559852013221
0 0.6880309765155499 0.7367122356708233 0.018619243915264424 0.018582857572115384
0 0.6298415844257061 0.9134615384615384 0.016724072969876803 0.01679068345289964
0 0.66034669142503 0.41422000298133266 0.01590728759765625 0.015882492065429688
0 0.028081914553275474 0.04825920325059157 0.014757225146660438 0.018636721831101637
0 0.207824523632343 0.016216924557319053 0.019031524658203125 0.01923248401054969
0 0.24922587321354792 0.7246215526874249 0.017140535207895134 0.017295250525841348
0 0.3199950364919809 0.11202018994551438 0.02846108950101412 0.028712749481201172
0 0.08027769969059871 0.2945508039914645 0.016884872546562783 0.016904060657207783
0 0.3659534454345703 0.4955865786625789 0.017405876746544473 0.017432579627403848
0 0.9206876021165115 0.9410503094012921 0.02116217980018029 0.021138998178335335
0 0.7601061600905198 0.19952476941622221 0.017676573533278245 0.01737073751596304
0 0.21945626919086164 0.7082604628342849 0.018414717454176683 0.01841427729679988
0 0.2643230144794171 0.5291568315946139 0.017292022705078125 0.01718484438382662
0 0.5692327205951397 0.7789341119619516 0.0672161395733173 0.06896371107835036
0 0.298061517568735 0.2932298733637883 0.0325312981238732 0.03239286862886869
0 0.5194608248197116 0.7894275371844952 0.03416721637432392 0.03432171161358173
0 0.36072503603421724 0.9812588324913611 0.022857079139122598 0.023127629206730768
0 0.6872184459979718 0.30924323888925404 0.016453669621394232 0.016355514526367188
0 0.5463654444767878 0.5668026850773737 0.015910221980168268 0.01589026817908654
0 0.7903006627009466 0.32054908459003156 0.015495887169471154 0.015506157508263221
0 0.38338738221388596 0.9740156026986929 0.019638795119065505 0.01950660118689904
0 0.5564274787902832 0.18453308252187875 0.015628741337702826 0.01572385201087365
0 0.8512807992788461 0.8758193529569186 0.016932854285606973 0.016928746150090143
0 0.7755418924184946 0.9606642356285682 0.016973055326021634 0.017032916729266826
0 0.33888926872840297 0.16874016248262846 0.016033759483924277 0.0158688471867488
0 0.829469240628756 0.8268032073974609 0.021900470440204326 0.022180997408353366
0 0.7654078556941106 0.7481362269474909 0.020714833186222956 0.020962054912860576
0 0.8023810753455529 0.8447103500366211 0.020342019888070915 0.020828100351186898
0 0.4732945148761456 0.7308739882249099 0.019724919245793268 0.01996011000413161
0 0.6178622612586389 0.9912910461425781 0.016121497521033652 0.014182164118840145
0 0.1608123045701247 0.040305761190561146 0.017793875474196214 0.017402465526874248
0 0.5178802930391752 0.5900506973266602 0.01945348886343149 0.01959962111253005
0 0.029695960191579964 0.7417991344745343 0.014164612843440129 0.016042122474083535
0 0.4521660804748535 0.1514549713868361 0.015283657954289364 0.015237569808959961
0 0.22486173189603365 0.9602003831129807 0.03538212409386268 0.03446813730093149
0 0.5948915481567383 0.6941121174738958 0.016102130596454326 0.01630372267503005
0 0.1908568418942965 0.4460422442509578 0.12235791866595928 0.12170725602370042
0 0.568198717557467 0.12218332290649414 0.01681063725398137 0.016843410638662484
0 0.0885170973264254 0.1305886323635395 0.015532163473275991 0.01566314697265625
0 0.11000211422259991 0.7131561866173377 0.014822703141432542 0.014902848463792067
0 0.7106585135826697 0.7952786225538987 0.018020189725435697 0.01717347365159255
0 0.2632743762089656 0.15962939995985764 0.031219629141000602 0.03144983144906851
0 0.6030720930833083 0.7638802895179162 0.024214671208308294 0.02425384521484375
0 0.37203359603881836 0.7992345369779147 0.017360907334547777 0.017222771277794473
0 0.7427168626051682 0.7844161987304688 0.016838660606971152 0.017136793870192308
0 0.4267408297612117 0.3052375133220966 0.025052730853740986 0.025367076580341045
0 0.3398621999300443 0.041002631187438965 0.01710348862868089 0.017050465712180503
0 0.7893002583430364 0.8589154756986178 0.01643532973069411 0.01668519240159255
0 0.23948251284085786 0.0774925947189331 0.015997593219463643 0.01588274882389949
0 0.5694458301250751 0.23765024772057167 0.01478407933161809 0.014998509333683895
0 0.5698337554931641 0.45433491926926833 0.015749051020695612 0.01597111041729267
0 0.3360776167649489 0.492768067580003 0.016635307898888223 0.016883116502028245
0 0.4310860267052284 0.08310999320103572 0.015196580153245192 0.015166777830857497
0 0.40968865614670974 0.48950701493483323 0.016885977524977464 0.01694327134352464
0 0.8039440741905799 0.8125252356896033 0.023191011868990384 0.02372316213754507
0 0.1833941386296199 0.03261294960975647 0.017799010643592246 0.01771620145210853
0 0.46882027846116286 0.251133185166579 0.015658011803260215 0.015537115243765024
0 0.4139290956350473 0.7922000885009766 0.01652064690223107 0.016453669621394232
0 0.3537738506610577 0.540212081028865 0.01579915560208834 0.015796588017390326
0 0.30725787236140323 0.9877064044658954 0.014964984013484074 0.014602954571063701
0 0.5841441521277795 0.3409546705392691 0.015165622417743389 0.015051768376277043
0 0.47136171047504133 0.9687618842491736 0.015458253713754507 0.015250866229717549
0 0.87200927734375 0.9013134149404672 0.02097936776968149 0.020900873037484977
0 0.16532644858727089 0.09014654159545898 0.016092373774601862 0.01608907259427584
0 0.16603477184589094 0.029049451534564678 0.015587880061222957 0.01522216430077186
0 0.3612190393301157 0.41719414637638974 0.03302691533015324 0.0320436037503756
0 0.8282149388239934 0.3252100577721229 0.014696708092322716 0.014850029578575721
0 0.6410628098707932 0.8394958055936373 0.018038529616135817 0.01848763685960036
0 0.9544296998244065 0.9082329823420598 0.01538863548865685 0.015538435715895433
0 0.08978156860058124 0.3324849055363582 0.014732874356783353 0.014731627244215745
0 0.8750582474928635 0.7422870489267203 0.015469771165114183 0.015661973219651442
0 0.3207402596106896 0.6599222329946665 0.017969571627103366 0.018037942739633415
0 0.7277684578528771 0.7919084842388446 0.016363877516526442 0.017042160034179688
0 0.11268949508666992 0.625694568340595 0.014412843264066257 0.014349717360276442
0 0.7245427645169772 0.3555085842426007 0.02121866666353666 0.021100557767427884
0 0.4061435552743765 0.05167323809403639 0.03375170781062199 0.03389558425316444
0 0.9351024627685547 0.26123817150409406 0.017299945537860576 0.01717692155104417
0 0.19148008639995867 0.021916155631725606 0.014438188993013822 0.014492430366002597
0 0.7747986133282001 0.8355387174166166 0.016387352576622598 0.016815919142503005
0 0.814946174621582 0.2666026078737699 0.02124962439903846 0.021157264709472656
0 0.8224598811222956 0.17603151614849383 0.014550575843224159 0.014598993154672476
0 0.619850232050969 0.4147595992455116 0.014378034151517428 0.014349570641150841
0 0.31245360007652867 0.6993157313420222 0.02387369596041166 0.023468017578125
0 0.4187202453613281 0.3173634088956393 0.02206288851224459 0.02247773683988131
0 0.9085908302894006 0.8861945959237906 0.014682182898888221 0.014633912306565505
0 0.267059876368596 0.7305259704589844 0.02292211239154522 0.023047520564152643
0 0.5116373208852915 0.12824174074026254 0.014383316040039062 0.014572583712064303
0 0.179840454688439 0.04433514980169443 0.01684680351844201 0.017034209691561185
0 0.8258146872887244 0.24800531680767351 0.019064829899714544 0.019137749305138223
0 0.6982948596660907 0.25853710908156174 0.01441486065204327 0.01441192626953125
0 0.7266324116633489 0.6965899834266076 0.014752608079176683 0.015100185687725361
0 0.1989122170668382 0.03890274121211125 0.015663293691781852 0.015719599448717557
0 0.729226332444411 0.8291828448955829 0.019371619591346152 0.019352546105018027
0 0.7665708248431866 0.9282068105844351 0.01651338430551382 0.016773223876953125
0 0.36814366854154146 0.03531875747900743 0.014940261840820312 0.014831923521482028
0 0.7181402353140024 0.8391817533052884 0.017686990591195915 0.017672905555138223
0 0.3270725837120643 0.35008687239426833 0.014899767362154447 0.014962709867037259
0 0.798792839050293 0.09229876444889949 0.014383902916541466 0.014591473799485426
0 0.8213339585524339 0.36609389231755185 0.028462923490084134 0.028104782104492188
0 0.5892534989577073 0.6399566943828876 0.013721172626201924 0.013710315410907451
0 0.7846081073467548 0.2956305467165433 0.035728161151592545 0.03559196912325346
0 0.07620825217320369 0.5942657910860502 0.021838298210730918 0.02152398916391226
0 0.6618559910700872 0.8960888202373798 0.016011751615084134 0.015951890211838942
0 0.7203386746920072 0.8398694258469802 0.021161739642803486 0.021102024958683893
0 0.5529555540818435 0.7713025166438177 0.02973629878117488 0.029576521653395433
0 0.31531025813176083 0.7899054013765775 0.014462104210486779 0.014394613412710337
0 0.37152466407189 0.39523913310124326 0.017565507155198317 0.017560445345365085
0 0.7093681922325721 0.27239572084867036 0.014779017521784855 0.014690545889047476
0 0.44518089294433594 0.9708297436053936 0.01675576430100661 0.016767061673677884
0 0.7871734912578876 0.7656638805682843 0.0147857666015625 0.014926323523888221
0 0.8027569697453425 0.9758240626408503 0.014339740459735576 0.014785473163311299
0 0.37753974474393404 0.0914767705477201 0.027068651639498197 0.028000483146080606
0 0.842159784757174 0.7364158630371094 0.015970230102539062 0.015851534329927884
0 0.8065600762000451 0.28145588361299956 0.02830358651968149 0.028584957122802734
0 0.23999338883620042 0.7488158299372747 0.019267815809983473 0.019438963669996995
0 0.6275378007155198 0.7325686674851638 0.015997666579026442 0.01601263192983774
0 0.20310141490055963 0.7800102233886719 0.018355809725247897 0.01851067176231971
0 0.42313051223754883 0.9651983701265775 0.016413248502291165 0.016614767221304085
0 0.033206164836883545 0.3963570227989784 0.015992036232581504 0.01609186025766226
0 0.5288396982046274 0.5659145575303298 0.023834962111253005 0.024220980130709134
0 0.5589865170992337 0.7333542016836313 0.013776925893930288 0.01393582270695613
0 0.7338924407958984 0.8158140916090745 0.028613457312950723 0.028807713435246393
0 0.48353033799391526 0.5754891909085788 0.013772671039287861 0.013620963463416466
0 0.24053536928617036 0.00930846998324761 0.01476750007042518 0.014448525813909678
0 0.5783462524414062 0.756352057823768 0.023509685809795674 0.023558983435997598
0 0.42525386810302734 0.3083344973050631 0.029106580294095553 0.029678858243502103
0 0.37641547276423526 0.3962398308974046 0.024974822998046875 0.024677203251765326
0 0.6412302897526667 0.6242498251108023 0.015280650212214543 0.015039297250600962
0 0.58460756448599 0.7153013669527494 0.014481911292442909 0.014469440166766826
0 0.4095631379347581 0.07363271713256836 0.013544669518103966 0.013716294215275692
0 0.735016602736253 0.3302964430588942 0.01354687030498798 0.013718091524564303
0 0.0757945363338177 0.8188734788161057 0.01738615219409649 0.017360687255859375
0 0.2220429273752066 0.0981454849243164 0.013944552494929386 0.01400430385883038
0 0.583683233994704 0.8923227603618915 0.014240631690392127 0.014578599196213942
0 0.7348188253549429 0.8117380142211914 0.02348943857046274 0.022781958946814902
0 0.23563208946814904 0.8414811354417068 0.015046633206881009 0.015034895676832933
0 0.7320897028996394 0.8199989612285907 0.027867537278395433 0.028803605299729567
0 0.22748164030221793 0.9675777875460111 0.016030531663161058 0.016092300415039062
0 0.3651935870830829 0.41414524958683896 0.025261805607722357 0.024913274324857272
0 0.7213778862586389 0.7784594022310697 0.015129969670222355 0.015665494478665866
0 0.5435725725614108 0.28891385518587553 0.013632700993464543 0.013350743513840895
0 0.5936282231257513 0.18451714515686035 0.014088997474083534 0.013954419356126051
0 0.5258035292992225 0.20284375777611366 0.01375719217153696 0.013380637535682091
0 0.19220469548152044 0.10412651758927566 0.01993553455059345 0.019719985815194938
