0 0.04178735384574303 0.7601531102107122 0.07121162231151874 0.08011744572566105
0 0.3766044836777907 0.19480268771831805 0.09549339000995342 0.09508337424351619
0 0.3306481654827411 0.39262012334970325 0.05060313298152043 0.050819030174842246
0 0.5216566232534555 0.6364473196176382 0.11254207904522236 0.1134494267977201
0 0.9618003551776593 0.9572101006141076 0.048268831693209134 0.04790790264423077
0 0.25926045271066517 0.7410258513230544 0.02709784874549279 0.027086404653695915
0 0.7799939375657302 0.46331104865440953 0.021628453181340143 0.02171641129713792
0 0.40627479553222656 0.3226463978107159 0.052370658287635215 0.0526587412907527
0 0.8085477535541241 0.6665678024291992 0.01775492154634916 0.01763314467210036
0 0.25339852846585786 0.44389607356144833 0.024764501131497897 0.024721659146822415
0 0.42273906561044544 0.4273896584144005 0.028678307166466348 0.02869077829214243
0 0.5717831391554612 0.6439326359675481 0.024712489201472357 0.024942838228665866
0 0.5028369976924016 0.6227748577411358 0.019132467416616585 0.019076750828669622
0 0.8537439199594351 0.5654135483961839 0.01856657174917368 0.018426821782038763
0 0.6787460033710186 0.43497379009540266 0.016047844519981973 0.01595614506648137
0 0.09257149696350098 0.06136707617686345 0.02472077883206881 0.024763593306908242
0 0.18438390585092398 0.5842452416053185 0.018484115600585938 0.018140132610614482
0 0.1771716337937575 0.8835460956280048 0.07800189348367545 0.07673146174504207
0 0.8777490762563852 0.9091017796443059 0.047493274395282455 0.047288747934194714
0 0.7466247998751127 0.2352451911339393 0.017922621506911058 0.01770166250375601
0 0.282258547269381 0.2829199754274808 0.01752625978910006 0.017386986659123346
0 0.4863017155573918 0.08013114562401405 0.02234803713285006 0.02260580429664025
0 0.6877564650315505 0.29547621653630185 0.027538886437049277 0.027768355149489183
0 0.5101560812730056 0.7520963228665866 0.018548965454101562 0.018483382004957933
0 0.9402027130126953 0.8678613075843225 0.039948683518629804 0.03989967933067909
0 0.3853914554302509 0.27858649767362154 0.10873955946702224 0.1100009037898137
0 0.547737194941594 0.5736325704134427 0.02256188025841346 0.022913419283353366
0 0.2643402172968938 0.3876474087054913 0.04876408210167518 0.04932667658879207
0 0.3368907341590294 0.42488879423875076 0.018940118642953727 0.01903709998497596
0 0.2022571563720703 0.9292471959040716 0.03567849672757662 0.0354460202730619
0 0.9714173537034255 0.9900135627159705 0.036838531494140625 0.019037686861478366
0 0.6604583446796124 0.6588755387526292 0.01601585975060096 0.015941473153921273
0 0.3569416633019081 0.4251762536855844 0.04026302924522987 0.03973520719088041
0 0.36865784571721005 0.3564143547644982 0.053615423349233776 0.05484287555401142
0 0.3287043204674354 0.7931142953725961 0.016501793494591348 0.01652350792518029
0 0.22548418778639573 0.3308139947744516 0.02819200662466196 0.028272188626802884
0 0.7114461018488958 0.2110299513890193 0.04567263676570012 0.04599626247699444
0 0.11803914950444148 0.08627812678997333 0.024284216073843148 0.0242917537689209
0 0.30551846210773176 0.7518763175377479 0.01687772457416241 0.016826629638671875
0 0.0990288257598877 0.8522529602050781 0.1760703600369967 0.16712628878079927
0 0.07293184903951791 0.5613167836115911 0.017056813606849082 0.01705338404728816
0 0.25226070330693173 0.31332903641920823 0.030485923473651592 0.03032654982346755
0 0.16752136670626128 0.9394764533409705 0.028395652770996094 0.028425069955679085
0 0.5935475276066706 0.7972918290358323 0.05281873849722055 0.05276900071364183
0 0.09197489114908072 0.5257985041691706 0.03244167107802171 0.03150675846980168
0 0.1958156365614671 0.38327701275165266 0.02040708982027494 0.02059804476224459
0 0.5766706466674805 0.8710008034339318 0.01688069563645583 0.016874019916240986
0 0.4059762221116286 0.2999975314507118 0.015527578500600962 0.01575627693763146
0 0.6686820983886719 0.3157968521118164 0.020432692307692308 0.020514268141526442
0 0.6043881269601675 0.5221049235417292 0.0636433087862455 0.062263121971717246
0 0.7399077782264123 0.43082248247586763 0.014281639685997596 0.014261172367976261
0 0.19775297091557428 0.24690860968369704 0.01941996354323167 0.019388969127948467
0 0.9114570617675781 0.9902268923245944 0.03299390352689303 0.017894451434795674
0 0.9457406264085036 0.06243609006588276 0.013946826641376201 0.013990998268127441
0 0.30271658530602086 0.3134123362027682 0.015506964463454027 0.015667035029484674
0 0.1199338252727802 0.601894892179049 0.14098350818340594 0.13999806917630708
0 0.3517734087430514 0.981494243328388 0.046570191016564004 0.03432596646822416
0 0.03243864499605619 0.3629611088679387 0.05011558532714844 0.0605627206655649
0 0.8910856246948242 0.14486638399270865 0.014319346501277043 0.014207876645601712
0 0.07416959909292367 0.7374717272244967 0.01712771562429575 0.01728395315317007
0 0.22792746470524713 0.5167679786682129 0.05896597642164964 0.05852794647216797
0 0.1095268176152156 0.31041746873121995 0.052219354189359225 0.05126828413743239
0 0.7320415056668795 0.3065648812514085 0.01797940180851863 0.018218627342810996
0 0.8438885762141302 0.9112504078791692 0.014397107637845553 0.014318466186523438
0 0.04517116913428673 0.5442088934091421 0.07631857578571026 0.09026263310359074
0 0.25906742536104643 0.231628051170936 0.013373741736778846 0.013500800499549279
