0 0.3520676539494441 0.2043757805457482 0.019871931809645433 0.019869144146259014
0 0.5867063815777118 0.022778524802281305 0.05233339162973257 0.04386204022627611
0 0.43494855440579927 0.05032033186692458 0.0778642801138071 0.07857396052433895
0 0.4210257897010216 0.16641143652109 0.02149068392240084 0.021327825692983773
0 0.5024226262019231 0.3014663732968844 0.016451615553635817 0.0161587274991549
0 0.39064260629507214 0.008213842144379249 0.024745941162109375 0.015664593531535223
0 0.5138629399813138 0.35094503255990833 0.01933119847224309 0.018902411827674277
0 0.29704662469717175 0.06805225519033578 0.017678114084097054 0.019670633169320915
0 0.5749337489788349 0.053523132434258096 0.017855204068697415 0.017964794085575983
0 0.5428814521202674 0.40189288212702823 0.09889455942007211 0.09828626192533053
0 0.651945921090933 0.9922731839693509 0.016492403470552884 0.014548081618088942
0 0.37537633455716646 0.03777468662995558 0.03556904425987831 0.03529589909773607
0 0.4764988605792706 0.01665681371322045 0.09071540832519531 0.033428274668180026
0 0.6447180968064529 0.01690929325727316 0.025622001061072715 0.025821041602354784
