0 0.11996626853942871 0.8613141133235052 0.039516522334172174 0.03952994713416466
0 0.09079890984755296 0.7784181741567758 0.03262329560059767 0.03223976722130409
0 0.5026538555438702 0.16881603461045486 0.03501591315636268 0.035610895890455976
0 0.46064428182748646 0.6416590030376728 0.030531809880183294 0.030940862802358773
0 0.7833518981933594 0.39378870450533354 0.021351740910456732 0.021422459528996393
0 0.10663263614361103 0.7337766794057993 0.029344962193415716 0.029561849740835335
0 0.07327962838686429 0.24773852641765887 0.03644338020911583 0.036489706773024336
0 0.5847125787001389 0.41756475888765776 0.029845457810621995 0.02979586674616887
0 0.4572872748741737 0.9405508774977464 0.022689012380746696 0.023045466496394232
0 0.8713871148916391 0.015814718145590562 0.04520680354191707 0.02989136943450341
0 0.09480736805842473 0.587745189666748 0.026400015904353216 0.026433211106520433
0 0.9408706518319937 0.22562302075899565 0.03230637770432692 0.032441212580754206
0 0.16943803200354943 0.8254872835599459 0.025934439439039964 0.02576417189378005
0 0.8118018370408279 0.5288086671095628 0.023983295147235576 0.023818089411808893
0 0.9471640220055213 0.05211600432029137 0.02371846712552584 0.02410619992476243
0 0.6389877612774189 0.5409795320951022 0.02350469735952524 0.02368501516488882
0 0.5503495289729192 0.4096194047194261 0.021441092857947715 0.021368760329026442
0 0.9416993948129507 0.6173767676720252 0.018207550048828125 0.018013880803034857
0 0.8334805415226862 0.5484479390657865 0.03501730698805589 0.03556354229266827
0 0.8516756204458383 0.8880367279052734 0.018258021428034857 0.018310400155874398
0 0.13862111018254206 0.7820598895733173 0.029148028447077826 0.029088240403395433
0 0.9128826581514798 0.6071063555203952 0.018841963547926683 0.018805870643028848
0 0.8476599913377029 0.5641772930438702 0.03363389235276442 0.03372485821063702
0 0.8957588489239032 0.7144914773794321 0.016958970289963942 0.016928452711838942
0 0.07368273459948026 0.22086807397695687 0.021785708574148323 0.021694256709172174
0 0.9465370178222656 0.03187279059336735 0.017150292029747598 0.017048294727618877
0 0.6141910186180701 0.5753229581392728 0.01641999758206881 0.016453963059645433
0 0.7608114389272836 0.5651684540968674 0.01830922640286959 0.018359551062950723
0 0.24583552433894232 0.470183042379526 0.018562757051908053 0.018612201397235576
0 0.7835581852839544 0.8681540122398963 0.024443406325120192 0.023944267859825723
0 0.7843500284048227 0.47676970408513 0.015749124380258415 0.015849480262169473
0 0.8446890024038461 0.8202362060546875 0.017180222731370192 0.017138847937950723
0 0.13967678180107704 0.8303577716533954 0.02748692952669584 0.027619288517878607
0 0.0541378718156081 0.8204185779278095 0.018257654630220853 0.01833196786733774
0 0.0677584042915931 0.9012280244093674 0.017375744306124173 0.01731593792255108
0 0.08011687718904935 0.9706456111027644 0.021423967985006478 0.020897791935847357
0 0.8150658240685096 0.6719695604764498 0.01642021766075721 0.01661095252403846
0 0.04963573125692514 0.4120930891770583 0.01610530339754545 0.01618781456580529
0 0.714112795316256 0.5550155639648438 0.01508037860576923 0.0153352297269381
0 0.8908626849834735 0.47072425255408656 0.01819610595703125 0.018294114332932692
0 0.09395846953758827 0.5011193568889911 0.017461336576021634 0.017473954420823317
0 0.13679162355569693 0.7650648997380183 0.019922678287212666 0.020056651188777044
0 0.7825129582331731 0.526244383591872 0.01526172344501202 0.015402720524714543
0 0.3061806055215689 0.23261150946983924 0.016646495232215293 0.01647160603449895
0 0.16954968525813177 0.6078619956970215 0.015366921058067909 0.015021030719463643
0 0.36312477405254656 0.6038587276752179 0.015383206881009616 0.015319530780498799
0 0.9319160901583158 0.4371069027827336 0.015588466937725361 0.01568603515625
0 0.46793607565072864 0.22095133708073542 0.022504072922926683 0.02272510528564453
0 0.09958912776066707 0.8832528040959284 0.0193630732022799 0.019434708815354567
0 0.11186723525707538 0.25629472732543945 0.01485129503103403 0.014978335453913761
0 0.25202147777263934 0.9562848898080679 0.01600170135498047 0.015768784743088942
0 0.0932470651773306 0.9768794133112981 0.022928934830885667 0.02278929490309495
0 0.949981322655311 0.8416941716120794 0.015444388756385216 0.015232379619891826
0 0.6790664379413311 0.5375054432795598 0.015216680673452524 0.015352102426382212
0 0.729867201585036 0.5190919729379507 0.014558938833383413 0.01456759526179387
0 0.10503312257620004 0.49004987569955677 0.017124139345609225 0.017256956834059495
0 0.1492148362673246 0.8098913339468149 0.01849225851205679 0.01902609605055589
0 0.7524301088773288 0.4876521917489859 0.014220457810621995 0.014324775108924279
0 0.9317083358764648 0.331999448629526 0.01748319772573618 0.01740609682523287
0 0.8475019748394306 0.5239059741680439 0.015411376953125 0.015451431274414062
0 0.7064735706035907 0.5985505764301007 0.014377593994140625 0.014564220721905049
0 0.9188992426945612 0.5703971202556903 0.015633803147536058 0.015673710749699518
0 0.7919268974891076 0.8762867267315204 0.01970819326547476 0.020052102895883415
0 0.1471833082345816 0.17250658915593073 0.015254901005671574 0.015292901259202223
0 0.4124258848337027 0.28747899715717024 0.015667255108173076 0.015712738037109375
0 0.22927363102252668 0.7078344638531024 0.01520696053138146 0.015047953679011418
0 0.30141093180729794 0.19716393030606782 0.01523744142972506 0.015657681685227614
0 0.7692789664635291 0.4985826932466947 0.0147703610933744 0.014898446890024038
0 0.05283618890322172 0.30379542937645543 0.015871084653414212 0.015540012946495643
0 0.7517397953913763 0.3277263641357422 0.01412670428936298 0.014129051795372596
0 0.1593630680671105 0.9599681267371545 0.01438610370342548 0.014767279991736779
0 0.8251402928278997 0.1402306740100567 0.014905195969801683 0.01488802983210637
0 0.152728429207435 0.4449609609750601 0.014062331273005558 0.014168372521033654
0 0.1945523482102614 0.3937342350299542 0.014510118044339694 0.014409872201772837
0 0.8726208026592548 0.6308618692251352 0.014448899489182692 0.014311863825871395
0 0.8801092001108023 0.8424587249755859 0.014616452730618991 0.014650198129507212
0 0.3858806536747859 0.32837544954740083 0.014697808485764723 0.014676460852989784
0 0.18510257280789888 0.18940617487980768 0.014103962824894832 0.014176882230318509
0 0.19750266808729905 0.9902544755202073 0.014540708982027493 0.014130812424879808
0 0.20895743370056152 0.7240636532123272 0.01468830842238206 0.014613518348106971
0 0.09029580996586727 0.4825878143310547 0.016915651468130257 0.017516723045935996
0 0.499998532808744 0.9425254234900842 0.01470169654259315 0.014473401583158053
0 0.14036634335151085 0.6308741936316857 0.014809315021221455 0.014783125657301683
0 0.22717868364774263 0.13259947299957275 0.01435397221491887 0.014514813056358924
0 0.9404324018038236 0.6932437603290265 0.014128464918870192 0.014027668879582332
0 0.7189960479736328 0.6448075221135066 0.014839759239783654 0.014753488393930288
0 0.15863347053527832 0.9935885942899264 0.018227247091440055 0.011416948758638822
0 0.7246795067420373 0.853324083181528 0.014001112717848558 0.01413712134728065
0 0.8827538123497596 0.026965411809774544 0.02112241891714243 0.021181821823120117
0 0.40141897935133714 0.6468039292555589 0.022007575401893027 0.02260002723106971
0 0.6877839748676007 0.35873996294461763 0.014377447275015024 0.014342528123121995
0 0.5654186102060171 0.06809714207282433 0.014299686138446514 0.014092747981731709
0 0.7761608270498422 0.7595320481520432 0.014635379497821514 0.014519618107722355
0 0.41177115073570836 0.5191702475914588 0.014780411353478065 0.014520351703350361
0 0.646209716796875 0.7968395673311673 0.013831358689528245 0.013962232149564303
0 0.25160789489746094 0.7913492642916166 0.014294771047738882 0.014341501089242788
0 0.36409972264216495 0.27274190462552583 0.014364389272836538 0.014204758864182692
0 0.0903465931232159 0.6496785970834585 0.013379977299616886 0.013456784761868991
0 0.09177615092350887 0.10203499977405255 0.01508925511286809 0.015272213862492489
0 0.27628777577326846 0.1901081158564641 0.013594700739933895 0.013738485483022837
0 0.3185165845430814 0.6924978402944711 0.013681705181415264 0.013678917518028846
0 0.8902244567871094 0.4500864102290227 0.012539496788611779 0.012892869802621694
0 0.425388923058143 0.2062809834113488 0.013123585627629207 0.013118743896484375
