0 0.4980296355027419 0.7916818031897912 0.07255495511568509 0.07156298710749699
0 0.4733303510225736 0.7277683844933143 0.06434866098257211 0.06429114708533654
0 0.2799617327176608 0.15375568316533014 0.04768503629244291 0.0587470348064716
0 0.7121349481435922 0.03215898000277006 0.055555490347055286 0.05573418507209191
0 0.6414792721088116 0.5752211350661057 0.0465550055870643 0.046675461989182696
0 0.4050752933208759 0.626660420344426 0.03262666555551382 0.03281842745267428
0 0.6528329849243164 0.7439485696645883 0.04900932312011719 0.04881095886230469
0 0.6484027275672326 0.26590420649601865 0.03699992253230168 0.0368498655465933
0 0.4633021721473107 0.22846541037926307 0.17600279587965745 0.1759499769944411
0 0.6639097653902494 0.9013528090256911 0.03873531634990986 0.03857744657076322
0 0.4008593192467323 0.18413426325871393 0.04650203998272236 0.046708913949819714
0 0.6292615303626428 0.3998104608975924 0.12806364206167367 0.12577687777005708
0 0.6638785875760592 0.7962693434495193 0.03661537170410156 0.03631239670973558
0 0.3341481135441707 0.41279932168813854 0.045130216158353366 0.044663649338942304
0 0.4567413330078125 0.2614392867455116 0.019569983849158652 0.019484556638277493
0 0.48074986384465146 0.9361969874455378 0.028649550217848558 0.028627542349008415
0 0.4207909657404973 0.10708328393789437 0.02724119333120493 0.027166109818678636
0 0.5652815745427058 0.8860844832200271 0.05156722435584435 0.05222613994891827
0 0.5229327128483698 0.9709126399113581 0.03698466374323918 0.03712932880108173
0 0.601386180290809 0.20937026464022124 0.09906365321232723 0.09969142767099234
0 0.2958201261667105 0.9061681307279147 0.06733197432297927 0.07240632864145133
0 0.37957074091984677 0.03566502607785738 0.020091717059795674 0.020420349561251126
0 0.5033454528221717 0.8402476677527795 0.03057692601130559 0.030296912560096152
0 0.32091272794283354 0.16723764859713042 0.03400435814490685 0.03387318207667424
0 0.3934170649601863 0.4624930161696214 0.020694732666015625 0.02073251284085787
0 0.4389460270221417 0.8802353785588191 0.02102360358605018 0.020960587721604567
0 0.5162353515625 0.15998363494873047 0.020740215594951924 0.020615440148573656
0 0.5737243065467248 0.5577642367436335 0.03472115443303035 0.03504305619459886
0 0.5829492715688852 0.1501864194869995 0.030320240901066706 0.030727551533625677
0 0.39159345626831055 0.7392978668212891 0.027321595412034255 0.026911222017728366
0 0.6729365128737229 0.9835978287916917 0.029848538912259616 0.029035128079927884
0 0.33390411963829625 0.5115875831017127 0.02034334036020132 0.02032925532414363
0 0.7218990325927734 0.6374611487755408 0.020205864539513223 0.020090543306790866
0 0.595480332007775 0.7720453555767353 0.02088818183312049 0.020868741548978366
0 0.36144359295184797 0.6064876409677359 0.033327542818509616 0.03365619365985577
0 0.29837329571063703 0.34224722935603213 0.022604942321777344 0.022803820096529447
0 0.6847700705895057 0.4967673741854154 0.0639644035926232 0.06383873866154598
0 0.6742845681997446 0.24367765279916617 0.022161043607271634 0.022199704096867487
0 0.5628452667823205 0.35187317774846005 0.023277942950908955 0.023233633774977464
0 0.5434313554030198 0.5919600266676682 0.0397344735952524 0.039998641380896933
0 0.3982901939978966 0.5897221198448768 0.02400860419640174 0.023813834557166465
0 0.5011667104867789 0.9152484306922326 0.02318294231708233 0.023409916804387018
0 0.3333010673522949 0.317202274615948 0.05030279893141527 0.05012438847468449
0 0.488834601182204 0.5450571867135855 0.028738755446213942 0.028968150799091045
0 0.5033557231609638 0.6553060091458834 0.018176885751577523 0.018215472881610576
0 0.6599961794339694 0.0740318986085745 0.03329761211688702 0.03345717833592342
0 0.480317629300631 0.23955304806049055 0.01931175818810096 0.019370079040527344
0 0.4415812859168419 0.14215378577892596 0.025561112623948317 0.025835679127619818
0 0.3657793631920448 0.37025976181030273 0.019294298612154447 0.019179344177246094
0 0.3236108193030724 0.25827752626859224 0.018962273230919473 0.01891664358285757
0 0.4284412677471454 0.22295397978562576 0.017293783334585335 0.017214114849384014
0 0.6489144105177659 0.23563612424410307 0.0204770014836238 0.020459468548114482
0 0.7273500882662259 0.0956574586721567 0.02329430213341346 0.023129389836237982
0 0.5131740570068359 0.509922247666579 0.017071650578425482 0.017049202552208535
0 0.6443958282470703 0.41831141251784104 0.0217742919921875 0.02185513423039363
0 0.36248265779935396 0.6355150662935697 0.023418426513671875 0.023419013390174277
0 0.36776102506197417 0.5367939288799579 0.04625203059269832 0.04566471393291767
0 0.4376071783212515 0.8467738811786358 0.019158436701847956 0.019211695744441107
0 0.2825196156134972 0.8133505307711087 0.02143228971041166 0.02141717764047476
0 0.43955069321852464 0.9426962045522836 0.019739297720102165 0.0195159912109375
0 0.588866453904372 0.8326683778029221 0.01660633087158203 0.01656796382023738
0 0.5861310225266677 0.5788212556105393 0.029357763437124398 0.029595448420597956
0 0.3289657005896935 0.9842778719388522 0.022226406977726862 0.022229414719801683
0 0.49501503430880034 0.14072025739229643 0.03343626169057993 0.033536250774676986
0 0.35831788870004505 0.024202447671156663 0.022616753211388223 0.022448237125690166
0 0.42021685380202073 0.5487982676579402 0.016266015859750602 0.01631751427283654
0 0.6266345977783203 0.06078977768237774 0.030321891491229717 0.030288017713106595
0 0.5569012715266302 0.6256373478816106 0.016712042001577523 0.01668577927809495
0 0.5698358462407038 0.07756503728719857 0.017631970919095553 0.01781021631681002
0 0.5622608845050519 0.5176841295682467 0.022780711834247295 0.02275217496431791
0 0.3974587000333346 0.6630904857928936 0.026644266568697415 0.026692317082331732
0 0.6894181324885442 0.08459126032315768 0.03513614947979267 0.03547657911594097
0 0.4156919259291429 0.14052257171043983 0.019836572500375602 0.019932636847862832
0 0.2691601789914645 0.2297490926889273 0.01767877432016226 0.018155904916616585
0 0.26423291059640736 0.04194584718117347 0.0162505003122183 0.01815501543191763
0 0.48099363767183745 0.6456956129807693 0.016382364126352165 0.016356834998497598
0 0.5942275340740497 0.33580732345581055 0.0209502440232497 0.020881065955528848
0 0.511383790236253 0.3146829238304725 0.017863346980168268 0.01801762214073768
0 0.5636642896212064 0.695466555081881 0.023720667912409857 0.023669903094951924
0 0.29231610664954555 0.656645261324369 0.01856407752403846 0.01847663292518029
0 0.3238080098078801 0.13542349521930402 0.0242764399601863 0.023761767607468825
0 0.6957952059232272 0.6371869307297927 0.032401745135967545 0.032636202298677884
0 0.30982266939603365 0.3837438730093149 0.022692166841947116 0.022465925950270433
0 0.3261429713322566 0.365357178908128 0.021208689762995794 0.020856270423302285
0 0.5338834249056302 0.38052698282095104 0.018510745121882513 0.018718572763296273
0 0.6702170738807092 0.6893822596623347 0.07768498934232272 0.07705893883338341
0 0.6956503941462591 0.7757610174325796 0.01534740741436298 0.015271847064678486
0 0.3978657355675331 0.855041870704064 0.018617923443134014 0.018508177537184495
0 0.47540833399846005 0.044169801932114824 0.014835651104266826 0.014901307912973257
0 0.4028892517089844 0.550258049598107 0.015800329355093148 0.015834808349609375
0 0.5738218747652494 0.752250598027156 0.01920634049635667 0.0191500737116887
0 0.33437479459322417 0.2004689069894644 0.018824944129356973 0.01860178433931791
0 0.4159870881300706 0.9242478884183444 0.07714271545410156 0.07625829256497897
0 0.6651361905611478 0.8194911663348858 0.016170795147235576 0.015911689171424277
0 0.571759297297551 0.028256168732276328 0.01567840576171875 0.015741384946382962
0 0.3683801797720102 0.30603214410635143 0.017648990337665264 0.01747923630934495
0 0.6832534349881686 0.030564237099427443 0.08748905475323017 0.05937818838999821
0 0.6359436328594501 0.08353699170626126 0.021021916316105768 0.02133633540226863
0 0.3035441361940824 0.25781616797814 0.01852273941040039 0.018549405611478366
0 0.32293070279634917 0.21285174443171576 0.022562320415790264 0.02258132054255559
0 0.4892020592322716 0.9748216775747446 0.01848910405085637 0.0187835693359375
0 0.5448538706852839 0.3420094710129958 0.16797197782076323 0.1675244661477896
0 0.3272303801316481 0.4597185575045072 0.014806453998272236 0.01488186762883113
0 0.28261280059814453 0.26404652228722203 0.0269929078909067 0.026955384474534255
0 0.5510150469266452 0.712943223806528 0.017921007596529447 0.01824349623460036
0 0.3439529859102689 0.8373705790593073 0.0148313962496244 0.014520938579852764
0 0.42534270653357875 0.0583458634523245 0.09114749615009014 0.0913933515548706
0 0.29799960209773135 0.24338881786052996 0.019854325514573317 0.019825128408578727
0 0.4006193601168119 0.6850194197434646 0.01605503375713642 0.01560504619891827
0 0.570442273066594 0.18609200991117036 0.018752171443058893 0.01849519289456881
0 0.4267466985262357 0.8152731381929837 0.018991470336914062 0.019008049598106973
0 0.6115286166851337 0.08395116145794208 0.06909575829139122 0.06897144592725314
0 0.5146254392770621 0.7524897502018855 0.02163102076603816 0.02167789752666767
0 0.6913766127366286 0.9178341352022611 0.014840639554537259 0.01474468524639423
0 0.5482972952035757 0.8358983259934646 0.020141014685997598 0.01990479689378005
0 0.6774039635291467 0.5889351918147161 0.019038860614483174 0.01927639887883113
0 0.5238036375779372 0.07661453577188346 0.01789547846867488 0.01844338270334097
0 0.5340747099656326 0.8729537083552434 0.01665526169996995 0.01664000291090745
0 0.38664795802189755 0.7699050903320312 0.03556112142709585 0.03540332500751202
0 0.6385145920973557 0.33226247934194714 0.020600538987379808 0.020586307232196514
0 0.3388938903808594 0.10290762094350961 0.0178683354304387 0.017771794245793268
0 0.7067518967848557 0.3719328733590933 0.06339381291316105 0.06896554506742038
0 0.3191176194411058 0.9501956059382513 0.027767254756047174 0.02797552255483774
0 0.37009881092951846 0.9762469071608323 0.0438228020301232 0.04321846595177284
0 0.591717793391301 0.7908743344820462 0.01698787395770733 0.016676976130558893
0 0.5684993083660419 0.3718828788170448 0.018722680898813102 0.018874241755558893
0 0.7021443293644831 0.3310008415809044 0.014901968149038462 0.015066587007962741
0 0.6993060478797326 0.1405012974372277 0.018602811373197116 0.01857412778414213
0 0.6428637137779822 0.9857741135817307 0.029825357290414665 0.024843949538010817
0 0.3378541652972882 0.10601968031663161 0.02118704869196965 0.022092929253211387
0 0.6945341550386869 0.7972122339101938 0.014586522028996395 0.014505239633413462
0 0.5602981494023249 0.8761962010310247 0.013048978952261118 0.013036581186147837
0 0.5915453250591571 0.712890625 0.020138080303485576 0.020868448110727165
0 0.5423851746779221 0.9900791461651142 0.01968691899226262 0.015580103947566105
0 0.46401665760920596 0.23454354359553412 0.03638018094576322 0.08452921647291917
0 0.5352756060086764 0.16832496569706842 0.014952292809119591 0.014973200284517728
0 0.4470671873826247 0.7023485623873197 0.03932872185340294 0.038285475510817304
0 0.5316978234511155 0.8267674079308143 0.018291986905611478 0.01854705810546875
0 0.4294889156634991 0.623272969172551 0.016855753385103665 0.01711276861337515
0 0.5307963077838604 0.8543062943678635 0.023417546198918268 0.023982708270733174
0 0.32718918873713565 0.057358154883751504 0.014540012066180889 0.014453557821420522
0 0.38670459160437953 0.3276117764986478 0.020329768841083232 0.020793914794921875
0 0.44817803456233096 0.3821740517249474 0.01875481238731971 0.01886580540583684
0 0.46027535658616286 0.10869935842660758 0.05448568784273588 0.054895987877478965
0 0.41633169467632586 0.8688502678504357 0.0139923095703125 0.014023414024939904
0 0.551077989431528 0.34895541117741513 0.04953721853402945 0.03538432488074669
0 0.5597460086529071 0.12413734656113845 0.014831983126126803 0.01497180645282452
0 0.3074216842651367 0.5785726400522085 0.09272113213172326 0.18347784189077523
0 0.696847182053786 0.5765068714435284 0.014721503624549279 0.01459187727708083
0 0.2954442317669208 0.8516453963059646 0.014401435852050781 0.014238210824819712
0 0.6776385674109826 0.17013747875507063 0.014906369722806491 0.015015748830942007
0 0.4995606862581693 0.9558866941011869 0.02451170407808744 0.02384317838228666
0 0.6921867957481971 0.2730401846078726 0.06286855844350961 0.062135549692007214
0 0.3353586196899414 0.07278589101938102 0.015290186955378605 0.015451926451462965
0 0.5932877980745755 0.9751830467810998 0.01440121577336238 0.01456744854266827
0 0.672690538259653 0.44781050315270055 0.015656691331129808 0.015839503361628607
0 0.43860604212834287 0.5786891350379357 0.0210421635554387 0.021530004648061898
0 0.32793609912578875 0.6669301986694336 0.023705702561598558 0.024186060978816107
0 0.6043630013099084 0.7330662653996394 0.019088891836313102 0.019458477313701924
0 0.3243414071890024 0.9519720077514648 0.01999510251558744 0.020337765033428486
0 0.6024947533240685 0.05523054874860323 0.018158839299128607 0.017952974026019756
0 0.5627299088698167 0.09557986259460449 0.014078580416165866 0.014021580035869893
0 0.46282819601205677 0.9901375403771033 0.02042256868802584 0.015544891357421875
0 0.49538711401132435 0.6846012702355018 0.018039703369140625 0.018392416147085335
