0 0.34713979867788464 0.2976655593285194 0.18497626598064715 0.18814688462477464
0 0.2814591114337628 0.8228765634390024 0.10132562197171725 0.1012562971848708
0 0.6672625908484826 0.7687498239370493 0.07014054518479568 0.07080753032977764
0 0.8518880697397085 0.14579100792224592 0.06549923236553486 0.06541033891531137
0 0.3502235412597656 0.6541613798875076 0.10381362988398625 0.10256385803222656
0 0.21418444926922137 0.9628820419311523 0.0802459349999061 0.06711138211763822
0 0.8162116270798904 0.42453325711763823 0.0537718259371244 0.05420948908879207
0 0.5019186826852652 0.25928759574890137 0.13515846545879656 0.13551708368154672
0 0.27930644842294544 0.5714886005108173 0.13389271956223708 0.1329369178185096
0 0.8017914111797626 0.6103731302114633 0.04291739830603966 0.04288262587327223
0 0.7111925711998572 0.8889501278217022 0.04530422504131611 0.0453181633582482
0 0.7238238408015325 0.6926781580998347 0.04486377422626202 0.045185235830453724
0 0.22112312683692345 0.34255192830012393 0.04832110038170448 0.04842648139366737
0 0.32006050990178037 0.41231133387638974 0.02238354316124549 0.02248382568359375
0 0.4003704878000113 0.7653345694908729 0.02591859377347506 0.026064065786508415
0 0.2866305938133827 0.5221074177668645 0.028334764333871696 0.028507819542518027
0 0.888165914095365 0.8645750192495493 0.030857379619891826 0.03335248506986178
0 0.4395932417649489 0.509356792156513 0.03884484217717098 0.03918735797588642
0 0.42530085490300107 0.8788321568415716 0.05797914358285757 0.05838100726787861
0 0.7775527513944186 0.5441394952627329 0.02672268794133113 0.026532833392803486
0 0.3369307518005371 0.7657593213594877 0.05951213836669922 0.05936270493727464
0 0.42363988436185396 0.2053401653583233 0.05261993408203125 0.05239376654991737
0 0.6730095789982722 0.08563677164224479 0.022731487567608174 0.022719291540292594
0 0.8265470358041617 0.7223718349750226 0.03658705491286058 0.03667112497182993
0 0.37830103360689604 0.5129873569195087 0.031216841477614183 0.030740737915039062
0 0.3661044194148137 0.7486231877253606 0.04342959477351262 0.04383175189678486
0 0.5045596636258639 0.046104752100431 0.08585651104266827 0.086074920801016
0 0.6479957287128155 0.7078787730290339 0.03670589740459736 0.036812855647160456
0 0.42677831649780273 0.7134194740882287 0.04291996589073768 0.042299123910757214
0 0.34500481532170224 0.5033476902888372 0.03687139657827524 0.03702706557053786
0 0.8805340986985427 0.2895236565516545 0.05278866107647236 0.08397817611694336
0 0.6140827032235953 0.09197040704580453 0.019058961134690505 0.0190583008986253
0 0.5543130361116849 0.09676307898301345 0.026539435753455527 0.026491311880258415
0 0.8112559685340295 0.5145383981557993 0.0706021235539363 0.07169518103966346
0 0.650206785935622 0.28230865185077375 0.025837091299203727 0.02591283504779522
0 0.37716124607966495 0.9520891629732572 0.02860260009765625 0.028402181772085335
0 0.6458033048189603 0.8304342123178335 0.04993761502779447 0.049777984619140625
0 0.4344084079448993 0.9285642183743991 0.0315095461331881 0.0314939939058744
0 0.17049219058110163 0.19981824434720552 0.04925217995276818 0.04926487115713266
0 0.7078489890465369 0.6647057166466346 0.026282383845402643 0.02628913292518029
0 0.7127516086284931 0.9809822669396033 0.02200170663686899 0.022211514986478366
0 0.32212257385253906 0.5287791398855356 0.0581355645106389 0.05788839780367338
0 0.5810468380267804 0.44792718153733474 0.03667039137620192 0.03706858708308293
0 0.8948467694796048 0.3424555705143855 0.015514373779296875 0.016126192533052884
0 0.6857635791485126 0.20543850385225737 0.019590231088491585 0.019730861370380107
0 0.17139214735764724 0.37141587184025693 0.028351820432222806 0.028793775118314303
0 0.5725311866173377 0.035524455400613636 0.029355709369365986 0.02938845524421105
0 0.23418740125802848 0.6846648729764498 0.01864466300377479 0.018614695622370794
0 0.5806875228881836 0.8029881990872897 0.02982667776254507 0.029656336857722357
0 0.12655359965104324 0.4615790293766902 0.038720039220956654 0.038848583514873795
0 0.6944429691021259 0.4566298264723558 0.0799878927377554 0.08129017169658954
0 0.23044270735520583 0.4977370042067308 0.028487719022310697 0.028344007638784554
0 0.8538545461801382 0.5223716955918533 0.023411383995643027 0.02333861130934495
0 0.40331092247596156 0.02042498955359826 0.01583686241736779 0.0157428475526663
0 0.24034894429720366 0.882593741783729 0.0317541635953463 0.031835702749399036
0 0.287190895814162 0.9210438361534705 0.02218015377338116 0.022022834190955527
0 0.7734232682448167 0.44529471030602086 0.09111917935884915 0.0919809341430664
0 0.38920299823467547 0.41918615194467396 0.03081541794996995 0.03045177459716797
0 0.6053081292372483 0.41149264115553635 0.02799877753624549 0.02768677931565505
0 0.385133303128756 0.6172710565420297 0.05897169846754808 0.057249949528620794
0 0.6295777834378756 0.48815279740553635 0.035465240478515625 0.03596775348369892
0 0.34036871103140026 0.7162723541259766 0.03938777630145733 0.03894395094651442
0 0.5055277530963604 0.8369679084190955 0.04099082946777344 0.0408782958984375
0 0.3883669192974384 0.7105585978581355 0.04525302006648137 0.04478234511155348
0 0.711001102740948 0.6379868434025691 0.017851902888371393 0.017737755408653848
0 0.6525402069091797 0.1818846922654372 0.024139991173377402 0.023967779599703275
0 0.752625245314378 0.9266028771033654 0.023688096266526442 0.02395805945763221
0 0.8927447245671198 0.8331506435687726 0.023375437809870794 0.03636844341571514
0 0.8349361419677734 0.2749724571521466 0.049569350022536054 0.050079639141376205
0 0.562255859375 0.057110098692087025 0.025260191697340745 0.025468056018535908
0 0.10338169794816238 0.7250120456402118 0.02303002430842473 0.03001550527719351
0 0.7423446361835186 0.33147485439593977 0.06690098689152645 0.06837162604698768
0 0.28550170018122745 0.960558817936824 0.0674906510573167 0.06643823476938102
0 0.4205017823439378 0.3812996790959285 0.015693077674278848 0.015865325927734375
0 0.6118276302631085 0.2649349799522987 0.17657162592961237 0.18018531799316406
0 0.38574787286611706 0.5674310464125413 0.015204502986027645 0.015015382033128005
0 0.3713824932391827 0.7950161420381986 0.0259549801166241 0.02589284456693209
0 0.6230388788076547 0.19039242084209734 0.030518165001502402 0.030141023489145134
0 0.8248514028695914 0.9923761807955228 0.01792731651893029 0.012503990760216346
0 0.17141056060791016 0.9150446378267728 0.09288112016824576 0.09452409010667068
0 0.21639867929311898 0.7892654125507061 0.03958467336801382 0.038341375497671276
0 0.31966187403752255 0.9055417134211614 0.03670296302208534 0.03693243173452524
0 0.12032365798950195 0.9027548569899339 0.019597457005427435 0.019886897160456732
0 0.6850584470308744 0.3474746850820688 0.048114776611328125 0.048254233140211836
0 0.69336487696721 0.7184854654165415 0.037294827974759616 0.03718082721416767
0 0.3001079009129451 0.8828302530141977 0.02550950417151818 0.025968111478365384
0 0.8493636204646184 0.8374757033128005 0.017329876239483174 0.017343521118164062
0 0.8798869206355169 0.3927452380840595 0.014973273644080529 0.01480395977313702
0 0.19170177899874175 0.8357984836284931 0.058522701263427734 0.05840462904710036
0 0.7275402362530048 0.5110587706932654 0.053580944354717545 0.052659254807692304
0 0.55022826561561 0.4837653453533466 0.04043505741999699 0.039915818434495196
0 0.6477925227238581 0.3580447343679575 0.01970540560208834 0.01956514211801382
0 0.49960723290076625 0.34087393834040713 0.04785288297213041 0.0476373525766226
0 0.8577225024883564 0.020931218679134663 0.03609613271859976 0.035327484974494346
0 0.1315623246706449 0.30810895332923305 0.027838450211745042 0.02760630387526292
0 0.4629389689518855 0.13866525429945725 0.02436410463773287 0.025037802182711087
0 0.3992487834050105 0.8052589709942157 0.027108412522536058 0.02746127201960637
0 0.6448948199932392 0.2319485591008113 0.02111963125375601 0.02104010948768029
0 0.09797029311840351 0.4783215889563927 0.014904297315157376 0.01574105482835036
0 0.6594511178823618 0.5383996963500977 0.021617302527794473 0.02188418461726262
0 0.2893332518064059 0.42896204728346604 0.1591496467590332 0.15189977792593148
0 0.14104645068828875 0.41381065662090594 0.04918124125554012 0.050509086022010215
0 0.5796519059401292 0.7174695821908804 0.041159409743088946 0.041543080256535456
0 0.10821199417114258 0.1806496106661283 0.03542331548837515 0.04702311295729417
0 0.27142887849074143 0.7285716717059796 0.04091915717491737 0.040110074556790866
0 0.7947016495924729 0.7470453702486478 0.04796277559720553 0.04813927870530348
0 0.4256258010864258 0.47888686106755185 0.03126657926119291 0.03228275592510517
0 0.7979712119469275 0.4768785329965445 0.016577500563401442 0.016683138333834134
0 0.4574531408456656 0.4564618697533241 0.03291115394005409 0.03290491837721605
0 0.2637927532196045 0.4369336641751803 0.014293413895827074 0.01412670428936298
0 0.44523000717163086 0.5349466984088604 0.034157973069411054 0.03453907599815956
0 0.40349652216984677 0.5181916310237005 0.020049241872934196 0.020096998948317308
0 0.2542819610008827 0.9345048024104192 0.035573519193209134 0.03575765169583834
0 0.7714940584622897 0.07689353135915902 0.021637843205378607 0.021782673322237454
0 0.12661216809199408 0.9606238145094651 0.03220723225520207 0.03252117450420673
0 0.5150448725773737 0.9480244563176081 0.02076897254356971 0.020659813514122598
0 0.5712513190049392 0.8397973867563101 0.01787574474628155 0.018059657170222357
0 0.40897501431978667 0.9616917830247146 0.028075658358060397 0.028090990506685697
0 0.5217070212730994 0.8799272683950571 0.03273567786583534 0.03314619797926683
0 0.6097596975473257 0.7776555281419021 0.04936144902155949 0.04873246413010817
0 0.35240752880389875 0.43958121079664964 0.01636160337007963 0.016489762526292067
0 0.37958453251765323 0.4810218077439528 0.028675372783954326 0.02852792006272536
0 0.8846492767333984 0.2454379521883451 0.04092700664813702 0.03976792555588942
0 0.13607503817631647 0.40768850766695464 0.03878978582528921 0.03788419870229868
0 0.39232290708101714 0.7008036099947416 0.030435855572040264 0.02898436326246995
0 0.422332030076247 0.47849339705247146 0.025322914123535156 0.026084753183218148
0 0.2140807738670936 0.5850023122934195 0.022817391615647536 0.023017736581655648
0 0.7921039141141452 0.9685662342951848 0.018385667067307692 0.018455945528470553
0 0.15567871240469125 0.8524529383732722 0.030721187591552734 0.030715355506310098
0 0.6170724722055289 0.8932010944073017 0.02680525412926307 0.026989276592548076
0 0.10625692514272836 0.2671647255237286 0.0315553958599384 0.035391697516808145
0 0.112441374705388 0.5199441176194411 0.04578377650334285 0.07251225985013522
0 0.3023101733281062 0.9803192432110126 0.054805608896108776 0.03751431978665865
0 0.5413809556227464 0.8131994834313025 0.030936534588153545 0.030621161827674277
0 0.8976303247305063 0.6379971137413611 0.016334386972280648 0.019840533916766826
0 0.2538630412175105 0.5243624173677884 0.03791350584763747 0.037602938138521634
0 0.3543880902803861 0.41862223698542667 0.024444580078125 0.024561148423414964
0 0.349029541015625 0.3825062971848708 0.07213101020226112 0.07089431469257061
0 0.4036389497610239 0.7399721145629883 0.01606119596041166 0.015823510976938102
0 0.14781506244952863 0.4249754318824181 0.03672148631169246 0.036192747262807995
0 0.7237804119403546 0.9559295360858624 0.014047182523287259 0.014047182523287259
0 0.14666030957148626 0.2402943647824801 0.04163786081167368 0.042083740234375
0 0.25897776163541353 0.20986485481262207 0.2492838272681603 0.25670018562903774
0 0.22492878253643328 0.7826139009915866 0.020391207474928636 0.021113469050480768
0 0.8805627822875977 0.24350481766920823 0.03197493919959435 0.03305471860445463
0 0.4013786315917969 0.4451063596285306 0.02072759775015024 0.021598962637094352
0 0.6303036029522235 0.3823520220243014 0.013094388521634616 0.013085732093224159
0 0.3476095199584961 0.052313767946683444 0.01699682382436899 0.016717874086820163
0 0.7544361994816706 0.3510732650756836 0.023666235116811898 0.023587740384615384
0 0.7557541040273813 0.31712741118211013 0.0213778569148137 0.021150882427509014
0 0.7239679189828726 0.3763869358943059 0.04546062762920673 0.04588391230656551
