0 0.53946014551016 0.17127510217519906 0.24182752462533805 0.2478036146897536
0 0.25283982203556943 0.2657416600447435 0.10625274364764874 0.1068718616779034
0 0.23800064967228815 0.3600013439471905 0.07613101372352013 0.07751993032602164
0 0.9608738238994892 0.7861699324387771 0.041414114145132214 0.041184498713566706
0 0.8160086411696214 0.6829562553992639 0.07052318866436298 0.07046156663161057
0 0.30400562286376953 0.019118602459247295 0.057351185725285456 0.03646860672877385
0 0.4760445814866286 0.8263470576359675 0.03429192763108473 0.034098111666165866
0 0.7069831261268029 0.8743857603806716 0.027762779822716348 0.027262761042668268
0 0.8539305466871995 0.5014193975008451 0.028794215275691107 0.028861852792593148
0 0.7687724186823919 0.46282386779785156 0.0242462158203125 0.02398373530461238
0 0.18105114423311675 0.02165204515823951 0.03237203451303335 0.03222715396147508
0 0.4105495306161734 0.023506288345043477 0.02093329796424279 0.02059634832235483
0 0.574627582843487 0.8501044786893405 0.01964084918682392 0.019439257108248197
0 0.7528856717623197 0.962440197284405 0.020090103149414062 0.020250320434570312
0 0.4701373026921199 0.31766267923208386 0.022695101224459134 0.022730020376352165
0 0.6820504115178034 0.06340792087408212 0.07272544273963341 0.07448727350968581
0 0.22441816329956055 0.014866890815588145 0.02387391603910006 0.02390235662460327
0 0.32970410126906174 0.4372538786668044 0.024053353529710036 0.02415605691763071
0 0.7104289715106671 0.8508614026583158 0.0245968745304988 0.02467214144193209
0 0.7700290679931641 0.3981746526864859 0.030249962439903848 0.030403504004845254
0 0.37385390355036807 0.13419905075660118 0.01938966604379507 0.01934975844163161
0 0.7781078632061298 0.5167529032780573 0.026644486647385817 0.026548385620117188
0 0.4058644221379207 0.9534025192260742 0.028406730064978965 0.028773968036358174
0 0.9174451094407302 0.3518999539888822 0.0241848872258113 0.024180192213792067
0 0.9795680412879357 0.34238012020404524 0.034496307373046875 0.03450797154353215
0 0.7020295950082632 0.7221488219041091 0.043195284329927884 0.04263731149526743
0 0.8410592445960412 0.9528678013728216 0.02445499713604267 0.024609492375300482
0 0.03393968252035288 0.9343113532433143 0.02497126505925105 0.025058159461388223
0 0.7718117053692157 0.7193930699275091 0.04613993718073918 0.04628342848557692
0 0.8391912166888897 0.5517050669743464 0.029849125788762018 0.030094293447641227
0 0.25926758692814755 0.1244045037489671 0.017908463111290567 0.018021033360407904
0 0.35657163766714245 0.029283557946865376 0.021140538729154147 0.021795534170590915
0 0.8163767594557542 0.7574342580942007 0.02133765587439904 0.021459286029522236
0 0.8123948023869441 0.21067611987774187 0.04975979144756611 0.05069714326124925
0 0.38529715171227086 0.8243328974797175 0.017623167771559495 0.01753088144155649
0 0.17833566665649414 0.5720493610088642 0.020286119901216947 0.020201609684870794
0 0.572665654695951 0.9868447230412409 0.016609338613656852 0.016353313739483174
0 0.11353368025559646 0.9085044860839844 0.031664298130915716 0.031762196467472956
0 0.9584248616145208 0.9002289405235877 0.017517823439378005 0.017604827880859375
0 0.8299925877497747 0.3943677315345177 0.020171678983248197 0.020140867966871995
0 0.15078490514021653 0.5725318101736215 0.018178958159226637 0.018242689279409554
0 0.8013951961810772 0.6062215658334585 0.017573429987980768 0.017889022827148438
0 0.9538817772498498 0.2516842805422269 0.01755670400766226 0.017616125253530648
0 0.9654895342313327 0.3188735521756686 0.020012488731971152 0.01987031789926382
0 0.5350765081552359 0.0474923115510207 0.038941456721379206 0.03914732199448805
0 0.10085116899930514 0.13201690637148344 0.01654823009784405 0.016353772236750677
0 0.4313276731050931 0.8775928203876202 0.016348618727463942 0.016253544734074518
0 0.7180808874276968 0.7282000321608323 0.07785782447228065 0.08037273700420673
0 0.6129922133225661 0.8838363060584435 0.03246101966271034 0.031894683837890625
0 0.8045177459716797 0.39876996553861177 0.016318101149338942 0.0164639399601863
0 0.6525685970599835 0.9149414209219126 0.07520000751201923 0.07531987703763522
0 0.37248736161452073 0.7613994158231295 0.019165699298565205 0.0188446044921875
0 0.08498105636009803 0.47610209538386417 0.022133061519035928 0.021981165959284857
0 0.3520318544827975 0.3640772012563852 0.016807115994966947 0.016864189734825723
0 0.6628429706280048 0.7224894303541917 0.04785860501802885 0.04701673067533053
0 0.11966057007129376 0.6438051370474008 0.028550111330472507 0.028513981745793268
0 0.7287107614370493 0.9022083282470703 0.01771706801194411 0.017665716317983773
0 0.6534488384540265 0.10569886060861441 0.04195624131422777 0.04193487534156212
0 0.8519791823167068 0.5357055297264686 0.027548569899338942 0.02829140883225661
0 0.01035386323928833 0.35616562916682315 0.017284097579809334 0.016948699951171875
0 0.7818304208608774 0.6421020947969877 0.0724475567157452 0.07223848196176383
0 0.9700955611008865 0.3562064537635216 0.022469740647536058 0.022624822763296273
0 0.2217388153076172 0.5781734539912298 0.024613160353440505 0.025022139916053183
0 0.7022716815655048 0.2618867800785945 0.018919724684495192 0.019060575045072116
0 0.15460933171785796 0.9340410232543945 0.04076601908757137 0.04118273808405949
0 0.007693052291870117 0.3807214590219351 0.01530122527709374 0.021222921518179085
0 0.5996395991398737 0.869228509756235 0.028344447796161357 0.028676839975210335
0 0.9566388496985803 0.33038755563589245 0.017990845900315505 0.018012560330904447
0 0.9211893815260667 0.8787115537203275 0.016583956204927884 0.0164791987492488
0 0.733795899611253 0.7869661771334134 0.020395719088040866 0.020788046029897835
0 0.6310523106501653 0.46944178067720854 0.015267298771784855 0.01534285912146935
0 0.6611765347994291 0.6900085302499624 0.01668269817645733 0.016593786386343148
0 0.1528626588674692 0.48096568767841047 0.018753932072566107 0.018746229318472054
0 0.5912690529456506 0.5970361416156476 0.014983470623309795 0.015042965228740986
0 0.2669507173391489 0.9494207088763897 0.024373861459585335 0.024455877450796273
0 0.9592839754544772 0.4469900131225586 0.01694635244516226 0.017081187321589544
0 0.19306412109961876 0.9476790794959435 0.03853691541231596 0.03822003878079928
0 0.11151361465454102 0.8910556939932016 0.0195770997267503 0.019788595346304085
0 0.42898277135995716 0.023585003155928392 0.018068827115572415 0.01822046133188101
0 0.21596868221576399 0.9695980365459735 0.03570696023794321 0.035657442533052884
0 0.17018820689274713 0.9822883605957031 0.07388162612915039 0.034173231858473554
0 0.6291675567626953 0.3956547517042894 0.01839447021484375 0.018356176523061898
0 0.9078429295466497 0.008586393525967231 0.017325474665715143 0.01562632849583259
0 0.9408059486976037 0.5130353707533616 0.016679910513070915 0.016513971182016227
0 0.6433674738957331 0.8585498516376202 0.04362135667067308 0.04353185800405649
0 0.18265731518085188 0.41927330310528094 0.017760350153996393 0.017720149113581732
0 0.8639344435471755 0.6912627586951623 0.033651498647836536 0.03378853431114784
0 0.10867735972771278 0.4933771720299354 0.017848381629356973 0.017987911517803486
0 0.357694332416241 0.7398816622220553 0.024348625769981973 0.02429375281700721
0 0.3469119438758263 0.7208919525146484 0.01678745563213642 0.016706173236553486
0 0.28287795873788685 0.4060229521531325 0.01668724646935096 0.016667732825646035
0 0.8225462986872747 0.6033243032602164 0.030156355637770433 0.0301968501164363
0 0.017594825762968797 0.06493820593907283 0.015482952961554894 0.015285363564124474
0 0.9259240077092097 0.700172130878155 0.014672939593975361 0.014934833233173076
0 0.5365849274855393 0.01818139163347391 0.028171025789701022 0.02803003558745751
0 0.4849885060237004 0.2954616913428673 0.0233612060546875 0.023752432603102464
0 0.820396716778095 0.5275848828829252 0.03332783625676082 0.03305860666128305
0 0.12306426121638371 0.046797532301682696 0.015176204534677358 0.015112840212308444
0 0.06859506552035992 0.18872990975013146 0.015435301340543307 0.015506524306077223
0 0.9230943826528696 0.5921942637516902 0.019747513991135817 0.019839360163762018
0 0.47258516458364636 0.008732626071343055 0.015380565936748799 0.015163779258728027
0 0.043882901851947494 0.37786535116342396 0.015489422357999362 0.015691463763897236
0 0.6535819127009466 0.959501339839055 0.05647087097167969 0.05669212341308594
0 0.13688761454362136 0.6575449430025541 0.03156295189490685 0.031776721660907455
0 0.965824714073768 0.22769920642559344 0.031412564791165866 0.031208368448110726
0 0.9200838529146634 0.23869277880742 0.015059251051682692 0.015135948474590596
0 0.18113242662869966 0.6641864776611328 0.025759476881760817 0.025731306809645433
0 0.9877813779390775 0.3238034981947679 0.014782245342548076 0.014804326570951022
0 0.3804628665630634 0.7787705934964694 0.017803192138671875 0.018149155836838942
0 0.8357706803541917 0.5137690030611478 0.01950704134427584 0.01965640141413762
0 0.13213427250201887 0.2575561816875751 0.01637414785531851 0.016503113966721755
0 0.07722008228302002 0.9125026556161734 0.018868134571955755 0.019081555880033053
0 0.39498127423799956 0.6218781838050256 0.018093989445612982 0.018125387338491585
0 0.8410135415884165 0.48310213822584885 0.021648700420673076 0.021478799673227165
0 0.09937684352581318 0.8374717418964093 0.01628743685208834 0.01601380568284255
0 0.07766998731173001 0.23436522483825684 0.014765042525071364 0.01487885988675631
0 0.3919409971970778 0.7961557828463041 0.01853311978853666 0.01842630826509916
0 0.9368302271916316 0.11265961023477408 0.015446736262394832 0.015427479377159705
0 0.17211796687199518 0.8606114020714393 0.014463131244365986 0.014229114239032451
0 0.12575701566842887 0.2817836541395921 0.01647189947275015 0.016370773315429688
0 0.7739047270554763 0.8182327563946064 0.01439960186298077 0.01441500737116887
0 0.9257950415978065 0.07598224970010611 0.01376812274639423 0.013575535554152269
0 0.8400884041419396 0.6319437760573167 0.041225580068734974 0.04091350848858173
0 0.6032129434438852 0.9072148249699519 0.025040259728064902 0.024783941415640023
0 0.9505172142615685 0.3643024151141827 0.0177310063288762 0.017430232121394232
0 0.8289070129394531 0.4113184121938852 0.01663354726938101 0.016611686119666465
0 0.3523201575646034 0.33829402923583984 0.015065706693209134 0.01526348407451923
0 0.009028878922645863 0.9803701547475961 0.01524706414112678 0.015071282019981971
0 0.11235618591308594 0.46127821848942685 0.014662926013653096 0.01447310814490685
0 0.24778351416954628 0.6909671196570764 0.014282446641188402 0.014436281644381009
0 0.8647632598876953 0.6577246739314153 0.025656773493840143 0.0254513667179988
0 0.03051856389412513 0.6135965494009165 0.015726511295025166 0.015938538771409255
0 0.20960268607506385 0.7631758176363431 0.01635566124549279 0.01634847200833834
0 0.676516239459698 0.7537667934711163 0.02779549818772536 0.02731778071476863
0 0.13908560459430402 0.16480665940504807 0.017734821026141826 0.01796106191781851
0 0.05740201014738817 0.9286551842322717 0.022391264255230244 0.0227053715632512
0 0.7480435004601111 0.37908036892230695 0.01733222374549279 0.017577244685246393
0 0.7788275205172025 0.2543191176194411 0.015943087064302884 0.015914183396559495
0 0.2204593878525954 0.08670000846569355 0.01790508857140174 0.018045700513399564
0 0.806919684776893 0.22267983509944037 0.033632131723257214 0.033281693091759317
0 0.31537936283991885 0.27658458856435925 0.015139946570763221 0.015142220717210036
0 0.7941405956561749 0.292448667379526 0.013521634615384616 0.013524202200082632
0 0.14742191021259016 0.043514370918273926 0.014212204859806942 0.014310508966445923
0 0.14286154967087966 0.9233851799598107 0.03275977648221529 0.03254142174353966
0 0.034687927136054404 0.00731281191110611 0.015934201387258675 0.01359168726664323
0 0.14091445849492 0.6458750504713792 0.015467607058011569 0.014837118295522837
0 0.36369653848501354 0.7488324091984675 0.018547498262845553 0.018294261052058294
0 0.10755320695730355 0.9627732496995193 0.013759099520169772 0.013832679161658654
0 0.9561768311720628 0.7061505684485803 0.014489247248722957 0.014574637779822716
0 0.6858419271615835 0.8381481170654297 0.014543680044320913 0.014063174907977764
0 0.46851378220778245 0.7909017709585336 0.016459538386418268 0.016324410071739785
0 0.3659975345318134 0.03705926354114826 0.014384049635667067 0.014753694717700664
0 0.8921401684100811 0.014859609878980197 0.03434489323542668 0.028558625624730036
0 0.03237009965456449 0.6169526760394757 0.01673910251030555 0.016432542067307692
0 0.684169182410607 0.0332312836096837 0.05260467529296875 0.0535768958238455
0 0.6953677397507888 0.7694758635300857 0.04584958003117488 0.04395793034480168
