0 0.7707660381610577 0.6883054146399865 0.07198509803185096 0.07274950467623197
0 0.6016681377704327 0.6733350020188552 0.07549227201021634 0.07543505155123197
0 0.6388474977933444 0.4296879401573768 0.09553923973670372 0.09417079045222355
0 0.5492199384249173 0.1985962024101844 0.2912719433124249 0.2931182934687688
0 0.391387572655311 0.4762086868286133 0.0715940182025616 0.07192230224609375
0 0.2437002842242901 0.15596848267775315 0.06599800403301533 0.06638611280001126
0 0.7008852591881385 0.052116999259361856 0.07484934880183293 0.07480078477125901
0 0.4757295021644005 0.553767571082482 0.08911653665395883 0.08816821758563702
0 0.7640460087702825 0.29158909504230207 0.05818528395432692 0.05824686930729793
0 0.45948175283578724 0.9135827284592849 0.058616931621844955 0.057984572190504804
0 0.4275425397432767 0.712912706228403 0.05513924818772536 0.05467136089618389
0 0.383389766399677 0.20662558995760405 0.05886620741624098 0.05903361393855168
0 0.49948182472815883 0.8045475299541767 0.052369191096379206 0.052135320810171276
0 0.2139731920682467 0.20439657798180214 0.05413458897517277 0.05412204448993389
0 0.7264509934645432 0.7136658888596755 0.04530129065880409 0.04554279033954327
0 0.3937193797184871 0.9498731173001803 0.043540587792029746 0.04349224384014423
0 0.7456009204571064 0.896031379699707 0.04001764150766226 0.04010581970214844
0 0.4913494403545673 0.7235662020169772 0.04529116703913762 0.04526373056265024
0 0.7445333920992337 0.9685892691979041 0.03234511155348558 0.03241260235126202
0 0.48247960897592396 0.9536605981680063 0.0418089353121244 0.04175406235914964
0 0.5768061417799729 0.5206504234900842 0.08646099384014423 0.08722187922551082
0 0.7488971123328576 0.4423505342923678 0.040168468768780045 0.04045911935659555
0 0.30295925873976487 0.8761964944692758 0.04972971402681791 0.049411773681640625
0 0.4374523896437425 0.025369004561350897 0.04820926372821514 0.0475426958157466
0 0.45722565284142125 0.6060802753155048 0.03658015911395733 0.036174774169921875
0 0.20213673664973333 0.34143983400785005 0.03565076681283804 0.03562105618990385
0 0.3114926631634052 0.28419740383441633 0.038378275357759915 0.03843567921565129
0 0.8004616957444411 0.2647354786212628 0.037049366877629206 0.037143707275390625
0 0.2468705910902757 0.7627381544846755 0.031193916614239033 0.03145760756272536
0 0.5732514308049128 0.4005258266742413 0.05543356675368089 0.05557749821589543
0 0.6126737961402307 0.34918396289532 0.03696375626784105 0.03690653580885667
0 0.582516046670767 0.8420779154850886 0.0382688228900616 0.03830586946927584
0 0.5660752516526443 0.7756282366239108 0.034641265869140625 0.03468161362868089
0 0.21782704500051644 0.9358014326829177 0.03543710708618164 0.035582322340745196
0 0.7158096020038311 0.366886358994704 0.021954463078425482 0.02213463416466346
0 0.28339231931246245 0.19923054254972017 0.03784524477445162 0.03792839783888597
0 0.44555077185997594 0.6551802708552434 0.05553480295034555 0.0568231435922476
0 0.5385660758385291 0.13921345197237456 0.047722156231219955 0.048444271087646484
0 0.5018439659705529 0.6957117227407602 0.03587473355806791 0.035871065579927884
0 0.5255305216862605 0.9124235006479117 0.028480676504281852 0.02863898644080529
0 0.48237089010385364 0.04518987123782818 0.044919380774864785 0.04508945575127235
0 0.6767799670879657 0.509005986727201 0.044785719651442304 0.04508898808405949
0 0.31130919089684117 0.9669099954458383 0.043761253356933594 0.043806222768930286
0 0.26618664081280047 0.3812349026019757 0.02748452700101412 0.027490762563852165
0 0.581715253683237 0.6111127046438364 0.03312969207763672 0.03313893538254958
0 0.29451098808875453 0.9863826311551608 0.027553778428297777 0.022075359637920674
0 0.3827922527606671 0.31404935396634615 0.0569309821495643 0.057296459491436295
0 0.4344318096454327 0.07266669089977558 0.051107553335336536 0.051099465443537787
0 0.3214300228999211 0.5716147789588342 0.0481573985173152 0.0481561514047476
0 0.3698963752159706 0.6241864424485427 0.03449586721567007 0.03473784373356746
0 0.7026917384221003 0.7681670555701623 0.03130678030160757 0.03181310800405649
0 0.20174033825214094 0.8080448737511268 0.03875871805044321 0.047437814565805286
0 0.7745835964496319 0.12498820745027982 0.019943677462064303 0.019814362892737754
0 0.40189398252047026 0.8245795323298528 0.04017375065730168 0.040212191068209134
0 0.4163643030019907 0.3329009276169997 0.019275078406700723 0.019321588369516227
0 0.6101018465482272 0.8241418691781851 0.020387796255258415 0.020717327411358174
0 0.5978967960064228 0.02562414912077097 0.024289938119741585 0.02438497543334961
0 0.32119285143338716 0.49161492861234224 0.04115097339336689 0.0408021486722506
0 0.640868407029372 0.04297502224261944 0.04522543687086839 0.045194222376896784
0 0.290497009570782 0.7415993763850286 0.2180615205031175 0.31490017817570615
0 0.7044414373544546 0.7965649091280423 0.020167424128605768 0.020082767193134014
0 0.5385468556330755 0.369167474599985 0.04872908959021935 0.04858193030724159
0 0.6232869074894831 0.9881990139301007 0.021827844473031852 0.01910532437838041
0 0.7164864173302283 0.5869680551382211 0.025197542630709134 0.02491481487567608
0 0.2179690691140982 0.3696444951570951 0.026676324697641227 0.02640504103440505
0 0.41741294127244216 0.3635561282818134 0.028557483966533955 0.028506352351262018
0 0.8056160119863657 0.870790041410006 0.022898453932542067 0.02956228989821214
0 0.5386817638690655 0.7117158449613131 0.05175326420710637 0.05331156804011418
0 0.5288570110614483 0.047840310977055475 0.026971963735727165 0.0269395112991333
0 0.39399242401123047 0.9043096395639273 0.03341814187856821 0.03354556743915264
0 0.600594373849722 0.05652234645990225 0.027495971092810996 0.027591989590571478
0 0.28067447588993955 0.6558345647958609 0.06980364139263447 0.07026510972243089
0 0.6420638744647686 0.5501558230473444 0.030534890981820915 0.03043387486384465
0 0.2270672871516301 0.5344707048856295 0.04092275179349459 0.04123379633976863
0 0.7819576997023362 0.9776730904212365 0.020837930532602165 0.020856563861553486
0 0.2864020604353685 0.4844192358163687 0.021457562079796426 0.021662198580228366
0 0.739407466008113 0.41729215475229114 0.029788677509014424 0.02971795889047476
0 0.4734495603121244 0.9836196165818435 0.028953038729154147 0.027591852041391227
0 0.6237464317908654 0.37907996544471156 0.02285179725060096 0.022860893836388223
0 0.31996583938598633 0.08806545917804424 0.25327146970308745 0.17515002764188325
0 0.1973262566786546 0.46625518798828125 0.030203965994027946 0.03077873816856971
0 0.5062158291156476 0.08724150290855995 0.04210992959829477 0.04286248408831083
0 0.7131779744074895 0.1271902872965886 0.033724271334134616 0.03359458996699406
0 0.29598459830650914 0.40225711235633266 0.02091642526479868 0.021028592036320612
0 0.6791483072134165 0.8840775856604943 0.021915435791015625 0.021883010864257812
0 0.3203572860130897 0.7640936924861028 0.026917090782752402 0.026859870323768027
0 0.23348375467153695 0.44599478061382586 0.030209761399489183 0.030410326444185697
0 0.5466291721050556 0.8777848757230319 0.03416868356557993 0.034048814039963946
0 0.5829002673809345 0.47107909275935245 0.06635079017052284 0.06487802358774039
0 0.36472753378061146 0.9092599428617038 0.023787865271935098 0.023590968205378607
0 0.5226623094998873 0.7494170849139874 0.029626993032602165 0.029471764197716348
0 0.35125967172475964 0.23919756595905012 0.027463912963867188 0.027474696819598857
0 0.2860059371361366 0.7445268630981445 0.016327857971191406 0.01637854942908654
0 0.573764287508451 0.3416103216317984 0.041310823880709134 0.0414582766019381
0 0.7015534180861253 0.14997350252591646 0.03661302419809195 0.037094372969407305
0 0.6937556633582482 0.38541511388925404 0.0206906245304988 0.020702068622295674
0 0.29305195808410645 0.15714716911315918 0.031145719381479118 0.031051819141094502
0 0.6701371119572566 0.3263544669518104 0.030474736140324518 0.031040044931265023
0 0.3753988559429462 0.15987304540780875 0.03963191692645733 0.03963616261115441
0 0.4065858400785006 0.6345960176908053 0.03447532653808594 0.03440988980806791
0 0.36278555943415713 0.859500004695012 0.021290705754206732 0.021510784442608174
0 0.21451577773460975 0.6029414397019607 0.06615026180560772 0.07809169475848858
0 0.6967067718505859 0.06897488007178673 0.022417802077073317 0.022990942001342773
0 0.35196157602163464 0.9488120445838342 0.01813228313739483 0.01795812753530649
0 0.6684624598576472 0.6905915186955378 0.025104669424203727 0.02533751267653245
0 0.19216695198645958 0.7190575966468225 0.018894342275766227 0.024890899658203125
0 0.4115719428429237 0.4193550623380221 0.02451911339393029 0.024308204650878906
0 0.5313576184786283 0.9845628004807693 0.02275701669546274 0.023247352013221152
0 0.49732765784630406 0.7666375086857722 0.025093518770658053 0.025016931387094352
0 0.809425794161283 0.43613771291879505 0.01716760488656851 0.017939347487229567
0 0.31685539392324596 0.1597581643324632 0.019565802354079027 0.019706139197716348
0 0.5060089551485502 0.9821798618023212 0.029624205369215745 0.028874323918269232
0 0.3873216188870944 0.10763957867255577 0.044555957500751205 0.04424757223862868
0 0.19220667618971604 0.2626985770005446 0.02731910118689904 0.04346664135272686
0 0.4393755105825571 0.9769659042358398 0.021409988403320312 0.021642244779146634
0 0.7047403775728666 0.8484053244957557 0.015369415283203125 0.015446149385892428
0 0.5868145869328425 0.36704371525691104 0.04581774198091947 0.0458685067983774
0 0.2868246298569899 0.36501253568209135 0.025786546560434196 0.025979262131911058
0 0.5381825520442083 0.0312622831417964 0.02116225315974309 0.0215378999710083
0 0.49460796209482044 0.6123836223895733 0.07360407022329477 0.07419483478252704
0 0.5475594447209284 0.753758063683143 0.020454846895658053 0.020312676062950723
0 0.2928025172306941 0.26677714861356294 0.02044332944429838 0.020478101877065804
0 0.5679604823772724 0.8946255170381986 0.03385088993952824 0.03383005582369291
0 0.45421596673818737 0.3140619718111478 0.02008812244121845 0.020032075735238884
0 0.547361814058744 0.6706265669602615 0.015609080974872295 0.015399639423076924
0 0.41546014639047474 0.6691440435556265 0.04192990523118239 0.04253930311936598
0 0.2636719300196721 0.7550181608933669 0.014945360330434946 0.015095050518329326
0 0.5410313239464393 0.9284097231351413 0.017805099487304688 0.01739193842961238
0 0.5134209852952224 0.9669786599966196 0.018489324129544772 0.01881555410531851
0 0.26630460298978365 0.34961612407977766 0.019984318659855768 0.019901275634765625
0 0.5553322571974534 0.5884107443002554 0.020642207219050482 0.020880699157714844
0 0.40071524106539214 0.5688735521756686 0.01640627934382512 0.016451102036696214
0 0.6805103008563702 0.7870119535006009 0.015633509709284857 0.015470798198993389
0 0.254370065835806 0.4167031508225661 0.02109223145705003 0.02107106722318209
0 0.372585443349985 0.42791146498460036 0.03701437436617338 0.03595652947059044
0 0.5537975017841046 0.9915946080134466 0.02887094937838041 0.015682807335486777
0 0.5755646778987005 0.2407251504751352 0.04975465627817007 0.04921649052546574
0 0.7958987309382513 0.47046529329740083 0.02399415236253005 0.02370291489821214
0 0.6661401895376352 0.920018929701585 0.0208279536320613 0.02083719693697416
0 0.6507345346304086 0.8509313143216647 0.07880317247830905 0.07707493121807392
0 0.46236294966477615 0.8496306492732122 0.016129567072941706 0.0163119389460637
0 0.30840044755202073 0.9281450418325571 0.016045221915611856 0.016094207763671875
0 0.7048986141498272 0.33899850111741286 0.02125373253455529 0.020841598510742188
0 0.6389218110304612 0.9288434248704177 0.01565375694861779 0.015904353215144232
0 0.6319738534780649 0.015046055500323955 0.046072152944711536 0.02883829978796152
0 0.5640415044931265 0.03603507692997272 0.016995356633112982 0.01713627576828003
0 0.41480658604548526 0.9744302309476413 0.01604036184457632 0.015811626727764424
0 0.25208513553325945 0.43748239370492786 0.01593186305119441 0.015940299400916465
0 0.620024901169997 0.9021917489858774 0.029250218318058893 0.0296938969538762
0 0.2395936158987192 0.6794385176438552 0.018927280719463643 0.018901824951171875
0 0.2014952806326059 0.5201381536630484 0.017012376051682692 0.016665091881385215
0 0.5535092720618615 0.9417563218336839 0.02274637955885667 0.022487640380859375
0 0.5896601310143104 0.5762792000403771 0.047937246469350964 0.04792572901799129
0 0.40732651490431565 0.8715347876915565 0.025696167579064004 0.025647970346304085
0 0.8137113131009616 0.10979633147899921 0.013841775747445913 0.025424388738778923
0 0.6304156963641827 0.5072753612811749 0.027539913470928486 0.02753272423377404
0 0.44292303232046276 0.48867056919978213 0.03884388850285457 0.03867193368765024
0 0.5002252138577975 0.9085187178391677 0.022712560800405648 0.02305749746469351
0 0.7528009414672852 0.05446466115804819 0.025917640099158652 0.025760063758263223
0 0.28332974360539365 0.5954982317410983 0.02038709933941181 0.02045924846942608
0 0.3899949880746695 0.2553500762352577 0.04935748760516827 0.04835297511174129
0 0.6652738864605243 0.08413227704855111 0.04388999938964844 0.04381742844214806
0 0.7065299841073843 0.9284123640794021 0.01490475581242488 0.014974447397085337
0 0.6957192787757287 0.44019519365750825 0.02189460167518029 0.02193560967078576
0 0.6954229795015775 0.0676424136528602 0.03262769258939303 0.029710843012883112
0 0.5966042005098783 0.9555843059833233 0.043529363778921276 0.042806038489708535
0 0.47142923795259917 0.3315223547128531 0.025118681100698616 0.025064468383789062
0 0.771204948425293 0.08809872773977426 0.024588951697716348 0.024772240565373346
0 0.5226054191589355 0.8213995420015775 0.020955012394831732 0.021413362943209134
0 0.5786157387953538 0.9309444427490234 0.02999452444223257 0.029717665452223558
0 0.42824547107403094 0.6107927102309006 0.01671600341796875 0.01710620293250451
0 0.2940834485567533 0.7956490883460412 0.018821202791654147 0.018854874830979567
0 0.3846866167508639 0.861610119159405 0.019002180833082933 0.018946427565354567
0 0.7845912346473107 0.04695914341853215 0.024081010084885817 0.02485522857079139
0 0.20897353612459624 0.610294562119704 0.05515931202815129 0.06388062697190505
0 0.6979801471416767 0.878669812129094 0.020072056696965143 0.02006838871882512
0 0.26304278006920445 0.5785806362445538 0.024383031404935397 0.024306370661808893
0 0.432981014251709 0.9621699406550481 0.021993637084960938 0.021977351262019232
0 0.33459362616905797 0.16771855721106896 0.019796078021709736 0.020171385544996995
0 0.6274441939133865 0.48876402928278995 0.021716484656700723 0.02198659456693209
0 0.5998208706195538 0.7508430480957031 0.019550250126765326 0.02002892127403846
0 0.4423970809349647 0.8758616814246545 0.050608048072228067 0.049498337965745196
0 0.36893664873563325 0.01655276234333332 0.021311173072228067 0.02137439067547138
0 0.19764210627629206 0.9542645674485427 0.017548781174879808 0.017398247352013223
0 0.48138002248910755 0.41699827634371245 0.015318210308368389 0.015328040489783654
0 0.5676792951730582 0.07914073650653546 0.038507314828725964 0.039329895606407754
0 0.49603381523719203 0.8400795276348407 0.015137452345628005 0.015503369844876803
0 0.5316487825833834 0.9437967447134165 0.01717860882098858 0.017528533935546875
0 0.664364741398738 0.026601699682382438 0.014586522028996395 0.014610042938819299
0 0.26846614250769985 0.07633867630591759 0.021329879760742188 0.021772311283991888
0 0.5909603192256048 0.766806382399339 0.018009699307955228 0.018307319054236777
0 0.7337398529052734 0.008910740797336284 0.02915044931265024 0.01693744842822735
0 0.602715382209191 0.9246606093186599 0.015317696791428786 0.015248518723707933
0 0.2729680354778583 0.09812378883361816 0.020012562091533955 0.01971098092886118
0 0.5078018628633939 0.949165784395658 0.014348396888146034 0.014658707838792067
0 0.2599646494938777 0.26590620554410493 0.023845599247859076 0.023819446563720703
0 0.21640865619365984 0.7816760723407452 0.01845271770770733 0.01845521193284255
0 0.32850162799541766 0.41930484771728516 0.026853561401367188 0.027110466590294473
0 0.49533880673922026 0.661658947284405 0.01889977088341346 0.018855461707481973
0 0.8018653576190655 0.3498360560490535 0.02440672654371995 0.02427511948805589
0 0.6849115811861478 0.017266621956458457 0.03021416297325721 0.02909947817142193
0 0.5588093170752892 0.6472459939809946 0.024347672095665567 0.024171095628004808
0 0.801552259005033 0.007195824040816381 0.02557226327749399 0.012931994520700894
0 0.26462822694044846 0.4893197279710036 0.020413802220271185 0.02055975107046274
0 0.5869708794813889 0.7864825175358698 0.013981892512394832 0.014054371760441707
0 0.31507205963134766 0.09529456725487342 0.015066752066979041 0.01497334700364333
0 0.21336051133962777 0.9665261782132663 0.015231462625356821 0.015254680926983174
0 0.7326027796818659 0.02434448553965642 0.01855292687049279 0.01824050683241624
0 0.19597898996793306 0.9783897399902344 0.02422505158644456 0.0365911630483774
0 0.19493781603299654 0.9203680478609525 0.024425359872671273 0.03553170424241286
0 0.7445971415593073 0.5674201891972468 0.02337793203500601 0.023557296166053183
0 0.21402929379389837 0.5601682662963867 0.018105176778940055 0.01844655550443209
0 0.38321773822490984 0.5846721942608173 0.021642611576960638 0.021670414851262018
