0 0.5553814447843112 0.45432013731736404 0.14352717766394982 0.14525002699631911
0 0.31646427741417515 0.3019111156463623 0.08458482302152194 0.08522528868455154
0 0.053263343297518216 0.8102936377892127 0.09550096438481258 0.11567423893855168
0 0.10799636290623592 0.45116050426776594 0.04794482084421011 0.048254893376277044
0 0.17916055826040414 0.03770426832712614 0.044503358694223255 0.04452441747371967
0 0.33228360689603365 0.46709423798781174 0.11894717583289513 0.12061845339261569
0 0.6719696338360126 0.32920419252835786 0.059284210205078125 0.059300514367910534
0 0.9371829399695764 0.5993178807772123 0.05035473750187801 0.05040293473463792
0 0.4433102607727051 0.9862835223858173 0.026371222275954027 0.022923983060396634
0 0.8863714658297025 0.5989830677325909 0.053476773775540866 0.05333761068490835
0 0.09177217116722694 0.9407737438495343 0.029515559856708232 0.029192410982572116
0 0.9415723360501803 0.16186215327336237 0.0211178706242488 0.021205021784855768
0 0.7214331260094275 0.6125867550189679 0.02037195058969351 0.020441348736102764
0 0.8170663393460788 0.638488035935622 0.07754575289212741 0.07791548508864182
0 0.36105995911818284 0.2817227657024677 0.04914635878342848 0.04876019404484676
0 0.4691937886751615 0.7686874683086689 0.02588206071120042 0.026059957650991585
0 0.8474038931039664 0.7262684748722956 0.045289259690504804 0.04557330791766827
0 0.9299414708064153 0.6717910766601562 0.024277613713191107 0.02435933626615084
0 0.4467477798461914 0.32697288806621844 0.033091031588040866 0.03321618300217848
0 0.15210372668046218 0.2929978920863225 0.08142575850853553 0.08289216114924504
0 0.32379539196307844 0.81732177734375 0.02225831838754507 0.021955343393179085
0 0.25676151422353893 0.6020969244150015 0.04000146572406475 0.04012166536771334
0 0.7040370060847356 0.9079330150897686 0.0197601318359375 0.019849337064302884
0 0.8990387549767127 0.20204650438748872 0.01992460397573618 0.019983951862041768
0 0.4656830200782189 0.6764896099384015 0.0834963138286884 0.08274518526517428
0 0.8819638765775241 0.85279237307035 0.03142885061410757 0.03132218580979567
0 0.28827802951519305 0.7952235295222356 0.02593099153958834 0.025804959810697116
0 0.6713799696702224 0.545553940993089 0.020337911752554085 0.02043291238638071
0 0.12305268874535194 0.8680217449481671 0.03633337754469652 0.03627865131084736
0 0.25425113164461577 0.08563831219306359 0.022644739884596605 0.022678962120643027
0 0.9804030198317307 0.2738909171177791 0.021788963904747598 0.021902047670804538
0 0.7503387744610126 0.49417840517484224 0.021450336162860576 0.021371841430664062
0 0.0932174279139592 0.2128449586721567 0.02633531276996319 0.02604022392859826
0 0.31223748280451846 0.39862449352557844 0.13602220095120943 0.13549364530123198
0 0.2971555453080397 0.6214841695932242 0.05684196032010592 0.05700129729050856
0 0.6204637380746695 0.7110224503737229 0.05690780052771935 0.05735925527719351
0 0.1306299613072322 0.25736717077401966 0.04523878831129808 0.04564402653620793
0 0.30065182539132923 0.7464628219604492 0.022257254673884466 0.022351631751427285
0 0.2051089360163762 0.15006454174335188 0.04400473374586839 0.04436184809758113
0 0.9646193430973933 0.8068819779616135 0.019420623779296875 0.019020667442908652
0 0.40356181218073917 0.5854733907259427 0.025663229135366585 0.025789554302509014
0 0.21772443331204927 0.6159191131591797 0.03147172927856445 0.03156001751239483
0 0.908434794499324 0.6832101528461163 0.01894408005934495 0.019032698411207933
0 0.5853296059828538 0.1132052678328294 0.018231905423677884 0.018225633181058444
0 0.22404069166917068 0.3613673723660983 0.07426768082838792 0.0728593973013071
0 0.24060161297137922 0.4040273152864896 0.10317685053898738 0.10160607558030349
0 0.6305289635291467 0.6233494098369892 0.0186612055851863 0.018407124739426833
0 0.11256299569056584 0.6411957373985877 0.020648094323965218 0.020612276517427884
0 0.9833077650803786 0.14797000701610857 0.020272181584284857 0.029610872268676758
0 0.9048244036160983 0.9026513466468225 0.019179417536808893 0.019205093383789062
0 0.9337189014141376 0.18132373002859262 0.016764127291165866 0.016991651975191556
0 0.7580733666053185 0.5978645177987906 0.01655886723445012 0.016492403470552884
0 0.17657808157113883 0.4105087426992563 0.02600574493408203 0.026140873248760518
0 0.06012865213247446 0.6074029115530161 0.021743976152860202 0.02158964597261869
0 0.8554270817683294 0.8211123393132136 0.02398065420297476 0.023989017193134014
0 0.13248278544499323 0.5361460905808669 0.018082545353816107 0.01805848341721755
0 0.2484856385451097 0.11458031030801627 0.030144618107722357 0.02992587823134202
0 0.9790218059833233 0.536952385535607 0.024944305419921875 0.030107791607196514
0 0.4728541007408729 0.8873465611384466 0.017635418818547174 0.017841485830453727
0 0.7274585137000451 0.6405702737661508 0.016602442814753607 0.0165557861328125
0 0.65172606248122 0.014551455011734596 0.01764855018028846 0.017839965912011955
0 0.04521455214573787 0.22491882397578314 0.026394137969383828 0.026496263650747445
0 0.8090174748347356 0.4137410383958083 0.029125800499549277 0.029445648193359375
0 0.16871085533728966 0.2379141587477464 0.02682810563307542 0.027032998891977165
0 0.05559636079348051 0.2813229560852051 0.015981655854445238 0.01586143787090595
0 0.05927404990563026 0.35593282259427583 0.032887898958646335 0.032909393310546875
0 0.022422937246469352 0.7198811310988206 0.020803955885080192 0.020767358633188102
0 0.3024263381958008 0.2110590567955604 0.020141748281625602 0.020378626309908353
0 0.4438770000751202 0.5471240557157077 0.02199701162484976 0.022127518287071817
0 0.7725717104398288 0.07823525942288913 0.016737717848557692 0.01682966947555542
0 0.38408198723426235 0.32537346619826096 0.016334973848783053 0.0161895751953125
0 0.9661081754244291 0.3822273841271034 0.01885810265174279 0.01875158456655649
0 0.03078687420258155 0.3140493906461276 0.022576822684361383 0.022565034719613884
0 0.7050985189584585 0.07464084258446327 0.023892916165865384 0.02406734686631423
0 0.19187872226421648 0.4642465297992413 0.04511858866764949 0.04620082561786358
0 0.6450626666729267 0.36188426384559047 0.020844092735877402 0.02086778787466196
0 0.013335599349095272 0.7391219505896935 0.014383747027470516 0.016956916222205527
0 0.9776746309720553 0.18287933789766753 0.022063328669621393 0.02191052070030799
0 0.9874197152944711 0.2225364905137282 0.012917151817908654 0.019503226647010215
0 0.2781678713285006 0.7018119371854342 0.016521673936110277 0.01641112107496995
0 0.2051249650808481 0.5308384528526893 0.02145979954646184 0.021586051354041465
0 0.5238462961637057 0.7596290294940655 0.1219343772301307 0.12164482703575721
0 0.38446356700016904 0.8684035814725436 0.03674133007342999 0.03676766615647536
0 0.08379858273726243 0.6817223475529597 0.01835492941049429 0.01826755817119892
0 0.39819915478046125 0.10730086840116061 0.02982953878549429 0.02963557610144982
0 0.013316943095280575 0.45152986966646635 0.01703746960713313 0.018539575430063102
0 0.11316581872793344 0.5900506239670974 0.016002728388859674 0.01610711904672476
0 0.3632041490994967 0.20783446385310247 0.022212101862980768 0.022260519174429085
0 0.7807925297663763 0.2838169794816237 0.025150005634014424 0.02568336633535532
0 0.14529928794273964 0.23128392146183893 0.020642463977520283 0.021035047677847054
0 0.05295361005342924 0.7315656221829928 0.014929973162137546 0.014979729285606971
0 0.233168546970074 0.027753559442666862 0.01645047848041241 0.016631181423480693
0 0.5663328170776367 0.9449051343477689 0.017710172213040866 0.01792012728177584
0 0.3631250308110164 0.11729523768791786 0.038110512953538164 0.0379641056060791
0 0.08031406769385704 0.3164862119234525 0.06371329839412983 0.06511304928706242
0 0.37856886937068057 0.7163084470308744 0.016357055077185996 0.016231243426983174
0 0.27877323444073016 0.20848864775437576 0.03143119812011719 0.03127142099233774
0 0.31126110370342547 0.17450952529907227 0.02948307991027832 0.029574174147385817
0 0.07949181703420785 0.9054923424353967 0.045051941504845254 0.04400165264423077
0 0.4089821301973783 0.7851656400240384 0.017692199120154746 0.01768831106332632
0 0.373386603135329 0.15834824855511004 0.02384816683255709 0.023811193612905648
0 0.19759368896484375 0.8245197442861704 0.037947581364558294 0.037438612717848554
0 0.7157812852125901 0.24602218774648812 0.018039703369140625 0.018007425161508415
0 0.7297744750976562 0.015488638327671932 0.04405505840594952 0.029820419274843656
0 0.3089722486642691 0.39332874004657453 0.014658927917480469 0.015082872830904447
0 0.7980545484102689 0.43850216498741734 0.022035892193134014 0.02235104487492488
0 0.7048744788536658 0.608497326190655 0.25143638023963344 0.25751466017503005
0 0.08610471395345834 0.8787364959716797 0.017317936970637396 0.017355698805588942
0 0.7389174241286057 0.3788638481727013 0.014852377084585337 0.014886709359975962
0 0.3542362359853891 0.6034015508798453 0.03359222412109375 0.03326063889723558
0 0.8664735647348257 0.9418350366445688 0.021746121920072116 0.021995984590970553
0 0.3910551071166992 0.7849448277400091 0.01855747516338642 0.018711383526141826
0 0.18995420749370867 0.5658582540658804 0.015176149515005259 0.015128282400277944
0 0.08324922048128568 0.40146761674147385 0.015624665296994723 0.015600497906024639
0 0.12203464141258827 0.8005708547738882 0.02157431382399339 0.022119668813852165
0 0.23522558579078087 0.8111672768226037 0.030010406787578877 0.029668221106896035
0 0.09172760523282565 0.6906258509709284 0.01768381779010479 0.01732019277719351
0 0.7309174904456506 0.4651436438927284 0.01903401888333834 0.018961979792668268
0 0.9844593634972205 0.6558469625619742 0.014566861666165866 0.019774510310246393
0 0.0946970719557542 0.1845545768737793 0.015846839317908652 0.015850360576923076
0 0.30888553766103893 0.8386402130126953 0.015047146723820614 0.015367948091947116
0 0.2540507683387169 0.5312616641704853 0.056610474219689004 0.05572729844313402
0 0.3336945313673753 0.8984702183650091 0.030337700477013223 0.030157822829026442
0 0.5592275032630334 0.3423206622783954 0.018006251408503607 0.017867235036996696
0 0.8302827981802133 0.428528565626878 0.018975477952223558 0.019020667442908652
0 0.11913849757267879 0.743832514836238 0.015697515927828275 0.015539609468900241
0 0.3005519646864671 0.7794019992534931 0.016214370727539062 0.016189428476186898
0 0.07495678846652691 0.12053194412818322 0.017411259504464958 0.017615520037137546
0 0.2196521759033203 0.1954212188720703 0.05283058606661283 0.053079971900353067
0 0.04199663492349478 0.16368664227999175 0.01601279928134038 0.01613892041719877
0 0.6351335965670072 0.3391883923457219 0.023978306696965143 0.024085264939528245
0 0.24874338736900917 0.62890991797814 0.032905945411095254 0.03441487825833834
0 0.07843589782714844 0.38326934667734 0.045637974372276895 0.04715420649601863
0 0.08145631276644193 0.16744180826040414 0.016381525076352633 0.01639527540940505
0 0.10451896374042217 0.27462178010206956 0.03544059166541466 0.034201622009277344
0 0.05529930958381066 0.036652326583862305 0.024634049488947943 0.024309213344867412
0 0.09773117762345535 0.7051186928382287 0.014518664433405949 0.014611757718599759
0 0.4884337645310622 0.2993277953221248 0.020572515634390023 0.020468968611497145
0 0.07616104529454158 0.8659081092247596 0.01854531581585224 0.018903732299804688
0 0.7197777674748347 0.7092178051288311 0.016313699575570915 0.016213050255408652
0 0.9801252071674054 0.11419564944047195 0.015509532048152043 0.015489523227398213
0 0.25295143861037034 0.471710938673753 0.03992924323448768 0.04004214360163762
0 0.9013225848858173 0.5600086358877329 0.038229722243088946 0.03784817915696364
0 0.6371625019953802 0.27416876646188587 0.02483191856971154 0.025053024291992188
0 0.9085982396052434 0.6227390582744892 0.016953541682316706 0.01677527794471154
0 0.2235574355492225 0.8705001244178185 0.033135414123535156 0.03270046527569111
0 0.04076396960478563 0.5226982556856595 0.04142479713146503 0.042260243342472956
0 0.33107056984534633 0.41195062490609974 0.01789577190692608 0.018173657930814303
0 0.6607661614051232 0.28613701233497035 0.02478937002328726 0.024878318493182842
0 0.25765334642850435 0.2532859215369591 0.02514446698702299 0.024757898770845853
0 0.8437130267803485 0.27750433408297026 0.015811333289513223 0.01578411689171424
0 0.5508609184852014 0.266940923837515 0.025506092951847956 0.026222962599534255
0 0.43889944369976336 0.24986384465144232 0.035514538104717545 0.03529438605675331
0 0.06625085610609788 0.9057061122013972 0.023207701169527493 0.026248345008263223
0 0.26192213938786435 0.14853306917043832 0.020263305077185996 0.020324340233435996
0 0.2407850485581618 0.32726573944091797 0.015039443969726562 0.014923682579627404
0 0.1552892831655649 0.07510813841452965 0.038983702659606934 0.03850394945878249
0 0.47850953615628755 0.09538643176739033 0.02836330120380108 0.028299955221322868
0 0.11805899326617901 0.51097899216872 0.02065552197969877 0.02057310251089243
0 0.30099940299987793 0.897442891047551 0.02278419641348032 0.022784893329326924
0 0.023760348558425903 0.9627079596886268 0.03562040053881132 0.04756604708158053
0 0.38579896780160755 0.6115294236403245 0.02243643540602464 0.022425724909855768
0 0.5044160256019006 0.1207431279695951 0.029380358182466947 0.029517063727745645
0 0.5065790323110727 0.17080259323120117 0.020261837885929987 0.020198565263014574
0 0.435517641214224 0.16213420721200797 0.03023081559401292 0.029848648951603815
0 0.5628774349506085 0.2935978816105769 0.02262115478515625 0.022780858553372897
0 0.7955909875723032 0.3417706856360802 0.022656807532677285 0.022695394662710335
0 0.28048045818622297 0.772831183213454 0.01628395227285532 0.016286116379957933
0 0.804265022277832 0.47428226470947266 0.018711236807016227 0.01884122995229868
0 0.49539628395667445 0.25526264997629017 0.01906108856201172 0.018985858330359824
0 0.32412110842191255 0.5843942715571477 0.03813639053931603 0.0391392341026893
0 0.07052624225616455 0.20514895365788385 0.016377852513239935 0.01667932363656851
0 0.4323298380925105 0.8298223935640775 0.01471255375788762 0.014694507305438701
0 0.16184658270615798 0.8716031588040866 0.03684381338266226 0.03991435124323918
0 0.34734190427339995 0.17066049575805664 0.024063843947190505 0.02442616682786208
0 0.03263610142927904 0.5049030597393329 0.02307729537670429 0.024403792161207933
0 0.7429164006159856 0.5694848940922663 0.014682916494516226 0.014894485473632812
0 0.5586813413179837 0.09053177099961501 0.04190518305851863 0.0418859995328463
0 0.5773691397446853 0.19822201362022987 0.019398249112642728 0.01935239938589243
0 0.9746940319354718 0.962624769944411 0.024741539588341348 0.025854844313401442
0 0.42557639342087966 0.4246832774235652 0.02085223564734826 0.020787679232083835
0 0.21669292449951172 0.6434267484224759 0.09673903538630559 0.09415333087627704
0 0.3699337885929988 0.14056035188528207 0.0213318604689378 0.022021660437950723
0 0.6927513709435096 0.46435312124399036 0.015866206242487982 0.015837742732121393
0 0.11512356538038987 0.12856303728543794 0.015105430896465596 0.015384820791391226
0 0.056002020835876465 0.035664299359688394 0.030599117279052734 0.030195790987748366
0 0.20692594234759992 0.6436970050518329 0.08130044203538161 0.0799258672274076
0 0.057110300430884726 0.6875202472393329 0.03619659863985502 0.035975089439978965
0 0.4879597883958083 0.2928140163421631 0.03250943697415865 0.03288074640127329
0 0.49988864018366885 0.8831465794489934 0.017988938551682692 0.018069340632512018
0 0.37907097889826846 0.9157268817608173 0.039847373962402344 0.04042214613694411
0 0.25461299602801984 0.8027854332557092 0.015577903160682091 0.016055473914513223
0 0.40419497856727016 0.6341840303861178 0.03313666123610277 0.03372045663686899
0 0.11603887264545147 0.6118854742783767 0.020088966076190654 0.020017697260929987
0 0.01894389895292429 0.2879499655503493 0.014035642147064209 0.014055912311260518
0 0.9721211653489333 0.9786584560687726 0.03743450458233173 0.038045296302208535
0 0.39923550532414365 0.4861540427574745 0.033823673541729264 0.03447151184082031
0 0.45923328399658203 0.28788102590120757 0.02691173553466797 0.02793433116032527
0 0.7835239997276893 0.06681106640742375 0.029158959021935098 0.028758800946749173
0 0.2095821453974797 0.32123928803663987 0.041900634765625 0.041703370901254505
0 0.2804085291348971 0.8729412372295673 0.029197032635028545 0.028995220477764424
0 0.3348560333251953 0.6265548559335562 0.021729102501502402 0.021439185509314902
0 0.4153786805959848 0.35115902240459734 0.014641468341533955 0.014749820415790264
0 0.2789649229783278 0.9361830491286057 0.1628911678607647 0.1259313730093149
0 0.033080946940642134 0.5017232528099647 0.019039222827324502 0.018163681030273438
0 0.09371752005357009 0.8632934276874249 0.01666114880488469 0.01650384756234976
0 0.4292292228111854 0.229612057025616 0.03160366645226112 0.03084285442645733
0 0.5020606701190655 0.3928175706129808 0.01696645296536959 0.017066515409029447
0 0.28214014493502104 0.20289479769193208 0.0430291982797476 0.041263727041391224
0 0.16085169865534857 0.8648439554067758 0.03180284683520977 0.03077873816856971
0 0.6833555514995868 0.17530613679152268 0.018292940579927884 0.018384273235614482
0 0.3261075019836426 0.5448855986961951 0.08535465827355018 0.08759087782639724
0 0.9560134594257061 0.26244350580068737 0.023118239182692308 0.023579230675330527
0 0.06921352789952205 0.3169967211209811 0.04443168640136719 0.052320113548865683
