0 0.4292571728046124 0.4674576245821439 0.0783223372239333 0.07807027376615085
0 0.2938219400552603 0.584041375380296 0.06973629731398362 0.06968336838942307
0 0.5188473187960111 0.3024926552405724 0.048311820397010215 0.04815035599928636
0 0.7993301978478065 0.3387096111591046 0.04157110360952524 0.04163067157451923
0 0.8475619096022385 0.04316458793786856 0.04365378159743089 0.04397165775299072
0 0.9458832373985877 0.18897786507239708 0.04278711172250601 0.042326780465932995
0 0.42821590717022234 0.7741185701810397 0.039980521568885215 0.04035465533916767
0 0.9001540404099685 0.9505684192364032 0.030091505784254808 0.03019890418419471
0 0.7699089050292969 0.16026619764474723 0.027895120474008415 0.02783966064453125
0 0.9000387191772461 0.16948965879587027 0.03544132526104267 0.03547107256375826
0 0.4763389734121469 0.23460819171025202 0.020693852351262018 0.020662564497727614
0 0.3861028231107272 0.6437055147611178 0.025285867544320915 0.024945479172926683
0 0.18188168452336237 0.14214523021991438 0.021175971397986777 0.021256226759690505
0 0.740639906663161 0.24906294162456805 0.02401146521935096 0.023926441486065205
0 0.8122269557072566 0.23029066966130182 0.03722293560321514 0.037030513469989486
0 0.18146967887878418 0.6335565126859225 0.025984544020432692 0.02591529259314904
0 0.516879155085637 0.23800508792583758 0.02861917935884916 0.029217353233924277
0 0.5689208324138935 0.3972964653602013 0.0316465084369366 0.0318910158597506
0 0.6430292129516602 0.06652854497616108 0.022823920616736777 0.02295529842376709
0 0.1894818819486178 0.6855427668644831 0.030246587900015023 0.0301821782038762
0 0.7490759629469651 0.18567296174856332 0.034099578857421875 0.033815860748291016
0 0.8789958953857422 0.2932532017047589 0.0282748295710637 0.02826800713172326
0 0.9229483971228967 0.2523447366861197 0.019253950852614183 0.019234877366286058
0 0.09811601271996132 0.23298393763028657 0.028498026040884163 0.02834162345299354
0 0.7957250154935397 0.7507441594050481 0.048151456392728366 0.048078683706430286
0 0.14487657180199257 0.37869996290940505 0.04022557918842022 0.03935960622934195
0 0.48862420595609224 0.8351591550386869 0.021092634934645433 0.021368026733398438
0 0.6938552122849685 0.30977938725398135 0.020363294161283053 0.020475112474881686
0 0.5802467786348783 0.8177059613741361 0.017592430114746094 0.018031193659855768
0 0.8981704711914062 0.1275802575624906 0.025689345139723558 0.02578887572655311
0 0.6542216080885667 0.5778030615586501 0.024112114539513223 0.024209022521972656
0 0.832487546480619 0.5203678057743952 0.02362676767202524 0.023739154522235576
0 0.9513017214261569 0.13788476357093224 0.018622765174278848 0.0187680721282959
0 0.7318461491511419 0.9819575089674729 0.019722865178034857 0.020215841440054085
0 0.3983892294076773 0.07691238476679875 0.027401117178109977 0.027280073899489183
0 0.8962033345149114 0.1982745207273043 0.026970789982722357 0.02730762041532076
0 0.6868490072397085 0.7732809506929837 0.051885017981896035 0.05221880399263822
0 0.7025366563063401 0.33887210259070766 0.02213111290564904 0.02229939974271334
0 0.794406744150015 0.6728348365196815 0.0251162602351262 0.02532372107872596
0 0.9450274247389573 0.021503854256409865 0.031499422513521634 0.03172321961476253
0 0.4720750955434946 0.2705846383021428 0.019340074979341947 0.019276142120361328
0 0.03722618634884174 0.10349933000711295 0.01746237277984619 0.017316579818725586
0 0.5695627285883977 0.3232197394737831 0.018305411705603965 0.01828134976900541
0 0.6294710452740009 0.16892484518197867 0.01715425344613882 0.017267960768479567
0 0.6266716443575345 0.14524479095752424 0.032294933612530045 0.0322561814234807
0 0.42474790719839245 0.13572432444645807 0.02608313927283654 0.025817724374624398
0 0.8965164331289438 0.7301185314471905 0.01646276620718149 0.016559013953575723
0 0.20103850731482872 0.5019938028775729 0.021099127255953275 0.021268404447115384
0 0.4993264858539288 0.6163775370671198 0.03366352961613582 0.03408241271972656
0 0.5963940253624549 0.48961360637958234 0.02000089792104868 0.020434746375450723
0 0.18424932773296648 0.6055213121267465 0.022699722876915567 0.022893245403583232
0 0.6607521497286283 0.8488760728102464 0.01790486849271334 0.017773848313551683
0 0.4076062349172739 0.10198774704566368 0.018188109764685996 0.017832425924447868
0 0.5034930155827448 0.7041558485764724 0.01968691899226262 0.020003685584435098
0 0.39612021813025844 0.05178976058959961 0.029337369478665866 0.029065166528408345
0 0.7061911362868089 0.37710776695838344 0.019167386568509616 0.018750484173114482
0 0.9436342532818134 0.7187249110295222 0.01676354041466346 0.016568110539362982
0 0.4781505878155048 0.4273083760188176 0.021449162409855768 0.021554946899414062
0 0.6255057408259466 0.7726871783916767 0.03468938974233774 0.034628061147836536
0 0.14638119477492112 0.3545384773841271 0.03360333809485802 0.03295443608210637
0 0.3567963380080003 0.01882642278304467 0.017195481520432692 0.017333530462705173
0 0.6411616985614483 0.3672557243934044 0.01727470984825721 0.017305814302884616
0 0.828666246854342 0.14764998509333685 0.01612120408278245 0.016279073861929085
0 0.6680281712458684 0.5434212317833533 0.015455392690805288 0.015555748572716346
0 0.30533722730783314 0.8862370711106521 0.016594630021315355 0.016776891855093148
0 0.07529892371251033 0.7100414129403921 0.018057639782245342 0.017792188204251803
0 0.8378989879901593 0.9541209294245794 0.020755474384014424 0.020722609299879808
0 0.7072381239670974 0.2510243195753831 0.023063072791466348 0.022481624896709736
0 0.8166067416851337 0.5066047815176157 0.022563347449669473 0.022452574509840745
0 0.8314726902888372 0.5400179349459134 0.018984574538010817 0.01893190237192007
0 0.5212614352886493 0.029523269488261297 0.016216278076171875 0.015965608450082634
0 0.6421627631554236 0.33431053161621094 0.018111008864182692 0.018350894634540264
0 0.6583290833693284 0.45586571326622594 0.028510020329402044 0.02896426274226262
0 0.736448728121244 0.283598569723276 0.021963853102463942 0.02177289816049429
0 0.8544921141404372 0.540643361898569 0.015463755680964543 0.01561597677377554
0 0.029627804572765645 0.630401244530311 0.01277467837700477 0.01768009479229267
0 0.7360172271728516 0.7519088158240685 0.020516028771033652 0.020518082838792067
0 0.643100591806265 0.02927699455848107 0.017100407527043268 0.01735081122471736
0 0.8515671950120193 0.07084469611828144 0.01890387901893029 0.01860211445735051
0 0.7025115673358624 0.4058244778559758 0.018457559438852165 0.01827217982365535
0 0.3437792704655574 0.1877294503725492 0.01730684133676382 0.017091641059288613
0 0.4448840434734638 0.2880949607262245 0.021382845365084134 0.02158385056715745
0 0.8122518979586087 0.7247754610501803 0.016324263352614183 0.01649299034705529
0 0.954551256619967 0.7907516772930439 0.015085807213416466 0.01514141376201923
0 0.4568046056307279 0.13415843706864578 0.040149688720703125 0.04110268446115347
0 0.9150320199819711 0.30512017470139724 0.016598921555739183 0.016724879925067607
0 0.8247509002685547 0.2894911032456618 0.015214773324819712 0.015047000004695011
0 0.8796388185941256 0.24764196689312273 0.021818894606370192 0.02190098395714393
0 0.6057273424588717 0.04550647735595703 0.021427154541015625 0.021658860720120944
0 0.9125077174260066 0.34925152705265927 0.022776090181790866 0.023191158588115986
0 0.3307700523963341 0.9426926099337064 0.02217564216026893 0.022058486938476562
0 0.2554362737215482 0.8240136366624099 0.017082874591533955 0.016838660606971152
0 0.7166763452383188 0.028954090980383065 0.015494419978215145 0.015485951533684364
0 0.7525537931002103 0.6779546004075271 0.019430013803335335 0.019581134502704326
0 0.9322119492750901 0.2654143480154184 0.018583151010366585 0.01896249330960787
0 0.4518548525296725 0.9149696643535907 0.02010976351224459 0.020893390362079326
0 0.7845997443565955 0.25794194294856143 0.014772708599384014 0.01492170187143179
0 0.757602544931265 0.01896388714130108 0.038404611440805286 0.03571347089914175
0 0.8011991060697116 0.1333790375636174 0.018894488994891826 0.019071248861459587
0 0.7277223880474384 0.11284784170297477 0.014572583712064303 0.014570382925180288
0 0.7475682772122897 0.3078475365271935 0.01836248544546274 0.018356928458580606
0 0.6738603298480694 0.03618854055037865 0.03632296048677885 0.03623101802972647
0 0.6891483893761268 0.2766830004178561 0.03443717956542969 0.03422399667593149
0 0.8806233772864709 0.4877820381751427 0.014174681443434495 0.014370111318734976
0 0.3725781807532677 0.03576629207684444 0.018313041100135215 0.01853677401175866
0 0.13057591364933893 0.7497685505793645 0.048059940338134766 0.04889678955078125
0 0.8482343233548678 0.3849814855135404 0.01628875732421875 0.016104844900277946
0 0.8350005516639123 0.2104202784024752 0.0166778564453125 0.016515071575458232
0 0.5923884465144231 0.009605791133183699 0.015518481914813701 0.015444121681726895
0 0.7524902637188251 0.33031375591571516 0.02039953378530649 0.020381340613731973
0 0.8483409881591797 0.09644875159630409 0.0158843994140625 0.01596821271456205
0 0.6658716201782227 0.6875732862032377 0.015517895038311299 0.015498674832857572
0 0.4687466621398926 0.30222599322979266 0.043075854961688705 0.04232450631948618
0 0.08864824588482197 0.7252346919133112 0.017370920914870042 0.017667476947490986
0 0.44308706430288464 0.2329690272991474 0.015707749586838942 0.015512686509352464
0 0.570313600393442 0.5800572908841647 0.017564846919133112 0.017681415264423076
0 0.5873069029587966 0.34885626572829026 0.027179131141075723 0.027169154240534857
0 0.1540966767531175 0.4585377253018893 0.014248224405141978 0.01429293705866887
0 0.9128456115722656 0.74933594923753 0.014549548809344951 0.014607649583082933
0 0.7802305955153245 0.9682598114013672 0.015415044931265024 0.015275221604567308
0 0.7658793376042292 0.08636745122762826 0.020334830650916465 0.020389043367826022
0 0.2088017830481896 0.8734795497013972 0.02647267855130709 0.02620520958533654
0 0.20452097746042106 0.8411454420823318 0.0388635488656851 0.038935147798978366
0 0.7833427282480093 0.45221537810105544 0.016153629009540264 0.01582028315617488
0 0.8025007981520432 0.9654744955209585 0.020710871769831732 0.021183307354266826
0 0.9030273877657377 0.26090280826275164 0.014824353731595553 0.014952953045184795
0 0.7724931423480694 0.38967418670654297 0.01635610140286959 0.01662474412184495
0 0.4644603729248047 0.9284139779897836 0.016454696655273438 0.016393368060772236
0 0.7147354712853065 0.34876335584200346 0.013715010422926683 0.014121422400841346
0 0.07832485895890456 0.01554383566746345 0.015452715066763071 0.015550239728047298
0 0.26783066529494065 0.13301557760972244 0.015204943143404447 0.015323217098529521
0 0.7923471010648288 0.033502436601198636 0.034728710467998795 0.03450901691730206
0 0.4537324905395508 0.805804179264949 0.014682182898888221 0.014679541954627404
0 0.4643520942101112 0.9020824432373047 0.015266858614408053 0.015063946063701924
0 0.22019393627460188 0.6662558775681716 0.0366522348844088 0.03665513258713942
0 0.6299797938420222 0.9221843572763296 0.01755699744591346 0.01782065171461839
0 0.8144146845890925 0.1548474018390362 0.017623167771559495 0.017851820358863242
0 0.5987663269042969 0.4504098158616286 0.0269772456242488 0.026870287381685697
0 0.3771317188556378 0.13384679647592398 0.01883829556978666 0.018790685213529147
0 0.6420342372013972 0.49233686006986177 0.05130679790790264 0.04909860170804537
0 0.8714067018949069 0.22710224298330453 0.015217120830829326 0.015277972588172326
0 0.8580662653996394 0.2633401063772348 0.022761418269230768 0.02235067807711088
0 0.8785607998187726 0.13785167840810922 0.019653760469876803 0.02008476624122033
0 0.6582141289344201 0.15352619611299956 0.029381678654597357 0.029711576608511116
0 0.793763307424692 0.9596878198476938 0.015739294198843148 0.016248262845552884
0 0.35176625618567836 0.5884302579439603 0.0175780516404372 0.017752720759465143
0 0.8930678000816932 0.3454261926504282 0.013503001286433293 0.013570492084209736
0 0.7067881364088792 0.25423959585336536 0.02730222848745493 0.027563975407527044
0 0.711712910578801 0.29422231820913464 0.017168778639573317 0.017318212068997897
0 0.6896703426654522 0.6241453610933744 0.022343268761268027 0.021986741286057692
0 0.8778167137732873 0.1856090472294734 0.01874571580153245 0.018559969388521634
0 0.8969183701735276 0.30897767727191633 0.020481696495643027 0.02024247096135066
0 0.9021163353553185 0.9921894073486328 0.01505572979266827 0.013138991135817308
0 0.3402604323167067 0.058427049563481256 0.04471280024601863 0.04337021020742563
0 0.6977496513953576 0.943360108595628 0.015456859882061299 0.015340364896334134
0 0.9690786508413461 0.23817744621863732 0.009260324331430288 0.01743947542630709
0 0.7835213587834284 0.2330471919133113 0.018543536846454326 0.01840796837439904
0 0.7431496840256911 0.5471437160785382 0.015722128061147835 0.015678845919095553
0 0.12509313913492057 0.6936239095834585 0.01400292836702787 0.01395724369929387
0 0.45751623006967396 0.9398477994478666 0.014849002544696514 0.014815697303185096
0 0.6422703082744892 0.10427406200995812 0.0164791987492488 0.016524058121901292
0 0.8435123150165265 0.006426133215427399 0.028903080866887018 0.01174366818024562
0 0.8143301743727464 0.08038629018343411 0.029904292179987982 0.03019569470332219
0 0.9055987138014573 0.9805426964393029 0.014722824096679688 0.014494235698993389
0 0.5428017469552847 0.21521553626427284 0.037038949819711536 0.03713211646446815
0 0.5237011175889236 0.7164311775794396 0.014813936673677884 0.015117351825420674
0 0.7669197962834284 0.8169386937068059 0.014257137592022236 0.014029869666466346
0 0.6208431537334735 0.20510011452894944 0.03740472059983473 0.03680874751164363
0 0.7990677906916692 0.9629969963660607 0.021435957688551683 0.021665426400991585
0 0.8652863135704627 0.47258545802189755 0.019308823805588942 0.01931924086350661
0 0.769004014822153 0.9594475672795222 0.016225814819335938 0.015821310190054085
