0 0.6246458200307993 0.09826433658599854 0.06537584158090445 0.06550926428574783
0 0.464013539827787 0.7903165083665115 0.14456470196063703 0.1483287811279297
0 0.4523145602299617 0.28333245790921724 0.07086731837346004 0.07255847637469952
0 0.5127918536846454 0.02300891509422889 0.05362994854266827 0.044606300500723034
0 0.5567411642808181 0.8369310085590069 0.05905789595383864 0.05906970684344952
0 0.6040650881253756 0.915274399977464 0.027866070087139424 0.02783687298114483
0 0.36753639808067906 0.40976524353027344 0.022881434513972357 0.02263817420372596
0 0.6722881610576923 0.9744861309344952 0.024947533240685098 0.025125650259164665
0 0.47783932319054234 0.9368613316462591 0.022756283099834736 0.02268835214468149
0 0.6945021702693059 0.8441594930795523 0.028577070969801683 0.028438714834359977
0 0.586847892174354 0.1283273696899414 0.029506683349609375 0.029571001346294697
0 0.4513300382173978 0.6654283816997821 0.018158986018254206 0.01819155766413762
0 0.5486535659203162 0.13409885993370643 0.021253365736741286 0.02100064204289363
0 0.6133803587693435 0.18912597802969125 0.034805004413311295 0.03536099653977614
0 0.4266818486727201 0.959691781264085 0.017534476060133714 0.01741644052358774
0 0.4931076489962064 0.4960327882033128 0.01687490023099459 0.01675752493051382
0 0.6555140568659856 0.9922409057617188 0.017484518197866585 0.014114673321063701
0 0.666233649620643 0.9392485985389123 0.01581265376164363 0.015819842998798076
0 0.3212002974290114 0.9340227567232572 0.02310033944936899 0.023369569044846755
0 0.3308839797973633 0.9408080761249249 0.020861258873572715 0.021183600792518027
0 0.36690653287447417 0.7666438176081731 0.016019674447866585 0.016023782583383415
0 0.583521109360915 0.9105741060697116 0.01874967721792368 0.018923832820012018
0 0.44448350026057315 0.9033409998967097 0.01798527057354267 0.01814446082481971
0 0.35049145038311297 0.8820392902080829 0.015960693359375 0.015876916738656852
0 0.342566050015963 0.6846407376802884 0.016155096200796273 0.016113721407376803
0 0.6353827256422776 0.992993428156926 0.019419450026292067 0.012932410606971154
0 0.706974616417518 0.9501186517568735 0.0161135746882512 0.01625691927396334
0 0.5534390669602615 0.6958855115450345 0.1994171142578125 0.20444297790527344
0 0.5942061497614934 0.7255948873666617 0.2684334975022536 0.25451924250676083
0 0.28820056181687576 0.4859000719510592 0.017054924598106973 0.01687446007361779
0 0.6385035148033729 0.18434689595149115 0.018374076256385215 0.018081811758188102
0 0.3587534244243915 0.4413283421443059 0.015430597158578726 0.015405801626352163
0 0.6371788611778846 0.50829711327186 0.019683397733248197 0.01993428743802584
0 0.5513002689068134 0.9438872704139123 0.02169344975398137 0.02169183584359976
0 0.3400984544020433 0.626012215247521 0.015226290776179386 0.015195406400240384
0 0.53842804982112 0.507475706247183 0.01763490530160757 0.017597198486328125
0 0.45145665682279146 0.6818235837496244 0.014906956599308895 0.015043992262620192
0 0.3063322947575496 0.6552654413076547 0.016017913818359375 0.01600823035606971
0 0.40488155071551984 0.9772014617919922 0.015347847571739784 0.015428983248197116
0 0.4101259525005634 0.6980065565842849 0.014749526977539062 0.01475818340594952
0 0.6112838158240685 0.9668969374436599 0.01463024432842548 0.014703310452974759
0 0.554076781639686 0.5801819287813627 0.014412219707782451 0.01457683856670673
0 0.3642529340890738 0.9354399167574369 0.016584102924053486 0.01646085885854868
0 0.3729401368361253 0.7481802426851712 0.014358300429124098 0.014226766733022837
0 0.4684878129225511 0.2067387837630052 0.015003571143517127 0.015142734234149639
0 0.6923904418945312 0.5353995836698092 0.01444537823016827 0.01429279033954327
0 0.5548181533813477 0.8807450808011569 0.019305302546574518 0.019764826847956732
0 0.6626922900860126 0.10087334192716159 0.014911504892202524 0.015127952282245342
0 0.5453810691833496 0.3341578703660231 0.0344550059391902 0.03432552631084736
0 0.549984491788424 0.528183386876033 0.016812471243051384 0.01729268294114333
0 0.6081991562476525 0.5870824960561899 0.056298255920410156 0.054602549626277044
0 0.36707768073448765 0.05521590434587919 0.16585700328533465 0.10856502789717454
0 0.28231030244093674 0.299927674807035 0.01569828620323768 0.016657242408165567
0 0.6199764838585486 0.10176557760972244 0.20648637184729943 0.19338031915517953
