0 0.06524041065802941 0.24478367658761832 0.10790742360628568 0.10790652495164138
0 0.1628422737121582 0.7081760993370643 0.05652010440826416 0.0567468496469351
0 0.395020998441256 0.6838048788217398 0.13462103330172026 0.1361846923828125
0 0.9731868597177359 0.6073587857759916 0.050180288461538464 0.05426333500788762
0 0.052362497036273666 0.06878398473446186 0.05185699462890625 0.051604041686424844
0 0.12497324209946853 0.5907090260432317 0.049982694479135364 0.05021755511944111
0 0.8197740408090445 0.2682185906630296 0.05408389751727764 0.05387577643761268
0 0.2381596565246582 0.7450430943415716 0.11412261082575871 0.11410786555363582
0 0.08749626233027531 0.3541661042433519 0.025207904668954704 0.02534338144155649
0 0.47168540954589844 0.9596996307373047 0.08863412416898288 0.07610379732572116
0 0.2054863709669847 0.13632313104776236 0.09911573850191556 0.10154975377596341
0 0.10390675067901611 0.31087754322932315 0.02095176623417781 0.02081438211294321
0 0.6425269200251653 0.5562289311335638 0.05920909001277043 0.05880253131573017
0 0.6717117016132061 0.4833302131065956 0.0220794677734375 0.021720005915715143
0 0.09448922597444974 0.5668775118314303 0.03226606662456806 0.03228143545297476
0 0.6801058695866511 0.6050113898057204 0.04953575134277344 0.04956839634821965
0 0.5678943487314078 0.8357161008394681 0.08207174447866586 0.08235608614408053
0 0.05118255431835468 0.2774001451639029 0.018413452001718376 0.018760167635404147
0 0.13007362072284406 0.18213789279644305 0.02459559073814979 0.024878978729248047
0 0.18227166395920974 0.26760013286884016 0.028473083789532002 0.028515962453988884
0 0.6205420860877404 0.21753300153292143 0.038535044743464544 0.039143855755145736
0 0.35387266599214995 0.5637718714200534 0.03435971186711238 0.03426845257098858
0 0.6598303134624774 0.879412577702449 0.023372796865609977 0.023363846998948317
0 0.41895602299616885 0.7595371833214393 0.026241009051983174 0.02652564415564904
0 0.4558445123525766 0.7882019923283503 0.02825619624211238 0.02820440439077524
0 0.10865291265340951 0.8887903506939228 0.021558816616351787 0.021596761850210335
0 0.7818782512958233 0.8458423614501953 0.1394038567176232 0.14180344801682693
0 0.14011256511394793 0.3674281927255484 0.016940520359919622 0.016902630145733174
0 0.07005318770041832 0.44032456324650693 0.02522438306074876 0.02546207721416767
0 0.10984184191777156 0.968688231248122 0.029970902663010817 0.02971164996807392
0 0.32816417400653547 0.3385759133559007 0.03363741361177885 0.03350954789381761
0 0.12355336776146522 0.10284188160529503 0.03148566759549654 0.03133126405569223
0 0.0975177654853234 0.3844087307269757 0.017915945786696214 0.01795783409705529
0 0.11317951862628643 0.9879850974449744 0.024709756557758037 0.021059036254882812
0 0.10528700168316181 0.646537340604342 0.03426790237426758 0.0340576171875
0 0.24652723165658805 0.6235978053166316 0.01996762935931866 0.01996773939866286
0 0.32270108736478365 0.5651753498957708 0.02963403555063101 0.029813619760366585
0 0.6940342829777644 0.2187629112830529 0.057535611666165866 0.057381043067345254
0 0.022854614716309767 0.11124399992135856 0.034076621899238 0.03441704236544096
0 0.09076259686396672 0.91588988670936 0.0357966606433575 0.035872239332932696
0 0.548702019911546 0.794220704298753 0.06380315927358773 0.06469785250150241
0 0.7971835503211389 0.35665251658513 0.025307288536658652 0.02520451178917518
0 0.07795490668370174 0.5110827959500827 0.027346207545353815 0.02743104787973257
0 0.3687903697674091 0.08012184729942909 0.024735744182880107 0.024751365184783936
0 0.5533896226149339 0.9700445028451773 0.026013300969050482 0.026036776029146634
0 0.6580510506263146 0.32096415299635667 0.025049796471228965 0.025121101966271035
0 0.39026018289419323 0.2197557229262132 0.023603292611929085 0.02391653794508714
0 0.03329715361961952 0.7573393308199369 0.06514804179851826 0.06535544762244591
0 0.3333224883446327 0.9348174608670748 0.07508923457219051 0.07640765263484074
0 0.8023898051335261 0.8404969435471755 0.016334680410531852 0.016482426570012018
0 0.028446149367552537 0.5863243249746469 0.05687009829741258 0.14550047654371995
0 0.06211996078491211 0.8688803452711839 0.07299282000615047 0.07305541405310997
0 0.13453830205477202 0.4388081110440768 0.01553781215961163 0.015343886155348558
0 0.2890479748065655 0.8046902143038236 0.07089673555814303 0.07074400094839242
0 0.3618977986849271 0.5973432981050931 0.024163246154785156 0.024221273568960335
0 0.4524818933927096 0.5725014759944036 0.017412112309382513 0.017354818490835335
0 0.597127731029804 0.9667816162109375 0.06279145754300632 0.05953627366286058
0 0.2843511654780461 0.5896859535804162 0.03479290008544922 0.03523606520432692
0 0.09144366704500638 0.47414295489971453 0.015404407794658955 0.015517895038311299
0 0.278548552439763 0.07427960634231567 0.016280064216026895 0.016390662926893968
0 0.9280534890981821 0.020231169003706712 0.06262764563927284 0.03880855670342079
0 0.8032828110914964 0.1169032225242028 0.03940728994516226 0.03890668428861178
0 0.04259788073026217 0.24560000346257135 0.01618643907400278 0.01611529863797701
0 0.7943253883948693 0.04231464404326219 0.10257867666391227 0.08334765984461857
0 0.03725846914144663 0.9062321002666767 0.027252701612619255 0.02705999521108774
0 0.3932492916400616 0.9749267284686749 0.043454683743990384 0.042936471792367786
0 0.014491393015934871 0.35329429919903094 0.018823637412144587 0.018854654752291165
0 0.40122076181265026 0.9000045336209811 0.046127612774188705 0.04507739727313702
0 0.3251033196082482 0.4465302320627066 0.015868407029371995 0.01573071112999549
0 0.5749778747558594 0.15735527185293344 0.016095601595365085 0.01608866911668044
0 0.347015014061561 0.6201097781841571 0.03657722473144531 0.03631753187913161
0 0.7433883960430439 0.22862977247971755 0.017054924598106973 0.01698890099158654
0 0.8227955011221079 0.6945248383742112 0.01775976327749399 0.017636665931114785
0 0.8010694063626803 0.20502519607543945 0.01706842275766226 0.017158948458158053
0 0.1798847088446984 0.6370532696063702 0.01635852226844201 0.016169914832481973
0 0.10551480146554801 0.7740435967078576 0.0943606450007512 0.09754459674541767
0 0.32312437204214245 0.7259530287522536 0.027428406935471755 0.027187347412109375
0 0.05614665838388296 0.5816067182100736 0.03469687241774339 0.035160064697265625
0 0.7742404937744141 0.30101739443265474 0.01779658977801983 0.017962529109074518
0 0.7050947042611929 0.751132084773137 0.020158034104567308 0.020140867966871995
0 0.8889484405517578 0.3669166564941406 0.03200442974384014 0.03210573930006761
0 0.27801249577448917 0.93450194138747 0.07506752014160156 0.0795888167161208
0 0.7820798433743991 0.25791069177480846 0.0209197998046875 0.020853262681227464
0 0.2811121207017165 0.6297751206618089 0.014731994042029748 0.01477344219501202
0 0.35355692643385667 0.11580665294940655 0.039413158710186295 0.03919674799992488
0 0.8180590409498948 0.3198446493882399 0.015267885648287259 0.015231572664701022
0 0.5714117196890024 0.8680898959820087 0.02048976604755108 0.020502530611478366
0 0.44244868938739484 0.24444851508507362 0.024818860567533053 0.024926479046161357
0 0.3430832349337064 0.36447282937856823 0.02064059330866887 0.020630029531625602
0 0.46033727205716646 0.37705692878136265 0.03411527780386118 0.033838052016038164
0 0.3742246627807617 0.30373738362238956 0.06268780048076923 0.06258979210486779
0 0.05633153365208553 0.5590661855844351 0.022193743632389948 0.022494682898888223
0 0.20049524307250977 0.06651799495403583 0.016857000497671273 0.017000583501962516
0 0.5173847858722394 0.6764026054969201 0.016649392934945915 0.016560774583082933
0 0.5845676568838266 0.2522260592533992 0.016603763286884014 0.01663512449998122
0 0.5515705988957331 0.7186436286339393 0.11298766502967247 0.11341271033653846
0 0.5376316950871394 0.2300271987915039 0.07535817072941707 0.07683020371657151
0 0.2595817309159499 0.6564577542818509 0.019681710463303786 0.019719050480769232
0 0.5834225507882925 0.17097249397864708 0.014908277071439303 0.014864261333759014
0 0.6877416463998648 0.31497100683359 0.039526132436899036 0.03990738208477314
0 0.5751950190617487 0.728672614464393 0.014967111440805288 0.014727078951322116
0 0.8572335610022912 0.7052982036884015 0.04180556077223558 0.04112038245567909
0 0.12644555018498346 0.46724675251887393 0.016696599813608024 0.016766181358924277
0 0.47321297572209287 0.614296032832219 0.024530997643103965 0.023637771606445312
0 0.12995474155132586 0.6579807721651517 0.016925481649545524 0.016608164860652044
0 0.9900838411771334 0.4867357107309195 0.016636775090144232 0.01923986581655649
0 0.5827506138728216 0.351713620699369 0.017482464130108174 0.017670264610877402
0 0.6658730140099158 0.8504507358257587 0.015056903545673076 0.015018903292142428
0 0.6807660322922927 0.5139426451462966 0.014612344595102163 0.014947451077974759
0 0.00630747526884079 0.8399940637441782 0.012598722026898311 0.01717229989858774
0 0.6413841247558594 0.989989500779372 0.0305331303523137 0.01888128427358774
0 0.1375729670891395 0.008689009226285495 0.020191486065204326 0.016497930655112632
0 0.004943658526127155 0.974974852341872 0.009950993152765127 0.015696892371544473
0 0.5733944819523737 0.44703611960777867 0.024206895094651442 0.024321849529559795
0 0.1392420530319214 0.6232493473933294 0.01564306479233962 0.015602405254657451
0 0.3746005571805514 0.9142912351168119 0.05468566601092999 0.055606842041015625
0 0.9674092806302584 0.6520366668701172 0.03857216468224159 0.03862674419696514
0 0.705814581650954 0.5216817122239333 0.021901790912334736 0.021982486431415264
0 0.4528980255126953 0.5428908054645245 0.02228546142578125 0.02264543680044321
0 0.6062630873460036 0.12929544082054725 0.05709119943472055 0.05789331289438101
0 0.11298788510836087 0.02905658116707435 0.02246258809016301 0.02224619571979229
0 0.06356905973874606 0.29396666013277495 0.017060454075153057 0.017036804786095254
0 0.9890585679274339 0.918648939866286 0.014722383939302884 0.014952146089993991
0 0.2637921663431021 0.5082582327035757 0.02053557909451998 0.02051514845628005
0 0.06060939568739671 0.9736356001633865 0.014259008260873647 0.014444204477163462
0 0.6046814918518066 0.3564883012038011 0.017165550818810098 0.017371617830716647
0 0.3881860879751352 0.3702205511239859 0.01610418466421274 0.016348912165715143
0 0.8968403889582708 0.45522088270920974 0.025940088125375602 0.026140946608323317
0 0.16504474786611703 0.6278117986825796 0.015882345346304085 0.016110787024864785
0 0.43129924627450794 0.29166441697340745 0.022553223830003005 0.02245983710655799
0 0.5381881273709811 0.06391946627543522 0.12360308720515324 0.121742110985976
0 0.38636082869309646 0.25078557087824893 0.03765605046198918 0.03728470435509315
0 0.09277075070601243 0.04660610052255484 0.020011425018310547 0.02040725717177758
0 0.5379227124727689 0.34975990882286656 0.01333449437068059 0.013684786283052884
0 0.5279481594379132 0.13857617745032677 0.01978169954740084 0.019590377807617188
0 0.6316010401799128 0.07527457750760592 0.014989706186147837 0.014944369976337139
0 0.05370272122896635 0.8091201782226562 0.049414451305682845 0.050542391263521634
0 0.2475135876582219 0.8932118049034705 0.03875864469088041 0.03896185067983774
0 0.08311922733600323 0.015353257839496318 0.055447835188645586 0.02966752419104943
0 0.08937777005709134 0.9842158097487229 0.02551746368408203 0.025989825908954326
0 0.008527109256157508 0.06347157404972957 0.017141823585216816 0.02924478971041166
0 0.08260587545541617 0.09089205815241887 0.013669655873225285 0.01380157470703125
0 0.12195799900935246 0.9463035876934345 0.05469300196721004 0.05430808434119591
0 0.21842013872586763 0.9316096672644982 0.04249132596529447 0.042394197904146634
0 0.039835682282081016 0.6368423608633188 0.019515975163533136 0.019474029541015625
0 0.43098291983971226 0.920565678523137 0.07477276141826923 0.07480474618765023
0 0.19078559141892654 0.19978185800405648 0.02688136467566857 0.02712880648099459
0 0.06761641685779278 0.8870390378511869 0.014969770724956807 0.015186603252704326
0 0.06260266670813927 0.6540949161236103 0.03740448218125563 0.0373228513277494
0 0.09309335855337289 0.25980428548959583 0.014757449810321514 0.014672205998347355
0 0.24384194154005784 0.5865915738619291 0.017593200390155498 0.017563306368314303
0 0.23825959058908316 0.4821471434373122 0.01461964387160081 0.01436160160945012
0 0.5612616905799279 0.8348178863525391 0.014787380511944111 0.014193314772385817
0 0.7924049084003155 0.7292876610389123 0.019318653987004206 0.019243973952073317
0 0.40001594103299654 0.6122187834519607 0.04331537393423227 0.04260033827561598
