0 0.44478599841778094 0.6516345831064078 0.05943701817439152 0.05912472651554988
0 0.46359839806189906 0.5583117925203763 0.046242787287785456 0.04655867356520433
0 0.43063809321476865 0.3939766517052284 0.05344552260178786 0.05328552539532001
0 0.5321724598224347 0.0122681214259221 0.031919039212740384 0.024585953125586875
0 0.417018853701078 0.04658661438868596 0.03264610583965595 0.03266051182380089
0 0.3568429946899414 0.8522451840914212 0.022935133713942308 0.022814530592698317
0 0.6176715263953576 0.3816709518432617 0.03483170729417067 0.03444187457744892
0 0.6536715580866888 0.4555365489079402 0.02192101111778846 0.022149159358097956
0 0.4726421282841609 0.009442560374736786 0.019421504094050482 0.018650335761216972
0 0.5594948255098783 0.05753620771261362 0.019606370192307692 0.01981775577251728
0 0.5155757390535795 0.12120316578791691 0.0317225089439979 0.031768432030310996
0 0.6533409998967097 0.34328534052922177 0.024126786452073317 0.024216871995192308
0 0.6446384283212515 0.6158285874586839 0.023281244131234977 0.023262574122502253
0 0.38005905884962815 0.8275786913358248 0.027059408334585335 0.02696051964393029
0 0.30939197540283203 0.48783162923959583 0.019646131075345553 0.01947784423828125
0 0.30091160994309646 0.9460650957547702 0.019050231346717246 0.01897151653583233
0 0.3242396574753981 0.5962786307701697 0.03653592329758864 0.03618475107046274
0 0.644861441392165 0.7411686823918269 0.1446704864501953 0.2361778846153846
0 0.6389612051156851 0.5366495572603666 0.029631688044621393 0.029449462890625
0 0.5627230130709134 0.3579261853144719 0.030899194570688102 0.03128734001746544
0 0.57990785745474 0.5982663081242487 0.02513276613675631 0.025199009821965143
0 0.4997650660001315 0.7148544604961689 0.029204075153057393 0.0289919926570012
0 0.31250994022075945 0.32779469856849086 0.0681164814875676 0.0943148686335637
0 0.5797847601083609 0.8170972970815805 0.01715564727783203 0.01718931931715745
0 0.465696591597337 0.15094516827509954 0.024594967181865986 0.02467830364520733
0 0.5203194251427283 0.14775202824519232 0.018511552077073317 0.018390325399545524
0 0.5551486382117639 0.5960797163156363 0.019789769099308893 0.01981669205885667
0 0.6042096798236554 0.589919640467717 0.020465704110952523 0.02056598663330078
0 0.6399883857140174 0.56666322854849 0.025813909677358773 0.025474108182466947
0 0.3510076082669772 0.02732719824864314 0.034214019775390625 0.03425128643329327
0 0.5255096142108624 0.5130798633282001 0.020197941706730768 0.020246505737304688
0 0.4294032316941481 0.012617947963567881 0.022624089167668268 0.022215609367077168
0 0.37861369206355167 0.5331311592688928 0.01640914036677434 0.0166781498835637
0 0.49159944974459135 0.3563970419076773 0.016664945162259616 0.016767281752366286
0 0.3287038803100586 0.9319751446063702 0.016321328970102165 0.016591292161207933
0 0.6240769899808444 0.4041794263399564 0.017077812781700723 0.01712799072265625
0 0.6505906765277569 0.37045753919161284 0.016588944655198317 0.0169066649216872
0 0.5748496422400842 0.6797542572021484 0.027797112098106973 0.027688246506911058
0 0.6163252316988431 0.28470402497511643 0.0317530998816857 0.03120084909292368
0 0.6616670168363131 0.41660510576688325 0.016237258911132812 0.016423152043269232
0 0.37740920140193057 0.4638073627765362 0.015518628633939303 0.015615023099459134
0 0.625828742980957 0.7771053314208984 0.031786551842322715 0.03154666607196514
0 0.4934521455031175 0.08055431109208328 0.035996510432316706 0.035579993174626276
0 0.6905416341928335 0.46691351670485276 0.05669608482947716 0.07278706477238582
0 0.36856247828556943 0.04524804078615629 0.02437290778526893 0.024491502688481256
0 0.3380155930152306 0.8657108453603891 0.015731664804311898 0.015688529381385215
0 0.6271609526414138 0.6626699887789212 0.0269622802734375 0.02669217036320613
0 0.5753918794485239 0.6186599731445312 0.019241773165189303 0.01922460702749399
0 0.5219862644488995 0.5467616594754733 0.03726827181302584 0.03752547044020433
0 0.5081415909987229 0.6501626234788161 0.01987427931565505 0.019398909348707933
0 0.49326698596660906 0.5806337136488694 0.02043782747708834 0.020562025216909554
0 0.536685430086576 0.537762348468487 0.03129137479341947 0.030321634732759915
0 0.48540680225078875 0.6876625647911658 0.04584033672626202 0.04557389479417067
0 0.6337580314049354 0.8854407530564529 0.02866671635554387 0.029183607835036058
0 0.5782800454359788 0.5310171567476712 0.014041680556077223 0.014104109544020433
0 0.47883495917687047 0.09576247288630559 0.020385302030123197 0.021955490112304688
0 0.4941379106961764 0.4191642907949594 0.0682817605825571 0.06930974813608023
0 0.5895609855651855 0.787572273841271 0.03244627439058744 0.03288591825045072
0 0.7098178863525391 0.6935663956862229 0.014283400315504808 0.016030531663161058
0 0.31147149892953724 0.8859613858736478 0.01705631842980018 0.01684702359713041
0 0.29356732735267055 0.5867455555842473 0.01658461644099309 0.017365088829627402
0 0.6649183126596304 0.9166604555570163 0.0163729741023137 0.01603111853966346
0 0.353703132042518 0.5753676707927997 0.04080816415640024 0.04192653069129357
0 0.363827998821552 0.6109815744253305 0.02272312457744892 0.023018030019906852
0 0.5634435873765212 0.894940816439115 0.019898634690504808 0.019971113938551683
0 0.356085337125338 0.5813134266779973 0.032575020423302285 0.031856683584359974
0 0.48035269517164964 0.0936669661448552 0.025527367225060098 0.02488987262432392
0 0.6434800074650691 0.3979062300461989 0.022499964787409857 0.022884148817795973
0 0.5124242489154522 0.6373889629657452 0.017024113581730768 0.01778558584359976
0 0.560303467970628 0.6284900078406701 0.015187777005709134 0.015252920297475962
0 0.30588714893047625 0.5661116013160119 0.030391913193922777 0.031191238990196817
0 0.6281802104069636 0.659461681659405 0.031909942626953125 0.0316625741811899
0 0.5008878707885742 0.0734186264184805 0.025304647592397835 0.025425525812002327
0 0.5919727178720328 0.7889980903038611 0.026683660653921273 0.026706988994891826
0 0.2955935368171105 0.5861273545485276 0.01976952185997596 0.020018650935246393
0 0.3028556750370906 0.8920723841740534 0.01434935056246244 0.014495116013746995
0 0.6769354893611028 0.46714041783259463 0.030904036301832933 0.031046280494103067
0 0.5269206120417669 0.5434749676631048 0.04563463651216947 0.04219194558950571
