0 0.6445862696721003 0.03885109149492704 0.0753308442922739 0.07318525130932148
0 0.38476019639235276 0.30245282099797177 0.040590726412259616 0.040087186373197116
0 0.6252478819627029 0.18946047929617074 0.11508384117713341 0.11514601340660682
0 0.27665204268235427 0.7039001171405499 0.03517774435190054 0.04170432457557091
0 0.47002044090857875 0.0588493484717149 0.0432733389047476 0.04317068136655367
0 0.6906491793118991 0.6524634728064904 0.04805286114032452 0.047763824462890625
0 0.5005353780893179 0.3827085861792931 0.026025918813852165 0.025682375981257513
0 0.49724582525400013 0.8728493910569411 0.022362929124098558 0.022554837740384616
0 0.7136282554039588 0.47223700009859526 0.023712158203125 0.023602705735426683
0 0.6965827941894531 0.9648845379169171 0.0228424072265625 0.022943936861478366
0 0.3043540807870718 0.19711551299461952 0.02261213155893179 0.022552306835467998
0 0.3650672985957219 0.7330043499286358 0.025418795072115384 0.025561406062199518
0 0.6780408712533804 0.42822096898005557 0.019609451293945312 0.01956939697265625
0 0.6513398977426382 0.49953534052922177 0.020661574143629808 0.020443549522986777
0 0.6254024505615234 0.2408140072455773 0.0266268803523137 0.02659467550424429
0 0.37453332314124477 0.36406506024874175 0.0240934078509991 0.02413346217228816
0 0.5192046532264123 0.47605459506695086 0.03385455791766827 0.03347301483154297
0 0.6468507326566256 0.9151806464562049 0.017755801861102764 0.017819331242487982
0 0.4524675515981821 0.33318600287804234 0.017368023212139424 0.01712769728440505
0 0.3652876340425931 0.9244742760291467 0.020721435546875 0.020870795616736777
0 0.6057733022249662 0.522495489854079 0.019416148845966045 0.019341102013221152
0 0.7130006643442007 0.42303749231191784 0.026114537165715143 0.025961875915527344
0 0.30664955652677095 0.29474372130173904 0.02199719502375676 0.021972216092623197
0 0.3590605075542743 0.3937659997206468 0.015912862924429085 0.01600346198448768
0 0.5995387664208045 0.7550538870004507 0.015723301814152643 0.015790205735426683
0 0.6996424014751728 0.7642350563636193 0.017690071692833535 0.017559198232797477
0 0.27549175115732044 0.4793547116793119 0.028159361619215745 0.04533063448392428
0 0.6878373072697566 0.23508176436791053 0.01784794147198017 0.01798736132108248
0 0.6206546196570764 0.008680798686467685 0.020214631007267878 0.016563154183901273
0 0.7206137730525091 0.680183850801908 0.019498091477614183 0.01957555917593149
0 0.3378259585453914 0.5697646874647874 0.01940265068641076 0.019632559556227464
0 0.27737958614642805 0.8435536898099459 0.016676976130558893 0.016408480130709134
0 0.2661637526292067 0.7916041154127854 0.015053675724909855 0.016291985144981973
0 0.2982728664691632 0.438655082996075 0.02628502478966346 0.02622068845308744
0 0.38997653814462513 0.7354853703425481 0.017552815950833835 0.017360393817608174
0 0.6175673558161809 0.46858633481539214 0.015003644503079928 0.015029320350060096
0 0.5287358577434833 0.8474370516263522 0.016283768873948317 0.01635874234713041
0 0.7233938804039588 0.5396819114685059 0.016310618473933294 0.0161897952740009
0 0.7021846771240234 0.5361362603994516 0.014521378737229567 0.014444204477163462
0 0.4114264708298903 0.14519436542804426 0.015644146845890924 0.01543411841759315
0 0.32840295938345104 0.6344268505389874 0.015500655541053185 0.01552889897273137
0 0.34548315635094273 0.024433635748349704 0.13705950516920823 0.04779621270986704
0 0.717907978938176 0.1729560631972093 0.017014430119441107 0.016869398263784554
0 0.5090268942025992 0.172958282323984 0.01512600825383113 0.015187520247239333
0 0.4997767668503981 0.5663725412808932 0.041145618145282455 0.0410302969125601
0 0.2668300041785607 0.8190093407264123 0.015528605534480168 0.016345390906700723
0 0.36819175573495716 0.033822559393369235 0.01539303706242488 0.015486818093519945
0 0.5799855085519644 0.041237253409165606 0.015900171720064603 0.016134392756682176
0 0.35184332040640026 0.7770376939039964 0.015253580533541165 0.015211838942307692
0 0.7289488865778997 0.8491527850811298 0.018520355224609375 0.018321697528545674
0 0.655303221482497 0.10409349661607009 0.08319708017202523 0.08117851844200721
0 0.6927691239577073 0.19939055809607872 0.015635563777043268 0.01604351630577674
0 0.6485495934119592 0.8563690185546875 0.0168454096867488 0.01711097130408654
0 0.6589672382061298 0.5808469332181491 0.06383573091947116 0.061944227952223554
0 0.4290183507479154 0.5847024550804725 0.07755558307354267 0.07714117490328275
0 0.5244250664344201 0.4509234061607948 0.014408405010516826 0.01458432124211238
0 0.2973942206456111 0.5841159820556641 0.015630758725679837 0.015731077927809495
0 0.6405371886033279 0.4039427683903621 0.015734012310321514 0.015800035916841947
0 0.7231206160325271 0.6455873342660757 0.022318326509915866 0.022442157451923076
0 0.3530246294461764 0.6718303240262545 0.01468343001145583 0.014870423537034255
0 0.7227372389573318 0.1292605583484356 0.013776925893930288 0.013961131756122295
0 0.6437915655282828 0.652060288649339 0.01676324697641226 0.01731109619140625
0 0.5814053462101862 0.4945848538325383 0.016638535719651442 0.016634354224571817
0 0.6501201482919546 0.23117322188157302 0.015191298264723558 0.015215213482196514
0 0.36392666743351865 0.7931931569026067 0.01359418722299429 0.01368419940655048
