0 0.557467900789701 0.29448630259587216 0.11114971454326923 0.11060384603647086
0 0.6654283083402194 0.526785630446214 0.08034075223482572 0.0810101582453801
0 0.7548176692082331 0.5398584145766038 0.09066831148587741 0.08913135528564453
0 0.6895609635573167 0.3647261399489183 0.09801659217247596 0.10236314626840445
0 0.8350621736966647 0.43093982109656703 0.04552885202261118 0.04545952723576473
0 0.1363217647259052 0.48196598199697643 0.04002505082350511 0.0400700202355018
0 0.4203485342172476 0.9745135674109826 0.06507389362041767 0.04671419583834135
0 0.16504812240600586 0.6679787269005408 0.07494086485642654 0.07644946758563702
0 0.4545314862177922 0.6018137198228103 0.0653520730825571 0.06500456883357121
0 0.1151968057339008 0.6963704916147085 0.046031566766592175 0.04610941960261418
0 0.6174576099102314 0.323362057025616 0.09123813188993014 0.0908505182999831
0 0.43301032139704776 0.7044274256779597 0.07869221613957332 0.07847932668832633
0 0.3567397411052997 0.8876609802246094 0.07592186560997596 0.07513178311861478
0 0.9182880841768705 0.9720549950232873 0.03189629774827223 0.031591562124399036
0 0.6270676392775315 0.4639448019174429 0.022718282846304085 0.02238185589130108
0 0.3726965097280649 0.03996142057272104 0.03727912902832031 0.03732290863990784
0 0.6706726367657001 0.9194536209106445 0.02246709970327524 0.022183344914362982
0 0.920463121854342 0.29782999478853667 0.06751089829664964 0.08612610743596004
0 0.4422480876629169 0.6583052415114182 0.029723974374624398 0.029595301701472357
0 0.5839548110961914 0.9640323932354267 0.02210396986741286 0.022247901329627402
0 0.8861924684964694 0.951316393338717 0.03656152578500601 0.03606737576998197
0 0.3982978600722093 0.8997661884014423 0.03899317521315355 0.03906455406775841
0 0.5092171155489408 0.3550972571739784 0.06737547654371995 0.06767111558180589
0 0.5383713061992939 0.6168160805335412 0.043087005615234375 0.043126619779146634
0 0.2332476102388822 0.8820392902080829 0.10353807302621695 0.10495934119591346
0 0.6399295513446515 0.6147446999183068 0.020522484412560098 0.020447510939378005
0 0.8971796035766602 0.7536128117487981 0.01933772747333233 0.019369858961838942
0 0.4444269033578726 0.8677550095778245 0.02841487297644982 0.02826235844538762
0 0.14891593272869402 0.36928451978243315 0.03817440913273738 0.03783277364877554
0 0.7022823187021109 0.19705629348754883 0.11721141521747296 0.11704730070554294
0 0.5377653562105619 0.9089890993558444 0.019540053147536058 0.019350492037259616
0 0.8580014155461237 0.1763904828291673 0.03481351412259615 0.03475005810077374
0 0.6004185309776893 0.4319407022916354 0.020356251643254206 0.02041024428147536
0 0.11115772907550518 0.7975410314706656 0.07466282752844003 0.07428227938138522
0 0.7568494356595553 0.4924773436326247 0.017947270320012018 0.018047919640174277
0 0.6590388371394231 0.9868246958805964 0.04226185725285457 0.024606704711914062
0 0.3924748347355769 0.03894245624542236 0.01736927032470703 0.01742755449735201
0 0.18289753106924203 0.04000400579892672 0.018328740046574518 0.018327495226493247
0 0.37513278080866885 0.5181340070871207 0.03115536616398738 0.031548646780160755
0 0.8231994922344501 0.8719665820782001 0.034385387714092545 0.03474514301006611
0 0.7282948127159705 0.9892933185283954 0.03076318594125601 0.020018944373497598
0 0.526006661928617 0.7642119481013372 0.021877802335298978 0.022029583270733174
0 0.5045612775362455 0.6883244881263146 0.060621995192307696 0.0597074948824369
0 0.06118217798379751 0.1137082576751709 0.029853655741764948 0.02942503415621244
0 0.8874352528498723 0.3548573347238394 0.06349108769343449 0.06322625967172477
0 0.09907859105330247 0.6047147237337552 0.03318634400000939 0.033414180462176986
0 0.8817367553710938 0.1544377070206862 0.04288497337928185 0.04341396918663612
0 0.6359050457294171 0.8953293286837064 0.01680755615234375 0.01680300785945012
0 0.22515425315270057 0.4515978739811824 0.023789369142972507 0.02391785841721755
0 0.7931876549353967 0.9085030922522912 0.027941190279447116 0.027630439171424277
0 0.2612730539762057 0.7156743269700271 0.024851138775165264 0.024973649245042067
0 0.13722193241119385 0.605777960557204 0.020257051174457256 0.020279370821439303
0 0.15949696760911208 0.2919040826650766 0.04675916525033804 0.04611059335561899
0 0.8255424499511719 0.03529329712574299 0.06650807307316707 0.06539272803526658
0 0.7988741214458759 0.5557752022376428 0.016326904296875 0.016399676983173076
0 0.494902830857497 0.9099030127892127 0.02436095017653245 0.02461066612830529
0 0.7219417278583233 0.493525871863732 0.053208571213942304 0.0540161866408128
0 0.4072133944584773 0.5542214466975286 0.016150254469651442 0.016053273127629206
0 0.714936769925631 0.043977590707632214 0.01731080275315505 0.017229467630386353
0 0.7407640310434195 0.6535405379075271 0.017414386455829326 0.01745429405799279
0 0.761365010188176 0.381435541006235 0.03347103412334736 0.033023687509390026
0 0.5893724148090069 0.7103447547325721 0.01771890200101412 0.01795225877028245
0 0.5870496309720553 0.5220042375417856 0.03740061246431791 0.03720503586989183
0 0.7278889142549955 0.6099271774291992 0.04207332317645733 0.042138173029972956
0 0.7224666888897235 0.8061275482177734 0.01591770465557392 0.015819696279672477
0 0.3061557182898888 0.931632555448092 0.023343453040489785 0.023247792170597956
0 0.18214977704561675 0.9140877356896033 0.016850618215707634 0.016702798696664665
0 0.65636656834529 0.43811999834500825 0.09707436194786659 0.09755178598257211
0 0.1819167137145996 0.35386078174297625 0.03291731614332933 0.03264471200796274
0 0.8631164110623873 0.22301794932438776 0.03752547044020433 0.03734992100642277
0 0.21821414507352388 0.03530325339390682 0.016508175776554987 0.016430212901188776
0 0.8810162177452674 0.920072995699369 0.03001990685096154 0.029486729548527643
0 0.6876649856567383 0.6355221088115985 0.017623754648061898 0.01739648672250601
0 0.06007636510408842 0.524911146897536 0.017191483424260065 0.016756204458383415
0 0.36745060407198393 0.7363279782808744 0.051711669334998496 0.051483154296875
0 0.5874716685368464 0.23659464029165414 0.01734792269193209 0.01725460932804988
0 0.9390076857346755 0.16392131952139047 0.03609539912297176 0.042207653705890365
0 0.9218411078819861 0.9347256146944486 0.015082139235276442 0.015181174645057091
0 0.5768904685974121 0.49831823202279896 0.01616353255051833 0.016153922447791465
0 0.7042413858266977 0.25414459521953875 0.06761550903320312 0.06863667414738582
0 0.5469797941354605 0.9857685382549579 0.015892835763784554 0.015753966111403245
0 0.9071897359994742 0.8279308905968299 0.03471814669095553 0.034521836500901446
0 0.7436557182898889 0.9751718961275541 0.016703385573167067 0.017185211181640625
0 0.422331113081712 0.48399855540348935 0.01887849661020132 0.018950242262620192
0 0.8601495302640475 0.8563214815579928 0.017345281747671273 0.017632411076472357
0 0.23738829906170184 0.42445802688598633 0.01647476049569937 0.016088265639085036
0 0.7569122314453125 0.9679387899545523 0.015523617084209736 0.015489138089693509
0 0.4643655556898851 0.4181521122272198 0.06530556311974159 0.06517799084003155
0 0.32411905435415417 0.3949475655188927 0.04803195366492638 0.0483552492581881
0 0.8371495466965896 0.6050052642822266 0.015535794771634616 0.015677818885216348
0 0.8402525094839243 0.8628796797532302 0.02646050086388221 0.025990852942833535
0 0.35093281819270206 0.5925787412203275 0.025198056147648737 0.024951641376201924
0 0.827613903925969 0.19904457605802095 0.047598765446589544 0.047911460583026595
0 0.8146475278414212 0.900830342219426 0.017333397498497598 0.017539537869966947
0 0.660161385169396 0.6655376874483548 0.013885791485126201 0.013885204608623799
0 0.06661437107966496 0.49860785557673526 0.02248694346501277 0.02276501288780799
0 0.59746030660776 0.6796701871431791 0.017902520986703727 0.018250685471754808
0 0.1744053180401142 0.8254795808058518 0.07337451898134671 0.07187212430513822
0 0.8324040632981521 0.6416862194354718 0.0429071279672476 0.04366375849797176
0 0.20897652552678034 0.6465389545147235 0.016246208777794473 0.016399676983173076
0 0.21322268706101638 0.9777070558988131 0.09186018430269681 0.04083956204927885
0 0.2293729415306678 0.024826412017528828 0.01606640448937049 0.016578816450559176
0 0.8473217303936298 0.507497237278865 0.032302563007061295 0.03195278461162861
0 0.24479343340947077 0.08840056566091684 0.014790571652925931 0.014978995689978966
0 0.2853249403146597 0.9856791129479041 0.055411338806152344 0.026282383845402643
0 0.1670527274792011 0.9087456923264724 0.015131033383882962 0.015226804293118991
0 0.47449779510498047 0.6542150790874774 0.03424571110652043 0.033979562612680286
0 0.43865115825946516 0.007914535128153287 0.018421173095703125 0.014811009168624878
0 0.8744448148287259 0.5769093586848333 0.05327811607947716 0.052912125220665567
0 0.6773005265455979 0.2939196549929105 0.03467559814453125 0.033986641810490534
0 0.1573307330791767 0.968173833993765 0.028896707754868727 0.02859042241023137
0 0.9047150245079627 0.5080269300020658 0.03405497624323918 0.03422619746281551
0 0.4326423498300406 0.34786290388840896 0.026057023268479567 0.026247317974384014
0 0.6605397004347581 0.11423345712515023 0.08229417067307693 0.07967020915104793
0 0.8712115654578576 0.5901981133681077 0.02238288292518029 0.02257515833928035
0 0.3913855185875526 0.6013139944810134 0.021750230055588942 0.021497579721304085
0 0.6713663981511042 0.77429932814378 0.01759646489070012 0.01783018845778245
0 0.9356836905846229 0.11609347967001107 0.042562631460336536 0.06080027726980356
0 0.16329391186053938 0.14369084284855768 0.11488363376030555 0.11368652490469125
0 0.2615095101870023 0.13051945429581863 0.05965515283437876 0.059491872787475586
0 0.5410562661977915 0.9711875181931716 0.015454732454740085 0.015393330500676082
0 0.6018841816828802 0.8236290858342097 0.014808434706467848 0.015002177311823918
0 0.1804516498859112 0.49506165431096005 0.04658787067119892 0.04606467026930589
0 0.9185494642991286 0.22474956512451172 0.04492539625901442 0.044185748467078574
0 0.10366212404691257 0.415496092576247 0.04852892802311824 0.04856432401216947
0 0.8110885620117188 0.35716944474440354 0.07853405292217548 0.08079176682692307
0 0.9086479040292593 0.8227115044227014 0.034854742196890026 0.03572375957782452
0 0.5036930671105018 0.600862979888916 0.02909997793344351 0.029246183542104866
0 0.6616250551663913 0.9380607604980469 0.013763427734375 0.013553472665640024
0 0.8284501295823318 0.7927168332613431 0.023888221153846152 0.023737687330979567
0 0.562542988703801 0.9588934091421274 0.018806897676908053 0.01881863520695613
0 0.7705305539644681 0.1614539073063777 0.07750511169433594 0.07580758058107816
0 0.1922584863809439 0.9363450270432693 0.06451925864586464 0.06391202486478366
0 0.270844789651724 0.3557666265047513 0.045576242300180286 0.04570352114163912
0 0.5648505137516902 0.4710300885714017 0.05498798076923077 0.054997884310208835
0 0.10520632450397198 0.904358643751878 0.11695748109083909 0.1859453641451322
