0 0.278503601367657 0.8137265718900241 0.09287159259502704 0.0938719235933744
0 0.3893539355351375 0.16748499870300293 0.0781252200786884 0.07851956440852238
0 0.8507649348332331 0.2253076846782978 0.08536412165715145 0.08395657172569862
0 0.6573178217961237 0.30427797024066633 0.0752108647273137 0.07528422429011418
0 0.206559052834144 0.9107513427734375 0.09926337462205154 0.09918975830078125
0 0.40562915802001953 0.609777230482835 0.0948329338660607 0.09537330040564904
0 0.08978529159839337 0.06893745752481314 0.05737735674931453 0.057529137684748724
0 0.29164209732642543 0.7197194466224084 0.08823156356811523 0.0880429194523738
0 0.5701219118558444 0.3451426579402043 0.05440873366135817 0.05365540431096004
0 0.9003759530874399 0.8998245826134315 0.06719295795147236 0.06705650916466346
0 0.18636388045090896 0.5388721319345328 0.05031893803523137 0.049797424903282754
0 0.24685124250558707 0.02758192099057711 0.06803365854116586 0.0531927255483774
0 0.21690203593327448 0.33177804946899414 0.10519555898813102 0.10591616997352013
0 0.1636024805215689 0.6835064521202674 0.056946974534254804 0.05728692274827223
0 0.1350861879495474 0.2337160477271447 0.07865076798659104 0.07784065833458534
0 0.15704242999737078 0.78643798828125 0.08574089637169471 0.08400344848632812
0 0.85718140235314 0.7556117131159856 0.06326646071213943 0.06344164334810697
0 0.4489016899695763 0.45157681978665865 0.05190702585073618 0.05102098905123197
0 0.655298453110915 0.9598023341252253 0.05719537001389723 0.057296459491436295
0 0.1515122101857112 0.9478652660663311 0.05457612184377817 0.054592132568359375
0 0.2832442797147311 0.06972098350524902 0.05214610466590294 0.05242138642531175
0 0.8218603867750901 0.35674660022442156 0.030367337740384616 0.02998953599196214
0 0.4051051506629357 0.12412177599393405 0.0404667487511268 0.04027428993811974
0 0.2929364351125864 0.36891658489520734 0.05454833690936749 0.0541384036724384
0 0.3082447785597581 0.9356979223398062 0.06646304864149827 0.06641842768742488
0 0.830954698415903 0.5432337614206167 0.040124012873722956 0.04016450735238882
0 0.8008037713857797 0.7586459379929763 0.03401932349571815 0.03347279475285457
0 0.793430181650015 0.9795585779043344 0.05372208815354567 0.03668550344613882
0 0.8240633010864258 0.12223272140209492 0.10612751887394832 0.10783615479102501
0 0.5451644017146184 0.3527827629676232 0.02311853262094351 0.02355678264911358
0 0.4057760972243089 0.5371372149540827 0.024479059072641227 0.024346351623535156
0 0.5570617822500376 0.425299204312838 0.035068365243765026 0.03533532069279598
0 0.19817486176123986 0.255678653717041 0.052909557635967545 0.0532985100379357
0 0.7146251385028546 0.2183693372286283 0.04917614276592548 0.04948887458214393
0 0.24103777225200945 0.0794081504528339 0.044005210583026595 0.04434211896016048
0 0.612754014822153 0.9216578556941106 0.02117465092585637 0.021237886868990384
0 0.5927808468158429 0.15989475983839768 0.019937661977914665 0.019870611337515023
0 0.24252928220308745 0.15447746790372407 0.021308495448185846 0.02105408448439378
0 0.24919900527367225 0.5149704126211313 0.021779610560490534 0.021799821120042067
0 0.529629083780142 0.14486010258014387 0.03002628913292518 0.030106617854191706
0 0.83062927539532 0.17386931639451247 0.04918201153094952 0.04986161452073317
0 0.6601464198185847 0.8563208946814904 0.054740612323467545 0.054588024432842545
0 0.6103993929349459 0.1317654297902034 0.04122484647310697 0.04112595778245192
0 0.34510971949650693 0.6335328909067007 0.02258894993708684 0.023055149958683893
0 0.904899523808406 0.7245621314415565 0.05540671715369591 0.05451114361102764
0 0.8069889362041767 0.7017886822040265 0.05257210364708534 0.05341808612530048
0 0.9176543309138372 0.6096611389747033 0.027488855215219352 0.027512256915752705
0 0.5897108958317683 0.7775382995605469 0.04427359654353215 0.04399020855243389
0 0.7510439065786508 0.9261049123910757 0.05703441913311298 0.05623362614558293
0 0.22873254922720102 0.47414141434889573 0.05029014440683218 0.0507666514470027
0 0.20736786035391 0.13469626353337213 0.04332652458777794 0.04376679200392503
0 0.1342305036691519 0.40168175330528844 0.10018686147836539 0.10276295588566707
0 0.20496236360990083 0.446441833789532 0.024476124690129206 0.024263528677133415
0 0.3108225602370042 0.3114200005164513 0.03302253209627592 0.03318515190711388
0 0.3841568139883188 0.5410582835857685 0.01717655475323017 0.017114859360914964
0 0.7119257266704853 0.33392539391150844 0.01914552541879507 0.019373380220853366
0 0.6075701713562012 0.038666174961970404 0.05731472602257362 0.057756442290086016
0 0.7424314939058744 0.28832332904522234 0.05604641254131611 0.05622724386361929
0 0.5604046308077298 0.4639175855196439 0.02469004117525541 0.024898455693171576
0 0.09798739506648137 0.7556131069476788 0.02604055404663086 0.02636880141038161
0 0.8275574904221755 0.3790121445289025 0.028583379892202523 0.02909088134765625
0 0.8550795041597806 0.8301982146043044 0.08214950561523438 0.0806117424598107
0 0.27716460594764125 0.6267437568077674 0.018066002772404596 0.018106607290414665
0 0.8063896619356595 0.7788534164428711 0.038486480712890625 0.03845816392164964
0 0.09478943164532001 0.9588433779202975 0.07763429788442758 0.07891038747934195
0 0.4081847117497371 0.37456769209641677 0.04556729243351863 0.0456548837515024
0 0.680782831632174 0.810107157780574 0.04476620600773738 0.04462227454552284
0 0.6929806195772611 0.7245204632098858 0.07044293330265926 0.07138941838191105
0 0.6481995215782752 0.3445589358990009 0.020044473501352165 0.02013059762807993
0 0.1264869708281297 0.314304388486422 0.07261498157794659 0.0723409652709961
0 0.49251747131347656 0.9760155310997596 0.06189537048339844 0.0441442636343149
0 0.5126955325786884 0.2976680168738732 0.05126168177678035 0.0506140635563777
0 0.8244254038884089 0.8518249805157001 0.050495000985952526 0.0504919198843149
0 0.4541777830857497 0.4145069855910081 0.025543212890625 0.025333257821890023
0 0.3348522919874925 0.5306759614210862 0.049036612877478965 0.04886069664588341
0 0.9200138678917518 0.07017793105198787 0.050203176645132214 0.08035843188946064
0 0.21789945088900053 0.6976509094238281 0.018622691814716045 0.018758627084585335
0 0.2769347337576059 0.15860810646644005 0.028961328359750602 0.028969581310565654
0 0.9119746868426983 0.8288819239689753 0.04136921809269832 0.04114385751577524
0 0.48370662102332485 0.13341267292316145 0.022877032940204326 0.02315374521108774
0 0.7977799635667068 0.34128409165602464 0.03638179485614483 0.03659820556640625
0 0.6065142704890325 0.8064052141629733 0.05147420443021334 0.051306504469651446
0 0.572871208190918 0.19541358947753906 0.03526790325458233 0.035320208622859076
0 0.7782049912672776 0.024074247250190146 0.029501694899338942 0.0295793551665086
0 0.3027030137869028 0.500663683964656 0.04190481626070463 0.0418391594519982
0 0.4237803679246169 0.6972271845890925 0.07637405395507812 0.07642687284029447
0 0.29950428009033203 0.23577281144949105 0.02697152357835036 0.02675936772273137
0 0.5402573805588943 0.2547815763033353 0.047800650963416465 0.04836130142211914
0 0.9260072708129883 0.19511769368098333 0.034934704120342545 0.05672784952016977
0 0.5680860372690054 0.8725521381084735 0.018787090594951924 0.018707862267127402
0 0.3630219973050631 0.511959589444674 0.043613287118765026 0.04377203721266527
0 0.0607220117862408 0.27637089215792143 0.014988477413470928 0.019470728360689603
0 0.8501496681800256 0.4173557941730206 0.09267000051645133 0.09411555070143479
0 0.2617238484896146 0.20589701945965105 0.016057161184457634 0.016111373901367188
0 0.7398374997652494 0.48290428748497594 0.019724332369290866 0.019740178034855768
0 0.27611671961270845 0.88256469139686 0.07120774342463566 0.0722500727726863
0 0.9276367334219126 0.9893503922682542 0.02646798353928786 0.018564370962289665
0 0.7033176422119141 0.9151639204758865 0.04013971182016226 0.03998771080603966
0 0.4985542297363281 0.5245209840627817 0.033951832697941706 0.03403113438532902
0 0.7083278069129357 0.06324632809712337 0.020733759953425482 0.02067442123706524
0 0.6433128943810096 0.8277664184570312 0.037215012770432696 0.03757535494290865
0 0.43618128849909854 0.8162640791672927 0.2936253914466271 0.3284357511080228
0 0.6868718954233023 0.778345694908729 0.020771026611328125 0.020723489614633415
0 0.1625237098106971 0.5618436886714056 0.015354303213266226 0.015758514404296875
0 0.5968313217163086 0.9725912534273587 0.03786952678973858 0.03768157958984375
0 0.855064685528095 0.9895237409151517 0.034284151517427884 0.019178097064678486
0 0.15960106482872596 0.2780128992520846 0.03483717258159931 0.03420521662785457
0 0.57208068554218 0.6613186322725736 0.029567131629356973 0.029273253220778245
0 0.8294520744910607 0.8908530015211839 0.027230336115910456 0.027211409348707933
0 0.3302152340228741 0.48069209318894607 0.036738028893103965 0.035749068626990683
0 0.44115822131817156 0.05919384039365328 0.03349025432880108 0.03355791018559383
0 0.5039741809551532 0.01951066805766179 0.0706637455866887 0.03776543874007005
0 0.7200049620408279 0.039445038025195785 0.03463143568772536 0.03479496332315298
0 0.3650702696580153 0.32201943030724156 0.022185692420372598 0.022194348848783053
0 0.6004563845120944 0.5834744526789739 0.0730753678541917 0.07266631493201622
0 0.5289972745455228 0.5255735103900616 0.02700387514554537 0.027356514563927285
0 0.8842965639554538 0.3099378805894118 0.027178250826322116 0.02742305168738732
0 0.7458656017596905 0.19513344764709473 0.04300953791691707 0.042587023514967695
0 0.7299352792593149 0.3193092346191406 0.02065247755784255 0.020737354572002705
0 0.8772665170522836 0.5832578218900241 0.054193936861478366 0.05379955585186298
0 0.9233058049128606 0.1571331024169922 0.02050179701585036 0.020558944115271933
0 0.5219754439133865 0.7133225661057693 0.04121839083158053 0.04110864492563101
0 0.7877032940204327 0.9333104353684646 0.04438018798828125 0.0440221933218149
0 0.3663052045381986 0.33869361877441406 0.019698656522310697 0.01992973914513221
0 0.5329201038067157 0.9593045161320612 0.07512532747708835 0.07376905588003305
0 0.7334701097928561 0.7197462228628305 0.05676342890812801 0.056601304274338946
0 0.6620005094088041 0.02219679493170518 0.030472241915189303 0.030291804900536172
0 0.652739744919997 0.7134810961209811 0.04487419128417969 0.04548982473520132
0 0.8903065461378831 0.17247709861168495 0.04934530991774339 0.04832311776968149
0 0.20266454036419207 0.4233052180363582 0.02778940934401292 0.02776967562161959
0 0.3933751032902644 0.26401020930363583 0.15056140606219953 0.15017582820012018
0 0.571911885188176 0.22323124225323016 0.042958773099459134 0.042334556579589844
0 0.7710195688100961 0.7120472834660456 0.02155890831580529 0.021492591271033652
0 0.7310956808236929 0.9819192886352539 0.029144433828500602 0.028828987708458535
0 0.48645437680757964 0.4571954287015475 0.014372605543870192 0.014346636258638822
0 0.6414913764366736 0.10979060026315543 0.024074261005108174 0.02410430174607497
0 0.8320864163912259 0.6879612849308894 0.0786273662860577 0.08043964092548077
0 0.07830230089334342 0.25078551585857684 0.04939723014831543 0.09320934002216046
0 0.5691716854388897 0.6098260512718787 0.01580392397367037 0.01566468752347506
0 0.6136655807495117 0.2395038604736328 0.01656004098745493 0.01659400646503155
0 0.6988135117750901 0.8427544373732346 0.024471136239858773 0.02420806884765625
0 0.22466754913330078 0.8534113077016977 0.0341182121863732 0.034623953012319714
0 0.2742452621459961 0.2695467655475323 0.053472665640024036 0.05381371424748348
0 0.18213814955491286 0.8467000814584585 0.03606579853938176 0.03654127854567308
0 0.4024225381704477 0.25660060002253604 0.02344366220327524 0.023421727693997897
0 0.2476052504319411 0.13407113001896784 0.030794437115009014 0.030499018155611478
0 0.4517110311068021 0.578709235558143 0.0635235859797551 0.06322780022254357
0 0.8901122166560247 0.4608888626098633 0.03754131610576923 0.03778501657339243
0 0.8253872944758489 0.011144764148272 0.0235293461726262 0.02083134651184082
0 0.15434774985680214 0.15079645010141227 0.03883067461160513 0.038764696854811445
0 0.3376343066875751 0.6618350102351263 0.06482724043039176 0.06600247896634616
0 0.5892804219172552 0.7244394742525541 0.04026251572829027 0.04089208749624399
0 0.5898482616131122 0.06372345410860501 0.017196288475623496 0.01742076873779297
0 0.42144093146690953 0.41821685204139125 0.039180608896108776 0.0389245840219351
0 0.926342670734112 0.8608529751117413 0.031301645132211536 0.04357616717998798
0 0.088959290431096 0.13185915580162635 0.01976170906653771 0.019882385547344502
0 0.39398838923527646 0.4375751201923077 0.02012150104229267 0.020144902742826022
0 0.6531289174006536 0.42018728989821214 0.030542667095477764 0.03030534890981821
0 0.8173682139470027 0.04520014616159292 0.02827028127817007 0.028243158872310933
0 0.7958068114060622 0.844268065232497 0.020821791428786058 0.021709148700420674
0 0.7607545119065505 0.43563032150268555 0.05301607572115385 0.05290134136493389
0 0.31843361487755406 0.011163218663288997 0.03660268049973708 0.02125204526461088
0 0.8958103473369892 0.7943157782921424 0.04101767906775841 0.041717822735126205
0 0.7750450280996469 0.07736930480370155 0.029052881094125602 0.029811675731952373
0 0.10808293636028583 0.11412734251755935 0.03792927815363957 0.038556539095365085
0 0.7204787914569561 0.8099390176626352 0.029200627253605768 0.028630476731520433
0 0.3301584537212665 0.37114744919996995 0.019095787635216348 0.018776820256159857
0 0.8599984095646784 0.5213733819814829 0.029100858248197116 0.028945115896371696
0 0.06665111963565533 0.767844346853403 0.02567156461568979 0.03797633831317608
0 0.7228320928720328 0.806936997633714 0.0219876216008113 0.0223843501164363
0 0.275034812780527 0.22371123387263372 0.018057933220496543 0.017928270193246696
0 0.08108918483440693 0.8267496549166166 0.03646153670090895 0.03654934809758113
0 0.24532681245070237 0.39393160893366885 0.03570079803466797 0.03583057110126202
0 0.2902095317840576 0.5392573429987981 0.02755139424250676 0.028208365807166465
0 0.5985370415907639 0.4351497063269982 0.027319834782527044 0.027204220111553486
0 0.47466622866117036 0.17010901524470404 0.08792899205134465 0.08960994390340951
0 0.19533536984370306 0.20650208913362944 0.01367499278141902 0.013484441317044772
0 0.5264842693622296 0.631527460538424 0.047878192021296576 0.04843843900240385
0 0.5704369911780725 0.013341597639597379 0.04797055171086238 0.026074874859589797
0 0.6890293268057016 0.5709801087012658 0.035665071927584134 0.03530318920428936
0 0.8283780904916617 0.6007284751305213 0.053855602557842545 0.05352299030010517
0 0.5111893140352689 0.21662770784818208 0.045137258676382214 0.04472637176513672
0 0.07706777866070087 0.8569785631619967 0.03620005112427931 0.03739489041841947
0 0.7873879212599534 0.8169507246751052 0.04266445453350361 0.041956534752478965
0 0.1474076692874615 0.4886930172259991 0.01430656359745906 0.014183778029221755
0 0.6809434157151443 0.08862026838155893 0.01653436514047476 0.01668831018301157
0 0.6721429091233474 0.6238526564378005 0.020651890681340143 0.02073350319495568
0 0.7964631594144381 0.2738023537855882 0.04748388437124399 0.04694351783165565
0 0.36165765615609974 0.0701965460410485 0.014722237220177284 0.014925351509681115
0 0.8856644263634315 0.30720630058875453 0.022233963012695312 0.022692460280198317
0 0.8510818481445312 0.03776003076479985 0.03850350013146034 0.03760045766830444
0 0.5043243628281814 0.6184665973369892 0.02972712883582482 0.03045797348022461
0 0.26751118439894456 0.2642096739548903 0.06724695058969352 0.0664834976196289
0 0.5040771411015437 0.21596329028789812 0.03248867621788612 0.03263180072490986
0 0.8841772079467773 0.7020263671875 0.01609318072979267 0.016037574181189902
0 0.3980881984417255 0.9704739497258112 0.06052332658034105 0.05502862196702223
0 0.7816976400522085 0.5810990700354943 0.050719187809870794 0.050545032207782455
0 0.6153776829059308 0.5006540371821477 0.06511666224553035 0.06518041170560397
0 0.07516584946559025 0.8562083611121545 0.039269520686222956 0.04943040701059195
