0 0.7426388813899114 0.6845904863797702 0.0985729510967548 0.09783231295072116
0 0.7556735552274264 0.5313040659977839 0.0921465066763071 0.09230232238769531
0 0.5643627826984112 0.1200772890677819 0.10119210756742038 0.10159677725571853
0 0.7499416057880108 0.06198782187241774 0.08662854708158053 0.08681264290442833
0 0.6461940178504357 0.625343029315655 0.10956426767202523 0.11006883474496695
0 0.9559803009033203 0.23748434506929839 0.0568384023813101 0.09046774644118089
0 0.4134814922626202 0.6612410912146935 0.07233693049504207 0.07229012709397536
0 0.23102276141826922 0.31532683739295375 0.04177313584547777 0.0418097422673152
0 0.1897742198063777 0.3942144834078275 0.05654723827655499 0.05652882502629207
0 0.4955051862276517 0.6759035403911884 0.05857702401968149 0.058784778301532455
0 0.19173354368943435 0.9846424689659705 0.03318588550274189 0.025912064772385817
0 0.9527587890625 0.8028496962327224 0.0364221426156851 0.0366827157827524
0 0.7426442366379958 0.37317514419555664 0.037424527681790866 0.037640865032489486
0 0.4680617405818059 0.40546552951519305 0.02133655548095703 0.021231798025277946
0 0.5919111325190618 0.6727757087120643 0.03240842085618239 0.03254611675555889
0 0.9028167724609375 0.9858584037193885 0.028336451603816107 0.024685492882361777
0 0.9424277819119967 0.8367911118727464 0.03420345599834736 0.034104567307692304
0 0.11662787657517654 0.03104326816705557 0.03754747830904447 0.0379561552634606
0 0.1490335464477539 0.8797620626596304 0.01853315646831806 0.01847692636343149
0 0.8773049574631911 0.9232967083270733 0.02242440443772536 0.022641402024489183
0 0.029509338048788216 0.7129441774808444 0.024465533403249886 0.0244601323054387
0 0.8489847916823167 0.9699822939359225 0.04469225956843449 0.04474331782414363
0 0.4087089391855093 0.5555470539973333 0.0287322998046875 0.028655125544621393
0 0.29514136681189906 0.5613558842585638 0.02225178938645583 0.022057459904597357
0 0.0744161789233868 0.8059882384080154 0.033543091553908125 0.033471180842472956
0 0.25919580459594727 0.916099841778095 0.04152253957895132 0.04180350670447716
0 0.9275142963115985 0.11012974152198204 0.03091254601111779 0.030678712404691257
0 0.9201118029080905 0.6045338557316706 0.05054473876953125 0.04943158076359676
0 0.4514350891113281 0.47086928440974307 0.020487565260667067 0.020640740027794473
0 0.07754434072054349 0.8457513955923227 0.02349021343084482 0.02347740760216346
0 0.5767321953406701 0.9169916006234976 0.026259642380934495 0.02644964364858774
0 0.6196365356445312 0.48173097463754505 0.024372100830078125 0.024261474609375
0 0.6550781543438251 0.33506125670212966 0.021746708796574518 0.021630507249098558
0 0.791237317598783 0.388157110947829 0.030307769775390625 0.03019552964430589
0 0.44557578747089094 0.5939493912916917 0.03023690443772536 0.030022694514347956
0 0.5608698771550105 0.9441920060377854 0.032155403724083535 0.031964668860802285
0 0.6510716951810397 0.5131798524122971 0.0290374755859375 0.028959274291992188
0 0.0872356708233173 0.3374236547029935 0.03906708038770235 0.038921209482046276
0 0.9641307684091421 0.09692786290095402 0.030372472909780648 0.03017403529240535
0 0.7049422630896935 0.38831156950730544 0.01904472937950721 0.01897144317626953
0 0.18239347751323992 0.4218607682448167 0.01720259739802434 0.016853992755596455
0 0.5932492843041053 0.7950508411114032 0.038341595576359674 0.03867838932917668
0 0.6285877227783203 0.43927141336294323 0.02054170461801382 0.020710284893329326
0 0.3559295580937312 0.31441296063936675 0.0382843017578125 0.03888240227332482
0 0.04588134472186749 0.29676156777601975 0.03037700057029724 0.030213172619159404
0 0.9004609034611628 0.09836066686190091 0.020405989426832933 0.02060108918410081
0 0.668945679297814 0.9510005070612981 0.04207464364858774 0.04148013775165264
0 0.02899429202079773 0.7760780041034405 0.02031161693426279 0.020016009990985576
0 0.34073426173283505 0.34071163030771107 0.04451604989858774 0.044419435354379505
0 0.8184764568622296 0.28240631176875186 0.015566312349759616 0.01567671849177434
0 0.810351665203388 0.41259068709153396 0.029607039231520433 0.029654869666466348
0 0.5409747637235202 0.2373220186967116 0.03469349787785457 0.03566943682157076
0 0.6191166364229642 0.2080377065218412 0.02021334721491887 0.02041515937218299
0 0.6712267215435321 0.4277555759136493 0.016994769756610576 0.017282779400165264
0 0.4316459802480844 0.234847747362577 0.01970335153432993 0.019774693709153395
0 0.12709976159609282 0.01540184708741995 0.015479197868934045 0.015813850439511813
0 0.7151320530818059 0.2995164210979755 0.01702293982872596 0.017058152418870192
0 0.8627831385685847 0.9411870516263522 0.025603367732121393 0.02549890371469351
0 0.7797658626849835 0.36173376670250523 0.022449493408203125 0.022867349477914665
0 0.12844278262211725 0.8593487372765174 0.015568366417518029 0.01581397423377404
0 0.8632618830754206 0.30514251268827 0.040369473970853366 0.03997443272517277
0 0.5959975169255183 0.879511466393104 0.01588777395395132 0.01582175034743089
0 0.8702511420616736 0.3660749288705679 0.025337659395658053 0.025579452514648438
0 0.2932685705331656 0.3335121594942533 0.028088936438927285 0.028145570021409255
0 0.40997567543616664 0.19833920552180365 0.034326333266038164 0.03391676682692308
0 0.9296497198251578 0.744772690993089 0.018291620107797477 0.018231318547175482
0 0.8783079294057993 0.3393629514254056 0.03582088763897236 0.0348352285531851
0 0.03706924961163448 0.6288890838623047 0.027416738180013802 0.02758172842172476
0 0.9016487415020282 0.40554266709547776 0.03429090059720553 0.03450907193697416
0 0.4430390871488131 0.3783416748046875 0.01851067176231971 0.01885223388671875
0 0.6867822500375601 0.7741790184607873 0.02222471970778245 0.022426898662860576
0 0.49728899735670823 0.4750843781691331 0.03424769181471605 0.03410779512845553
0 0.9364774410541241 0.2846232194166917 0.03246732858511118 0.03282323250403771
0 0.9743276742788461 0.6716053302471454 0.014619387113131009 0.018965794489933893
0 0.8612917386568509 0.884492433988131 0.03777782733623798 0.03853665865384615
0 0.8761492509108323 0.028930698449795064 0.023667262150691107 0.023577758899101846
0 0.1525859649364765 0.40375430767352766 0.01767569321852464 0.01764341501089243
0 0.8092594146728516 0.025098977180627677 0.030813950758713942 0.0309411516556373
0 0.2941722503075233 0.7871883098895733 0.01805268801175631 0.018050267146183893
0 0.7655718876765325 0.3000027583195613 0.021335308368389424 0.020907768836388223
0 0.47744640937218297 0.4882785356961764 0.015895256629356973 0.015900538517878607
0 0.7927111112154447 0.22034722108107346 0.03137984642615685 0.03175009213961088
0 0.6048705394451435 0.3430741016681378 0.015285858741173377 0.015137745783879207
0 0.025527763825196486 0.48947990857637846 0.01988936846072857 0.02005760486309345
0 0.47550076704758865 0.632839349599985 0.05140128502478966 0.05079797598031851
0 0.06508329281440148 0.11997090853177585 0.022765232966496393 0.0228576293358436
0 0.9243684915395883 0.3724228051992563 0.03022032517653245 0.02988411830021785
0 0.5384858938363882 0.6551359616793119 0.03572845458984375 0.035352853628305286
0 0.892111558180589 0.634217042189378 0.03840358440692608 0.03852022611177885
0 0.029121155922229473 0.5079055566054124 0.01739649589245136 0.017252041743351862
0 0.7832791255070612 0.02434662442940932 0.02559837928185096 0.02585489474810087
0 0.2977095383864183 0.2865649370046762 0.017936559823843148 0.017999905806321364
0 0.8373702856210562 0.9891843795776367 0.043266589824969955 0.020691651564378005
0 0.9276745869563177 0.1681370368370643 0.023424735436072715 0.02375478010911208
0 0.9762051655695989 0.1166244103358342 0.014641981858473558 0.017483931321364183
0 0.45010170569786656 0.2503701356741098 0.017141415522648737 0.01728197244497446
0 0.5336639330937312 0.3587070611807016 0.019471095158503607 0.01960593003493089
0 0.4866484862107497 0.30975847977858323 0.01745759523831881 0.017340421676635742
0 0.9749532846304086 0.6149149674635667 0.01390838623046875 0.017510194044846755
0 0.8509612450232873 0.4010617182804988 0.050074063814603366 0.05005293626051683
0 0.13360605790064886 0.37656534635103667 0.022751423028799202 0.023476160489595853
0 0.1916186626140888 0.9002078129695013 0.01872121370755709 0.01870272709773137
0 0.0823358022249662 0.8850651520949143 0.014348951669839712 0.014357640193058895
0 0.391206667973445 0.3574809661278358 0.030797958374023438 0.03097365452693059
0 0.8974364354060247 0.9528955312875601 0.025694627028245192 0.02627137991098257
0 0.900229600759653 0.28568192628713757 0.03694343566894531 0.037903235508845404
0 0.7567812112661508 0.11846586374136117 0.014238650982196514 0.014189059917743389
0 0.5895670377291166 0.4583583244910607 0.028350096482496995 0.02804726820725661
0 0.4545699633084811 0.6963867040780874 0.029772244966947116 0.02996694124661959
0 0.04869700395143949 0.790264789874737 0.021732367002047025 0.021891227135291465
0 0.5955817149235652 0.93506409571721 0.022144024188701924 0.022274164053109977
0 0.5597263482900766 0.7265469477726862 0.014708298903245192 0.014746005718524639
0 0.2934422126183143 0.37256460923414964 0.025065495417668268 0.02497687706580529
0 0.2769195850078876 0.4051136603722206 0.03340552403376652 0.03373292776254507
0 0.49528672144963193 0.6107748471773587 0.015465296231783353 0.015388928926908053
0 0.3202623220590445 0.31707345522367036 0.01940771249624399 0.019422457768366888
0 0.9469013214111328 0.5842434809758112 0.01997962364783654 0.020100887005145732
0 0.8266890599177434 0.13951602348914513 0.01643855755145733 0.016434559455284707
0 0.909270873436561 0.6591355250431941 0.01766072786771334 0.017734821026141826
0 0.0882108028118427 0.3678182822007399 0.031404536504011885 0.03150360400860126
0 0.11506141149080716 0.3723724071796124 0.021549536631657526 0.021968768193171576
0 0.03614251888715304 0.976143323458158 0.015652546515831582 0.01570716271033654
0 0.8704754022451547 0.5225659883939303 0.0156704829289363 0.015632262596717246
0 0.8411152913020208 0.35055960141695464 0.04230484595665565 0.04236140617957482
0 0.1227107048034668 0.9901315982525165 0.02747632906987117 0.01740103501539964
0 0.8651032814612756 0.1851960328909067 0.018254940326397236 0.01837899134709285
0 0.3872801707341121 0.4551362991333008 0.019934434157151442 0.020273355337289665
0 0.9050502777099609 0.9338397979736328 0.02510701693021334 0.025967524601862982
0 0.08859423490671012 0.2970794164217435 0.019776674417349007 0.019365824185884915
0 0.07470354667076698 0.3135185975294847 0.025461893815260667 0.025527513944185697
0 0.556273863865779 0.25769081482520473 0.02617036379300631 0.02573559834406926
0 0.9015712004441482 0.35434436798095703 0.019303248478816107 0.019404117877666768
0 0.9361655895526593 0.41010746589073765 0.04071543766902043 0.04034614562988281
0 0.4541040567251352 0.2660044706784762 0.016279220581054688 0.01670107474693885
0 0.453890323638916 0.9843683242797852 0.015355697044959435 0.015565872192382812
0 0.49306774139404297 0.474545772259052 0.0235897944523738 0.024884884174053486
0 0.6927187992976263 0.4279489884009728 0.016817533052884616 0.016908718989445612
0 0.9039894250723032 0.033348677250055164 0.02987054678109976 0.029732791277078483
0 0.5132408875685471 0.2723245620727539 0.024452356191781852 0.024737724891075723
0 0.39194477521456206 0.3069749612074632 0.018188036405123197 0.018228677602914665
0 0.4544991346505972 0.3218075312100924 0.015564184922438402 0.015810819772573616
0 0.022651234498390786 0.273801693549523 0.018747769869290866 0.02324339059682993
0 0.7386709359975961 0.766207768366887 0.013878455528846154 0.013810524573692909
0 0.14918399774111235 0.3045440453749437 0.01786912404573881 0.01807256845327524
0 0.8232014729426458 0.2049227127662072 0.020249440119816706 0.020093147571270283
0 0.5591877790597769 0.6426657896775466 0.023289607121394232 0.023686335637019232
0 0.8566145530113807 0.8482175973745493 0.017708558302659255 0.0176852299616887
0 0.2928477250612699 0.8224604679987981 0.020162142240084134 0.02018004197340745
0 0.8381357926588792 0.21961127794705904 0.020188551682692308 0.01964268317589393
0 0.7552029536320612 0.9854569801917443 0.028002225435697116 0.025339273306039665
0 0.8951876713679388 0.22802134660574105 0.022891998291015625 0.02299077694232647
0 0.6740272228534405 0.9873755528376653 0.028721442589393027 0.023020230806790866
0 0.18959852365347055 0.8451683337871845 0.014674993661733774 0.01464550311748798
0 0.8773501469538763 0.1964447131523719 0.016281861525315505 0.016324556790865384
0 0.19826338841364935 0.3503868396465595 0.023073563208946817 0.023241043090820312
0 0.6432832571176382 0.5642561545738807 0.020835436307466947 0.02118712205153245
0 0.04974457850823036 0.7867436775794396 0.023028829923042886 0.02233549264761118
0 0.2516591182121864 0.45043233724740833 0.02692251939039964 0.02634429931640625
0 0.8292484283447266 0.7527253077580378 0.0292361332820012 0.028750199538010817
0 0.8605995178222656 0.8891567817101111 0.033807607797475964 0.03372339101938101
0 0.12190171388479379 0.8872151741614709 0.01563130892240084 0.015432357788085938
0 0.6157365945669321 0.45755250637347883 0.0203244135929988 0.020505318274864785
0 0.02140739789375892 0.7530450087327224 0.01239617856649252 0.018163534311147835
0 0.46429333320030797 0.21556883591871995 0.018669862013596755 0.01875165792611929
0 0.21012168664198655 0.32930286114032453 0.014644879561204176 0.014620414147010216
0 0.8226390251746545 0.23373126983642578 0.0219882084773137 0.02184324998121995
0 0.6448903450599084 0.9688766919649564 0.019173695490910456 0.019400963416466348
0 0.1975418604337252 0.9323037954477164 0.016773370596078727 0.016620635986328125
0 0.028930123035724346 0.8230994297907903 0.015021003209627591 0.014921041635366587
0 0.6003306462214544 0.9076992915226862 0.013890486497145433 0.013804215651292067
0 0.38639200650728667 0.3531340819138747 0.022303361159104567 0.02286104055551382
0 0.054413245274470404 0.33159520075871396 0.027019152274498574 0.02704649705153245
0 0.40178240262545073 0.3858317595261794 0.018870427058293268 0.018445528470552884
0 0.8922297404362605 0.31346768599290115 0.022114680363581732 0.02231421837439904
0 0.5850914074824407 0.21613128368671125 0.022803233220027044 0.02280594752385066
0 0.7298955183762771 0.9584447420560397 0.053076670720027044 0.052301847017728366
0 0.37871580857496995 0.43302268248337966 0.024860088641826924 0.02536935072678786
0 0.2062807816725511 0.06131588495694674 0.029204295231745794 0.028848703090961162
0 0.13588573382450983 0.0061504153104928825 0.014722163860614482 0.010959175916818472
0 0.6890316743117112 0.02894609020306514 0.02020542438213642 0.02059111686853262
0 0.683819844172551 0.8273713772113507 0.05205623920147236 0.051839975210336536
0 0.11378848552703857 0.31865787506103516 0.0221863526564378 0.022083062392014723
0 0.4506523792560284 0.309082214648907 0.01857581505408654 0.01914801964393029
0 0.5800797389103816 0.849691757789025 0.014294697688176082 0.014374659611628605
0 0.9172220963698167 0.33926222874568057 0.020080713125375602 0.019962017352764424
0 0.9063169772808368 0.9302572103647085 0.027930479783278245 0.027898054856520433
0 0.8951203272892878 0.22455840844374436 0.026226630577674277 0.02629841290987455
0 0.6241514499370868 0.007048931259375352 0.021558321439302884 0.013633886208901038
0 0.8022176302396334 0.11092772850623497 0.0376123281625601 0.03803597963773287
0 0.139245317532466 0.8027573365431565 0.019410133361816406 0.019310437715970553
0 0.4775615105262169 0.24984198350172776 0.014563046968900241 0.014714314387394832
0 0.9346128610464243 0.9079069724449744 0.020649543175330527 0.020898085374098558
0 0.7808940594012921 0.8268764202411358 0.013553325946514424 0.013469696044921875
0 0.9773671076847956 0.03861721662374643 0.012466137225811299 0.01875181381519024
0 0.8838873643141526 0.8976449966430664 0.017024407019981973 0.017163643470177285
0 0.4060790722186749 0.37426255299494815 0.03517642387977013 0.03415129734919621
0 0.6743466303898737 0.9705886840820312 0.01711273193359375 0.017478062556340143
0 0.05358143953176645 0.27311336077176607 0.02053048060490535 0.0207980229304387
