0 0.30866109407865083 0.7089971395639273 0.12309001042292668 0.17595379169170672
0 0.5771792485163763 0.05148679935015165 0.04793621943547176 0.048291949125436634
0 0.4491991629967323 0.46339922684889573 0.05216671870304988 0.051919790414663464
0 0.5741603557880108 0.4000370685870831 0.07775600139911358 0.07861555539644681
0 0.29897282673762393 0.7920297475961539 0.03702259063720703 0.036862886868990384
0 0.3430766692528358 0.7650658534123347 0.03748519604022686 0.03743523817795973
0 0.3770011755136343 0.7811965942382812 0.020960294283353366 0.021166287935697116
0 0.5031646948594314 0.5519039447490985 0.027419236990121696 0.027329664963942308
0 0.34473822667048526 0.6676191916832557 0.027732042165902946 0.02744601323054387
0 0.30855347560002255 0.37689634469839245 0.03751732752873348 0.03735014108511118
0 0.40200541569636417 0.9643307465773362 0.03204565781813402 0.0322424081655649
0 0.4124334775484525 0.7840964977557843 0.02062357389009916 0.020722022423377402
0 0.47634363174438477 0.8770555349496695 0.02306343958928035 0.02317193838266226
0 0.6841432864849384 0.9727605672983023 0.026713004479041465 0.02668175330528846
0 0.5633458724388709 0.4362452213580792 0.015170610868013822 0.015382033128004808
0 0.27550620299119216 0.665037595308744 0.015584285442645732 0.015656691331129808
0 0.41202900959895206 0.9103377415583684 0.019389005807729866 0.019677088810847357
0 0.2767168925358699 0.8409954951359675 0.015145301818847656 0.015120286207932692
0 0.7003301473764273 0.7628176762507513 0.030694227952223558 0.030719170203575723
0 0.4399183713472806 0.7354621153611404 0.01768955817589393 0.017652071439302884
0 0.6267127257127029 0.5800488178546612 0.015574235182542067 0.015762182382436898
0 0.7179908018845779 0.14698878618387076 0.02857545705942007 0.028256031183096077
0 0.4273697046133188 0.3503865462083083 0.029582096980168268 0.030393013587364785
0 0.5228564189030573 0.4514185098501352 0.11999731797438401 0.11820250291090745
0 0.443231069124662 0.2954512376051683 0.04681308452899639 0.048259881826547474
0 0.38289649669940656 0.2563022833604079 0.02343295170710637 0.0238034908588116
0 0.5846309661865234 0.7799660609318659 0.01867983891413762 0.018796187180739183
0 0.3155742058387169 0.719687241774339 0.020582125737116888 0.020621079664963942
0 0.6537752151489258 0.8389043074387771 0.03898488558255709 0.03869306124173678
0 0.511517964876615 0.8082153613750751 0.018438119154710036 0.018671329204852764
0 0.3022919801565317 0.7662550852848933 0.02338541471041166 0.023586419912484977
0 0.4213537803063026 0.7144266275259165 0.048665560208834134 0.04890852708082933
0 0.551303533407358 0.3478926145113431 0.0429228269136869 0.043436637291541465
0 0.654213391817533 0.5175134952251728 0.022194495567908652 0.02215913625863882
0 0.6430600239680364 0.8081791217510517 0.02008482126089243 0.020070002629206732
0 0.48561976506159854 0.28965280606196475 0.03555605961726262 0.035669143383319564
0 0.3901557922363281 0.23033802325908953 0.022658421443058893 0.02279501694899339
0 0.7308346674992487 0.11557197570800781 0.024214817927433893 0.024813468639667217
0 0.30882651989276594 0.6887947229238657 0.01714926499586839 0.01700724088228666
0 0.4201825215266301 0.08654244129474346 0.022322874802809495 0.022518176298875075
0 0.6905421477097732 0.4312297747685359 0.08564963707557091 0.08516135582557091
0 0.5080124781681941 0.36891504434438854 0.052032470703125 0.05298951955942007
0 0.6530298086313101 0.7695572192852314 0.016100516686072715 0.01606163611778846
0 0.6130409240722656 0.5415064371549166 0.06748258150540866 0.06809828831599309
0 0.3469555928156926 0.5955620545607346 0.10366925826439491 0.10146845304048978
0 0.43039336571326625 0.6517382401686448 0.07636781839224008 0.07659064806424655
0 0.33906004979060245 0.1532048537180974 0.014812909639798678 0.014554372200599084
0 0.399352293748122 0.26711396070627064 0.015279036301832933 0.015382473285381611
0 0.7370171180138221 0.034162202706703775 0.01600793691781851 0.018752111838414118
0 0.4263943892258864 0.35451786334698016 0.024913714482234076 0.02436344440166767
0 0.3586241648747371 0.2272214522728553 0.05080223083496094 0.05099931130042443
0 0.28394673420832706 0.25096359619727504 0.036665769723745495 0.03642834149874174
0 0.6378301473764273 0.4264629070575421 0.021121391883263223 0.02131065955528846
0 0.5953938410832331 0.19274746454679048 0.07390902592585637 0.07615071076613206
