0 0.7786722916823167 0.9219052241398737 0.04605924166165865 0.04607655451847957
0 0.7425899505615234 0.2195892700782189 0.04882973891038161 0.04871089641864483
0 0.49513978224534255 0.5997934341430664 0.048722340510441706 0.04847409174992488
0 0.5922625981844388 0.43082149212176984 0.03948351053091196 0.03999064518855168
0 0.6518408701970027 0.6559638243455154 0.0526280036339393 0.05284426762507512
0 0.9024240053617038 0.8633960577157828 0.03305684603177584 0.03340985224797176
0 0.6986262981708233 0.7634500356820914 0.048875661996694714 0.04869284996619591
0 0.7545690536499023 0.29696187606224644 0.027101663442758415 0.027346427624042217
0 0.4325703840989333 0.45457040346585786 0.030689092782827523 0.030626957233135518
0 0.20886672460115874 0.866314594562237 0.02225215618426983 0.02233255826509916
0 0.26817532686086804 0.46427055505605846 0.10057621735792893 0.09951364077054538
0 0.5386248368483323 0.39696466005765474 0.030757683974045973 0.030468133779672477
0 0.33916572424081654 0.0745537464435284 0.02084805415226863 0.020842533845167894
0 0.7643927060640775 0.970272944523738 0.03100160452035757 0.030931912935697116
0 0.1873942888700045 0.3490083401019757 0.09418894694401668 0.09358965433560885
0 0.5338891836313101 0.554103264441857 0.024091280423677884 0.024033619807316706
0 0.26336244436410755 0.31624606939462513 0.0397344002356896 0.039745477529672474
0 0.24186141674335188 0.02373519539833069 0.027223807114821214 0.026848774689894456
0 0.521545043358436 0.7594243563138522 0.034850707420935996 0.03536899273212139
0 0.13216774280254656 0.6967232043926532 0.020887356538038988 0.020511920635516826
0 0.8219717465914212 0.7804622650146484 0.018202855036808893 0.01810734088604267
0 0.5244151262136606 0.1599123661334698 0.02881967104398287 0.028984720890338603
0 0.4208882772005521 0.9195287411029522 0.023887267479529746 0.023945441612830527
0 0.5282897215623122 0.04604886128352238 0.019622289217435397 0.019781280022401076
0 0.8492925350482647 0.6541045262263372 0.01754628694974459 0.017585167518028848
0 0.5032773751478928 0.3217319341806265 0.017681195185734674 0.017720589270958535
0 0.6579263393695538 0.07553923588532668 0.03314619797926683 0.03262606950906607
0 0.5589582736675556 0.7609823667086087 0.032950181227463946 0.03333194439227764
0 0.5692447148836576 0.40733601496769833 0.034148803124060996 0.03415870666503906
0 0.22890002910907453 0.133026856642503 0.020857957693246696 0.020533635066105768
0 0.395108516399677 0.24999502988962027 0.057245768033541165 0.05720824461716872
0 0.5560421576866736 0.43432554831871617 0.029726615318885215 0.029827631436861478
0 0.47168251184316784 0.03714011953427242 0.026667374830979567 0.026736511633946344
0 0.3531659933236929 0.2877592123471774 0.06104586674616887 0.060653943281907305
0 0.21329628504239595 0.41961310460017276 0.09827107649583083 0.09677960322453426
0 0.7834879801823542 0.315281134385329 0.018879817082331732 0.019123664269080527
0 0.8268287365253155 0.3376771486722506 0.02635339590219351 0.02660369873046875
0 0.5492962323702298 0.9022629077617939 0.02614292731651893 0.026199927696814902
0 0.49872332352858323 0.6412930121788611 0.02090908930851863 0.020996680626502402
0 0.8486025883601263 0.3834691414466271 0.026182027963491585 0.026212545541616585
0 0.8374223709106445 0.27396535873413086 0.026674857506385215 0.026735599224384014
0 0.8651706988994892 0.5335458608774039 0.019507188063401442 0.019324376032902643
0 0.7414351976834811 0.3424804760859563 0.019642169658954326 0.0193784420306866
0 0.9063270275409405 0.37057194342980015 0.024325737586388223 0.027506608229417067
0 0.4018871600811298 0.49923309913048375 0.03493309020996094 0.03474895770733173
0 0.7782399104191706 0.04576003092985887 0.042910062349759616 0.04243174883035513
0 0.6366210350623498 0.7942714691162109 0.020351703350360576 0.02034730177659255
0 0.7949782885037936 0.6967337681696966 0.016005736130934495 0.015709510216346152
0 0.7939690076387845 0.1778886868403508 0.026951716496394232 0.02692728776198167
0 0.8708507831280048 0.8991280335646409 0.028560491708608773 0.028386629544771634
0 0.27311501136192906 0.33938921414888823 0.07832563840425931 0.07776385087233323
0 0.3313444577730619 0.2222263629619892 0.0845326643723708 0.08510244809664212
0 0.8494528990525466 0.8023836429302509 0.020787459153395433 0.020785991962139424
0 0.7162990570068359 0.7334112020639273 0.01722541222205529 0.017147357647235576
0 0.6313609343308669 0.16136679282555214 0.024393228384164665 0.02435940045576829
0 0.7178030747633714 0.5017509093651404 0.01677087637094351 0.016420584458571214
0 0.11266997227301964 0.4260589893047626 0.06856879821190467 0.08177566528320312
0 0.1373816178395198 0.5320135263296274 0.058095656908475436 0.0568690666785607
0 0.46546825995812047 0.8436770805945764 0.019230108994704027 0.01921668419471154
0 0.2742437949547401 0.5945703433110163 0.02327126723069411 0.02353646205021785
0 0.8574994894174429 0.941867681650015 0.015163274911733774 0.015230325552133413
0 0.11576302234943096 0.4969801902770996 0.03936991324791542 0.03937677236703726
0 0.08791248614971454 0.28258846356318545 0.01468970225407527 0.021993747124305137
0 0.1402867573958177 0.13277244567871094 0.019798462207500752 0.019830006819504958
0 0.42505546716543346 0.20372636501605695 0.061998147230881914 0.06108782841609074
0 0.18797947810246393 0.29616289872389573 0.04096643741314228 0.040488243103027344
0 0.6403966316810021 0.31660072620098406 0.017635052020733174 0.017816763657789964
0 0.6951270470252404 0.8952953632061298 0.022931905893179085 0.0230563237116887
0 0.37737054091233474 0.6866439672616812 0.022521532498873197 0.022793109600360576
0 0.3190619395329402 0.30698477304898775 0.02324837904710036 0.023053572728083685
0 0.46020207038292515 0.9329696068396935 0.016649979811448317 0.016864776611328125
0 0.35409215780404896 0.35851155794583833 0.020290228036733773 0.020283845754770134
0 0.14136951703291672 0.8770369016207181 0.019392930544339694 0.01955076364370493
0 0.6849566239577073 0.40378629244290865 0.015922693105844352 0.015935457669771634
0 0.13815777118389422 0.37636797244732195 0.05812476231501652 0.05870745732234074
0 0.39067822236281174 0.6483864417442908 0.022592617915226862 0.02284974318284255
0 0.16257491478553185 0.23370911524846003 0.022704527928278997 0.0230865111717811
0 0.2765519068791316 0.05344846615424523 0.027497218205378607 0.027753298099224385
0 0.8086078350360577 0.1895761489868164 0.021481147179236777 0.02082670651949369
0 0.8137961167555589 0.38614874619704026 0.017142662635216348 0.016944298377403848
0 0.8568250949566181 0.20302545107327974 0.024379436786358174 0.024745941162109375
0 0.4299890444828914 0.7088873936579778 0.018784596369816706 0.018660325270432692
0 0.25493451265188366 0.9751669076772836 0.02383122077355018 0.023867973914513223
0 0.7730801655695989 0.48763157771183896 0.034493666428786054 0.03447877443753756
0 0.904498026921199 0.894132687495305 0.027337294358473558 0.026953917283278245
0 0.4784969916710487 0.4813609490027794 0.060590157142052285 0.06208947988656851
0 0.10935702690711388 0.8342006389911358 0.06322930409358098 0.08888626098632812
0 0.1541277812077449 0.582656090076153 0.04905025775615986 0.04833500201885517
0 0.27152288877047026 0.523071655860314 0.0780337407038762 0.07796859741210938
0 0.3458081758939303 0.7626083080585186 0.022180557250976562 0.02225215618426983
0 0.7908942149235652 0.9912367600661057 0.018897276658278245 0.015518775353064904
0 0.6938662162193885 0.8003043394822341 0.014323014479417067 0.014513162466195913
0 0.3850131401648888 0.330748778123122 0.016256185678335335 0.016293158897986777
0 0.8579113300030048 0.9758857580331656 0.014912238487830529 0.014805133526141826
0 0.14984469230358416 0.01971451365030729 0.014008393654456506 0.013839423656463623
0 0.6614929345937876 0.6911861713115985 0.028655418982872598 0.028506352351262018
0 0.45117451594426083 0.5276808371910682 0.04721707564133864 0.047043140117938705
0 0.9017773408156174 0.9404574174147385 0.024003102229191706 0.023949256310096152
0 0.1788632319523738 0.16472596388596755 0.015423921438363882 0.015026606046236478
0 0.8601259084848257 0.5851812362670898 0.024347745455228366 0.024524101844200723
0 0.4641865950364333 0.7600175417386569 0.01844303424541767 0.018779461200420674
0 0.8524855833787185 0.17997479438781738 0.026059664212740384 0.026370818798358623
0 0.6077634371243991 0.5499218427217923 0.03908949631911058 0.03857913384070763
0 0.41027971414419323 0.010406752045337971 0.03955687009371244 0.020046928754219644
0 0.6461277008056641 0.6100586377657377 0.022716228778545674 0.023110609788161058
0 0.6417074203491211 0.44277381896972656 0.02029844430776743 0.020398946908804085
0 0.43625307083129883 0.5230144354013296 0.015679652874286357 0.015568806574894832
0 0.7091988783616286 0.3326865709744967 0.018072128295898438 0.018375103290264424
0 0.3805237550001878 0.8957262772780198 0.015193499051607572 0.014670445368840145
0 0.41178079751821667 0.3695479172926683 0.01662474412184495 0.016813131479116585
0 0.5133976569542518 0.9091592935415415 0.016156416672926683 0.01599854689378005
0 0.7698692175058218 0.2777479611910306 0.01961942819448618 0.019760278555063102
0 0.46539944868821365 0.9931656764103816 0.017992459810697116 0.011864295372596154
0 0.5213896678044245 0.3516206741333008 0.018185908977801982 0.01813052250788762
0 0.5116756512568548 0.45626229506272536 0.01607997600848858 0.015926067645733174
0 0.23535911853496844 0.10224164449251615 0.015448056734525241 0.015385004190298228
0 0.8150964883657602 0.5684668834392841 0.01831993689903846 0.01817035675048828
0 0.5468374399038461 0.03210213551154503 0.018688788780799277 0.01891354414132925
0 0.7369386232816256 0.7750663757324219 0.014324188232421875 0.014590043288010817
0 0.38960328468909633 0.7936853995689979 0.02477095677302434 0.025283373319185697
0 0.5080061325660119 0.4305394979623648 0.017547167264498197 0.01769227247971755
0 0.7038964491624099 0.22586598763099083 0.02315345177283654 0.023232533381535456
0 0.08876055020552415 0.24736107312715971 0.016240028234628532 0.022725325364332933
0 0.6078014373779297 0.28887376418480504 0.023823664738581732 0.024346058185283955
0 0.29704347023597133 0.8448903744037335 0.0164791987492488 0.016675508939302884
0 0.5821833243736854 0.9923196205726037 0.01822046133188101 0.013182860154371995
0 0.15291478083683893 0.06524866819381714 0.01759954599233774 0.017867390926067647
0 0.4722433090209961 0.3877330193152794 0.05552115807166466 0.055742117074819714
0 0.5791307596059946 0.6319591815655048 0.019727120032677285 0.01952963608961839
0 0.8163675161508414 0.8096389770507812 0.02371362539438101 0.024120330810546875
0 0.39426444127009463 0.3085426183847281 0.017919393686147835 0.017696967491736777
0 0.6065704272343562 0.37331441732553333 0.029897323021521933 0.030178143427922174
0 0.3645138373741737 0.9623800424429086 0.024974822998046875 0.02548364492563101
0 0.7631326088538537 0.7939029106727014 0.04285152141864483 0.04325426541841947
