0 0.3002003889817458 0.42540777646578276 0.062093074505145736 0.06252523568960336
0 0.8957218757042518 0.6785560021033654 0.12156970684344952 0.1218722416804387
0 0.6809468636145959 0.598187519953801 0.08711785536545974 0.08918468768780048
0 0.3833120052631085 0.24262519983144906 0.06899327498215896 0.06928843718308669
0 0.7334894033578726 0.17504365627582258 0.08176715557391827 0.08273248489086445
0 0.2695589065551758 0.29100627165574294 0.07759262965275691 0.07713860731858474
0 0.3501099439767691 0.8757881017831656 0.10036783951979417 0.10166476323054387
0 0.9308082874004657 0.2264708555661715 0.05196674053485577 0.051626425523024336
0 0.6990398993858924 0.3290725487929124 0.06084178044245793 0.05976163423978365
0 0.560757563664363 0.7240929236778846 0.07197746863731971 0.07263418344350961
0 0.2890744209289551 0.08720278739929199 0.034786151005671576 0.03512324278171246
0 0.24926999899057242 0.581426033606896 0.03613075843224159 0.03633821927584135
0 0.5413909325232873 0.15354682849003717 0.034712718083308294 0.034876419947697565
0 0.8132682213416467 0.8261260986328125 0.03620411799504207 0.03637225811298077
0 0.8156186617337741 0.8931446075439453 0.025221751286433294 0.02506842980018029
0 0.09310340881347656 0.17432698836693397 0.03149197651789738 0.031242994161752555
0 0.7131234682523288 0.28403230813833386 0.034616323617788464 0.03486853379469652
0 0.10043833805964543 0.09648757714491624 0.03570630000187801 0.035446882247924805
0 0.3293308478135329 0.11349883446326622 0.04241121732271635 0.04236522087684044
0 0.4348923976604755 0.6114148360032302 0.024860602158766527 0.025000498845027044
0 0.36394317333514875 0.4165330666762132 0.024163172795222357 0.02411644275371845
0 0.13434758553138146 0.05084758996963501 0.023978306696965143 0.023954308949984036
0 0.49189142080453724 0.21253382242642915 0.0206911380474384 0.020785038287823018
0 0.8054723006028396 0.7576195643498347 0.025048475999098558 0.02493154085599459
0 0.6521960038405198 0.3576461351834811 0.04585618239182692 0.04573638622577374
0 0.7426868585439829 0.08210998315077561 0.024445166954627402 0.024624563180483304
0 0.8915463227492112 0.870919447678786 0.02756779010479267 0.027552971473106973
0 0.8520337618314303 0.9112576704758865 0.035907745361328125 0.036095839280348554
0 0.7473129125741812 0.8974869067852314 0.037005057701697715 0.037050100473257214
0 0.45911334111140323 0.54161680661715 0.0195465821486253 0.01943030724158654
0 0.6032450749323919 0.5433726677527795 0.1273343012883113 0.1255039801964393
0 0.5015126008253831 0.9791148259089544 0.04073744553786058 0.035886911245492786
0 0.670910908625676 0.8517334277813251 0.030896993783804085 0.0304257319523738
0 0.6369053767277644 0.8398901866032527 0.034800015963040866 0.03453518794133113
0 0.10637283325195312 0.22573140951303336 0.018856305342454176 0.018750337453988884
0 0.8701835045447717 0.7664382641132061 0.018924419696514424 0.018905052771935098
0 0.3689062778766339 0.7192774552565354 0.02728110093336839 0.026999546931340143
0 0.7283926743727464 0.4016304016113281 0.02928337684044471 0.029273106501652643
0 0.27114699437068057 0.632667981661283 0.030078814579890326 0.029433030348557692
0 0.8676712329571064 0.9499197006225586 0.03803311861478365 0.03783123309795673
0 0.4676953095656175 0.4850323016826923 0.017890049861027643 0.01791235116811899
0 0.6777458190917969 0.9082169165978065 0.022198016826923076 0.022122309758112982
0 0.6780992654653696 0.9788103103637695 0.030617934006911058 0.03065329331618089
0 0.5543454243586614 0.8731695321890024 0.03193400456355168 0.0322416745699369
0 0.6060522886422964 0.3872235371516301 0.018788631145770732 0.018799268282376803
0 0.7060348804180439 0.10833425705249493 0.02910746060884916 0.029169284380399264
0 0.8503045302170974 0.03426445905978863 0.0503991933969351 0.05045671646411602
0 0.09787377944359413 0.7378376447237455 0.0499113523043119 0.05045406634990986
0 0.8902408893291767 0.29404596182016224 0.02762295649601863 0.02788888491117037
0 0.5953495319073017 0.10918432015639085 0.15401898897611177 0.15985668622530425
0 0.8281965989332932 0.9416850896982046 0.031448657696063705 0.03162574768066406
0 0.7735571494469275 0.12104635972243089 0.016501793494591348 0.0164949710552509
0 0.21239025776202863 0.11005596014169547 0.018070220947265625 0.018091458540696364
0 0.5184345245361328 0.7813914372370794 0.03266466580904447 0.03335923414963942
0 0.22472192690922663 0.31491246590247524 0.03228337948138897 0.03235640892615685
0 0.34400639167198765 0.34235697526198167 0.018476192767803486 0.018767870389498197
0 0.5486593246459961 0.7751208085280198 0.031945962172288164 0.03233748215895433
0 0.7190091059758112 0.3671463452852689 0.016354194054236777 0.016484774076021634
0 0.914224257835975 0.0635522512289194 0.04355019789475661 0.043475958017202526
0 0.8651754672710712 0.45880882556621844 0.0235592768742488 0.02330890068641076
0 0.5677731587336614 0.5274535692655123 0.016533044668344352 0.01664601839505709
0 0.3255049998943622 0.9353061089148889 0.022874758793757513 0.02309388380784255
0 0.8770784231332632 0.2729761783893292 0.024077928983248197 0.02425391857440655
0 0.11042844332181491 0.7805938720703125 0.016582397314218376 0.016354780930739183
0 0.9350628486046424 0.3675706203167255 0.026460794302133415 0.026438419635479268
0 0.750401863685021 0.20704210721529448 0.018292793860802285 0.018295801602877103
0 0.5346038891718938 0.8456062903771033 0.015827472393329326 0.01599267812875601
0 0.626744637122521 0.9067473044762244 0.015506744384765625 0.015697332528921273
0 0.5175982988797702 0.6817201467660757 0.03416010049673227 0.03442089374248798
0 0.9481507814847506 0.7587860547579252 0.029051854060246393 0.028732886681189902
0 0.6236034540029672 0.7621200268085186 0.01959536625788762 0.019735189584585335
0 0.619504268352802 0.8056228344257061 0.0400232168344351 0.04024065457857572
0 0.18187546730041504 0.1356022174541767 0.015842914581298828 0.015974741715651292
0 0.42298067533052885 0.6710453767042893 0.022121576162484977 0.02232228792630709
0 0.35268585498516375 0.02173745632171631 0.019495597252478965 0.01933154693016639
0 0.5105920938345102 0.32135647993821365 0.034912476172814004 0.0342404108781081
0 0.6067306811992939 0.6310162177452674 0.04922558711125301 0.0496064699613131
0 0.9556036729079026 0.5569378779484675 0.022737796490009014 0.02625296666071965
0 0.43672693692720854 0.726047369150015 0.04780431894155649 0.047530834491436295
0 0.09874377800868107 0.4326634773841271 0.0291293217585637 0.02895942101111779
0 0.3533681355989896 0.07624453764695388 0.016193609971266527 0.016428067133976862
0 0.415006710932805 0.9499833767230694 0.02340536851149339 0.02357057424692007
0 0.48968021686260516 0.7944277249849759 0.035463773287259616 0.03525983370267428
0 0.794268534733699 0.8797696186945989 0.0339056161733774 0.03396004896897536
0 0.955945088313176 0.4279380211463341 0.01719181354229267 0.017166284414438102
0 0.8584134028508112 0.13911027174729568 0.029965033897986777 0.029645663041334886
0 0.4119144586416391 0.05046704182258019 0.022534003624549277 0.022705839230464056
0 0.20578685173621544 0.40252241721520055 0.019216537475585938 0.018907913794884317
0 0.23577213287353516 0.3426194190979004 0.05134509159968449 0.0511321287888747
0 0.20949624134944037 0.5258061335637019 0.048831939697265625 0.04889957721416767
0 0.25862581913287824 0.7985116518460788 0.015327086815467248 0.015495593731219951
0 0.5813666857205905 0.593538210942195 0.04816290048452524 0.04913550156813402
0 0.05243391257065993 0.24377058102534369 0.03650731077561012 0.05138056094829853
0 0.0840389270048875 0.7887348028329703 0.01983811305119441 0.019752355722280648
0 0.5246550486637995 0.9043918022742639 0.03230887192946214 0.032731129572941706
0 0.38846331376295823 0.5836193378155048 0.021869952862079326 0.022322728083683893
0 0.6198560274564303 0.1428503439976619 0.016869141505314753 0.016901493072509766
0 0.15803095010610727 0.6601788447453425 0.016518115997314453 0.01663824228140024
0 0.17194722248957708 0.2987952782557561 0.03634415223048283 0.036505589118370645
0 0.1585688224205604 0.33615699181189906 0.03814668838794415 0.038243660560021035
0 0.645773667555589 0.2984129832341121 0.0209195063664363 0.02122805668757512
0 0.5012305333064153 0.026501806882711556 0.043714670034555286 0.04390089328472431
0 0.21338873643141526 0.9772334465613732 0.04642405876746544 0.04165796133188101
0 0.3630418043870192 0.3471693992614746 0.024979077852689303 0.0252532225388747
0 0.16116465055025542 0.890508064856896 0.021868448991041917 0.022127885084885817
0 0.4222709215604342 0.02949364368732159 0.026813433720515326 0.026921510696411133
0 0.6395159501295823 0.19237402769235465 0.015654930701622598 0.016049861907958984
0 0.2776685127845177 0.8599640772892878 0.01942297128530649 0.019356360802283652
0 0.303588500389686 0.033177426228156455 0.022593571589543268 0.022634111917935885
0 0.056345297740055963 0.03010598742044889 0.04529133209815392 0.05807843116613535
0 0.958778087909405 0.0377850945179279 0.013254018930288462 0.017036667236915
0 0.061791099034822904 0.6644075833834134 0.01819955385648287 0.018491304837740384
0 0.22755534832294172 0.06575041092359103 0.041896673349233776 0.041375004328214206
0 0.7626169644869291 0.6321548315194937 0.08455276489257812 0.08473264254056491
0 0.1914978394141564 0.3412587826068585 0.02445848171527569 0.024689454298753005
0 0.8006706237792969 0.4523766224200909 0.015722128061147835 0.01568764906663161
0 0.06933977053715633 0.3566436767578125 0.018349060645470254 0.01806948735163762
0 0.8366212844848633 0.09045742108271672 0.019142004159780648 0.01907198245708759
0 0.5299753409165603 0.6975462253277118 0.03015745603121244 0.03015268765963041
0 0.8852789952204778 0.1314534957592304 0.02982330322265625 0.03067812552818885
0 0.4652106211735652 0.14840334195357102 0.05628072298490084 0.056291598540086016
0 0.11451140733865592 0.2518211511465219 0.03307359035198505 0.03289079666137695
0 0.6021037835341233 0.34233518747182995 0.01947446969839243 0.019573211669921875
0 0.10487642655005822 0.006782122529470003 0.02102052248441256 0.012883005233911367
0 0.8662157792311448 0.4231136762178861 0.019670633169320915 0.01989283928504357
0 0.6201026623065655 0.09226417541503906 0.016520610222449668 0.016409543844369743
0 0.9323048224815955 0.29410349405728853 0.03272848862868089 0.03222879996666542
0 0.782021009005033 0.633566636305589 0.016923904418945312 0.0166476323054387
0 0.5490937599769006 0.6304061596210186 0.037882291353665866 0.03792161207932692
0 0.6839940731342022 0.7044851596538837 0.017015457153320312 0.01706079336313101
0 0.08338493567246658 0.37560462951660156 0.02816232809653649 0.028307988093449518
0 0.07931154507857102 0.5748195648193359 0.01875028243431678 0.01888862022986779
0 0.9069940126859225 0.9489082923302283 0.03458976745605469 0.03416354839618389
0 0.26688427191514236 0.5141937549297626 0.03302676861102764 0.032895454993614785
0 0.038086217183333174 0.7915466015155499 0.01537030476790208 0.021008711594801683
0 0.08842735107128437 0.460144593165471 0.04183712372413048 0.041819279010479264
0 0.4147849449744591 0.33866251431978667 0.060293931227463946 0.05994503314678486
0 0.07481786837944618 0.8159523010253906 0.01934335781977727 0.0196530268742488
0 0.9428521669827975 0.8587226867675781 0.052369924692007214 0.06638116102952224
0 0.1502070243542011 0.6724943014291617 0.04657723353459285 0.045015775240384616
0 0.4736923437852126 0.906364000760592 0.0330354983990009 0.03357960627629207
0 0.2518955377432016 0.9728591625507061 0.02559199699988732 0.02565149160531851
0 0.3710637459388146 0.49139220897968 0.05499605032113882 0.05393849886380709
0 0.10501070205981915 0.8040916736309345 0.02257051834693322 0.02240136953500601
0 0.1111458631662222 0.6453703366793119 0.038482922774094805 0.03793657743013822
0 0.8417644500732422 0.8667037670428936 0.017870389498197116 0.017966050368088942
0 0.6748443016639123 0.8795702274029071 0.027296799879807692 0.02764745858999399
0 0.18372256939227766 0.26706125186039853 0.023012381333571214 0.022878059974083535
0 0.08708773209498478 0.19161167511573204 0.01801751210139348 0.017543829404390775
0 0.46636038560133714 0.830439200768104 0.018857515775240384 0.019251896784855768
0 0.06389487706697904 0.8813803746150091 0.055034784170297474 0.05510564950796274
0 0.38752148701594424 0.6960488099318284 0.03695253225473257 0.03637137779822716
0 0.7182985452505258 0.7211817227877103 0.02096410898061899 0.021130781907301683
0 0.7103588397686298 0.24860382080078125 0.018677931565504808 0.01863831740159255
0 0.8790006637573242 0.11087219531719501 0.02726892324594351 0.02782291632432204
0 0.6069784164428711 0.18415054908165565 0.03304158724271334 0.03254883105938251
0 0.15171527862548828 0.34679786975567156 0.01686540016761193 0.016853185800405648
0 0.7702758495624249 0.7889612638033353 0.039724496694711536 0.03971598698542668
0 0.215716710457435 0.669059313260592 0.016547753260685846 0.016330132117638223
0 0.9411763411301833 0.8328561782836914 0.047356825608473554 0.0457000732421875
0 0.38051348466139573 0.08889944736774151 0.014022313631497897 0.014291176429161659
0 0.885528564453125 0.9244345151461087 0.04028819157527043 0.04065557626577524
0 0.7276446269108698 0.23456287384033203 0.13071104196401742 0.12652067037729117
0 0.6465763678917518 0.24544352751511794 0.02504143348106971 0.025296651400052585
0 0.48475221487192005 0.8260860443115234 0.018030166625976562 0.018038236177884616
0 0.7240370970505935 0.9583865679227389 0.03187869145320012 0.03236037034254808
0 0.4569212840153621 0.8901026799128606 0.01799495403583233 0.017936119666466348
0 0.5024829277625451 0.8873720169067383 0.025423196645883415 0.02507620591383714
0 0.3035762126629169 0.7145480376023513 0.028785338768592246 0.029378157395582933
0 0.760415664085975 0.2890786391038161 0.02592952434833233 0.025768426748422477
0 0.8443759037898138 0.2395467758178711 0.0259552001953125 0.02617472868699294
0 0.6752442580003005 0.43756433633657604 0.020931830772986777 0.021116109994741585
0 0.7745832296518179 0.4631157654982347 0.016881502591646634 0.016349058884840745
0 0.4629392990699181 0.27770124948941743 0.014691939720740685 0.014788260826697716
0 0.5873354398287259 0.8377070793738732 0.0578456291785607 0.058504544771634616
0 0.33354641841008115 0.7526314075176532 0.023777154775766227 0.02418342003455529
0 0.07801794088803805 0.2390108475318322 0.017343979615431566 0.017341760488656852
0 0.7276071401742789 0.9573038541353666 0.03841693584735577 0.038837432861328125
0 0.36921985332782453 0.08090640948368953 0.014682329618013822 0.014796605476966271
0 0.465118041405311 0.4384000851557805 0.04325778667743389 0.044112058786245495
0 0.639239604656513 0.2927600053640512 0.08467571551983173 0.0824116926926833
0 0.2654591340285081 0.026190276329333965 0.03301708514873798 0.033374447088975176
0 0.4064178466796875 0.7953020242544321 0.018558648916391227 0.018965501051682692
0 0.47702290461613583 0.8696627983680139 0.033239511343149036 0.034893035888671875
0 0.7553816575270432 0.44187032259427583 0.02806238027719351 0.02815877474271334
0 0.9536665402925931 0.277585323040302 0.018107194166917067 0.018478026756873496
0 0.43443676141592175 0.7603582235483023 0.025974126962515023 0.025753314678485576
0 0.7097014647263747 0.9864559173583984 0.04387121934157152 0.02456078162560096
0 0.5482627428494967 0.8495850929847131 0.014145410977877103 0.014170279869666466
0 0.497986756838285 0.7300445850078876 0.018283917353703424 0.018282523522010215
0 0.19527763586777908 0.2292817739339975 0.03257039877084585 0.032541825221135065
0 0.04791826009750366 0.22910307003901556 0.02497971974886381 0.02890913303081806
0 0.29989490142235387 0.6148788011991061 0.017211730663592998 0.017475128173828125
0 0.39114981431227464 0.972501828120305 0.04554469768817608 0.045049814077524036
0 0.8360778368436373 0.7589045304518479 0.024791424091045674 0.02394998990572416
0 0.3020944595336914 0.3371687669020433 0.029154410729041465 0.029414250300480768
0 0.45215790088360125 0.35793392474834734 0.030458376957820013 0.030194649329552285
0 0.9280946438129132 0.9079234783466046 0.03724509019118089 0.03692069420447716
0 0.42597477252666766 0.9880131207979642 0.021814493032602165 0.02005166273850661
0 0.7139951265775241 0.9260499660785382 0.016389993520883415 0.01656488271859976
0 0.7592646525456355 0.8718023300170898 0.03502816420335036 0.03421578040489784
0 0.4184413323035607 0.8836746215820312 0.025490834162785456 0.025019719050480768
0 0.2877650994520921 0.8731671846829928 0.020911583533653848 0.020810934213491585
0 0.20812140978299654 0.009894296526908875 0.01651162367600661 0.016354815318034246
0 0.4368908221905048 0.9550354297344501 0.023126748891977165 0.02265798128568209
0 0.2735710877638597 0.7647848862868089 0.017758626204270583 0.01822324899526743
0 0.3885974884033203 0.6686954498291016 0.01915917029747596 0.019178243783804085
0 0.8407346285306491 0.7478401477520282 0.018137418306790866 0.017659407395582933
0 0.9443650612464318 0.8676421825702374 0.04867905836838942 0.052385770357572116
0 0.37646968548114484 0.8240330035869892 0.045940545889047474 0.0455623039832482
0 0.8931360978346604 0.9126391777625451 0.022722390981820915 0.022003760704627402
0 0.43774905571570766 0.5564162914569561 0.014989559467022236 0.014892137967623197
0 0.8280462118295523 0.18868428010206956 0.06183712299053486 0.06157222160926232
0 0.45710405936607945 0.03151989900148832 0.01668086418738732 0.016802540192237266
0 0.41438740950364333 0.07782933345207801 0.013723226693960337 0.013514243639432467
0 0.19289746651282677 0.9844718346228967 0.026140726529634915 0.025310222919170674
0 0.3446769714355469 0.5448596660907452 0.02494503901554988 0.02565765380859375
0 0.36171898475060094 0.37186219142033505 0.037096463716947116 0.03732006366436298
0 0.2599346454326923 0.7123112311730018 0.04042185269869291 0.040547884427584134
0 0.31049493642953724 0.6573429107666016 0.06543803215026855 0.06475243201622596
0 0.9464381291316106 0.15268154327686018 0.02716856736403245 0.02643590707045335
0 0.1971910183246319 0.2817007578336276 0.018517494201660156 0.018415451049804688
0 0.4001622566810021 0.4261069664588341 0.08163188054011418 0.08073909466083233
0 0.9576964745154748 0.292002219420213 0.014308489285982572 0.015004561497614933
0 0.6427243306086614 0.12937457744891828 0.015162101158728966 0.014931587072519155
0 0.44588536482590896 0.7728695502647986 0.022393520061786357 0.022342095008263223
0 0.7548545690683218 0.8412570219773513 0.01736274132361779 0.018151209904597357
0 0.5733108520507812 0.4766807556152344 0.02918727581317608 0.029172603900615986
0 0.5335238530085638 0.19156588040865385 0.016657169048602764 0.016742779658390924
0 0.5042811907254733 0.8203386893639197 0.029480860783503607 0.030897140502929688
0 0.9569109403170072 0.3574705123901367 0.018683213454026442 0.020184883704552285
0 0.9207691045907828 0.17698337481572077 0.013730856088491587 0.013572949629563551
0 0.83814210158128 0.7531543878408579 0.02487035898061899 0.025451513437124398
