0 0.8412240835336539 0.8809989048884466 0.21806760934682992 0.21963002131535456
0 0.46654374782855695 0.2414714739872859 0.07544480837308444 0.07591452965369591
0 0.3307565175569974 0.18105209790743315 0.06076174515944261 0.06179023705996
0 0.3782307551457332 0.9032388100257287 0.06234653179462139 0.06295570960411659
0 0.07209750322195199 0.3556206409747784 0.04974040618309608 0.04947845752422626
0 0.42746331141545224 0.04716159747197078 0.14013217045710638 0.09114225094134991
0 0.5022770074697641 0.3288896634028508 0.06067606119009165 0.06023876483623798
0 0.45424057887150693 0.12104399387653057 0.050796875586876504 0.05135052020733173
0 0.27871005351726824 0.6869121698232797 0.05338221329909105 0.05385046738844652
0 0.49267082947951096 0.44170199907743013 0.03112008021428035 0.030870510981633112
0 0.20237354131845328 0.5388516646165115 0.035527669466458835 0.035875760591947116
0 0.2851058886601375 0.5494552759023813 0.03297640727116512 0.03318045689509465
0 0.2919892897972694 0.9422634564913236 0.02113173558161809 0.021127847524789665
0 0.23066157561082107 0.7377834320068359 0.032053360572228067 0.031897324782151446
0 0.2964958410996657 0.7309840275691106 0.023815228388859674 0.02381310096153846
0 0.7025724557729868 0.16005693949185884 0.06210180429311899 0.062195924612192005
0 0.23264972980205828 0.8928040724534255 0.0222015014061561 0.022431300236628607
0 0.18834469868586615 0.40498183323786807 0.047400327829214245 0.04729256263146034
0 0.7471565099862906 0.15457300039438102 0.027127926166240986 0.027211482708270732
0 0.47647754962627703 0.15502595901489258 0.039240323580228366 0.038867647831256576
0 0.651324198796199 0.31760549545288086 0.024306370661808893 0.02412700653076172
0 0.07957128378061148 0.583155265221229 0.01954361108633188 0.019522593571589544
0 0.45798077950110805 0.5374100024883564 0.025526120112492487 0.025557591364933893
0 0.4665226569542518 0.4769467573899489 0.0399931394136869 0.04066555316631611
0 0.3952674865722656 0.36385814960186297 0.01891789069542518 0.018938798170823317
0 0.4052043327918419 0.6447256528414212 0.027626477755033053 0.028017777663010817
0 0.6728797325721154 0.4139236670274001 0.020628709059495192 0.02060046562781701
0 0.8260414416973407 0.20305787600003755 0.034815274752103366 0.034946368290827826
0 0.614987299992488 0.9410523634690505 0.02543977590707632 0.025275303767277643
0 0.6327094298142654 0.2996541903569148 0.024132361778846152 0.024137056790865384
0 0.4681383279653696 0.9133093907282903 0.055234322181114785 0.05556018535907452
0 0.20377804682804987 0.7303749231191782 0.03501268533559946 0.035196744478665866
0 0.8736517979548528 0.439723381629357 0.02706601069523738 0.027097408588115986
0 0.7488013047438401 0.4019352839543269 0.016437530517578125 0.016298440786508415
0 0.5448695696317233 0.01587012639412513 0.033754202035757214 0.03036418786415687
0 0.5120222385113056 0.26576973841740537 0.033154854407677285 0.03303036322960487
0 0.9244047311636118 0.7208721454326923 0.020006619966947116 0.0201260493351863
0 0.17356039927555963 0.6019009076631986 0.02347080524151142 0.023183529193584736
0 0.054888138404259317 0.033718191660367526 0.02895327714773325 0.029001896197979268
0 0.5844637797429011 0.8913216224083533 0.0694276369535006 0.06923968975360577
0 0.8015948809110202 0.38599116985614484 0.03757623525766226 0.03768759507399339
0 0.334229432619535 0.6105888806856595 0.02058872809776893 0.020427703857421875
0 0.07334779776059665 0.9834481752835788 0.03331384292015663 0.02796202439528245
0 0.8605935023381159 0.765145521897536 0.03220073993389423 0.03182895366962139
0 0.8757109275230994 0.10958405641409066 0.1497499025785006 0.15580004912156326
0 0.7789149651160607 0.2554883590111366 0.04960074791541466 0.049088551447941706
0 0.4485307840200571 0.6327125842754657 0.023980214045597956 0.024060909564678486
0 0.6862766559307392 0.09944436183342567 0.015173985407902645 0.014794588088989258
0 0.8358457271869366 0.3264253322894757 0.02810507554274339 0.028208805964543268
0 0.5099113170917218 0.06765749362798837 0.0459437737098107 0.04597153113438533
0 0.23604244452256423 0.9800906548133264 0.01638346451979417 0.016418603750375602
0 0.10905319910783035 0.4055662155151367 0.02452742136441744 0.024632894075833835
0 0.39384761223426235 0.5425576430100661 0.018375396728515625 0.01848118121807392
0 0.37970983065091646 0.6250922129704402 0.026609420776367188 0.026511412400465745
0 0.3359247354360727 0.8013838254488431 0.015769078181340143 0.015633362990159255
0 0.3830154859102689 0.17711272606482872 0.018099858210637018 0.018324998708871696
0 0.7834943624643179 0.6808820137610803 0.04236881549541767 0.0417024172269381
0 0.6520322652963492 0.7142088963435247 0.06789897038386418 0.06819094144381009
0 0.2768919284527118 0.5058925335223858 0.021709955655611478 0.021989088792067308
0 0.7837556692270132 0.47741963313176083 0.021492884709284857 0.021180372971754808
0 0.052185457486372724 0.9290914535522461 0.028010001549353965 0.027316460242638223
0 0.7710097386286809 0.46309441786545974 0.025865994966947116 0.02594595689039964
0 0.1144247788649339 0.759943595299354 0.021708048306978665 0.021959451528695915
0 0.8632683387169471 0.35153748438908505 0.020392491267277643 0.02016581021822416
0 0.092092908345736 0.4409160247215858 0.054391090686504655 0.05397327129657452
0 0.4036758496211125 0.5512585273155799 0.0707253676194411 0.0708478780893179
0 0.13119710408724272 0.9683599472045898 0.015935494349553034 0.01618326627291166
0 0.6851216829740084 0.29106833384587216 0.015161220843975361 0.015197020310621995
0 0.7306775313157302 0.8478425832895132 0.02734991220327524 0.02742591271033654
0 0.543091737307035 0.32360172271728516 0.015768051147460938 0.015930322500375602
0 0.9455443162184495 0.2806253433227539 0.02014438922588642 0.020203003516564004
0 0.23531084794264573 0.7752066392164964 0.018099271334134616 0.018239241379957933
0 0.6676361377422626 0.44762549033531773 0.0196230961726262 0.019738270686222956
0 0.6485304465660682 0.19042517588688776 0.031449538010817304 0.03154255793644832
0 0.8117902462299054 0.7233134783231295 0.015493099506084736 0.01535342289851262
0 0.38613752218393177 0.6794920701246995 0.015901565551757812 0.016049898587740384
0 0.7855977278489333 0.7443636380709134 0.029390481802133415 0.029607332669771634
0 0.6332291823167068 0.40859182064349836 0.016161258404071514 0.016248042766864482
0 0.5978479752173791 0.39814252119797927 0.024608025184044473 0.024477298443134014
0 0.4290744708134578 0.6569058344914362 0.02752098670372596 0.027577913724459134
0 0.34483601496769833 0.7830425409170297 0.019807962270883415 0.020197208111102764
0 0.3447978679950421 0.4076625383817233 0.05013135763315054 0.05004105201134315
0 0.5354019311758188 0.5228296793424166 0.014237770667442909 0.014341941246619591
0 0.7291849576509916 0.26302605408888596 0.020421835092397835 0.020395278930664062
0 0.609188960148738 0.045430357639606185 0.03093088590181791 0.031013307663110588
0 0.7364251063420222 0.28953299155602086 0.04539049588716947 0.04650314037616436
0 0.9494535006009616 0.49968957901000977 0.015839503361628607 0.015775460463303786
0 0.17481330724862906 0.9611960190993089 0.017204137948843148 0.017472487229567308
0 0.8757235453679011 0.367371155665471 0.02534000690166767 0.025786106403057393
0 0.8595159970797025 0.13414573669433594 0.029115823599008415 0.029171283428485576
0 0.5468815290010892 0.18516933001004732 0.047721569354717545 0.047840118408203125
0 0.0960382131429819 0.7918547116793119 0.015644055146437425 0.015473292424128605
0 0.6262566493107722 0.2802709982945369 0.015913743239182692 0.015893019162691556
0 0.29780784020057094 0.16339452450092024 0.016742999737079326 0.016936522263746995
0 0.1758884466611422 0.3863098437969501 0.027902896587665264 0.028943942143366888
0 0.915039796095628 0.37259674072265625 0.023029033954326924 0.02275364215557392
0 0.7189083099365234 0.8196711907019982 0.021700345552884616 0.022148279043344352
0 0.3362850776085487 0.44098810049203724 0.05012600238506611 0.050195473891038164
0 0.23371302164517915 0.224352268072275 0.01619239953848032 0.01614222159752479
0 0.5810585388770471 0.8217014899620643 0.027448287376990683 0.027202899639423076
0 0.8749892161442683 0.12062663298386794 0.017052283653846152 0.016695536099947415
0 0.6595044502845178 0.6132356203519381 0.020293162419245794 0.020169184758112982
0 0.3534536361694336 0.04498671568357027 0.028064874502328727 0.027525445589652427
0 0.10317361354827881 0.9326504927415115 0.015512448090773363 0.015559563269981971
0 0.354217896094689 0.26608903591449445 0.026523296649639424 0.02718800764817458
0 0.699983156644381 0.04093000522026649 0.03477815481332632 0.03433222954089825
0 0.6672112391545222 0.17430679614727312 0.02159280043381911 0.021656256455641527
0 0.42494715177095854 0.897006475008451 0.03730693230262169 0.03710790780874399
0 0.4892120361328125 0.5225984133206881 0.017287180973933294 0.017275150005634014
0 0.12761042668269232 0.36162068293644833 0.026913532843956582 0.026172491220327523
0 0.20036717561575082 0.1120758056640625 0.016535208775446966 0.016401987809401292
0 0.10274681678185096 0.994875981257512 0.01929792991051307 0.009153806246243991
0 0.3916025161743164 0.03258873866154598 0.015895550067608174 0.015642211987422064
0 0.8370302640474759 0.37944918412428635 0.023941920353816107 0.02436197721041166
0 0.8198793851412259 0.495752004476694 0.014073885404146634 0.01408841059758113
0 0.8067348920381986 0.16789920513446516 0.019362963162935697 0.01888165107140174
0 0.6435298186082107 0.8277539473313552 0.05116888192983774 0.05295504056490385
0 0.28237179609445423 0.2829461464515099 0.09917042805598332 0.09800037970909706
0 0.641659663273738 0.024965226650238037 0.015321291410006009 0.015568118828993577
0 0.3528712346003606 0.7070485628568209 0.05376889155461238 0.05307564368614784
0 0.41460110591008115 0.39491763481727016 0.02512198228102464 0.024764574491060697
0 0.637307020334097 0.961764408991887 0.023282711322490986 0.02346655038686899
0 0.36714971982515776 0.35135643298809344 0.021673202514648438 0.021530004648061898
0 0.380799073439378 0.6550194666935847 0.021071507380558893 0.02066832322340745
0 0.7093457442063552 0.8021241701566256 0.018521528977614183 0.01869377723106971
0 0.5870661735534668 0.4288290830758902 0.03088239523080679 0.031036890470064603
0 0.9515593602107122 0.23241615295410156 0.015172371497521034 0.01513521487896259
0 0.052260894041795 0.5317262502817007 0.03483952238009526 0.03688606849083534
0 0.7529012239896334 0.07766316487238957 0.05204332791841947 0.052302965751061074
0 0.1597755138690655 0.700965587909405 0.020431371835561898 0.020743149977463942
0 0.6580731318547175 0.9459451528695914 0.016421097975510817 0.016703679011418268
0 0.43739084097055286 0.9833966768704928 0.04243557269756611 0.030878800612229567
0 0.12894678115844727 0.24057410313532904 0.037410626044640176 0.03789256169245793
0 0.8111459291898288 0.5769508801973783 0.019815738384540264 0.01974934798020583
0 0.5494961004990798 0.050221690764793984 0.029847071721003607 0.029175464923565205
0 0.9025789407583383 0.24635934829711914 0.014590043288010817 0.014464818514310397
0 0.11482700934776893 0.0524901426755465 0.05490603813758263 0.05485272407531738
0 0.3070093485025259 0.47107322399432844 0.016905527848463792 0.0168912594134991
0 0.2801046921656682 0.02887882636143611 0.03029603224534255 0.030508096401508037
0 0.05901697048774132 0.16022286048302284 0.02621954220991868 0.026146292686462402
0 0.932243273808406 0.4398805178128756 0.05916375380295973 0.08315570537860577
0 0.6864462632399339 0.47951221466064453 0.014603394728440505 0.01427753155048077
0 0.9500407439011794 0.013988954516557546 0.02142466031588041 0.024418370081828192
0 0.2769969426668607 0.272369568164532 0.015900171720064603 0.015799228961651143
0 0.22876748671898475 0.3171849984389085 0.032933675325833835 0.032896188589242786
0 0.3558219029353215 0.9789735353910006 0.02312051332913912 0.023633663470928486
0 0.1642584617321308 0.7545312001154973 0.06004480215219351 0.05907220106858473
0 0.428350962125338 0.31346423809344953 0.016774837787334736 0.016648365901066706
0 0.5420989990234375 0.9011325836181641 0.07207591717059796 0.06782326331505409
0 0.8307261833777795 0.13119270251347467 0.02341285118689904 0.02318151180560772
0 0.5637844525850736 0.33006998208852917 0.017612310556265023 0.017562205974872295
0 0.5782745067889874 0.8516295506403997 0.01464374248798077 0.014482938326322116
0 0.3133821487426758 0.04959496626487145 0.0361787172464224 0.03621445252345158
0 0.5180501937866211 0.5110271160419171 0.032224875230055586 0.031381973853478067
0 0.9450899270864633 0.42789418880756086 0.013686253474308895 0.01377567878136268
0 0.3088851341834435 0.6647129792433518 0.025250343176034782 0.025641808143028848
0 0.2367108051593487 0.5107718981229342 0.023408009455754206 0.023831881009615384
0 0.09582159152397743 0.5377242381756122 0.02875207020686223 0.02891877981332632
0 0.6611691988431491 0.2527406399066632 0.03980607252854567 0.040447161747859076
0 0.13610637187957764 0.49887851568368763 0.013992676368126502 0.014146878169133114
0 0.2701263060936561 0.35366062017587513 0.019050194666935846 0.018941805912898138
0 0.47321282900296724 0.6030243360079252 0.017833416278545674 0.01830130357008714
0 0.8080318157489483 0.5792244397676908 0.025208106407752402 0.02479714613694411
0 0.24118197881258452 0.7133261607243464 0.01762701914860652 0.01780524620643029
0 0.1958797528193547 0.03922262558570275 0.023885433490459736 0.024234292598871086
0 0.5360437539907602 0.8866629967322717 0.049521226149338946 0.05020581758939303
0 0.7520404228797326 0.11276829242706299 0.019011277418870192 0.019202342400184043
0 0.8136854905348557 0.31435372279240537 0.02386474609375 0.023781409630408652
0 0.548880723806528 0.8054406092717097 0.04372692108154297 0.04382823063777043
0 0.23077638332660383 0.9706389353825495 0.06764910771296574 0.04991443340594952
0 0.9469146728515625 0.31075257521409255 0.017153519850510817 0.017130925105168268
0 0.9064201941856971 0.46295950962946963 0.01606897207406851 0.01606581761286809
0 0.49047558124248797 0.029638622815792378 0.03867970980130709 0.03865934793765728
0 0.7967687753530649 0.1931138038635254 0.020214667687049277 0.020099639892578125
0 0.47188318692720854 0.9828121478740985 0.02772367917574369 0.02763190636268029
0 0.44916130946232724 0.8841769145085261 0.017651778001051683 0.01795812753530649
0 0.5743923554053674 0.19008188981276292 0.09012860518235427 0.08841708990243766
0 0.44919652205247146 0.7194624680739182 0.03570409921499399 0.0355230478140024
0 0.10160037187429574 0.1718754768371582 0.015721687903771035 0.015528458815354567
0 0.12104074771587665 0.38707835857684797 0.021345211909367487 0.02166916773869441
0 0.09335703116196853 0.39533229974599987 0.015176516312819261 0.015492879427396335
0 0.6740772540752704 0.06566075178293082 0.015044285700871395 0.014952953045184795
0 0.09679966706496018 0.37925580831674427 0.023932787088247445 0.02335695120004507
0 0.8497524261474609 0.17800158720750076 0.035366058349609375 0.03546964205228365
0 0.21313359187199518 0.9517953579242413 0.014627603384164663 0.014676460852989784
0 0.1843101428105281 0.9514296605036809 0.015726529634915866 0.015927241398737982
0 0.2169203391441932 0.5125489601722131 0.021292759821965143 0.020569287813626803
0 0.8058140094463642 0.5815828763521634 0.03046270517202524 0.030110872708834134
0 0.7338085908156174 0.29315677055945766 0.03819964482234074 0.037493412311260514
0 0.556027705852802 0.7337576059194711 0.028981135441706732 0.028894571157602165
0 0.6592112321120042 0.2588931413797232 0.03214616041917067 0.032052113459660456
0 0.908478883596567 0.5667495360741248 0.03440167353703426 0.03457186772273137
0 0.4080916184645433 0.19290524262648362 0.01469890887920673 0.015076380509596605
0 0.5066523918738732 0.6158453134390024 0.023146409254807692 0.02313434160672701
0 0.06432232031455407 0.5653461309579703 0.014965525040259728 0.015131363501915565
0 0.9453387627234826 0.38249720059908354 0.03328646146334135 0.04779390188363882
0 0.9093253795917218 0.01859823098549476 0.01450054462139423 0.01409213818036593
0 0.8393915616548978 0.2512326974135179 0.014677487886868991 0.014707051790677585
0 0.8134608635535607 0.04990829412753765 0.059374442467322715 0.05918443202972412
0 0.6364869337815505 0.8163255544809195 0.034827892596905045 0.03525279118464543
0 0.12978368539076585 0.8688702950110803 0.02196660408606896 0.022572444035456732
0 0.20206080950223482 0.9849111116849459 0.018415451049804688 0.018605452317457933
0 0.7657725994403546 0.3731730901277982 0.031033736008864183 0.030884596017690804
0 0.5385839022122897 0.894435662489671 0.05928362332857572 0.0612638913668119
0 0.06890147924423218 0.9877571692833533 0.027457796610318698 0.022228827843299277
0 0.3541898727416992 0.5589357889615573 0.025255643404447116 0.025049943190354567
0 0.8635179079495944 0.21251777502206656 0.016988314115084134 0.016952918126032904
0 0.8279550258929913 0.4471760529738206 0.018516980684720553 0.018494092501126803
0 0.8692559462327224 0.5831015660212591 0.0240936279296875 0.024263528677133415
