0 0.1327238266284649 0.2383418083190918 0.05282721152672401 0.052856115194467396
0 0.3595227828392616 0.12313542916224553 0.24295286031869742 0.23848568476163423
0 0.23181977638831505 0.5533933639526367 0.040950628427358776 0.04055243272047777
0 0.6034517288208008 0.5507172071016752 0.06488550626314603 0.06526947021484375
0 0.6108172490046575 0.8464202880859375 0.03485708970289964 0.034802950345552884
0 0.812038568349985 0.1417087408212515 0.03346516535832332 0.03335112791794997
0 0.4019056466909555 0.8168411254882812 0.0777287116417518 0.07787645780123197
0 0.9633775857778696 0.3261223572951097 0.032318115234375 0.032103318434495196
0 0.3011006942162147 0.3422996814434345 0.03501591315636268 0.034912476172814004
0 0.3529512698833759 0.2491770891042856 0.02378713167630709 0.023610775287334736
0 0.10121979163243221 0.3122885043804462 0.020375490188598633 0.020323955095731296
0 0.5547687090360202 0.48942973063542294 0.0249783442570613 0.02523378225473257
0 0.4220475416917067 0.9784261263333834 0.05460636432354267 0.038406078632061295
0 0.8381120241605319 0.3580817442673903 0.023010694063626803 0.022947017963115986
0 0.026129509393985454 0.04227909675011268 0.022437462439903848 0.02214939548419072
0 0.8769245147705078 0.599365967970628 0.04987027094914363 0.05018469003530649
0 0.437102537888747 0.7593083014855018 0.02950448256272536 0.02957285367525541
0 0.9611813471867487 0.5418841288639948 0.026453751784104567 0.026726502638596755
0 0.09678901158846341 0.44993011768047625 0.0266573245708759 0.0266262934758113
0 0.3468594551086426 0.2799120316138634 0.035128006568321817 0.03526005378136268
0 0.9213835642887995 0.1759192943572998 0.033750680776742786 0.034028236682598405
0 0.06808946682856633 0.13491032673762396 0.020549920889047477 0.020494974576509915
0 0.1271032186654898 0.5608497399550217 0.01818117728600135 0.018437312199519232
0 0.17139884141775277 0.8799406198354868 0.0545353889465332 0.05463086641751803
0 0.13130103624784029 0.869363051194411 0.023666895352877103 0.023755000187800482
0 0.9421243667602539 0.19578057069044846 0.0228878901554988 0.02277403611403245
0 0.7415950481708233 0.8220345423771784 0.041603381817157455 0.04148571307842548
0 0.2906100566570575 0.9775770627535306 0.054790350107046276 0.040916149432842545
0 0.1889043954702524 0.9588149144099309 0.03179623530461238 0.03203436044546274
0 0.6531498248760517 0.45270501650296724 0.04407941378079928 0.04480479313777043
0 0.2350921264061561 0.5922411771921011 0.01733680871816782 0.017369930560772236
0 0.5987777709960938 0.4069252014160156 0.01765155792236328 0.01761319087101863
0 0.6396485108595628 0.9492206573486328 0.04556611868051382 0.04616487943209135
0 0.2940270717327411 0.42227899111234224 0.021554066584660456 0.021589132455679085
0 0.2773247498732347 0.3174938421982985 0.02065438490647536 0.020322432884803183
0 0.9745905215923603 0.36400692279522234 0.02189489511343149 0.03298392662635216
0 0.46684932708740234 0.6780173961932843 0.04780226487379808 0.04741228543795072
0 0.7788308950570914 0.3896631827721229 0.05078946627103365 0.05188971299391527
0 0.7110528212327224 0.4451244060809796 0.0378412099984976 0.03837937575120192
0 0.8916006821852464 0.6267686256995568 0.04706015953650841 0.04762590848482572
0 0.10835524705740121 0.6337171701284555 0.019631715921255257 0.01972227830153245
0 0.9671952907855694 0.9054424579326923 0.03388478205754207 0.03746883685772236
0 0.20375409493079552 0.12414024426386906 0.019447913536658652 0.019317480233999398
0 0.4112361761239859 0.3133994615994967 0.06988694117619441 0.06963839897742638
0 0.8559323824368991 0.21807041535010704 0.02151313194861779 0.021376316363994893
0 0.6819236461932843 0.8684550065260667 0.03620822613055889 0.0363922119140625
0 0.44048257974477917 0.3806709142831656 0.024120257450984076 0.024054747361403245
0 0.22771492371192345 0.6894300900972806 0.028813252082237832 0.028948270357572116
0 0.551273932823768 0.8111874507023737 0.03445566617525541 0.03441282419057993
0 0.17995535410367525 0.28859769381009615 0.06909293394822341 0.06939873328575721
0 0.4439540276160607 0.46067149822528547 0.023244344271146335 0.02339656536395733
0 0.7215019372793344 0.9312742673433744 0.017652218158428486 0.017313737135667067
0 0.06338560581207275 0.6564169663649339 0.05710082787733812 0.057080782376802884
0 0.8232617745032678 0.10373088946709266 0.015958786010742188 0.015929167087261494
0 0.12216283724858211 0.5853601602407602 0.01888407193697416 0.018748356745793268
0 0.7817711463341346 0.8110532760620117 0.03574576744666466 0.03568399869478666
0 0.9138108766995944 0.4025887709397536 0.04518684974083534 0.04503580240102915
0 0.1949318372286283 0.9763820354755108 0.02974671583909255 0.030449500450721152
0 0.6969965421236478 0.9061357791607196 0.057842254638671875 0.057764493502103366
0 0.27720972207876354 0.5661502251258264 0.04131317138671875 0.04118061065673828
0 0.804008043729342 0.4280015505277194 0.03589131281926082 0.03535652160644531
0 0.7943282494178185 0.7485988323505108 0.026379218468299277 0.026469890887920674
0 0.8938127664419321 0.8434426967914288 0.03414564866286058 0.0346380380483774
0 0.3357278016897348 0.8114700317382812 0.01713253901554988 0.017001518836388223
0 0.5367164978614221 0.17964937136723444 0.01824474334716797 0.01826961223895733
0 0.8955670870267428 0.44905926631047177 0.039875030517578125 0.03927920414851262
0 0.1473172169465285 0.13337908341334417 0.020343248660747822 0.020452352670522835
0 0.09404054971841666 0.015014189940232497 0.053166646223801836 0.029483400858365573
0 0.17795423360971305 0.008580528772794284 0.0289763670701247 0.016632364346430853
0 0.2225003976088304 0.5109362235436072 0.016430781437800482 0.01639857658973107
0 0.062308210593003496 0.06950912567285392 0.01663808639232929 0.01662629384260911
0 0.541018926180326 0.7393674850463867 0.03421930166391226 0.03479854877178486
0 0.589112245119535 0.48388906625600964 0.03587656754713792 0.03559127220740685
0 0.9515712444598858 0.8622041848989633 0.0591882558969351 0.05959452115572416
0 0.7828909067007211 0.6668670360858624 0.033151479867788464 0.03303674551156851
0 0.7415208082932693 0.8918352127075195 0.028055337759164665 0.028441502497746393
0 0.4839465067936824 0.4885113789485051 0.05198361323429988 0.05171409020057091
0 0.2606834264901968 0.827288921062763 0.035355788010817304 0.035622670100285456
0 0.1416785900409405 0.7505415402925931 0.032447558182936445 0.03295135498046875
0 0.10528302192687988 0.12216777067918044 0.025952816009521484 0.026084496424748346
0 0.7895796849177434 0.9198859288142278 0.035056774432842545 0.034630995530348554
0 0.09986242881188026 0.42827760256253755 0.02087086897629958 0.020317664513221152
0 0.5276321998009315 0.773873549241286 0.0504308113685021 0.05073870145357572
0 0.36719982440655047 0.5682964324951172 0.035471402681790866 0.034987229567307696
0 0.11504690463726337 0.9875819866473858 0.021898966569166917 0.020374444814828727
0 0.6220745673546424 0.9178311274601862 0.02474036583533654 0.024672875037560098
0 0.814970456636869 0.9876301105205829 0.02548056382399339 0.020796555739182692
0 0.5846415666433481 0.9783548208383414 0.0469209230863131 0.040428455059344955
0 0.0856173588679387 0.11184245806473953 0.021842997807722826 0.021911254295935996
0 0.6335497636061448 0.47615267680241513 0.014851643488957332 0.015148382920485277
0 0.6547296964205228 0.8865642547607422 0.032586317795973554 0.031172825739933893
0 0.8622589111328125 0.9669255476731521 0.015448350172776442 0.015744429368239183
0 0.6960977407602164 0.7323973729060247 0.016966893122746393 0.01695383512056791
0 0.5482703355642465 0.05937789953671969 0.015211985661433293 0.01514746592595027
0 0.8084427026601938 0.24194233234112078 0.044930678147536054 0.0442651601938101
0 0.6105205829326923 0.7995661222017728 0.015984461857722357 0.016030238224909857
0 0.5970480992243841 0.35141761486346906 0.08275985717773438 0.07969328073354867
0 0.35605276547945464 0.8926175924447867 0.043763894301194414 0.043201446533203125
0 0.40777793297400844 0.9277776571420523 0.04927972646859976 0.050126882699819714
0 0.13524087575765756 0.4347217266376202 0.02789141581608699 0.028377239520733174
0 0.032199238355343156 0.46799028836763823 0.037766800476954535 0.0682669419508714
0 0.7129085980928861 0.9504090822660006 0.016367398775540866 0.016263815072866585
0 0.5726838111877441 0.8745027688833383 0.015777441171499398 0.015973898080679085
0 0.6090633685772235 0.703584230863131 0.03514906076284555 0.034621898944561295
0 0.594778794508714 0.4571401522709773 0.020327054537259616 0.020227872408353366
0 0.9097843170166016 0.7316907735971304 0.03193928645207332 0.03214674729567308
0 0.5339232591482309 0.9551412142240084 0.041903128990760215 0.041129772479717545
0 0.7522132580096905 0.6357506972092849 0.03650812002328726 0.03658705491286058
0 0.39930479343120867 0.6648351229154147 0.014742484459510216 0.014306581937349759
0 0.9230650388277494 0.48674700810359073 0.018221928523137018 0.0183865473820613
0 0.5330957999596229 0.9879982288067157 0.027251463669996995 0.019644663884089544
0 0.11637021028078519 0.7065532390887921 0.08454284301170936 0.08496416532076322
0 0.2929236338688777 0.25727224349975586 0.022501211899977464 0.022838372450608473
0 0.7526666201077975 0.6100452129657452 0.015057783860426683 0.015052061814528245
0 0.7356287149282602 0.9865524585430439 0.029770631056565505 0.023098872258112982
0 0.4727770731999324 0.05614947814207811 0.017244485708383415 0.01721322536468506
0 0.8545482342059796 0.4501767892103929 0.039107982928936295 0.03873707697941707
0 0.07655753539158748 0.5924271436838003 0.03452875063969539 0.03459468254676232
0 0.24784608987661508 0.7225465040940505 0.051324037405160755 0.050268906813401446
0 0.11887565942911002 0.2912288445692796 0.015417685875525841 0.015569613530085636
0 0.5467644471388596 0.9795436125535232 0.0162505369919997 0.01599458547738882
0 0.064211905002594 0.47352959559513974 0.03063943752875695 0.031047527606670674
0 0.8720179337721604 0.3382748090303861 0.02998498769906851 0.029967381403996393
0 0.26349207071157604 0.9906215667724609 0.02268057603102464 0.0164187504695012
0 0.39722057489248425 0.746425041785607 0.018631421602689303 0.018582270695612982
0 0.9383057814378005 0.5779311840350811 0.020070589505709134 0.020453966580904447
0 0.2750372336460994 0.8998503318199744 0.021762994619516227 0.02171457730806791
0 0.8518039996807392 0.5513795705942007 0.0561224130483774 0.0575712644136869
0 0.16983437538146973 0.9225238653329703 0.05492203052227314 0.05357698293832632
0 0.7806195479172927 0.5202979307908279 0.02673765329214243 0.02769778325007512
0 0.5345599834735577 0.6473595545842097 0.0208437992976262 0.020517495962289665
0 0.17043902323796198 0.02224264695094182 0.01709127426147461 0.017281486437870905
0 0.3332615632277269 0.9500224040104792 0.019942063551682692 0.02015524644118089
0 0.22653565040001503 0.2420791479257437 0.037676297701322116 0.0379789792574369
0 0.9049679682804987 0.7654678638164814 0.03294020432692308 0.03319197434645433
0 0.08363169890183669 0.8370158855731671 0.01592084077688364 0.0159609867976262
0 0.12517263339116022 0.3221885240994967 0.021780637594369743 0.02183840825007512
0 0.8837330157940204 0.5273238695584811 0.020417140080378607 0.020348328810471755
0 0.3472868846012996 0.940525641808143 0.02016603029691256 0.02012795668381911
0 0.3383356974675105 0.07628219861250657 0.015352982741135817 0.015362941301785983
0 0.9693471468411959 0.639061267559345 0.02362676767202524 0.024394989013671875
0 0.6878241025484525 0.983401005084698 0.029406620905949518 0.027416522686298076
0 0.14796262521010178 0.7773028153639573 0.0260314574608436 0.02598879887507512
0 0.9749217400184045 0.9486852792593149 0.019560887263371393 0.031914931077223554
0 0.14330501739795393 0.3016500106224647 0.03671490229093111 0.03726387023925781
0 0.7689195779653696 0.6928443908691406 0.04568774883563702 0.04307057307316707
0 0.9285339942345252 0.5297104762150691 0.022824214054987982 0.02263663365290715
0 0.704959355867826 0.3756259771493765 0.01579900888296274 0.015832020686222956
0 0.564820252932035 0.9478158217210036 0.0244600589458759 0.024349212646484375
0 0.625088618351863 0.7286061507004958 0.014551896315354567 0.014705364520733174
0 0.8325837942270132 0.5547281411977915 0.019837306096003607 0.019851097693810098
0 0.6188882681039664 0.6628154607919546 0.05932426452636719 0.0594630608191857
0 0.7099271921011118 0.29509784625126767 0.014578305757962741 0.014485689309927134
0 0.5220422744750977 0.16473137415372407 0.015154031606820913 0.015237954946664663
0 0.33822961953970104 0.9239457203791692 0.026654536907489482 0.02674586956317608
0 0.21198342396662787 0.8749097677377554 0.03129430917593149 0.031387622539813705
0 0.6765587880061223 0.5391625257638785 0.08583244910606971 0.08067109034611629
0 0.054013531941633955 0.4262489172128531 0.04113482511960543 0.042106921856219955
0 0.9019998403695914 0.6803509638859675 0.05434608459472656 0.05566552969125601
0 0.09460584933941181 0.41588651216947115 0.018561363220214844 0.018185248741736777
0 0.776279302743765 0.5695714216965896 0.058957613431490384 0.05966025132399339
0 0.9159588446983924 0.8891459244948167 0.022636266855093148 0.022374666654146634
0 0.09986551908346322 0.6700194432185247 0.016172133959256686 0.01638339116023137
0 0.9243486844576322 0.9061786945049579 0.01978331345778245 0.019901862511268027
0 0.7174840340247521 0.3283978608938364 0.038704211895282455 0.03980805323674129
0 0.8051666846642127 0.9643247310931866 0.0181277348445012 0.018228824322040264
0 0.033914682956842274 0.8315633627084585 0.04196891876367422 0.05541023841271034
0 0.9459141951340896 0.8033010042630709 0.014344142033503605 0.014383462759164663
0 0.8501416719876803 0.9552376086895282 0.014872037447415866 0.014855898343599759
0 0.9061515514667218 0.762241216806265 0.026672803438626803 0.02714964059682993
0 0.8636745306161734 0.8372488755446214 0.0195767329289363 0.019591551560621995
0 0.43157694889948917 0.40547906435452974 0.01421062762920673 0.014232342059795674
0 0.46941779210017276 0.29145620419428897 0.01863435598520132 0.018602664654071514
0 0.328404059776893 0.7355352548452524 0.05954637894263634 0.06019739004281851
0 0.9012427696814904 0.5461666033818171 0.03327780503493089 0.033577332129845254
0 0.05354515405801626 0.5582181123586801 0.029531203783475436 0.02965406271127554
0 0.19218089030339167 0.7285148180448092 0.04521483641404372 0.0446620354285607
0 0.8053679833045373 0.9493439014141376 0.023312201866736777 0.022834190955528848
0 0.05301718986951388 0.8051176071166992 0.04520066884847788 0.045590767493614785
0 0.40411718075092024 0.9510576541607196 0.020661207345815804 0.02130273672250601
0 0.635043217585637 0.012451163851297818 0.020557697002704326 0.020102805816210233
0 0.2829592411334698 0.28489087178156924 0.04124171917255108 0.041247074420635514
0 0.7631503618680514 0.4299187660217285 0.04497850858248197 0.04574724344106821
0 0.8492130866417518 0.39920693177443284 0.02422919640174279 0.02421437777005709
0 0.8558263778686523 0.12405080061692458 0.02054742666391226 0.020810347336989183
0 0.838625981257512 0.4235136325542743 0.027809729942908652 0.02813566648043119
0 0.36944968883807844 0.8522115854116586 0.02982807159423828 0.02972265390249399
0 0.9596032362717849 0.735501216008113 0.024044623741736777 0.02373533982496995
0 0.11470462725712703 0.14210799107184777 0.021668764261099007 0.021576863068800706
0 0.3458059017474835 0.6148636524493878 0.02377209296593299 0.024465487553523138
0 0.8964471083420974 0.683869875394381 0.04466159527118389 0.0462489494910607
0 0.8104746891902044 0.5217496431790866 0.04693955641526442 0.047461436345027044
0 0.9563044768113357 0.6635258014385517 0.018030900221604567 0.01856407752403846
0 0.658927477323092 0.9796935594998873 0.015276835514948918 0.015591841477614183
0 0.7237129211425781 0.9644233263455905 0.022593571589543268 0.022098834698016826
0 0.7917456993689904 0.9790859222412109 0.03876407329852764 0.03593884981595553
0 0.1877150168785682 0.07931105907146747 0.01342942164494441 0.013613187349759616
0 0.8943842374361478 0.4279380945058969 0.030199784498948317 0.030931472778320312
0 0.8964827610896184 0.5467642270601712 0.022122896634615384 0.02434114309457632
0 0.8638621110182542 0.37208227010873646 0.030017265906700723 0.029538668118990384
0 0.6017219836895282 0.7226583040677584 0.024158257704514723 0.024581322303185098
0 0.6689741428081806 0.38870716094970703 0.02239711468036358 0.021867091839130107
0 0.42826733222374547 0.23504202182476336 0.014666483952448918 0.014749967134915866
0 0.9099060938908503 0.6588598398061899 0.027246915377103366 0.026521829458383415
0 0.9523707903348483 0.952115352337177 0.022257878230168268 0.022693340594951924
0 0.43930856998150164 0.8557846362774189 0.03335006420428936 0.032998891977163464
0 0.4940055700448843 0.41047191619873047 0.026619837834284857 0.026219881497896634
0 0.09912595382103553 0.4260180913485013 0.024448211376483623 0.0233761714054988
0 0.5178170570960412 0.5109215516310471 0.027046790489783652 0.027813838078425482
0 0.5021520761343149 0.09357734826894906 0.014113352848933293 0.014314724848820614
0 0.05035919409531813 0.5247468948364258 0.030918689874502327 0.03171187180739183
0 0.34774112701416016 0.613057906811054 0.019730641291691706 0.019568149860088643
0 0.8349904280442458 0.8399377235999475 0.013881096473106971 0.014040286724384014
0 0.7738964374248798 0.7652288583608774 0.01865533682016226 0.018657977764423076
0 0.959586657010592 0.7394783313457782 0.025913825401893027 0.026903299184945915
0 0.11710973886343148 0.14606241079477164 0.02007436752319336 0.020139437455397386
0 0.5316980068500226 0.49602875342735875 0.024626951951246995 0.024868598351111777
0 0.36153488892775315 0.5699480130122259 0.026099718534029447 0.026908360994779147
0 0.9107175240149865 0.2996623699481671 0.045924993661733776 0.04538792830247145
0 0.9098792442908654 0.12519953801081732 0.034614856426532455 0.03433311902559721
0 0.5160380510183481 0.39328303703894985 0.015708556542029746 0.015970816979041465
0 0.39266289197481596 0.4495984590970553 0.05889276357797476 0.06140884986290565
0 0.21099536235515887 0.8712439903846154 0.03743956639216496 0.037699185884915866
0 0.5292899058415339 0.6272078294020432 0.02631238790658804 0.02623719435471755
0 0.7624794886662409 0.695046644944411 0.03358870286207933 0.03561841524564303
0 0.45283167178814226 0.5458242709820087 0.03315595480111929 0.03255271911621094
0 0.8205912663386419 0.5978735777047964 0.05633544921875 0.05480040036714994
0 0.9088158974280725 0.6758213043212891 0.06365262545072116 0.06302554790790264
0 0.445744331066425 0.885474865253155 0.03693323868971605 0.037283824040339544
0 0.6756408397967999 0.8350646679217999 0.03008299607496995 0.03145687396709736
0 0.6386588903573843 0.3785126759455754 0.01991448035606971 0.019964144780085638
0 0.9724174646230844 0.3954901328453651 0.02405239985539363 0.03457979055551382
0 0.5322347054114709 0.6289129990797776 0.020837050217848558 0.021694330068734977
0 0.19127944799569938 0.13523595149700457 0.016071906456580527 0.016010431142953727
0 0.6510011232816256 0.8864812117356521 0.02430901160606971 0.024893540602463942
0 0.5054816832909217 0.46287800715519833 0.04525015904353215 0.04577504671536959
0 0.5846642714280349 0.23082159115717962 0.016346858097956732 0.01629180174607497
