0 0.3557334313025841 0.7429048098050631 0.02827145503117488 0.028334397536057692
0 0.33145908208993763 0.23997270143949068 0.03677507547231821 0.036652711721567005
0 0.5359630584716797 0.40804723592904896 0.017941108116736777 0.017842512864332933
0 0.32565762446476865 0.6594269092266376 0.03168194110576923 0.03160241933969351
0 0.4345195476825421 0.3975991835960975 0.025336632361778848 0.0252835200383113
0 0.13097486129173866 0.9829477163461539 0.03194458668048565 0.02871557382436899
0 0.257197930262639 0.7628081395075872 0.03500777024489183 0.03467471782977764
0 0.5696597466102014 0.41729875711294323 0.020468931931715745 0.020592909592848558
0 0.6538156362680289 0.7629814147949219 0.035808563232421875 0.0360408196082482
0 0.5755913807795598 0.3205223083496094 0.02093373812161959 0.02100225595327524
0 0.7449138347919171 0.9108176598182092 0.029485555795522835 0.0292666508601262
0 0.8963031768798828 0.455110843365009 0.02183385995718149 0.021693669832669772
0 0.377046144925631 0.6402505727914664 0.028485224797175482 0.028576043935922477
0 0.20517873764038086 0.18183025946983924 0.01988682380089393 0.01994639176588792
0 0.069319670016949 0.5388438151432917 0.021743004138653096 0.021739446199857272
0 0.2375169167151818 0.5529683920053335 0.021035487835223857 0.020934324998121995
0 0.38716939779428333 0.4183942354642428 0.02505977337176983 0.02485488011286809
0 0.2914239810063289 0.8798980712890625 0.021226956294133112 0.021267524132361777
0 0.02617571445611807 0.5309119591346154 0.030639483378483698 0.05127275907076322
0 0.8972922105055589 0.4248585334190956 0.023281390850360576 0.023573802067683294
0 0.7213711371788611 0.7049252436711237 0.029410142164963942 0.029547764704777643
0 0.5352852161114032 0.9876261491041917 0.01903079106257512 0.018260075495793268
0 0.2634683388930101 0.9710325094369742 0.024144466106708232 0.02403435340294471
0 0.3156261077293983 0.3899552271916316 0.01688392345721905 0.017029468829815205
0 0.6272717989408053 0.3698602089515099 0.019569983849158652 0.019770108736478366
0 0.6199202904334435 0.8257251886221079 0.026168236365685098 0.02586027292104868
0 0.8086109161376953 0.5926426373995267 0.020606114314152643 0.020759729238656852
0 0.8138195184560922 0.6116448915921725 0.02603883009690505 0.026534007145808294
0 0.09277703211857723 0.985805291395921 0.05465867427679209 0.02719262930063101
0 0.4177416287935697 0.7361668806809646 0.022739263681265023 0.02283331064077524
0 0.6832700876089243 0.6728655741764948 0.023245884821965143 0.02321345989520733
0 0.5503541506253756 0.14598877613361066 0.021562502934382513 0.021560522226186898
0 0.39524085705096906 0.9755047284639798 0.01866575387807993 0.01870566148024339
0 0.08083664453946628 0.41182796771709734 0.019600836130288932 0.019908024714543268
0 0.3516709254338191 0.18082820452176607 0.01750043722299429 0.017386876619779147
0 0.3388690948486328 0.340946600987361 0.017259744497445915 0.01731527768648588
0 0.5133865796602689 0.8236455917358398 0.017614071185772236 0.017653245192307692
0 0.6512063099787786 0.37449352557842547 0.015439400306114784 0.015772452721228965
0 0.40057156636164737 0.3047180542579064 0.02986291738656851 0.029790438138521634
0 0.2882943886976976 0.7492478444026067 0.016076308030348558 0.015999280489408053
0 0.9756917953491211 0.9883868877704327 0.0206601069523738 0.01931483928973858
0 0.5101937514085036 0.6265223576472356 0.019391426673302285 0.019539466271033652
0 0.9559603471022385 0.18048565204326922 0.018042931189903848 0.01796414301945613
0 0.5481377748342661 0.763162246117225 0.017597491924579326 0.017764458289513223
0 0.9506934239314153 0.48407437251164365 0.01846900353064904 0.018707128671499398
0 0.49695330399733323 0.7062436617337741 0.02224599398099459 0.022054232083834134
0 0.29761420763455904 0.3780678235567533 0.017415706927959736 0.017736141498272236
0 0.4536586174598107 0.5737201617314265 0.016410020681527946 0.016300201416015625
0 0.5956165607158954 0.4413178884066068 0.016137196467472956 0.015907654395470254
0 0.7101170466496394 0.660094481248122 0.02826103797325721 0.0279541015625
0 0.4280671706566444 0.6710508053119366 0.01638962672306941 0.01640495887169471
0 0.39593960688664365 0.8546858567457932 0.01708822983961839 0.017076932466947116
0 0.767016704265888 0.7359630878155048 0.01840664790226863 0.018601344181941107
0 0.08742891825162448 0.25639156194833607 0.01605389668391301 0.016160304729755107
0 0.9056013547457181 0.38082379561204177 0.014325655423677884 0.014278705303485576
0 0.8465379568246695 0.7581947033221905 0.020234328049879808 0.02040716317983774
0 0.029002822362459622 0.4347068346463717 0.025214351140535794 0.025089117196890023
0 0.8440487934992864 0.34931021470289964 0.03819538996769832 0.03843967731182392
0 0.7993272634652945 0.7518064058743991 0.019037980299729567 0.019191155066856973
0 0.33181212498591495 0.07775627649747409 0.016498712392953727 0.016729153119600736
0 0.93468504685622 0.4695137464083158 0.05521818307729868 0.05446947537935697
0 0.6282970721905048 0.959233650794396 0.016636188213641826 0.016369452843299277
0 0.17824132625873274 0.8646712669959435 0.018839542682354268 0.018900651198167067
0 0.36393246283897984 0.7967149294339694 0.015320117657001201 0.015265391423152043
0 0.27926074541532075 0.09589643661792462 0.021091387822077826 0.02096278850848858
0 0.6003924883328952 0.7829058720515325 0.018060830923227165 0.018183341393103965
0 0.7842034559983474 0.5985755186814529 0.019278893103966348 0.019608130821814902
0 0.2249582730806791 0.9926326458270733 0.01874857682448167 0.012761922983022837
0 0.29063597092261684 0.9925322899451623 0.02504121340238131 0.013581202580378605
0 0.9296164145836463 0.8493841611422025 0.019917854895958535 0.019727266751802884
0 0.8666620988112229 0.7693028816810021 0.018768897423377402 0.018784449650691107
0 0.7005817706768329 0.6883853032038763 0.023955418513371393 0.024463653564453125
0 0.4645823698777419 0.3445298121525691 0.020670377291165866 0.02082069103534405
0 0.20109794690058783 0.8251495361328125 0.017040546123798076 0.017138261061448317
0 0.5423655143150916 0.5898127922644982 0.017661021305964544 0.017943602341871995
0 0.4275082074678861 0.6261819692758414 0.014652765714205228 0.014768160306490384
0 0.3092025610116812 0.7176733750563401 0.01445317268371582 0.014829929058368389
0 0.6712219531719501 0.6491206976083609 0.0155183351956881 0.015790499173677884
0 0.598226363842304 0.6426371794480544 0.020686956552358773 0.02159544137807993
0 0.4130571805513822 0.05242707179142879 0.014828021709735576 0.014828076729407677
0 0.7830897844754733 0.4159972117497371 0.014803226177509014 0.014752021202674279
0 0.7012543311485877 0.720150874211238 0.016178717980018027 0.016497391920823317
0 0.17803309513972357 0.994122211749737 0.02865182436429537 0.011323782113882212
0 0.7620779184194711 0.3392142149118277 0.016713655911959134 0.016953321603628304
0 0.5133009323706994 0.11836707592010498 0.013533738943246694 0.013720897527841421
0 0.4970918068519005 0.9835160328791692 0.015120432927058293 0.015156819270207332
0 0.7690353393554688 0.7369109667264498 0.02227607140174279 0.021834300114558294
0 0.9264255670400766 0.8891275112445538 0.019762479341947116 0.01993414071890024
0 0.9164921687199519 0.9930264399601862 0.015036656306340145 0.011951006375826322
0 0.7265386581420898 0.44721302619347203 0.06135705801156851 0.05918414776141827
0 0.31658150599553037 0.6191822932316706 0.01928542210505559 0.018836388221153848
0 0.6743371670062726 0.7128970806415265 0.02039968050443209 0.020118273221529447
0 0.8823478405292218 0.4162925206697904 0.012964248657226562 0.013338455787071815
