0 0.4715942602891188 0.5546693801879883 0.07316053830660306 0.07507918431208684
0 0.3646317995511569 0.7989036853496845 0.07278655125544621 0.07419996995192307
0 0.664704836331881 0.48188642355111927 0.04871030954214243 0.048549725459172174
0 0.3210026667668269 0.01665754157763261 0.037591200608473554 0.03218430509934059
0 0.5080295709463266 0.2556809645432692 0.06863241929274339 0.07019666525033805
0 0.36176340396587664 0.568725219139686 0.12269959082970253 0.12348747253417969
0 0.6244605137751653 0.27341622572678786 0.0552679575406588 0.05593299865722656
0 0.5050264505239633 0.7379001470712515 0.04941646869365986 0.0495153573843149
0 0.5949042393611028 0.3065040845137376 0.039915965153620794 0.04018259048461914
0 0.7725788996769831 0.43615135779747594 0.023151397705078125 0.02254207317645733
0 0.4393105140099159 0.3616030766413762 0.026137572068434495 0.026209464439978965
0 0.7910022002000076 0.39868655571570766 0.033214715810922474 0.032945486215444714
0 0.6359854478102464 0.12230395353757419 0.025294083815354567 0.025495052337646484
0 0.7116198172936072 0.5065888991722693 0.04115852942833534 0.0411687264075646
0 0.5887073370126578 0.34537586799034703 0.028401008019080527 0.028542591975285456
0 0.32557348104623646 0.17138055654672477 0.0218203617976262 0.021767469552847054
0 0.44213727804330677 0.08726616089160626 0.023476087130033053 0.023612205798809346
0 0.7528536869929388 0.13474037097050592 0.038261120135967545 0.03804658009455754
0 0.4246608293973483 0.4693596913264348 0.03880045964167668 0.03868191058819111
0 0.4051383825448843 0.20613862917973444 0.04710065401517428 0.046900272369384766
0 0.709297620333158 0.4478458991417518 0.031938993013822116 0.03188734788161058
0 0.4873330776508038 0.6873362614558294 0.07612837277925931 0.07479917086087741
0 0.3494413816011869 0.7068057427039514 0.01771413362943209 0.01790589552659255
0 0.6068147879380447 0.3662402446453388 0.028733546917255107 0.028897652259239785
0 0.7572754346407377 0.27091033642108625 0.018200214092548076 0.018283550555889424
0 0.4171194296616774 0.31907169635479266 0.017186898451585036 0.017096446110652044
0 0.5192077343280499 0.3627398931063138 0.028551688561072715 0.028650797330416165
0 0.21466585306020883 0.9412586505596454 0.026493072509765625 0.026518601637620192
0 0.6594777474036584 0.5506103222186749 0.03466254014235277 0.03466532780573918
0 0.5417326046870306 0.08250502439645621 0.023017296424278848 0.023232441682081956
0 0.4213204017052284 0.39245073611919695 0.04103719271146334 0.04105047079233023
0 0.3194887454693134 0.47836597149188703 0.05585863040043758 0.05655068617600661
0 0.3195914121774527 0.15110550476954535 0.016712188720703125 0.016679011858426608
0 0.371980593754695 0.1797061149890606 0.028885034414438102 0.028800817636343148
0 0.5401472678551307 0.6107986156757061 0.10100643451397236 0.10028398953951322
0 0.6266822814941406 0.5604568628164438 0.024890056023230918 0.025121248685396634
0 0.40970949026254505 0.6490418360783503 0.016234544607309196 0.016470689039963942
0 0.24523302224966195 0.03559124240508446 0.019182425278883714 0.01912909746170044
0 0.7750173715444711 0.827181889460637 0.01752325204702524 0.017574016864483174
0 0.2445091834435096 0.06374698877334595 0.02496176499586839 0.02467997257526104
0 0.3672966223496657 0.8721793981698843 0.02245675600492037 0.022637587327223558
0 0.4647901975191556 0.0682504864839407 0.02322842524601863 0.02343110854809101
0 0.6228307577279898 0.9238378818218524 0.016689337216890775 0.016286263099083535
0 0.6704434614915115 0.9016397916353666 0.028101114126352165 0.027809729942908652
0 0.6096346928523138 0.07523267544232883 0.019100482647235576 0.0190809414936946
0 0.3215230428255521 0.8303705362173227 0.026421767014723558 0.026590494009164665
0 0.6147183638352615 0.7017280872051532 0.03134287320650541 0.03127728975736178
0 0.44541391959557164 0.8631574190579928 0.2213301291832557 0.22675954378568208
0 0.5864010590773362 0.08214193124037522 0.02516775864821214 0.025815188884735107
0 0.7977197353656476 0.502592526949369 0.0317231691800631 0.031889915466308594
0 0.40511648471538836 0.11695366639357346 0.04421806335449219 0.04438004126915565
0 0.6975983106173002 0.2643252702859732 0.016456163846529447 0.016574969658484824
0 0.28665836040790266 0.9058017730712891 0.030509802011343148 0.030791062575120192
0 0.27753822620098406 0.63196534376878 0.0533898426936223 0.05385263149554913
0 0.443512513087346 0.03271573552718529 0.02451016352726863 0.02468650616132296
0 0.4469498120821439 0.737164203937237 0.032610453092134915 0.03272320674015926
0 0.4788560133713942 0.09987682562607986 0.024296980637770433 0.02394709220299354
0 0.6178722381591797 0.21663691447331354 0.06305137047400841 0.06378900087796725
0 0.3535103431114784 0.9734392899733323 0.01598959702711839 0.015782576340895433
0 0.6463958300076998 0.981349358191857 0.030991334181565505 0.030377608079176683
0 0.7707194548386794 0.12763239787175104 0.11506080627441406 0.19879528192373422
0 0.7337796137883112 0.43448272118201625 0.015103853665865384 0.015080525324894832
0 0.3171023955711952 0.21622819166917068 0.016197791466346152 0.016329508561354417
0 0.8037743935218225 0.6798067826491135 0.03821710439828726 0.03914378239558293
0 0.23113382779634917 0.6964704073392428 0.11466187697190505 0.12976602407602164
0 0.7232622733482947 0.6727804037240835 0.08629534794734074 0.08243590134840745
0 0.580071706038255 0.5708607893723708 0.021115523118239183 0.021415270291841947
0 0.7840174161470853 0.5852209237905649 0.023245591383713942 0.0230710689838116
0 0.3583689102759728 0.9472190416776217 0.017283512995793268 0.016998144296499398
0 0.2912431863638071 0.10847938977755033 0.01611775618333083 0.0161589475778433
0 0.35707921248215896 0.03556439280509949 0.04223442077636719 0.04233803657385019
0 0.23929265829233023 0.7879023918738732 0.044933172372671276 0.04516249436598558
0 0.6436487344595102 0.5860444215627817 0.03518353975736178 0.035347351661095254
0 0.466980714064378 0.8356425945575421 0.04326820373535156 0.04326981764573317
0 0.29964999052194446 0.1257039767045241 0.037517584287203275 0.038113924173208386
0 0.41245482518122745 0.1580499685727633 0.03265175452599159 0.032741363231952376
0 0.5325244756845328 0.13280996909508339 0.0177310063288762 0.01784834494957557
0 0.5585532555213342 0.5240254768958459 0.0274200439453125 0.027097115149864785
0 0.21236570064838117 0.12700984111199012 0.01498875251183143 0.015171087705172025
0 0.6763895474947416 0.39898036076472354 0.024480232825646035 0.025220137376051683
0 0.24689619357769305 0.1567693123450646 0.020847503955547627 0.02045747866997352
0 0.4457093018751878 0.010050489352299618 0.023612095759465143 0.018793261968172513
0 0.6040364045363206 0.40134173173170823 0.03205093970665565 0.032033333411583535
0 0.41673014714167667 0.24654971636258638 0.025561406062199518 0.026059077336237982
0 0.7929165913508489 0.3295844885019156 0.06029319763183594 0.05958188497103178
0 0.21134479229266828 0.022970126225398138 0.020901606633112982 0.020902995879833516
0 0.17546459344717172 0.0770036715727586 0.013609739450307993 0.01498867915226863
0 0.5282451556279109 0.914582032423753 0.03234393780048077 0.032495938814603366
0 0.6133246421813965 0.6584642850435697 0.04158452840951773 0.041384183443509616
0 0.5026326913100022 0.06730713294102596 0.01652827629676232 0.017188402322622445
0 0.6653087322528546 0.09599933257469764 0.19147231028630182 0.188630984379695
0 0.5963266812838041 0.8504714965820312 0.01755861135629507 0.017946390005258415
0 0.18361689494206354 0.19027922703669622 0.015312268183781551 0.015241182767427884
0 0.4649673241835374 0.42930184877835786 0.08637486971341647 0.08734923142653245
0 0.6666355866652268 0.4154794399554913 0.04336826617901142 0.043752156771146335
0 0.6214891580434946 0.0906367485339825 0.018150769747220553 0.01784544724684495
0 0.7807854872483474 0.016028183010908272 0.023023605346679688 0.022975997282908514
0 0.21525944196260893 0.1706527013045091 0.014723374293400692 0.014580359825721154
0 0.6004633536705604 0.09661309535686786 0.016508982731745794 0.016100956843449518
0 0.6072489298306979 0.7518402979924128 0.05075652782733624 0.04990445650540865
0 0.4168669260465182 0.4191175607534555 0.01542348128098708 0.015169290395883413
0 0.580445436330942 0.4365414839524489 0.014291323148287259 0.014128684997558594
0 0.2972427148085374 0.1322312355041504 0.029895562392014723 0.02795720100402832
