0 0.482725766988901 0.057981637807992786 0.08669068263127254 0.08677827394925632
0 0.38651715792142427 0.3273766590998723 0.05898607694185697 0.05936989417442909
0 0.6462378868689904 0.7985763549804688 0.10964643038236178 0.11204763559194711
0 0.5348195662865272 0.37494754791259766 0.014728619502140926 0.014861033512995793
0 0.46209177604088414 0.4427816684429462 0.014877906212439904 0.014917520376352163
0 0.6494120084322416 0.6587646924532377 0.028159508338341348 0.028194574209359977
0 0.39848907177264875 0.4063097146841196 0.01478268549992488 0.014867929311899038
0 0.28800461842463565 0.20329440557039702 0.015972430889423076 0.016195260561429538
0 0.4152646798353929 0.22746687669020432 0.014354412372295674 0.014511878673846904
0 0.6616309972909781 0.9686395204984225 0.1377428494966947 0.062066885141225964
0 0.48675720508282 0.24059611100416917 0.06619541461651142 0.06561521383432242
0 0.6951200045072116 0.7253194222083459 0.013518993671123799 0.013397216796875
0 0.3715110191932091 0.8960481790395883 0.029777086698091947 0.030334912813626803
0 0.4161686530480018 0.5912810839139498 0.013507402860201322 0.013785582322340745
