0 0.5937676062950721 0.8140864739051232 0.07725833012507512 0.07682008009690505
0 0.2792074496929462 0.626685802753155 0.04712515610914964 0.04697473232562725
0 0.4721107482910156 0.9361556860116812 0.10246042104867789 0.09999407254732572
0 0.3406991225022536 0.5844012773953952 0.055713800283578724 0.05543327331542969
0 0.23614628498370832 0.38054605630727917 0.0740973032437838 0.1068722651554988
0 0.6282600989708533 0.04991951355567345 0.06278166404137245 0.06322222489577073
0 0.33318508588350737 0.4594843937800481 0.0376735100379357 0.03754645127516527
0 0.5371880164513221 0.2786108347085806 0.03790972783015324 0.03762215834397536
0 0.7803893456092248 0.23913163405198318 0.04254297109750601 0.05347655369685246
0 0.2657610086294321 0.22356854952298677 0.03648559863750751 0.03628972860483023
0 0.5112851949838492 0.5383440164419321 0.01977964547964243 0.019971554095928486
0 0.7339935302734375 0.2770338241870587 0.0283206059382512 0.028432699350210335
0 0.2436806055215689 0.8794276897723858 0.04603426273052509 0.04673561683067909
0 0.7716493606567383 0.6412589733417218 0.02260736318734976 0.022472234872671273
0 0.4460028134859525 0.12258293995490441 0.05647006401648888 0.05650041653559758
0 0.551176327925462 0.6281532140878531 0.024917969336876504 0.025075325599083535
0 0.7138206775371845 0.7289843926062951 0.024939903846153848 0.025067842923677884
0 0.6139174974881686 0.2782665766202487 0.02408145024226262 0.023946175208458535
0 0.433802971473107 0.18640639231755182 0.023188224205603965 0.023336337162898138
0 0.4185469700739934 0.3828893808218149 0.020265872661884014 0.02061763176551232
0 0.7626176980825571 0.15863290199866661 0.03785852285531851 0.03755107292762169
0 0.24391955595750076 0.5185148899371808 0.052354005666879505 0.05285226381742037
0 0.4824094038743239 0.4159102806678185 0.018816434420072116 0.018935717069185697
0 0.28081875581007737 0.8738150963416467 0.022890384380634014 0.02275877732496995
0 0.7409663567176232 0.7670792799729568 0.022414427537184495 0.022744105412409857
0 0.2432235204256498 0.9144244560828576 0.041314198420597956 0.04176814739520733
0 0.41446803166316104 0.9327126282912034 0.07698543255145733 0.07562622657189003
0 0.34670125521146333 0.13675962044642523 0.02855843764085036 0.028649568557739258
0 0.34111518126267654 0.8728893720186673 0.022985531733586237 0.022994848398061898
0 0.4776620131272536 0.8627247443565955 0.018299689659705527 0.018170576829176683
0 0.458616146674523 0.5993986129760742 0.018468196575458232 0.0182037353515625
0 0.4404321817251352 0.8440457123976487 0.02000265855055589 0.020052396334134616
0 0.4832049516531137 0.2976824136880728 0.0200194578904372 0.02008515137892503
0 0.5154413810143104 0.8982135332547702 0.025500957782451924 0.025379180908203125
0 0.6965738443227915 0.19596165877122146 0.039628835824819714 0.03943839439978966
0 0.6204902942364032 0.31265893349280727 0.017012706169715293 0.01695119417630709
0 0.27918490996727574 0.4229532021742601 0.022511885716364935 0.02240474407489483
0 0.21251018230731672 0.05880848261026236 0.031154705927922174 0.04406417333162748
0 0.7693333258995643 0.9867762052095853 0.021504328801081732 0.02083763709435096
0 0.735404528104342 0.7023207591130183 0.017467205341045674 0.01762243417593149
0 0.5655202865600586 0.47367422397320086 0.017307574932391826 0.016956402705265924
0 0.66686828319843 0.30026751298170823 0.024225528423602764 0.024255972642164964
0 0.5627899903517503 0.6488362825833834 0.01921675755427434 0.018927354079026442
0 0.7366165748009315 0.33783626556396484 0.018755252544696514 0.018704341008112982
0 0.23948537386380708 0.9829298166128305 0.026056656470665567 0.025911477895883415
0 0.29439753752488357 0.9489922156700721 0.023996793306790866 0.023895850548377402
0 0.5145072937011719 0.3514787233792819 0.02391507075383113 0.02391228309044471
0 0.30638661751380336 0.4297818403977614 0.01831824962909405 0.018285457904522236
0 0.375941643348107 0.6259554349459134 0.01891928452711839 0.01909637451171875
0 0.7132412837101862 0.3665152329664964 0.018558795635516826 0.018910334660456732
0 0.6459725453303411 0.5453431789691632 0.01904751704289363 0.01892720735990084
0 0.7821674346923828 0.3500525401188777 0.017727778508112982 0.017853956956129808
0 0.6495212408212515 0.25414542051462025 0.025434053861177884 0.025174030890831582
0 0.6688965283907377 0.06898512748571542 0.024416556725135215 0.024470888651334323
0 0.735778074998122 0.371218387897198 0.020989344670222357 0.02116261995755709
0 0.6026975191556491 0.44506095005915713 0.016358302189753607 0.016227282010591947
0 0.5357058598445013 0.06846973529228798 0.07099987910344051 0.07021487676180325
0 0.2977391756497897 0.06877078918310311 0.03862623068002554 0.03788226384382982
0 0.2116970832531269 0.8667734586275541 0.015864042135385368 0.021655449500450723
0 0.7161018665020282 0.9893386547382061 0.017351590670072116 0.016279073861929085
0 0.37807090465839094 0.08510558421795185 0.03585463303786058 0.03587894714795626
0 0.5734093739436223 0.44423686541043794 0.01759059612567608 0.017556483928973857
0 0.21442101551936224 0.9125609764685998 0.021901937631460335 0.02533692580003005
0 0.6747027177077073 0.11356113507197453 0.023456866924579326 0.02360681387094351
0 0.6385721059945914 0.36936004345233625 0.015750298133263223 0.015869580782376803
0 0.7329172721275916 0.3564123740563026 0.02078584524301382 0.021347486055814303
0 0.5147964037381686 0.7575681392963116 0.022356326763446514 0.022557772122896634
0 0.7210308221670297 0.8556446662315955 0.018292353703425482 0.018429095928485576
0 0.6205878624549279 0.2532593837151161 0.021683472853440505 0.021396416884202223
0 0.21834582548875076 0.9495351497943585 0.028485188117394082 0.03126936692457933
0 0.7910366058349609 0.4167110002957858 0.016652033879206732 0.026031934298001803
0 0.30458729083721453 0.5175482676579402 0.015549219571627103 0.015382179847130409
0 0.2186274161705604 0.6333434765155499 0.021193944490872897 0.021414976853590745
0 0.4876151451697716 0.9349821530855619 0.019072899451622598 0.019458477313701924
0 0.6395830741295447 0.3067158368917612 0.01957526573768029 0.019662086780254658
0 0.5771816693819486 0.702252094562237 0.03303967989408053 0.03307474576509916
0 0.4633142397953914 0.38121634263258714 0.014734414907602163 0.014907763554499699
0 0.2378544990832989 0.6010513305664062 0.01612391838660607 0.016218185424804688
0 0.7871128228994516 0.6177284534160907 0.01528153052696815 0.015559709989107572
0 0.6950184748722956 0.06369989651900071 0.01646276620718149 0.01659672076885517
0 0.7221849881685697 0.7669488466702975 0.02000706012432392 0.020371070274939902
0 0.6261451427753155 0.9051283322847806 0.02506256103515625 0.025257990910456732
0 0.36417440267709583 0.4288611045250526 0.015998253455528848 0.016147320087139424
0 0.22066904948307917 0.4646465594951923 0.042405275198129505 0.04583549499511719
0 0.6813413179837741 0.4279568378741925 0.01441647456242488 0.014438115633451022
0 0.41906309127807617 0.4030147332411546 0.015830480135404147 0.0156403321486253
0 0.5932287803063025 0.2680465624882625 0.014982223510742188 0.015087091005765475
0 0.3135856848496657 0.21455581371600813 0.014943929818960337 0.014966671283428486
0 0.6333383413461539 0.5056318503159744 0.014774175790640024 0.014582487253042368
0 0.2613802689772386 0.12452809627239521 0.027707393352801982 0.027209758758544922
0 0.7920397244966947 0.010476859716268687 0.023355630727914665 0.020255937026097223
0 0.38927540412315953 0.1905541053185096 0.015927608196551982 0.01596810267521785
0 0.2680226472707895 0.28899698991041917 0.014990586500901442 0.01496292994572566
0 0.5356683731079102 0.7702919153066782 0.015497501079852764 0.01538394047663762
0 0.35314457233135516 0.673702753507174 0.014827434833233174 0.014914732712965745
0 0.7410360483022836 0.7884622720571665 0.01960607675405649 0.01976159902719351
0 0.6501172872690054 0.14878003413860613 0.0668797126183143 0.06659463735727164
0 0.6544969998873197 0.4132837148813101 0.014882307786207933 0.01493072509765625
0 0.2191161375779372 0.22564279116117036 0.015764236450195312 0.015826078561636116
0 0.581466271327092 0.2961440636561467 0.014618286719689002 0.014710279611440806
0 0.44122949013343227 0.015640306931275588 0.026163101196289062 0.026413344419919528
0 0.22794384222764236 0.623383668752817 0.017031119419978216 0.017035264235276442
0 0.29737720122704137 0.8459874666654147 0.014931642092191257 0.014848562387319712
0 0.2391625184279222 0.43729976507333607 0.02749017568734976 0.02758921109713041
0 0.6968945723313552 0.5064907073974609 0.013962378868689904 0.014024441058819111
0 0.25185656547546387 0.08284533023834229 0.04931860703688402 0.048981666564941406
0 0.4691055738008939 0.36319982088529146 0.016119883610652044 0.015887333796574518
0 0.30221750186039853 0.7724117865929236 0.01435386217557467 0.014261979323167067
0 0.7093169138981745 0.021929493317237266 0.016177984384390023 0.016151996759267952
0 0.7141494750976562 0.38894037099984974 0.015046633206881009 0.01514449486365685
0 0.7296924591064453 0.31779234225933367 0.014078580416165866 0.014044761657714844
0 0.5489026583158053 0.3209227782029372 0.014564807598407451 0.01456451416015625
0 0.29381044094379133 0.3192238440880409 0.016654528104341947 0.01665320763221154
0 0.2975482940673828 0.09802445998558632 0.016204687265249398 0.016277533311110277
0 0.41965675354003906 0.6324980075542743 0.014341134291428786 0.014428505530724159
0 0.518309263082651 0.49949862406804013 0.014248334444486178 0.014477949876051683
0 0.4280239251943735 0.42489147186279297 0.013975877028245192 0.014131546020507812
0 0.3017165477459247 0.39780301314133865 0.013163199791541466 0.012997260460486779
0 0.4824394079355093 0.21892892397367036 0.015328920804537259 0.015706942631648138
0 0.2568656481229342 0.198820187495305 0.01569850628192608 0.015318650465745192
0 0.7214243962214544 0.12335569124955398 0.03083654550405649 0.031222086686354417
0 0.654140619131235 0.8488013927753155 0.015168996957632212 0.015338750985952524
0 0.462798888866718 0.5685567122239333 0.014184364905724159 0.014082688551682692
0 0.626182115994967 0.34403507526104266 0.014644329364483174 0.014873357919546274
0 0.7650494208702674 0.34908265333909255 0.016483600323016826 0.016237992506760817
0 0.6366094442514273 0.8895746377798227 0.014098827655498799 0.014233222374549279
0 0.5761395967923678 0.3083605399498573 0.013477912315955529 0.013651847839355469
0 0.21773239282461312 0.5267733060396634 0.03416156768798828 0.06522868229792668
0 0.3295848552997296 0.41159563798170823 0.01401827885554387 0.014158248901367188
0 0.6849434192364032 0.26151127081650954 0.014453594501201924 0.014253946451040415
0 0.3534110876230093 0.7217323596660907 0.03377268864558293 0.0342408693753756
0 0.6735688723050631 0.5579423170823318 0.013519580547626201 0.013437857994666466
0 0.30946720563448393 0.2932325509878305 0.014387937692495493 0.014589309692382812
0 0.5419896932748648 0.9195936643160306 0.04071719829852764 0.04076796311598558
0 0.5963031695439265 0.43372565049391526 0.013941618112417368 0.014130959144005409
0 0.7416406044593225 0.41131291022667515 0.014131692739633413 0.014366810138408955
0 0.55773375584529 0.11331574733440693 0.03886868403508113 0.037633767494788535
0 0.6978235978346604 0.28446311217087966 0.014328589806189904 0.01445322770338792
0 0.2235436072716346 0.5969365560091459 0.01474307133601262 0.014693773709810697
0 0.4326503827021672 0.45345306396484375 0.014023927541879507 0.01407777346097506
0 0.3576044669518104 0.44350271958571214 0.015776707575871393 0.016186053936298076
0 0.656807385958158 0.14227153704716608 0.05314959012545072 0.052656393784743086
0 0.39113404200627255 0.16849646201500526 0.018474432138296273 0.01869333707369291
0 0.4120564093956581 0.747865236722506 0.014673379751352163 0.014888763427734375
0 0.31183220789982724 0.18710877345158503 0.01624151376577524 0.016103597787710335
0 0.7385460780217097 0.7474064460167518 0.01487438495342548 0.014762584979717549
0 0.3011228854839618 0.5804747801560622 0.014698028564453125 0.014787087073692909
0 0.308501463669997 0.16143705294682428 0.013904259755061222 0.01392657940204327
