0 0.33211462314312273 0.07394777811490573 0.24645240490253156 0.1457695594200721
0 0.5770470545842097 0.6367618854229267 0.0865009014423077 0.08696361688467172
0 0.615302195915809 0.5346236595740685 0.04735895303579477 0.04738558255709135
0 0.41555954859806943 0.6183074070857122 0.07813835144042969 0.07712466900165264
0 0.42995573924138 0.2307890745309683 0.06742492088904747 0.06744179358849159
0 0.9232927469106821 0.9471529447115384 0.05666057880108173 0.056134737454927884
0 0.32379894990187424 0.36532203967754656 0.0641635748056265 0.06470152047964242
0 0.8171014052170974 0.8586214505709134 0.14090523352989784 0.14240382267878607
0 0.587494263282189 0.2711208967062143 0.08996802109938401 0.09044430806086613
0 0.5145851281973032 0.5914287200340858 0.04106741685133714 0.04119300842285156
0 0.2992957922128531 0.02430331248503465 0.043462386498084433 0.04266794828268198
0 0.14549627670874962 0.25284849680387056 0.0438537964454064 0.043987090771014876
0 0.6410704392653245 0.9708831493671124 0.06244101891150841 0.05276225163386418
0 0.6500590397761419 0.6263804802527795 0.06088931743915264 0.06134576063889723
0 0.11606928018423227 0.5595293778639573 0.042404468242938705 0.0424647698035607
0 0.4496330114511343 0.1257618023799016 0.051931527944711536 0.05114951500525841
0 0.8642005920410156 0.3027043525989239 0.04923380338228666 0.04963966516348032
0 0.5830404575054462 0.9623458568866436 0.06698006850022536 0.06600277240459736
0 0.062208904669835016 0.220263646199153 0.05498899863316463 0.05443444618811974
0 0.5420228517972506 0.8605210964496319 0.06780242919921875 0.06866968595064603
0 0.2705787511972281 0.4544337346003606 0.03455154712383564 0.034571354205791764
0 0.0964213884793795 0.15398713258596566 0.027614813584547777 0.027722798860990085
0 0.9494328865638146 0.5589473430926983 0.050113824697641224 0.05001258850097656
0 0.1330269300020658 0.8395108443040115 0.05818469707782452 0.05795698899489183
0 0.38112343274630034 0.27558187338022083 0.037491798400878906 0.03734009082500751
0 0.044787429846250094 0.06847941875457764 0.0659711085833036 0.06838736167320839
0 0.3603035853459285 0.5908916179950421 0.05774351266714243 0.057306142953725964
0 0.9309575741107647 0.21364001127389762 0.09260162940392128 0.09253619267390324
0 0.20824461716871995 0.7349664247952975 0.03958210578331581 0.03979903001051683
0 0.4619278907775879 0.7184983033400315 0.041327476501464844 0.0413813957801232
0 0.41162806290846604 0.3320129101092999 0.042650809654822715 0.04300278883713942
0 0.3102694291334886 0.858726794903095 0.0461274477151724 0.04617456289438101
0 0.11864260526803824 0.10650079983931321 0.05149654241708609 0.051227918038001426
0 0.8707438248854417 0.7989912033081055 0.05373441256009615 0.05345417903019832
0 0.9042170597956731 0.4964970075167142 0.05421124971829928 0.054696156428410456
0 0.8987057025615985 0.6507662259615384 0.020966163048377402 0.021113175612229567
0 0.3733988541823167 0.2372007003197303 0.052990106435922474 0.05430522331824669
0 0.7931891954862155 0.6114342029278095 0.0509342780480018 0.05016546982985277
0 0.07261314758887658 0.7128770534808819 0.029433635564950798 0.02944212693434495
0 0.48145697667048526 0.09375577706557053 0.023098872258112982 0.023190846809974082
0 0.41559619169968826 0.2980528794802152 0.07001099219689003 0.07018364392794095
0 0.24314034902132475 0.8483245556171124 0.022187269650972806 0.02224907508263221
0 0.6271858948927659 0.19340924116281363 0.044673772958608776 0.04458262370182918
0 0.07351528222744282 0.7792820563683143 0.029738233639643744 0.029791905329777643
0 0.12161104495708759 0.3105790064885066 0.029161508266742412 0.029325338510366585
0 0.7706316434420072 0.14865005016326904 0.0504614023061899 0.05057930946350098
0 0.2796534758347731 0.6661307261540339 0.02630747281588041 0.026309820321890023
0 0.2956523895263672 0.4762292275061974 0.04205997173602764 0.04178553361159105
0 0.024765794093792256 0.46489609204805815 0.03709919636066143 0.057036326481745794
0 0.6660294165978065 0.7478362596951998 0.052471160888671875 0.052969712477463946
0 0.3348893385667067 0.31862743084247297 0.0415645012488732 0.0414575430063101
0 0.8039316030649039 0.026216422136013325 0.040928033682016224 0.04119644256738516
0 0.5943458263690655 0.130736571091872 0.036399547870342545 0.03659824224618765
0 0.7428911649263822 0.11037972340217003 0.04831607525165264 0.04799707119281475
0 0.40027486360990083 0.9852576622596154 0.025505506075345553 0.024431668795072116
0 0.33832770127516526 0.8340925069955679 0.03359501178448017 0.03363873408390926
0 0.8424979723416842 0.617558846106896 0.023498094998873197 0.023444102360652044
0 0.07621182845189022 0.6517661168025091 0.027384464557354268 0.027513944185697116
0 0.1688094139099121 0.6224482609675481 0.02551570305457482 0.025755698864276592
0 0.15722355475792518 0.421596307020921 0.02895817389855018 0.029116703913762018
0 0.33847687794612 0.21373367309570312 0.05549937028151292 0.05609681056096004
0 0.8969089067899264 0.08672384115365836 0.09080930856557992 0.09206892893864559
0 0.12912900631244367 0.18462481865516076 0.04435154107900766 0.044620367196890026
0 0.1437020576917208 0.009732335805892944 0.02651077050429124 0.018115433362814095
0 0.844303717980018 0.3616655789888822 0.02640812213604267 0.026616756732647236
0 0.026165386805167563 0.843602547278771 0.0411184155024015 0.06786111684945914
0 0.13770259343660796 0.27827622340275693 0.18705180975107047 0.21228797619159406
0 0.8714806483342097 0.24469155531663161 0.04433235755333534 0.044766976283146784
0 0.29985156426062953 0.9696419055645282 0.02623286614051232 0.026114537165715143
0 0.5591080005352314 0.012721034196706919 0.03655389639047476 0.024201310597933255
0 0.15638147867642915 0.5703643652109 0.02223513676570012 0.021970088665301982
0 0.511839719919058 0.18734202018150917 0.025760944073016826 0.02584692148061899
0 0.19672800944401667 0.7863019796518179 0.027387729057898887 0.02733010512131911
0 0.6601883081289438 0.8437395829420823 0.017585901113656852 0.017452826866736777
0 0.8622737297644982 0.42513080743642956 0.025921161358173076 0.026073382450984076
0 0.08591786714700553 0.7516194857083834 0.024790140298696663 0.024661724384014424
0 0.8632132456852839 0.45449227553147536 0.030629818256084736 0.03120114253117488
0 0.33280159876896787 0.2859863501328688 0.028964849618765023 0.028166991013746995
0 0.812008784367488 0.28696566361647385 0.06835438654972957 0.06663080362173227
0 0.6788673400878906 0.09217407153202938 0.03344887953538161 0.03345767809794499
0 0.1565534151517428 0.9793886771568885 0.021503705244797926 0.0213009760929988
0 0.2977443474989671 0.31534345333392805 0.034452071556678183 0.0342405025775616
0 0.5386856886056753 0.4267625075120192 0.017702542818509616 0.017650897686298076
0 0.8683677086463342 0.14631314461047834 0.059968801645132214 0.06041972453777607
0 0.15146721326387846 0.4552142069889949 0.030269659482515775 0.03033593984750601
0 0.983402839073768 0.42753050877497745 0.016696636493389424 0.021863864018366888
0 0.5365943175095779 0.3753305215101976 0.04191127190223107 0.04169478783240685
0 0.7870209033672626 0.9615579751821665 0.06894361055814303 0.0678251706636869
0 0.6310990406916692 0.13405942916870117 0.029059776893028848 0.028655125544621393
0 0.7910798879770132 0.21352263597341684 0.044229360727163464 0.04481825461754432
0 0.9197273254394531 0.0539818681203402 0.12705436119666466 0.10465754912449764
0 0.806392082801232 0.8419357446523813 0.016438117394080527 0.016286263099083535
0 0.7424020767211914 0.23039612403282753 0.04967630826509916 0.04916513883150541
0 0.05327682770215548 0.1538017438008235 0.03374494039095365 0.034341280276958756
0 0.6746280376727765 0.70367248241718 0.06812022282527043 0.06823334327110878
0 0.17642892324007475 0.8930263519287109 0.021277647752028245 0.021319462702824518
0 0.1956001611856314 0.9149745060847356 0.019664617685171273 0.02006354698768029
0 0.27754743282611555 0.3908668664785532 0.02247307850764348 0.022515370295597956
0 0.5094011746920072 0.2634384265312782 0.06393095163198617 0.06328696470994216
0 0.9207729926476111 0.4149307471055251 0.015574822059044471 0.015560003427358774
0 0.7316670784583459 0.6415160252497747 0.04261853144719051 0.04346671471228966
0 0.4560045829186073 0.09580879028026874 0.024857227618877705 0.024709188021146335
0 0.5727446629450872 0.061275445497952975 0.02870002159705529 0.02882233032813439
0 0.6981394841120794 0.1901562213897705 0.024146446814903848 0.024300245138315055
0 0.3353172448965219 0.43900478803194487 0.02738468463604267 0.027484820439265326
0 0.8912517841045673 0.26888051399817836 0.042218721829927884 0.0419004146869366
0 0.82153687110314 0.5334202693058894 0.0186306880070613 0.018669862013596755
0 0.7741594314575195 0.2569880485534668 0.03722366919884315 0.03703227409949669
0 0.47126362873957706 0.6107354897719163 0.03166418809157152 0.031163655794583835
0 0.6685543060302734 0.2900468386136569 0.0334314199594351 0.03345027336707482
0 0.7610033475435697 0.765654050386869 0.017050816462590143 0.017247420090895433
0 0.20273454372699445 0.2677699602567233 0.15448511563814604 0.1725304676936223
0 0.30339921437777007 0.24158371411837065 0.03055400114793044 0.030696648817795973
0 0.9546275505652795 0.8217576833871695 0.021257547231820915 0.021262388962965745
0 0.5716326053325946 0.21997270217308632 0.03475057161771334 0.03498763304490309
0 0.5145044326782227 0.13833791476029617 0.034707216116098255 0.034381481317373425
0 0.7359933119553786 0.08583752925579365 0.01654845017653245 0.016516832204965446
0 0.01905627319445977 0.5622684772198017 0.016812913692914523 0.01694459181565505
0 0.9159666208120493 0.5758633246788611 0.02373079153207632 0.02399620643028846
0 0.7927469106820914 0.9658605868999774 0.016887077918419473 0.017215728759765625
0 0.8341973378108098 0.08861175867227408 0.02706014193021334 0.026996025672325723
0 0.4533865268413837 0.2723257541656494 0.021489510169396035 0.021483458005464993
0 0.8852511185866135 0.45878146244929385 0.04219671396108774 0.04185126377986027
0 0.13107218192173883 0.27982649436363805 0.01823716897230882 0.018057603102463942
0 0.036373766568990856 0.11751278547140268 0.027342842175410345 0.027890993998600885
0 0.4882015815147987 0.9704955174372747 0.06691272442157452 0.055576177743765026
0 0.054706261708186224 0.8732474400446966 0.026880319301898662 0.02695641150841346
0 0.9042883652907151 0.5444407096275916 0.03705758314866286 0.03751461322490986
0 0.025360620938814603 0.1969906366788424 0.033957527234004095 0.03818233196551983
0 0.061060272730313815 0.9679719484769381 0.02935644296499399 0.029587965745192308
0 0.9339497639582708 0.4580652897174542 0.03604566133939303 0.035588557903583236
0 0.24121541243333083 0.6395196181077224 0.03019413581261268 0.030238518348106973
0 0.94306153517503 0.5100198158851037 0.022396967961237982 0.022612718435434196
0 0.5858953182513897 0.3240483357356145 0.036609502939077526 0.036745584928072415
0 0.27373843926649827 0.6335940727820764 0.019574055304894082 0.01985007065993089
0 0.07559304053966816 0.8159244977510892 0.022838830947875977 0.022629517775315505
0 0.18548829738910383 0.40252344424907976 0.02526202568641076 0.025313304020808294
0 0.6113940752469577 0.9375434288611779 0.02505185053898738 0.024921417236328125
0 0.049334205113924466 0.6116163547222431 0.015274414649376502 0.015715378981370192
0 0.5109965984637921 0.9171849764310397 0.053435105543870196 0.05368364774263822
0 0.7503035618708684 0.3005577050722562 0.05597481360802284 0.05677307569063627
0 0.8535318374633789 0.27104968291062576 0.021227909968449518 0.02115469712477464
0 0.9682320814866286 0.6385895655705378 0.04224718534029447 0.042365734393780045
0 0.9245997208815354 0.3112092384925255 0.026937338022085335 0.026776662239661582
0 0.02227923274040222 0.09358110794654259 0.026044469613295335 0.02783067409808819
0 0.30089627779447115 0.18841406015249398 0.05163258772629958 0.05152152134821965
0 0.9617203198946439 0.919677734375 0.01548004150390625 0.01547710712139423
0 0.9757977999173678 0.36172030522273135 0.030335206251878005 0.046799806448129505
0 0.5553310834444486 0.8218237069936899 0.04527884263258714 0.04702318631685697
0 0.9086912595308744 0.35088465763972354 0.014969458946814904 0.014998802771935096
0 0.43336978325477016 0.36818533677321214 0.020003538865309495 0.01989437983586238
0 0.08746805557837853 0.8904910454383264 0.02036283566401555 0.020183709951547477
0 0.08140320044297439 0.8448028564453125 0.04808245713894184 0.04854275630070613
0 0.687895261324369 0.046266367802253135 0.03332079373873197 0.033480625886183515
0 0.03892484995035025 0.6243875943697416 0.05555524275853084 0.056325435638427734
0 0.5631543673001803 0.0908584686426016 0.02810184772198017 0.027686339158278245
0 0.9233291332538311 0.5255057261540339 0.027071439302884616 0.026955091036283053
0 0.49526522709773135 0.3503569089449369 0.024863243103027344 0.02484409625713642
0 0.31157820041363055 0.7267888876108023 0.047666109525240384 0.04687030498798077
0 0.8188435481144831 0.1362826915887686 0.02281012901893029 0.02349365674532377
0 0.5431272800152118 0.04537219267625075 0.02025772975041316 0.01991904928134038
0 0.7475888912494366 0.019724774819154006 0.054703785822941706 0.038698237675886885
0 0.3099723962637094 0.27681552446805513 0.02054258493276743 0.021068683037391074
0 0.707734621488131 0.14565062522888184 0.05256227346567007 0.05127026484562801
0 0.29753501598651594 0.8890215066763071 0.01684713363647461 0.016811224130483773
0 0.7291262700007513 0.3211844517634465 0.016365638146033652 0.01678290733924279
0 0.8606228461632361 0.1869816046494704 0.03903491680438702 0.039232914264385514
0 0.6691800631009616 0.8793175037090595 0.014993814321664663 0.015047806959885817
0 0.04484334358802208 0.3901432477510892 0.017546855486356296 0.017922254709097054
0 0.3325022550729605 0.9681456639216497 0.028104121868426982 0.028116959791917067
0 0.46498782818134016 0.410395989051232 0.02478790283203125 0.02515543424166166
0 0.09164605690882756 0.1901074189406175 0.03589362364548903 0.03603040255033053
0 0.7316001011775091 0.4938320746788612 0.022074772761418268 0.021922918466421273
0 0.9227105654202975 0.8763153369610126 0.018164708064152643 0.017998475294846755
0 0.05452313331457285 0.8297088329608624 0.017643424180837777 0.017615391657902643
0 0.12267679434556228 0.49797226832463193 0.020367145538330078 0.020633697509765625
0 0.8898290487436148 0.6205586653489333 0.050104581392728366 0.0511622795691857
0 0.12148484816918007 0.30916067270132214 0.03692852533780611 0.052225699791541465
0 0.09648887927715595 0.9323404752291166 0.03235396972069374 0.03217741159292368
0 0.1059881173647367 0.043377234385563776 0.020319315103384163 0.020803277309124287
0 0.2252941131591797 0.37140479454627406 0.01666094706608699 0.01682442885178786
0 0.8987953479473407 0.7686714025644156 0.030046609731820915 0.030263167161207933
0 0.26380238166222203 0.2019804807809683 0.023370889516977165 0.02361458998460036
0 0.8997701498178335 0.427337463085468 0.014499370868389424 0.01476581280048077
0 0.4088616371154785 0.1896662345299354 0.01676067939171424 0.01699381608229417
0 0.4906275822566106 0.3817104192880484 0.03642742450420673 0.03603964585524339
0 0.39695475651667667 0.45132769071138823 0.05288065396822416 0.05300551194411058
0 0.3495695407573993 0.2708607453566331 0.020943348224346455 0.020653211153470553
0 0.3688823993389423 0.3413220185499925 0.04843990619365986 0.05043345231276292
0 0.8792252173790565 0.6121809299175556 0.016187227689302884 0.016238579383263223
0 0.3388806856595553 0.6738584224994366 0.014647263746995192 0.014798531165489784
0 0.7630730408888596 0.3631053337684044 0.027214637169471152 0.026778147770808294
0 0.5509849695058969 0.45569243797889125 0.014116287231445312 0.01395724369929387
0 0.2852902412414551 0.19590410819420448 0.020444686596210185 0.020838517409104567
0 0.8027563828688401 0.5829599087054913 0.0155792236328125 0.015675764817457933
0 0.6617378821739783 0.06293667279756986 0.03213794414813702 0.03222388487595778
0 0.5900580332829402 0.1919073875133808 0.02194492633526142 0.021590636326716497
0 0.7962873899019681 0.36046695709228516 0.0265042231633113 0.02666649451622596
0 0.45173322237454927 0.5571857232313889 0.016943638141338643 0.017093511728140023
0 0.7086985661433294 0.29156105334942156 0.052777803861177884 0.05190731928898738
0 0.03157207599053016 0.3123925282404973 0.04674804210662842 0.06543467595027043
0 0.828370607816256 0.665593514075646 0.01993414071890024 0.019825275127704326
0 0.24437715457035944 0.6003156075110803 0.025372065030611478 0.02534939692570613
0 0.08650519297673152 0.028217907135303203 0.024747697206643913 0.02472210847414457
0 0.3093682802640475 0.7208493306086614 0.056941710985623874 0.056000782893254206
0 0.9160816486065204 0.6773791679969201 0.017879486083984375 0.01804659916804387
0 0.1225283879500169 0.054406895087315485 0.04539031248826247 0.046293047758249134
0 0.7936501869788537 0.01704567212324876 0.013391641470102163 0.013111059482281025
0 0.979798096876878 0.5944417806772085 0.015706282395582933 0.01568471468411959
0 0.8289447197547326 0.21879199834970328 0.021209129920372598 0.021114496084359977
0 0.4624501008253831 0.03592032194137573 0.015764383169320915 0.016709015919612005
0 0.6902228868924655 0.9052650745098407 0.03881967984713041 0.0390313955453726
0 0.50291684957651 0.035095771917930015 0.020213934091421273 0.020428341168623704
0 0.1258702461536114 0.1395815794284527 0.046072813180776745 0.04584798446068397
0 0.8286729959341196 0.5265628007742075 0.11652315579927884 0.11859314258282001
0 0.256620663862962 0.17338209885817307 0.024531071002666768 0.024915181673490085
0 0.8699483137864333 0.359830196087177 0.03377797053410457 0.03394941183236929
0 0.770886127765362 0.19011480991656965 0.016067358163686898 0.015968176034780648
0 0.1876979607802171 0.5807681817274827 0.039198655348557696 0.038633566636305586
0 0.5776554254385141 0.7296358255239633 0.031184856708233174 0.03154461200420673
0 0.04286028788639949 0.7753203465388372 0.031015561177180365 0.03090843787560096
0 0.7942386040320764 0.10074274356548603 0.06009674072265625 0.059863232649289645
0 0.7833141913780799 0.051926493644714355 0.026503929725060098 0.02629744089566744
0 0.7324610490065354 0.91711058983436 0.051728468674879804 0.05209644024188702
0 0.014071487463437594 0.9695289318378155 0.019451379776000977 0.028659233680138223
0 0.8211702200082632 0.43416698162372297 0.022900801438551683 0.023200255173903245
0 0.8089282696063702 0.15927951152508074 0.026407681978665866 0.02640368388249324
0 0.953337155855619 0.26622238525977504 0.07530006995567909 0.13481980103712815
0 0.6012364901029147 0.05687977717472957 0.02598425058218149 0.026488469197199896
0 0.14648135808797982 0.3064994812011719 0.1653881989992582 0.16221317878136268
0 0.13354063034057617 0.1411419281592736 0.0299987609569843 0.03069778589101938
0 0.8053078284630408 0.23869980298555815 0.035308544452373795 0.03609767326941857
0 0.13671137736393854 0.9070718471820538 0.01881724137526292 0.019070992102989785
0 0.15918148480928862 0.9037510798527644 0.01686535431788518 0.016637068528395433
0 0.35306185942429763 0.45836599056537336 0.0235901612501878 0.023096598111666165
0 0.22345788662250227 0.7933524205134466 0.017206998971792366 0.01698171175443209
0 0.6448579934927133 0.8203203494732196 0.03109565147986779 0.031171798706054688
0 0.9339196865375226 0.32730704087477464 0.0326539553128756 0.032554333026592545
0 0.9413086084219126 0.6016740432152381 0.0460962148813101 0.045961893521822415
0 0.05587343986217792 0.8440000093900241 0.016338440088125374 0.015900831956129808
0 0.4976084048931415 0.3535930926983173 0.022773889394906852 0.02286500197190505
0 0.23893558062039888 0.7741570105919471 0.016128980196439303 0.016207181490384616
0 0.8211471851055439 0.13718762764563927 0.02769044729379507 0.02782781307513897
0 0.4561605086693397 0.4530494763300969 0.06234051631047176 0.06282777052659255
