0 0.4495820999145508 0.4564569913423978 0.10878408872164212 0.10732005192683293
0 0.2531642180222731 0.4787706961998573 0.12322609241192158 0.12292040311373197
0 0.12869833065913275 0.28192978638869065 0.060584691854623646 0.06164910243107723
0 0.48728422018197864 0.541626343360314 0.0901935283954327 0.09054873539851262
0 0.5054526695838342 0.6472630133995643 0.12726101508507362 0.1289512927715595
0 0.15703648787278396 0.19476824540358323 0.08408762858464168 0.08344199107243465
0 0.7855262756347656 0.6504364013671875 0.06224265465369591 0.06243456326998197
0 0.8445634108323318 0.6880520307100736 0.09858351487379807 0.09720552884615384
0 0.45107093224158656 0.0477109826528109 0.024303142841045674 0.024598029943612907
0 0.6165356269249549 0.4891784741328313 0.0769195189842811 0.07737952012282151
0 0.3463078278761644 0.23484981977022612 0.10006451606750488 0.09795254927415115
0 0.45929600642277646 0.7236619362464318 0.049753775963416465 0.04977871821476863
0 0.29711780181297887 0.5488672256469727 0.04360143954937275 0.04359619434063251
0 0.11498507169576791 0.1510326862335205 0.037463096471933216 0.05571325008685772
0 0.3312197831960825 0.3541069764357347 0.021378076993502103 0.02163109412560096
0 0.23393069780789888 0.6262146142812876 0.07264328002929688 0.07248408977801983
0 0.27013670481168306 0.5875345376821665 0.0462036499610314 0.04594582777756911
0 0.14134795849139875 0.4526795240548941 0.08843836417564979 0.09863361945519081
0 0.2678831540621244 0.14241662392249474 0.02860861558180589 0.028908142676720254
0 0.34071019979623646 0.5878774202786959 0.029082298278808594 0.029165194584773138
0 0.5489481412447416 0.7101836571326623 0.11020359626183143 0.10894217857947716
0 0.17632939265324518 0.05744638809790978 0.13977550543271577 0.11429788516117977
0 0.6827211380004883 0.6481742125291091 0.0757447756253756 0.07735751225398137
0 0.6706310418935922 0.5587698863102839 0.07385796767014724 0.07297794635479267
0 0.6716935084416316 0.33906848614032453 0.08312489436222957 0.08379760155310997
0 0.6533809074988732 0.6078545497013972 0.053636404184194714 0.05338067274827223
0 0.7453795212965745 0.5900918520413913 0.0877227783203125 0.08634229806753305
0 0.5221649316641 0.18976257397578314 0.05544222318209135 0.055324444404015176
0 0.26687981532170224 0.03530094715265127 0.02670449476975661 0.026597023010253906
0 0.8077012575589694 0.19631132712730995 0.06432342529296875 0.06497625204233023
0 0.34951011951153094 0.8745162670428936 0.10749991123492901 0.10872738177959736
0 0.12384869502140926 0.23500308623680702 0.04316909496600811 0.042711037855881914
0 0.3413048524122972 0.049028295737046465 0.01657390594482422 0.016565799713134766
0 0.1696599813608023 0.24659861051119292 0.022890604459322415 0.023000277005709134
0 0.24381685256958008 0.8350359109731821 0.034435198857234076 0.03446461604191707
0 0.7451280447152945 0.15988496633676383 0.06402323796198918 0.06391323529756986
0 0.7264622908372146 0.44528040519127476 0.08560503446138822 0.08497106111966647
0 0.7666724278376653 0.2389092078575721 0.02855535653921274 0.0286102294921875
0 0.2399003138908973 0.29807862868675816 0.0888664905841534 0.08531867540799655
0 0.40628143457266 0.32854520357572115 0.16190220759465143 0.16034889221191406
0 0.12943498904888445 0.5033931732177734 0.02080400173480694 0.020917452298677884
0 0.3273322032048152 0.12941840978769156 0.053857656625600964 0.05384646929227389
0 0.3486167467557467 0.9403615364661584 0.044995674720177285 0.04471162649301382
0 0.32716817122239333 0.5335062467134916 0.02730428255521334 0.0273895997267503
0 0.5558217488802396 0.13094276648301345 0.01992629124568059 0.020035486954909105
0 0.6922169465285081 0.17877949201143706 0.06166898287259615 0.061491195972149186
0 0.7362871903639573 0.8114907191349909 0.25407204261192906 0.2600103525015024
0 0.47674883328951323 0.14199716311234695 0.015460381141075721 0.015485506791334886
0 0.531525941995474 0.012146924550716694 0.01797947516808143 0.017918884754180908
0 0.39415564903846156 0.5513669527493991 0.02452710958627554 0.024615948016826924
0 0.33830639032217175 0.6579115940974309 0.14458810366117036 0.14342348392193133
0 0.27898803124061 0.9728852785550631 0.022665023803710938 0.023158146784855768
0 0.1439898472565871 0.5594982000497671 0.015324280812190129 0.01572564932016226
0 0.607361940237192 0.573727534367488 0.056490531334510215 0.05707630744347206
0 0.2941680688124437 0.9196881514329177 0.034464322603665866 0.0346832275390625
0 0.21436462035545936 0.9471871302678034 0.0336144153888409 0.03414418147160457
0 0.2755680267627423 0.2581648826599121 0.04594637797429012 0.045257568359375
0 0.3822952417226938 0.6495742797851562 0.036745658287635215 0.036428011380709134
0 0.6381111145019531 0.9767115666316106 0.02384185791015625 0.02396246103140024
0 0.25804396776052624 0.40260615715613735 0.04073183353130634 0.0410762199988732
0 0.1382077932357788 0.9175506004920373 0.028354406356811523 0.028635465181790866
0 0.7404619363638071 0.3285381610576923 0.046133774977463946 0.045252011372492865
0 0.3302094019376315 0.4082033450786884 0.06922604487492488 0.07071113586425781
0 0.5772201831524189 0.6067845271183894 0.03854076678936298 0.03927524273212139
0 0.7309557107778696 0.5233745574951172 0.062490609975961536 0.06332705571101262
0 0.5616379517775315 0.36919799217811 0.16030458303598258 0.16202414952791655
0 0.7094394243680514 0.8592467674842248 0.13916954627403846 0.13911291269155648
0 0.4337309323824369 0.5200936977679913 0.015607980581430288 0.015987396240234375
0 0.5984005928039551 0.28475321256197417 0.08754796248215896 0.08790060190054086
0 0.7124062318068284 0.39130717057448167 0.0447078117957482 0.043914794921875
0 0.7040370794442984 0.9706422365628756 0.07457865201509915 0.053510225736177884
0 0.8590104029728816 0.13828398631169245 0.07647294264573318 0.07805772928091195
0 0.7495552209707407 0.6891333506657527 0.037832406850961536 0.03774041395920973
0 0.8761527721698468 0.9432593125563401 0.03582954406738281 0.037001389723557696
0 0.5380974549513596 0.5593249247624323 0.027030357947716348 0.027285942664513223
0 0.5965164257929876 0.9530839186448318 0.06942169482891376 0.06990315363957332
0 0.4836583137512207 0.8738641005295974 0.05215725531944862 0.05267832829402043
0 0.882411369910607 0.7520310328556941 0.031211266150841348 0.038057767427884616
0 0.12207522759070763 0.3600471936739408 0.04977233593280499 0.06055098313551683
0 0.47896766662597656 0.7978382110595703 0.10772279592660758 0.11017461923452523
0 0.5981426239013672 0.6775809067946214 0.09703768216646634 0.09718968318058895
0 0.2525717845329872 0.9299432314359225 0.049431177286001354 0.04842318021334135
0 0.25005674362182617 0.8150443297166091 0.022667371309720553 0.023120733407827523
0 0.36339481060321516 0.5090575584998498 0.03289252061110277 0.032588958740234375
0 0.6861786475548377 0.029056356503413275 0.11036447378305289 0.05727557952587421
0 0.45118276889507586 0.15611006663395807 0.01820681645320012 0.01821452837723952
0 0.42884056384746844 0.6247169788067157 0.0422206291785607 0.04198246735792894
0 0.24607381453880897 0.7520333803617038 0.05067935356727013 0.05121260422926683
0 0.6189701373760517 0.8994916769174429 0.09222808251014122 0.09072523850661057
0 0.3777059041536771 0.4319303952730619 0.046090859633225664 0.04604603694035457
0 0.6286392211914062 0.5438814530005822 0.018451690673828125 0.018521602337176982
0 0.8176608452430139 0.10771474471459022 0.03295458280123197 0.033083402193509616
0 0.7079929938683143 0.949841572688176 0.04647122896634615 0.046575106107271634
0 0.7384660427386944 0.6468033423790565 0.038319954505333535 0.03812907292292668
0 0.4232318584735577 0.532871833214393 0.04472013620229868 0.045039983896108776
0 0.2836386240445651 0.6873522538405198 0.01416470454289363 0.014152820293719951
0 0.3410082963796762 0.6393534586979792 0.11454318119929387 0.08432843134953426
0 0.379604119520921 0.651440326984112 0.029873041006234977 0.028924942016601562
0 0.18968026454632098 0.40463557610144985 0.014377667353703426 0.01460559551532452
0 0.7874623812161959 0.5653557043809158 0.014104402982271634 0.014093545766977163
