0 0.6379579397348257 0.35611548790564906 0.1701384691091684 0.17090232555682844
0 0.49623790154090297 0.29322011654193586 0.05414874737079327 0.054284902719350964
0 0.2933406096238356 0.9544717348538913 0.06206717857947716 0.06290553166316105
0 0.5668323590205266 0.13544767636519212 0.05646426861102764 0.055515747803908125
0 0.6485180487999549 0.15061163902282715 0.04331207275390625 0.043468658740703874
0 0.6139533336345966 0.018948487364328824 0.031519449674166165 0.03171401069714473
0 0.3524326544541579 0.2942645733173077 0.02112278571495643 0.021134669964130107
0 0.3609475722679725 0.5291058466984675 0.1091142067542443 0.10742568969726562
0 0.6444199635432317 0.45514781658466047 0.03128667978140024 0.03128836705134465
0 0.6491165161132812 0.08324577258183406 0.030071258544921875 0.029996358431302585
0 0.390017399421105 0.09743182475750263 0.028943648705115683 0.028851655813363884
0 0.6862892737755408 0.05985934000748854 0.03173681405874399 0.0317380795112023
0 0.7113537421593299 0.693521132835975 0.020831474891075723 0.02081460219163161
0 0.3852665607745831 0.9755087632399339 0.05328853313739483 0.047429598294771634
0 0.38359862107496995 0.061398593279031605 0.02208394270676833 0.021962193342355583
0 0.6663196270282452 0.03167468997148367 0.02556023230919471 0.026189203445728008
0 0.5947104233961839 0.07135409116744995 0.02882238534780649 0.02898112627176138
0 0.687436030461238 0.5795213259183444 0.024604210486778848 0.024668400104229268
0 0.5713553795447717 0.0937188405257005 0.02791617466853215 0.028074374565711387
0 0.287064974124615 0.7319429837740384 0.022647307469294622 0.022587702824519232
0 0.38892093071570766 0.1289063416994535 0.026301750769981973 0.02631554236778846
0 0.6805032583383414 0.010263016590705285 0.02324529794546274 0.01935778672878559
0 0.5709435756389911 0.24322201655461237 0.02538717710054838 0.02562288137582632
0 0.3205750905550443 0.07827177414527306 0.02093087709867037 0.020903550661527194
0 0.38286275130051833 0.019576613719646748 0.019954534677358773 0.019911885261535645
0 0.3185155208294208 0.18358291112459624 0.02139700376070463 0.02165383559006911
0 0.5342077475327712 0.31407939470731294 0.02204278799203726 0.02197405008169321
0 0.30091036283052885 0.223905636714055 0.017763284536508415 0.017859385563777044
0 0.6319985022911658 0.1257656720968393 0.02210822472205529 0.022005594693697415
0 0.45037089861356294 0.08546132307786208 0.01937110607440655 0.01953737552349384
0 0.3127671755277194 0.09734658094552848 0.02342965052678035 0.023022835071270283
0 0.48621071301973784 0.33620144770695615 0.03113379845252404 0.03145276583158053
0 0.3499786670391376 0.022206166615852944 0.021755218505859375 0.02154744129914504
0 0.33429171488835263 0.03676554331412682 0.022397554837740384 0.022256979575523965
0 0.4012189278235802 0.4023737540611854 0.07672309875488281 0.07784982827993539
0 0.4572163361769456 0.24840941795935997 0.05298203688401442 0.05242171654334435
0 0.3670335549574632 0.10047166164104755 0.017947270320012018 0.01804938683143029
0 0.6753960389357346 0.17463227418752816 0.01853796151968149 0.018651962280273438
0 0.28708800902733433 0.9893360137939453 0.02948130094088041 0.01999634962815505
0 0.6092561208284818 0.13344361231877253 0.02710114992581881 0.026856532463660605
0 0.7183933258056641 0.7532631800724909 0.02083616990309495 0.02054170461801382
0 0.4971864406879132 0.07006663542527419 0.016898962167593148 0.017078436337984525
0 0.6167328907893255 0.15381561792813814 0.020284505990835335 0.02051885311420147
0 0.6884035697350135 0.18981476930471566 0.022631718562199518 0.0228882936330942
0 0.5333838096031775 0.21712244473970854 0.022110132070688102 0.022197246551513672
0 0.6513310945951022 0.01951929468374986 0.022545447716346152 0.022333809962639443
0 0.31081599455613357 0.46257701286902797 0.07947965768667367 0.08040076035719651
0 0.48878024174616885 0.01865097077993246 0.01603273245004507 0.015848693939355705
0 0.6868887681227464 0.2416978249183068 0.02098875779371995 0.020728257986215446
0 0.5177869429955115 0.12140924196976882 0.02120685577392578 0.02123572276188777
0 0.48441652151254505 0.030759460650957547 0.01993384728064904 0.01970759263405433
0 0.6079091292161208 0.2691352917597844 0.04038869417630709 0.040101088010347806
0 0.6057831690861628 0.1092085471520057 0.017746558556189902 0.017500804020808294
0 0.3193321961622972 0.29078184641324556 0.016827216515174277 0.0167691157414363
0 0.4986996283897987 0.08921624146975003 0.019539319551908053 0.019537687301635742
0 0.2720050261570857 0.6708586766169622 0.016346234541672926 0.01857302739070012
0 0.7003876612736628 0.4257389215322641 0.024128840519831732 0.02459570077749399
0 0.5546214030339167 0.011578444104928236 0.016415962806114785 0.015676060548195474
0 0.4144496184128981 0.04180590006021353 0.021392675546499398 0.021228295106154222
0 0.6205794994647686 0.43523627061110276 0.02259650597205529 0.022099421574519232
0 0.7004500169020432 0.22477109615619367 0.017022352952223558 0.017047662001389723
0 0.4924457256610577 0.21584011958195612 0.029279562143179085 0.029537714444673978
0 0.608482287480281 0.20944655858553374 0.021196365356445312 0.02114721444936899
0 0.6237157674936148 0.07659505880795993 0.01805598919208233 0.018049185092632588
0 0.512788515824538 0.2632306539095365 0.020437020521897536 0.020383027883676384
0 0.31242807094867414 0.006855131341860845 0.026554621182955228 0.013709639127437886
0 0.6649615948016827 0.12331425226651706 0.01808034456693209 0.017905803827139046
0 0.685033211341271 0.7971160595233624 0.017805833082932692 0.017809941218449518
0 0.42303213706383336 0.1919725124652569 0.03802761664757362 0.03820048845731295
0 0.32730674743652344 0.2764247013972356 0.018331380990835335 0.018110898824838493
0 0.40555451466487 0.16631502371567947 0.03615379333496094 0.03647287075336163
0 0.44020803158099836 0.34495357366708607 0.01848741678091196 0.018552853510929987
0 0.5524755257826585 0.04205488241635836 0.015126448411207933 0.01513552894959083
0 0.574501110957219 0.491662649007944 0.12548725421612078 0.13031864166259766
0 0.6931488330547626 0.4788998823899489 0.01668548583984375 0.016916568462665264
0 0.4554339555593637 0.14207905989426833 0.06847711709829477 0.06783514756422776
0 0.3270472013033353 0.22488656410804161 0.015932229849008415 0.016200945927546576
0 0.46663669439462513 0.10102693851177509 0.015363839956430288 0.015605889833890475
0 0.2831014119661771 0.5024809470543494 0.03045063752394456 0.0321044188279372
0 0.6680214955256536 0.6968904641958383 0.016673454871544473 0.016776158259465143
0 0.5931302217336801 0.020506606652186468 0.014985891488882212 0.014881325455812307
0 0.6209255365224985 0.17247984959528997 0.020732292762169473 0.020981861994816706
0 0.6364886944110577 0.2081612623654879 0.019849043626051683 0.01980755879328801
0 0.6788396101731521 0.9091653090256911 0.03319696279672476 0.03255169208233173
0 0.33326170994685245 0.2579029156611516 0.016034639798677884 0.015836532299335185
0 0.40177319600031924 0.056189582898066595 0.016139397254356973 0.015805391164926384
0 0.41164599932157075 0.11456794005173904 0.015823877774752103 0.015987506279578574
0 0.31099546872652495 0.3512295209444486 0.026570980365459736 0.026508918175330527
0 0.3229550581711989 0.15122389793395996 0.016059141892653245 0.016163385831392728
0 0.45943010770357573 0.4274313266460712 0.0968781984769381 0.09616382305438702
0 0.3550353783827562 0.16256126990685096 0.015515327453613281 0.015674884502704326
0 0.6644348731407752 0.6005492577185998 0.015071282019981971 0.01504824711726262
0 0.6890282264122596 0.031616692359630875 0.020050929142878607 0.02058857220869798
0 0.44673787630521333 0.21886044282179612 0.028104562025803786 0.027536905728853665
0 0.5440444212693435 0.022240558495888345 0.01445300762469952 0.014675438404083252
0 0.46602322505070615 0.3637486237746019 0.026236974276029147 0.026243063119741585
0 0.2776805804325984 0.7131434954129733 0.018593641427847054 0.018356176523061898
0 0.4271962092472957 0.1436473039480356 0.020859644963191107 0.021123225872333232
0 0.352724552154541 0.09239869851332444 0.015335889963003306 0.01528336451603816
0 0.7077413705679086 0.10010539568387546 0.026274754450871393 0.02896888439471905
0 0.570553706242488 0.26943615766671986 0.018513312706580527 0.018709549537071817
0 0.3601344181941106 0.44781105334942156 0.0314634029681866 0.0320733877328726
0 0.3188015130849985 0.732887708223783 0.031719061044546276 0.03209392841045673
0 0.7049723405104417 0.7382266704852765 0.024088052602914665 0.024211590106670674
0 0.6260196979229267 0.9851712446946365 0.025925306173471305 0.025339566744290866
0 0.35681812579815203 0.7665995084322416 0.015987983116736777 0.015940152681790866
0 0.40206197591928333 0.010038445775325481 0.016225301302396335 0.015577758734042827
0 0.2918411401601938 0.27192007578336275 0.016664651724008415 0.017261248368483324
0 0.7009183443509616 0.9848285088172326 0.021809798020582933 0.021441092857947715
0 0.5371298789978027 0.2572207817664513 0.017227759728064902 0.017368463369516227
0 0.38597554426926833 0.46023834668673 0.03097842289851262 0.030694301311786357
0 0.59344482421875 0.008719371488461128 0.015627640944260817 0.01412518322467804
0 0.62897095313439 0.23520587040827826 0.03919777503380409 0.03904995551476112
0 0.3521863864018367 0.4281586500314566 0.02492391146146334 0.02508992415208083
0 0.6937979184664212 0.7721651517427884 0.036078232985276446 0.03670927194448618
0 0.5958170524010291 0.15441601092998797 0.019146038935734674 0.019433314983661357
0 0.46641745934119594 0.07451767646349393 0.01616389934833233 0.01613935140463022
0 0.3049296782566951 0.5917385541475736 0.03833906467144306 0.038927518404447116
0 0.4049330491286058 0.29273117505587065 0.02464895982008714 0.024453383225661058
0 0.4623569708604079 0.3220195036668044 0.02629962334266076 0.02652432368351863
0 0.4560989233163687 0.3087012217595027 0.015108548677884616 0.015447763296274038
0 0.6840556218073919 0.631738882798415 0.017700782189002402 0.018236453716571514
0 0.29756815616901106 0.8107720154982346 0.019084747021014873 0.01885707561786358
0 0.6962987459622897 0.13409342215611383 0.017030715942382812 0.017420493639432467
0 0.6689637991098257 0.6649711315448468 0.019222259521484375 0.019084343543419473
0 0.5235711244436411 0.353058044727032 0.017902667705829326 0.018021510197566107
0 0.6084702565119817 0.09511846762437087 0.013425680307241587 0.013564990116999699
0 0.5810629404508151 0.9754877824049729 0.019902155949519232 0.020338792067307692
0 0.5309631274296687 0.10089595501239483 0.02465050037090595 0.023838098232562725
0 0.4776738973764273 0.20094009546133187 0.03466928922213041 0.035775404710036054
0 0.6412860430203952 0.1814587666438176 0.02122350839468149 0.021652588477501504
0 0.5152664551368127 0.24198099283071664 0.01798857175386869 0.017987177922175482
