0 0.964478272658128 0.025068624661518976 0.0646212651179387 0.04884594678878784
0 0.775935539832482 0.2167800389803373 0.0384069589468149 0.03860326913686899
0 0.387274485367995 0.2525417988116925 0.07059317368727464 0.07094933436467098
0 0.7543238126314603 0.527211959545429 0.21326094407301682 0.22133555779090294
0 0.6891180185171274 0.060893549368931696 0.053322131817157455 0.05306855531839224
0 0.19975926325871393 0.2929307497464694 0.0350958750798152 0.034564825204702526
0 0.06461158624062172 0.01860234370598426 0.04136194632603572 0.035872541941129245
0 0.24056188876812273 0.2843322570507343 0.04035348158616286 0.040274510016808145
0 0.024881958961486816 0.6309784375704252 0.03548085689544678 0.03541829035832332
0 0.7409802216749924 0.2161733187161959 0.018817754892202523 0.018774986267089844
0 0.7887989190908579 0.11301927383129413 0.025647090031550482 0.025363683700561523
0 0.8434071174034705 0.931152710547814 0.02479098393366887 0.024837640615609977
0 0.8801244588998648 0.08702186437753531 0.034149169921875 0.03373054816172673
0 0.17415127387413612 0.026756790968088005 0.07287914019364578 0.05097332367530236
0 0.5306955851041354 0.14266582635732797 0.04677222325251652 0.04613968042226938
0 0.6186340038592999 0.027645856142044067 0.022858876448411208 0.02315577635398278
0 0.4412866005530724 0.609081928546612 0.12505091153658354 0.12835165170522836
0 0.5601075979379507 0.9577212700477014 0.12847606952373797 0.08255679790790264
0 0.8701155735896184 0.0120696838085468 0.017702102661132812 0.017455137692964993
0 0.5789941641000601 0.5225780927217923 0.04617735055776743 0.04600656949556791
0 0.15285111390627348 0.34588791773869443 0.033890595802894004 0.0339501454279973
0 0.3051421825702374 0.09928780335646409 0.04396621997539814 0.04378810295691857
0 0.6559009552001953 0.31905229275043195 0.018695244422325723 0.018577428964468148
0 0.9454929645244892 0.6107998994680551 0.03571011469914363 0.03539826319767879
0 0.8478984832763672 0.6498875251183143 0.03287799541766827 0.032922598031850964
0 0.8817199560312124 0.4401450523963341 0.0597070547250601 0.05941479022686298
0 0.152586606832651 0.1746194179241474 0.021272916060227614 0.0212555665236253
0 0.540960642007681 0.617555178128756 0.028098179743840143 0.028109367077167217
0 0.5523889981783353 0.6818991440993089 0.020199115459735576 0.02020102280836839
0 0.04937213659286499 0.36779990563025844 0.02367225060096154 0.023938692533052884
0 0.8711580129770132 0.7571265880878155 0.018389188326322116 0.018361605130709134
0 0.92559814453125 0.2841330308180589 0.017711052527794473 0.01774395429171049
0 0.20637853328998274 0.9581907712496244 0.031373170705942005 0.031352996826171875
0 0.526371955871582 0.043231808222257175 0.04771019862248348 0.04810028809767503
0 0.09493598571190467 0.18441185584435096 0.03382037236140324 0.03388133415809044
0 0.2310814490685096 0.38245707291823167 0.055968688084529 0.05662213839017428
0 0.7587442398071289 0.07733398217421311 0.026736626258263223 0.026691436767578125
0 0.11069654501401462 0.3516219946054312 0.03355020743149977 0.03330795581524189
0 0.8690581688514123 0.19130462866563064 0.03565568190354567 0.03607856310330904
0 0.7705161754901593 0.7353451068584735 0.09745524479792668 0.09823872492863582
0 0.7567957364595853 0.8662327986497146 0.020814162034254808 0.02088194627028245
0 0.17558952478262094 0.5519149486835186 0.14207290686093843 0.14412718552809495
0 0.41721615424522984 0.1279320350060096 0.020271154550405648 0.020164324687077448
0 0.010673594016295213 0.38349518409142125 0.018272670415731575 0.018386987539438102
0 0.3137971437894381 0.8847984900841346 0.030953645706176758 0.03138102017916166
0 0.9250360635610727 0.5493301244882437 0.03993489192082332 0.03956794738769531
0 0.5915526976952186 0.6964445114135742 0.06333167736346905 0.062048838688777044
0 0.24487656813401443 0.648432731628418 0.11026199047382061 0.1114337627704327
0 0.30051117676955 0.07321531039017898 0.03256695087139423 0.032209157943725586
0 0.739289063673753 0.05977328007037823 0.036714993990384616 0.03707416240985577
0 0.7100817606999323 0.7055665529691256 0.02626771193284255 0.025990119347205527
0 0.15636658668518066 0.11379588567293607 0.019434672135573167 0.01949152579674354
0 0.6173710456261268 0.17805847754845253 0.01843852263230544 0.018560262826772835
0 0.6030190174396222 0.8843223865215595 0.03215797130878155 0.0323633047250601
0 0.16622059161846453 0.30591832674466646 0.024909606346717246 0.02516805208646334
0 0.8609055005587064 0.24094209304222694 0.03233821575458233 0.032534342545729414
0 0.9377569051889273 0.20131553136385405 0.11964709942157452 0.12088405168973483
0 0.5118144108698919 0.47902441024780273 0.03939071068396935 0.03956383925217848
0 0.23711323738098145 0.03921009944035457 0.051372344677264876 0.05256812389080341
0 0.9791049957275391 0.07707548141479492 0.03356728186974159 0.03371297396146334
0 0.764556884765625 0.7556058443509616 0.016881209153395433 0.016947232759915866
0 0.3211059203514686 0.014269964053080631 0.03876223930945763 0.027232633187220648
0 0.9168695303109976 0.4190067878136268 0.022845928485576924 0.02292970510629507
0 0.28832358580369216 0.9777540060190054 0.019042015075683594 0.018906226524939902
0 0.7331665479219877 0.2910326077387883 0.016198084904597357 0.016238065866323616
0 0.1695575714111328 0.21667271393996018 0.09267637362846962 0.09266890012300931
0 0.2242885002723107 0.46321956927959734 0.018464345198411208 0.01854573763333834
0 0.6892786759596604 0.15825521028958833 0.015654930701622598 0.015716369335467998
0 0.09634465437669021 0.4401058050302359 0.016822264744685247 0.016656142014723558
0 0.6831265963040866 0.8798171556912936 0.0162509037898137 0.01645939166729267
0 0.756553943340595 0.3705442868746244 0.018208430363581732 0.01844171377328726
0 0.8131953019362229 0.9054979911217322 0.017073411207932692 0.016718057485727165
0 0.5880297880906326 0.6516494750976562 0.01677843240591196 0.016856560340294473
0 0.819985609788161 0.8633504280677209 0.017406170184795674 0.017559198232797477
0 0.6801780553964468 0.7282904111422025 0.028599078838641826 0.02854493948129507
0 0.07117704244760367 0.29053812760573167 0.028130457951472357 0.029028819157527044
0 0.16744349553034857 0.8220217778132513 0.0388032473050631 0.038526094876802884
0 0.36207279792198765 0.9578262475820688 0.022986632127028245 0.023034022404597357
0 0.38159685868483323 0.06437194347381592 0.028060032771183893 0.0283203858595628
0 0.6244299961970403 0.15642215655400202 0.020177107590895433 0.019947528839111328
0 0.3439602851867676 0.6866443340594952 0.0653071770301232 0.06614508995643029
0 0.748120014484112 0.09535815165593074 0.01673404987041767 0.01672227566058819
0 0.5920868653517503 0.08202613317049466 0.036280045142540567 0.036612749099731445
0 0.8683476081261268 0.5886168113121619 0.02491584190955529 0.02526694077711839
0 0.7834173349233774 0.09393220681410569 0.024058121901292067 0.02474828866811899
0 0.4319923841036283 0.41707867842454177 0.05388626685509315 0.05487984877366286
0 0.16093606215256911 0.7166875692514273 0.03333851007314829 0.033046722412109375
0 0.7306539095365084 0.41718284900371844 0.019903182983398438 0.019953360924353965
0 0.5240464577308068 0.6522865295410156 0.03222744281475361 0.03229243938739483
0 0.40153939907367414 0.4958979533268855 0.01990670424241286 0.019886163564828727
0 0.4577105962313138 0.8518533706665039 0.1255468221811148 0.12766192509577826
0 0.02231977765376751 0.4597775019132174 0.02350740707837618 0.023385928227351263
0 0.1871984188373272 0.7305759283212515 0.02033079587496244 0.020503117487980768
0 0.3438940415015587 0.9532843369704026 0.017182056720440205 0.017035851111778848
0 0.667963981628418 0.6592460779043344 0.09973628704364483 0.09770965576171875
0 0.8442863317636343 0.32754091116098255 0.09472128061147836 0.09383113567645733
0 0.08727403787466195 0.25080416752741885 0.084106261913593 0.08318409552940956
0 0.40841583105234 0.1679816062633808 0.024335494408240683 0.025057535905104417
0 0.2715868583092323 0.1542989290677584 0.04563287588266226 0.04608397300426777
0 0.2696989316206712 0.09430943085597111 0.03212719697218675 0.032438424917367786
0 0.11519848383389987 0.6646248744084284 0.08272831256573017 0.08291831383338341
0 0.5676014606769269 0.6533764325655423 0.03225165147047777 0.03231650132399339
0 0.4299906950730544 0.47469491225022536 0.021600796626164362 0.021680905268742487
0 0.008143364236905025 0.4476451140183669 0.015666065307763908 0.018226770254281852
0 0.3188485365647536 0.4104918699998122 0.03544271909273588 0.03547037564791166
0 0.5393541776216947 0.19210745738102838 0.0178070068359375 0.0178988530085637
0 0.24114595926724947 0.19097700485816368 0.05870888783381535 0.05885036175067608
0 0.24967498045701247 0.2514117681063138 0.014259081620436449 0.014155094440166768
0 0.7930576617901142 0.04464883070725661 0.045823317307692304 0.04571253519791823
0 0.6003733048072228 0.03253128436895517 0.025402069091796875 0.025610951276925895
0 0.6108632821303147 0.3087146465594952 0.01716459714449369 0.017086029052734375
0 0.26463183989891637 0.7259078392615685 0.1053018203148475 0.1095583989070012
0 0.11011760968428391 0.28591570487389195 0.024004807839026816 0.02383848337026743
0 0.2500436489398663 0.32340394533597505 0.03451097928560697 0.033954473642202526
0 0.8339192317082331 0.12630999088287354 0.015058370736929087 0.015206043536846455
0 0.5976524353027344 0.032605418792137734 0.019237811748798076 0.019640069741469163
0 0.7083851740910456 0.43094546978290266 0.022881434513972357 0.02303475600022536
0 0.9549215756929837 0.6376383854792669 0.025290269118088942 0.025997455303485576
0 0.33465840266301083 0.9061044546274039 0.0197296142578125 0.01952494107759916
0 0.45436587700477016 0.02961741043971135 0.020395278930664062 0.020548435357900765
0 0.7275525606595553 0.04415420385507437 0.02089969928448017 0.020791383890005257
0 0.30515148089482236 0.3136459130507249 0.015522626730111929 0.016031338618351862
0 0.8319508479191706 0.8981957068810096 0.022338280310997598 0.02205511239858774
0 0.008851170539855957 0.4846207545353816 0.016612101059693556 0.017278231107271634
0 0.2950480534480168 0.44252645052396333 0.018287218534029447 0.01830291748046875
0 0.8298761661236103 0.2609948745140663 0.021839288564828727 0.022029950068547174
0 0.2635999092688927 0.2613243323106032 0.024592179518479567 0.024697303771972656
0 0.5988713411184458 0.7563054745013897 0.07283306121826172 0.07243904700646034
0 0.4449775035564716 0.9727274087759165 0.08532912914569561 0.05108906672551082
0 0.7595159090482272 0.33720075167142427 0.07851321880634014 0.07638155497037448
0 0.1251361736884484 0.1658019836132343 0.039051129267765924 0.03963628182044396
0 0.6937773777888372 0.9635306871854342 0.014373339139498197 0.014723410973182091
0 0.6690839620736929 0.23592022749093863 0.04757279616135817 0.047767382401686445
0 0.3741685427152194 0.3196427271916316 0.01966711191030649 0.019890418419471152
0 0.867819932790903 0.3818255571218637 0.028954139122596152 0.028619692875788763
0 0.9416368924654447 0.18273610335129958 0.014473841740534855 0.014205235701340895
0 0.061261855638944186 0.5623696400569036 0.015186786651611328 0.0152281247652494
0 0.5372479878939115 0.23327974172738883 0.017468965970552884 0.017660140991210938
0 0.725917962881235 0.12119777386005108 0.03054662851186899 0.030936131110558145
0 0.517515439253587 0.600671988267165 0.026378044715294473 0.026308206411508415
0 0.6158940241887019 0.2841942860529973 0.04266507808978741 0.042049481318547174
0 0.4296119396503155 0.27827284886286807 0.02523950430063101 0.02530208000769982
0 0.5359894312345065 0.013190773817209097 0.03803876730111929 0.024964305070730355
0 0.4643906079805814 0.34078513658963716 0.03495876605694111 0.035460398747370794
0 0.03269195785889259 0.1547848628117488 0.01753152792270367 0.01761476810161884
0 0.8879124568058894 0.6887452052189753 0.05037249051607572 0.04999087407038762
0 0.03055561505831205 0.060707151889801025 0.01807093620300293 0.017900631977961615
0 0.47188777189988357 0.17602858176598182 0.025740550114558294 0.02517223358154297
0 0.8143543096689078 0.8232766664945163 0.015794754028320312 0.015503810002253605
0 0.7305402022141677 0.6161295083852915 0.07386368971604568 0.0761118668776292
0 0.4973072638878456 0.23864170221182016 0.02474366701566256 0.024695543142465446
0 0.38585468438955456 0.1259364256492028 0.031700501075157754 0.03181384159968449
0 0.8833759014423077 0.2708729964036208 0.045345306396484375 0.04537538381723257
0 0.8368637378399189 0.033405501108903154 0.041276198167067304 0.040958450390742376
0 0.3085870376000038 0.28566639239971453 0.018941439115084134 0.019077337705172025
0 0.6568172894991361 0.5720279400165265 0.015246758094200721 0.014834183913010817
0 0.14609903555649978 0.9739180344801682 0.02224386655367338 0.022289569561298076
0 0.40601125130286586 0.8078469496506911 0.09325739053579477 0.09163929865910457
0 0.031015728528683003 0.16020681307866022 0.023846328258514404 0.023958646334134616
0 0.4825293834392841 0.38259220123291016 0.06355733137864333 0.06438093919020432
0 0.28645988611074596 0.24151306885939378 0.036600553072415866 0.0371252940251277
0 0.03477792097971989 0.4091954598060021 0.06341869097489578 0.06473145118126503
0 0.4542863919184758 0.3111445353581355 0.023766590998722956 0.02350748502291166
0 0.7778406143188477 0.8617716569166917 0.018215179443359375 0.018529745248647835
0 0.5155936387869028 0.6001874483548678 0.021705994239220254 0.02201227041391226
0 0.6348893092228816 0.16588757588313177 0.016630906325120192 0.016773443955641527
0 0.07192476437642024 0.06999914004252507 0.015204713894770695 0.015482911696800819
0 0.6032825616689829 0.032537643726055436 0.031362093411959134 0.02994827123788687
0 0.03146520715493422 0.15675724469698393 0.020548100654895488 0.019843404109661397
0 0.9331684112548828 0.25587870524479794 0.022176302396334134 0.022292283865121696
0 0.5693448873666617 0.05349672299164992 0.03505295973557692 0.03543663941896879
0 0.3041684994330773 0.2566656699547401 0.05950711323664738 0.06012087601881761
0 0.6898464789757361 0.12727101949545053 0.01622772216796875 0.01622486114501953
0 0.30583759454580456 0.2868467844449557 0.10476068349984977 0.11159552060640775
0 0.029916836665226862 0.16381216049194336 0.022463413385244515 0.02242444111750676
0 0.05901593886888944 0.8052749633789062 0.05431458583244911 0.05388905451847957
0 0.910775404710036 0.47966740681574893 0.035428560697115384 0.035386158869816706
0 0.2528994633601262 0.35195783468393177 0.022681236267089844 0.022125977736253005
0 0.34784419719989484 0.50184389261099 0.01542208744929387 0.015330901512732873
