0 0.4448677943303035 0.9260249504676232 0.09837620074932392 0.09880300668569711
0 0.6424233363224909 0.1293487182030311 0.07392399127666767 0.07447429803701547
0 0.6066480783315805 0.618165529691256 0.12657649700458234 0.12779353215144232
0 0.16960697907667893 0.3313296024615948 0.08672457474928635 0.08690819373497596
0 0.32431617149939906 0.03913535521580623 0.08211106520432693 0.07655020860525277
0 0.3018097143906813 0.10997101893791786 0.101838258596567 0.10251553242023174
0 0.5028793995197003 0.6528756801898663 0.09803375831017128 0.09819309528057392
0 0.5075107721182016 0.061734176599062406 0.05975781954251803 0.05959144922403189
0 0.8450795687161959 0.6385908860426682 0.09291546161358173 0.10572283084575947
0 0.6945317341731145 0.22727372096135065 0.08460573049692008 0.08401738680326022
0 0.4756325575021597 0.6046844629141 0.06721973419189453 0.06698989868164062
0 0.68499755859375 0.36691739008976865 0.032828991229717545 0.032964119544396035
0 0.6016488075256348 0.8606124291053185 0.06119882143460787 0.06099026019756611
0 0.5231171754690317 0.8198947906494141 0.04564336630014273 0.0454864501953125
0 0.6900853377122146 0.6716178013728216 0.07791915306678185 0.07717337975135216
0 0.13207472287691557 0.9702305426964393 0.04803668535672701 0.0566259530874399
0 0.7963394751915565 0.05185388601743258 0.036201183612530045 0.03658872613540062
0 0.8290626819317157 0.5902115014883188 0.08295293954702523 0.08188482431265023
0 0.8354414426363431 0.252683162689209 0.04483883197490986 0.044559332040640026
0 0.1501162418952355 0.5459463412945087 0.02291734401996319 0.023313595698429987
0 0.6857279997605544 0.29655882028432995 0.05938309889573317 0.06020714686467098
0 0.13074187132028434 0.7643027672400842 0.017583773686335638 0.017879192645733174
0 0.6275628163264348 0.3513372861422025 0.08097765995905949 0.08230033287635216
0 0.23201733369093674 0.45430836310753453 0.023151104266826924 0.023279923659104567
0 0.4287612988398625 0.12363044115213248 0.051107039818396933 0.05135360130896935
0 0.5175655805147611 0.5434940044696515 0.05148623539851262 0.05237227219801683
0 0.20383867850670448 0.9371407582209661 0.07245540618896484 0.07276652409480168
0 0.6334443459144006 0.4575730837308444 0.0597990476168119 0.058754920959472656
0 0.6073375848623422 0.41093180729792667 0.04414661114032452 0.04415042583759014
0 0.4751560871417706 0.5276689529418945 0.06537033961369441 0.06530196850116436
0 0.8503639514629657 0.6953858595628005 0.018763175377478965 0.018765669602614183
0 0.8635823176457331 0.15717440385084885 0.04488314115084135 0.04474086027878981
0 0.12185151760394757 0.1952232580918532 0.03510229404156025 0.05305818411020132
0 0.6730044438288763 0.8589899356548603 0.08674826988807091 0.08793332026554988
0 0.559013293339656 0.7509078979492188 0.08925437927246094 0.0861813471867488
0 0.7540406447190505 0.559654162480281 0.06629298283503605 0.06593176034780648
0 0.8000591718233548 0.316163576566256 0.05191935025728666 0.052051544189453125
0 0.8791251549353967 0.11024717184213492 0.027979337252103366 0.028874947474553034
0 0.1295290726881761 0.8090286254882812 0.04148578643798828 0.04762884286733774
0 0.19113698372474083 0.4596342673668495 0.05899333953857422 0.05951822721041166
0 0.7475370260385367 0.3919845727773813 0.05351609450120192 0.05395229046161358
0 0.17728567123413086 0.6515770692091721 0.024150885068453275 0.024431962233323317
0 0.18068416302020734 0.704800165616549 0.03537904299222506 0.03538923997145433
0 0.818110099205604 0.20315091426555926 0.05387555635892428 0.05368474813608023
0 0.21216579583974984 0.3826434795673077 0.031309861403245196 0.03152135702279898
0 0.8350241000835712 0.9354471059945914 0.03255961491511418 0.03273274348332332
0 0.5955822284405048 0.09918840114886944 0.03300138620229868 0.032768928087674655
0 0.8056784409743089 0.4115134752713717 0.06407400277944711 0.0637981708233173
0 0.5240090443537786 0.3793807396521935 0.04737179095928486 0.04721289414625902
0 0.18465403410104606 0.6784103100116436 0.030598567082331732 0.030357947716346152
0 0.7477020850548377 0.7121886473435622 0.02638391348031851 0.026439666748046875
0 0.6159568933340219 0.8975301155677209 0.03987048222468449 0.03947756840632512
0 0.1731406725369967 0.7848895146296575 0.053047904601463906 0.052579439603365384
0 0.5286392798790565 0.7792323919442984 0.023013775165264424 0.02292779775766226
0 0.8827615884634165 0.03893245183504545 0.021189762995793268 0.02189457416534424
0 0.6976644075833834 0.4903090550349309 0.05508980384239784 0.055381481464092545
0 0.7808523911696214 0.6503336979792669 0.03879488431490385 0.038698049692007214
0 0.8046729748065655 0.11486249703627366 0.032821361835186295 0.033159952897291914
0 0.8276512439434345 0.9684928747323843 0.03222157404972957 0.03219751211313101
0 0.7067135297335111 0.7949261298546424 0.024752250084510215 0.025086036095252402
0 0.7622300661527194 0.6191249260535607 0.04512874896709736 0.045247591458834134
0 0.5610507451570951 0.08499437112074631 0.017099380493164062 0.017203587752122145
0 0.41902454082782453 0.7728875233576848 0.06843493534968449 0.07069866473858173
0 0.47210011115440953 0.03745448360076317 0.03921318054199219 0.038495004177093506
0 0.8517579298753005 0.7503698055560772 0.025409111609825723 0.025531181922325723
0 0.3884347402132474 0.8800826439490685 0.01649313706618089 0.016736837533804085
0 0.6151542663574219 0.5094141960144043 0.03437203627366286 0.03458852034348708
0 0.22026795607346755 0.6210200969989483 0.04832531855656551 0.04867227260883038
0 0.8499805743877704 0.18048590880173904 0.02763190636268029 0.027290931114783652
0 0.36333828706007737 0.9478227908794696 0.07008303128756009 0.07010342524601863
0 0.6208939919104943 0.7834669259878305 0.06465911865234375 0.06267254169170673
0 0.6270191486065204 0.5369683412405161 0.03381758469801683 0.03375046069805439
0 0.13584395555349496 0.44278254875769985 0.033222235166109525 0.03281123821551983
0 0.8019168560321515 0.4445979044987605 0.028552128718449518 0.028523958646334134
0 0.7482756101168119 0.7684742854191706 0.020778949444110576 0.020696199857271634
0 0.7430108143733098 0.6669152333186223 0.03744800274188702 0.0367425771859976
0 0.2784730471097506 0.2645854949951172 0.10549985445462741 0.10591191511887771
0 0.5034554921663724 0.37155760251558745 0.08445101517897385 0.08488214932955228
0 0.4883878414447491 0.4328919557424692 0.03728822561410757 0.03683200249305138
0 0.6881179809570312 0.40606102576622594 0.020625187800480768 0.020949730506310098
0 0.4403051229623648 0.6356739631065955 0.025691472567044772 0.025714580829326924
0 0.1967351620013897 0.23946200884305513 0.04186872335580679 0.04241136404184195
0 0.15987520951491135 0.4948428227351262 0.07843512755173904 0.07792993692251352
0 0.8015887920673077 0.979941514822153 0.030904623178335335 0.03063040513258714
0 0.16693689272953913 0.9499960679274339 0.0642386583181528 0.060941256009615384
0 0.8481060908390925 0.813375839820275 0.030457423283503607 0.030131413386418268
0 0.7166370978722205 0.41979290888859677 0.029532799353966348 0.02970548776479868
0 0.8024566356952374 0.47592485868013823 0.020432105431189902 0.02039307814378005
0 0.20366334915161133 0.6535003368671124 0.0329735829279973 0.034107208251953125
0 0.15446633559006911 0.12649730535653922 0.035579608036921576 0.03517906482403095
0 0.6235810793363131 0.9822757427509015 0.029375663170447715 0.028538630558894232
0 0.287399016893827 0.9306185795710638 0.09937356068537785 0.09931212205153245
0 0.7648472419151893 0.04888750039614164 0.019673860990084134 0.01995518574347863
0 0.7355088454026443 0.5187801214364859 0.0455011221078726 0.04614712641789363
0 0.7948617935180664 0.16665372481712928 0.037078563983623795 0.03706689981313852
0 0.13591676491957444 0.8447976479163537 0.037512008960430436 0.03725271958571214
0 0.7221483083871695 0.09699992950146015 0.035928579477163464 0.036071410545935996
0 0.8556873614971454 0.03391715884208679 0.02779564490685096 0.02793961763381958
0 0.278893910921537 0.38526028853196365 0.02252989548903245 0.022677201491135817
0 0.6686376424936148 0.7256029569185697 0.01809076162484976 0.018425868107722357
0 0.2640699239877554 0.5271968841552734 0.02383114741398738 0.023986376248873197
0 0.8396748762864333 0.39967646965613735 0.01875642629770132 0.018740727351262018
0 0.867279052734375 0.9292226938100961 0.04393328153170072 0.056357310368464544
0 0.1914232694185697 0.7573498945969802 0.030536431532639723 0.030151954064002402
0 0.7568756983830378 0.746464729309082 0.03020447951096755 0.03065065237192007
0 0.7631507286658654 0.8914834536038913 0.032251211313100964 0.03194882319523738
0 0.3790267797616812 0.4638525155874399 0.09330103947566105 0.09279896662785457
0 0.17361952708317682 0.21262851128211388 0.023728150587815505 0.023829533503605768
0 0.46317724081186146 0.12297979684976432 0.019354600172776442 0.01936784157386193
0 0.5116603557880108 0.2591823431161734 0.032649847177358776 0.032991886138916016
0 0.7447914710411658 0.6904445061316857 0.0183413578913762 0.01814123300405649
0 0.291014157808744 0.9427729386549729 0.01600823035606971 0.016240633451021634
0 0.8529501694899339 0.37654895048875076 0.033591050368088946 0.033616872934194714
0 0.8636204646183894 0.7911693866436298 0.024846003605769232 0.024892660287710335
0 0.7303180694580078 0.5264746592595027 0.01840386023888221 0.019696602454552285
0 0.39183866060697115 0.9736536466158353 0.07279161306527945 0.048681992750901446
0 0.8215606396014874 0.02437134660207308 0.023274348332331732 0.022769006399007943
0 0.7572788825401893 0.2557770839104286 0.015887333796574518 0.015814817868746243
0 0.8650602193979117 0.4598828829251803 0.05437469482421875 0.0567628420316256
0 0.35182762145996094 0.3937243314889761 0.057161184457632214 0.05714621910682091
0 0.3176533625676082 0.9852061638465295 0.02989651606633113 0.026038536658653848
0 0.6828810618473933 0.4489292731651893 0.024547870342548076 0.024695909940279447
0 0.6925618098332331 0.8824006594144381 0.021654862623948317 0.02220916748046875
0 0.7345181978665866 0.9035701751708984 0.034320831298828125 0.03409869854266827
0 0.6295709609985352 0.03950475729428805 0.09938577505258414 0.07562857407789964
0 0.14610042021824762 0.5724088962261493 0.023567621524517354 0.023589354294996995
0 0.7453541388878455 0.28041553497314453 0.07436488224909855 0.07594218620887169
0 0.26751279830932617 0.5931641872112567 0.04920042478121244 0.049693987919734076
0 0.11709123391371506 0.07478049168219933 0.030190541194035456 0.03767991065979004
0 0.6884039365328275 0.921348865215595 0.017651191124549277 0.017446077786959134
0 0.8209384771493765 0.33099071796123797 0.08718710679274339 0.08855680318979117
0 0.17139225739699143 0.2324688984797551 0.02372132814847506 0.024478398836576022
0 0.8133670366727389 0.007963316371807685 0.021622290978064902 0.014472607236642104
0 0.7486738058236929 0.9302095266488882 0.026013300969050482 0.026331094595102165
0 0.5778835003192608 0.13259564913236177 0.027310298039362982 0.02732559350820688
0 0.6470158650324895 0.30794301399817836 0.01769124544583834 0.017492074232835036
0 0.6434518373929538 0.7379859044001653 0.04280765240009014 0.04251362727238582
0 0.6459328578068659 0.5031618705162635 0.024847030639648438 0.024653067955603965
0 0.7611217498779297 0.26542038183945876 0.10545759934645432 0.10362782845130333
0 0.12469080778268668 0.5873092871445876 0.03063209240253155 0.03045485569880559
0 0.37134984823373646 0.8540207789494441 0.015067834120530348 0.01501758282001202
0 0.8654340597299429 0.795840336726262 0.020410977877103366 0.019872225247896634
0 0.8129100799560547 0.3531012168297401 0.0564874502328726 0.0565643310546875
0 0.7012461882371169 0.8944281064547025 0.033016351553109974 0.03380672748272236
0 0.7055731553297776 0.7762479048508865 0.016057527982271634 0.01632103553185096
0 0.19647822013268104 0.24461617836585411 0.03504305619459886 0.03369298348060021
0 0.14209840847895697 0.10724309774545523 0.027069238516000602 0.027605643639197715
0 0.7512792440561148 0.4388589492210975 0.020130744347205527 0.02039645268366887
0 0.6358277247502253 0.052246919045081504 0.08136576872605544 0.08332617466266339
0 0.18074582173274115 0.027190235944894645 0.03472438225379357 0.03523971484257625
0 0.8502856034498948 0.7475796479445237 0.02987054678109976 0.030093853290264424
0 0.44272221051729643 0.4689169663649339 0.06721210479736328 0.06760083712064303
0 0.8388614654541016 0.72406372657189 0.017450479360727165 0.0173037602351262
0 0.15158498287200928 0.11957688515002911 0.04755021975590633 0.04775157341590294
0 0.11392921667832595 0.0747836186335637 0.024705263284536507 0.03141238139225887
0 0.24211678138146034 0.5566643201387845 0.014730306772085337 0.0145416259765625
0 0.12160433255709134 0.6456402998704177 0.016438777630145732 0.016499152550330527
0 0.4439090948838454 0.8530588883620042 0.04263151608980619 0.04258463932917668
0 0.23282223481398362 0.8947972517747146 0.035612326401930586 0.035516005295973554
0 0.25708332428565395 0.5044177862314078 0.03071748293363131 0.029593907869779147
0 0.5913468874417819 0.8284940719604492 0.02577062753530649 0.025954173161433294
0 0.7567768096923828 0.40792450538048375 0.017080160287710335 0.01661858191856971
0 0.7497520446777344 0.43892200176532453 0.024570758526141826 0.024848351111778848
0 0.16071176528930664 0.021396969373409565 0.047281549527094915 0.041433513164520264
0 0.5218253502478967 0.3375886036799504 0.02168435316819411 0.021868192232572116
0 0.42567649254432094 0.054607120844034046 0.057939969576322116 0.05971694909609281
0 0.3416016652033879 0.88037109375 0.031248972966120794 0.03191434420072115
0 0.5399145713219275 0.4915333160987267 0.038095987760103665 0.0377049812903771
0 0.462190554692195 0.20997029084425706 0.02074087583101713 0.020980174724872295
0 0.7533085896418645 0.34413535778339094 0.045834908118614785 0.04572010040283203
0 0.8626863039456881 0.7864627838134766 0.022438489473783053 0.0218350337101863
