0 0.5069116078890287 0.3761130846463717 0.043188241811899036 0.0434424326970027
0 0.5663478191082294 0.5712188573984 0.032491904038649336 0.032773531400240384
0 0.36496430176955 0.774775138268104 0.03647804260253906 0.03651574941781851
0 0.5004849433898926 0.6479053497314453 0.02965127504788912 0.029907813439002402
0 0.2735373607048622 0.5258027957035944 0.01880444013155424 0.0190581541794997
0 0.7468711412869967 0.4757382686321552 0.019709953894981973 0.01964224301851713
0 0.3512572508591872 0.47324738135704625 0.07087494776799129 0.07085492060734676
0 0.6244443013117864 0.36195674309363735 0.029632715078500602 0.029970902663010817
0 0.710444083580604 0.34424664424015927 0.020730238694411058 0.020877251258263223
0 0.33388834733229417 0.582738656264085 0.033428118779109076 0.03352840130145733
0 0.5936806018535907 0.8106527328491211 0.019934727595402643 0.020174319927509014
0 0.6633005875807542 0.4401990450345553 0.017244485708383415 0.017213087815504808
0 0.45534045879657453 0.10957255730262169 0.018200800969050482 0.018118674938495342
0 0.6528144249549279 0.13141110310187706 0.03723496657151442 0.03740294163043682
0 0.6278711465688852 0.6188760904165415 0.016821787907527044 0.0168765508211576
0 0.3223586816054124 0.4116023870614859 0.04021519881028395 0.04030051598182091
0 0.42240612323467547 0.7276846078725961 0.01867499718299279 0.01846489539513221
0 0.509921514070951 0.9218490307147686 0.01853495377760667 0.01854881873497596
0 0.7284296475923978 0.14790916442871094 0.027567056509164665 0.027879641606257513
0 0.34579357734093297 0.5570837167593149 0.03870245126577524 0.03854634211613582
0 0.6835300738994892 0.9625864762526292 0.019282707801231973 0.019381009615384616
0 0.6359319686889648 0.4615756548368014 0.01684291546161358 0.01697510939378005
0 0.3291654586791992 0.22407911374018744 0.017772087684044473 0.01790908666757437
0 0.7005678323599008 0.5592441558837891 0.01707282433143029 0.017029542189378005
0 0.6562051039475661 0.018332212017132685 0.018433790940504808 0.018214026322731607
0 0.683897458589994 0.9832330850454477 0.02062093294583834 0.020319718580979567
0 0.28033953446608323 0.1887359435741718 0.020977166982797477 0.020785808563232422
0 0.41429556333101714 0.3516023342426007 0.018390728877140924 0.01850128173828125
0 0.528797773214487 0.34751015443068284 0.025635205782376803 0.026584331805889424
0 0.7487614705012395 0.3833913803100586 0.01862511268028846 0.018909747783954326
0 0.37427359360914964 0.17905017045828012 0.017333544217623197 0.01758410380436824
0 0.34244265923133266 0.4230163280780499 0.03246307373046875 0.032877628619854264
0 0.5663661956787109 0.15903309675363395 0.02200735532320463 0.021962055793175332
0 0.607940307030311 0.05434767099527212 0.027413294865534857 0.027629338777982272
0 0.3196249008178711 0.564770405109112 0.02208819756141076 0.022617486807016227
0 0.29826989540686977 0.20191196294931266 0.025391798753004808 0.025457455561711237
0 0.6472065998957708 0.5808737828181341 0.015740174513596755 0.015815001267653245
0 0.34963130950927734 0.6720997003408579 0.015113390409029447 0.014924269456129808
0 0.5468218876765325 0.2053088408250075 0.01927801278921274 0.01911016610952524
0 0.7151891268216647 0.897582274216872 0.015887333796574518 0.015694398146409255
0 0.7016209822434646 0.3599738341111403 0.01591315636268029 0.015941326434795674
0 0.40585004366361177 0.4536305207472581 0.06765394944411057 0.06730901277982272
0 0.2594710863553561 0.28028282752403844 0.01673581049992488 0.016756021059476413
0 0.6117435602041391 0.23766875267028809 0.01593193641075721 0.015918511610764723
0 0.6345351292536809 0.10457645929776706 0.03690616901104267 0.03702060992901142
0 0.44925513634314906 0.31790652641883266 0.015818375807542067 0.01595277052659255
0 0.706331913287823 0.9418348165658804 0.014976208026592549 0.014797210693359375
0 0.25184491964486927 0.12517255086165208 0.015055986551138071 0.015097306324885441
0 0.27991272852971005 0.432467167194073 0.01699667710524339 0.017039959247295674
0 0.33828328205988956 0.20606748874370867 0.015790279094989482 0.015915577228252705
0 0.30551991095909703 0.390807371873122 0.0377661631657527 0.037872021014873795
0 0.6263878162090595 0.6681351294884315 0.014841226431039663 0.014739403357872596
0 0.5152510129488431 0.5003008475670447 0.014996015108548678 0.015043258666992188
0 0.36552818004901594 0.5321670312147874 0.01980429429274339 0.01985014401949369
0 0.48358741173377406 0.965728392967811 0.014787600590632511 0.014821272629957933
0 0.2720886010390062 0.3903309748722957 0.025010182307316706 0.025333331181452826
0 0.620032970721905 0.08321789594796988 0.028450452364408053 0.028534114360809326
0 0.2900676727294922 0.2709919489347018 0.016381263732910156 0.016428800729604866
0 0.25371415798480695 0.1774891890012301 0.016630906325120192 0.01656631323007437
0 0.7641039628248948 0.9460695706881009 0.017021766075721152 0.0217434809758113
0 0.4793517772967999 0.2580670210031363 0.015663000253530648 0.015652876633864183
0 0.6724115518423227 0.5641073813805213 0.014603248009314904 0.01479038825401893
0 0.42922526139479417 0.46269908318152797 0.03692964407113882 0.03687095642089844
0 0.7267170685988206 0.9796404471764197 0.05304365891676683 0.03883860661433293
0 0.2752891687246469 0.2367066236642691 0.024190535912146933 0.02377598102276142
0 0.5638801134549655 0.7744486882136419 0.01563101548414964 0.0156863285945012
0 0.3940268296461839 0.48331568791316104 0.019219618577223558 0.019592725313626803
0 0.2990345037900485 0.830543224628155 0.01602770731999324 0.016400263859675482
0 0.7507870013897235 0.3243434979365422 0.016031411977914665 0.01615766378549429
0 0.5563036111684946 0.22406831154456505 0.015845518845778245 0.01538709493783804
0 0.7458943587083083 0.3967543381911058 0.015424728393554688 0.01620057912973257
0 0.5761585235595703 0.9839361630953275 0.014249288118802585 0.014112032376802884
0 0.2930890780228835 0.8398893796480619 0.015300530653733473 0.015303685114933895
0 0.3914607121394231 0.5658998489379883 0.016056134150578424 0.01608129648061899
0 0.40698873079740083 0.36691049429086536 0.014039553128756009 0.014007861797626201
0 0.5220927458543044 0.09666922459235558 0.015328920804537259 0.015436484263493465
0 0.5519392306988056 0.35084049518291766 0.024874760554387018 0.02425971397986779
0 0.2786092574779804 0.2230530885549692 0.015992348010723408 0.01581287384033203
0 0.6688691652738131 0.7249670028686523 0.014054518479567308 0.013966780442457933
0 0.2509144086104173 0.397741831265963 0.039974102607140176 0.04155672513521635
0 0.2874305431659405 0.40171205080472505 0.024081963759202223 0.02469605665940505
0 0.29938281499422514 0.646384019118089 0.015359108264629658 0.015433678260216346
0 0.5586916116567758 0.727811886714055 0.04883296673114483 0.04972296494704027
0 0.4004359978895921 0.5185124323918269 0.014952439528245192 0.014934833233173076
0 0.6735335129957932 0.9950301830585186 0.03127494225135216 0.00951092059795673
0 0.37546172508826625 0.4333330301138071 0.016309444720928486 0.01663992955134465
0 0.47791492022000825 0.0726048258634714 0.013637029207669772 0.013759548847491924
0 0.6238700426541842 0.9538729007427509 0.020830594576322116 0.02126444303072416
0 0.4950003990760216 0.07315607254321758 0.017674666184645433 0.017572439633882962
0 0.2427519284761869 0.4799461364746094 0.025305858025184043 0.04290015880878155
0 0.6216674217810998 0.6404509911170373 0.013229810274564303 0.01312255859375
0 0.3024106209094708 0.6316190866323618 0.014125567216139574 0.01421356201171875
0 0.7452702889075646 0.4162391515878531 0.015203622671274038 0.015046339768629808
0 0.29259989811823917 0.2247605140392597 0.01577303959773137 0.015767867748553935
0 0.6475739112267127 0.7436921779926007 0.015183522151066707 0.015066880446213942
0 0.5311150184044471 0.524997564462515 0.013419298025277944 0.01351620600773738
0 0.5253667097825271 0.3216553467970628 0.015749271099384014 0.015636590810922477
0 0.5852720554058368 0.40584630232590896 0.015082212594839243 0.014794129591721755
