0 0.821017338679387 0.6957109891451322 0.19783621567946214 0.2013238760141226
0 0.32205607340886044 0.6699315584622897 0.07187388493464543 0.07230934729942909
0 0.8469649094801682 0.41979162509624773 0.08212456336388221 0.08360870067889874
0 0.7744030585655799 0.3462830323439378 0.030184819148137018 0.030173521775465745
0 0.8452769059401292 0.5172863006591797 0.026552933913010817 0.026128768920898438
0 0.04928260583143968 0.14134487738976112 0.03942080644460825 0.056138258713942304
0 0.8875494736891526 0.09845667618971604 0.13893596942608172 0.13719976865328276
0 0.6254415512084961 0.6807776231032151 0.1116176018348107 0.11427688598632812
0 0.3508161031282865 0.709907971895658 0.032577221210186295 0.03238487243652344
0 0.6439200914823092 0.5289710851816031 0.024087172288161058 0.024140431330754206
0 0.6056606219365046 0.4305316118093637 0.021703206575833835 0.02155025188739483
0 0.24579004141000602 0.510922908782959 0.01978459725013146 0.01974003131573017
0 0.24481918261601374 0.9781730358417218 0.01854217969454252 0.018416478083683893
0 0.2534112013303317 0.042173174711374134 0.022403607001671426 0.02251428824204665
0 0.08202560131366436 0.17291531196007362 0.057205452368809626 0.05774527329664964
0 0.7297030228834885 0.9318048037015475 0.019804734450120192 0.019791236290564902
0 0.9273559130155123 0.3302921882042518 0.02637334970327524 0.026068980877216045
0 0.19687478358928973 0.583984741797814 0.021292796501746543 0.021456351647010215
0 0.20456083004291242 0.013530508829997135 0.01821583967942458 0.018245431093069222
0 0.5146554800180289 0.8996281257042518 0.048661305354191706 0.049362476055438705
0 0.8368370349590595 0.9283335025493915 0.02053216787484976 0.020331309391902044
0 0.9523540643545297 0.6153824879572942 0.03633279066819411 0.03650826674241286
0 0.8326505514291617 0.31708306532639724 0.019720811110276442 0.01958304185133714
0 0.844229478102464 0.027385065188774697 0.058634244478665866 0.05372594870053805
0 0.9465042994572566 0.052970441488119274 0.030248641967773438 0.030383027516878568
0 0.9403378413273737 0.5615728451655462 0.0655221205491286 0.08611598381629357
0 0.7603532350980319 0.030858415823716383 0.0711822509765625 0.06022536754608154
0 0.13308028074411246 0.6104230880737305 0.01545546605036809 0.015461408174954928
0 0.8491499974177434 0.20281193806574896 0.08116076542780949 0.08072244204007663
0 0.0676799829189594 0.6820394075833834 0.0812527949993427 0.1291941129244291
0 0.6804212423471304 0.6610860824584961 0.016959263728215143 0.01672700735238882
0 0.4930890156672551 0.019383517595437858 0.05238811786358173 0.03717713631116427
0 0.3701370312617375 0.6725569504957932 0.028116739713228665 0.028377239520733174
0 0.7754603165846604 0.22021876848660982 0.04581025930551382 0.04567527770996094
0 0.5455444042499249 0.6548262376051682 0.01615120814396785 0.01632514366736779
0 0.06253509796582736 0.6765829233022836 0.01603078842163086 0.016421978290264424
0 0.91077026954064 0.4833264717688927 0.034005972055288464 0.0342103517972506
0 0.8862637006319486 0.3150918667133038 0.0641183119553786 0.06164244505075308
0 0.6512917738694411 0.28957680555490345 0.045108795166015625 0.04543212743905874
0 0.6535639396080604 0.3484320640563965 0.07797901447002704 0.0783092792217548
0 0.5709278400127704 0.2511313695173997 0.01591183589054988 0.0159908808194674
0 0.9386981083796575 0.9635073588444636 0.017395606407752402 0.01712168180025541
0 0.8203908480130709 0.8591530873225286 0.016245328463040866 0.016300054696890023
0 0.5770297417273889 0.20753093866201547 0.020095971914438102 0.019902376028207634
0 0.9631450359637921 0.28504312955416167 0.01957555917593149 0.02213445076575646
0 0.9402869297907903 0.45798591467050404 0.06869829618013822 0.07680504138653095
0 0.7057773149930514 0.299975560261653 0.07019351078913762 0.07028781450711764
0 0.6305332917433518 0.9097045018122747 0.04610501802884615 0.046194810133713946
0 0.46230250138502854 0.05492522166325496 0.014820392315204326 0.014736459805415226
0 0.8166481898381159 0.3614639869103065 0.01660772470327524 0.016427260178786058
0 0.35455758755023664 0.49224853515625 0.020266019381009616 0.020332923302283652
0 0.9595583402193509 0.9712767234215369 0.017107156606820915 0.017439622145432692
0 0.5706338148850661 0.708525877732497 0.020127516526442308 0.02013573279747596
0 0.278277012018057 0.5107382260836087 0.01894661096426157 0.019156382634089544
0 0.8580823311438928 0.8545555701622596 0.06055259704589844 0.06110924940842848
0 0.3236552018385667 0.23299609697782075 0.08240002852219802 0.08237259204571064
0 0.4871701460618239 0.327908809368427 0.039050909189077526 0.03891313993013822
0 0.5543005283062274 0.2687128507173978 0.030571424044095553 0.030712714562049277
0 0.64118165236253 0.7475151648888221 0.04640461848332332 0.04708040677584135
0 0.9079113006591797 0.8843747652493991 0.025873330923227165 0.026064946101262018
0 0.35620799431434047 0.553543861095722 0.07250059567964993 0.07172657893254207
0 0.5107353650606595 0.5678722308232234 0.03523063659667969 0.035203053401066706
0 0.5707053404587966 0.7105589646559495 0.024189875676081732 0.024277320274939902
0 0.5826727793766902 0.43141962931706357 0.018326685978816107 0.018651815561147835
0 0.5035311625554011 0.5838406636164739 0.02700218787560096 0.027104010948768027
0 0.7163978723379282 0.17244694783137396 0.05273716266338642 0.05383025682889498
0 0.13150349030127892 0.3503899941077599 0.013967220599834736 0.013933181762695312
0 0.6922374138465295 0.5255007743835449 0.02317193838266226 0.023810753455528848
0 0.5797899686373197 0.7609792856069711 0.03712551410381611 0.0370941162109375
0 0.23466744789710411 0.5663277552678034 0.01468797830434946 0.014722824096679688
0 0.8612074485191932 0.34925152705265927 0.05326989980844351 0.05298878596379207
0 0.43545106741098255 0.5278129577636719 0.034029593834510215 0.03417675311748798
0 0.9363900698148288 0.3765993118286133 0.07365226745605469 0.07752433189978966
0 0.09154460980341984 0.8931669088510367 0.019837636214036208 0.01986870398888221
0 0.2100078142606295 0.7105362965510442 0.03719601264366737 0.03710218576284555
0 0.5879706602830154 0.9305885755098783 0.03277265108548678 0.03362626295823317
0 0.9573999551626352 0.4472070107093224 0.027284768911508415 0.028970865102914665
0 0.7958117998563327 0.24034621165348932 0.04242251469538762 0.042616844177246094
0 0.6276670602651743 0.6377727068387545 0.013467495258037861 0.013788663423978366
0 0.5337463158827561 0.9436509792621319 0.039807906517615683 0.03968517596905048
0 0.4799375534057617 0.9447033955500677 0.018078143780048076 0.01814123300405649
0 0.5168028244605432 0.657289064847506 0.036385756272536054 0.03575545090895433
0 0.9489298600416917 0.2943150813762958 0.014724438007061299 0.014608236459585337
0 0.5072127855741061 0.6331089459932767 0.035879868727463946 0.03568003727839543
0 0.25069499015808105 0.6501877124492939 0.029102068680983324 0.02949347862830529
0 0.597083568572998 0.781133064856896 0.07402236645038311 0.07646751403808594
0 0.17441764244666466 0.6739854079026443 0.036385682912973255 0.03607852642352764
0 0.36698121290940505 0.3503073545602652 0.034446422870342545 0.03415591900165264
0 0.7192535400390625 0.3297323447007399 0.055617992694561295 0.056467423072228067
0 0.9264854284433218 0.18914351096520057 0.0760958744929387 0.07543453803429237
0 0.47730053388155425 0.9177991426908053 0.030275931725135215 0.030469600970928486
0 0.5622839194077712 0.9737008168147161 0.021415270291841947 0.02157754164475661
0 0.36570486655602086 0.6292309394249549 0.018808438227726862 0.01897577139047476
