0 0.36519864889291614 0.11685613485483023 0.05871772766113281 0.0579833067380465
0 0.7686185103196365 0.4297655912546011 0.08358309819148137 0.08254278623140775
0 0.56372987307035 0.490450198833759 0.11631569495567909 0.1175547379713792
0 0.27922997107872594 0.4825462194589468 0.0700230231651893 0.0702662834754357
0 0.6556207216702975 0.05203087513263409 0.06365145169771634 0.06330202176020695
0 0.5204470707820013 0.33574837904710036 0.09496703514685997 0.09541034698486328
0 0.6672860659085788 0.4264582120455228 0.07876792320838341 0.07832688551682693
0 0.7847811625554011 0.5582513809204102 0.06482417766864483 0.06541589590219352
0 0.3284038030184232 0.3967032799353966 0.09832066756028396 0.09993039644681491
0 0.8260142252995417 0.7139828021709735 0.07162842383751503 0.07244315514197716
0 0.67840759570782 0.28104827954218936 0.13367388798640326 0.13224348655113807
0 0.23682651152977577 0.37228004749004656 0.05847795193011944 0.05835041633019081
0 0.15736194757314828 0.3454302274263822 0.07396877728975736 0.10457653265732986
0 0.49951956822321963 0.406642326941857 0.05456352233886719 0.05413334186260517
0 0.6173987021813025 0.7452704356266902 0.07230230478140023 0.07306157625638522
0 0.7101638500507061 0.38919764298659104 0.048554640549879804 0.04929190415602464
0 0.22426491517287034 0.6263136496910682 0.05103001227745643 0.051002795879657455
0 0.7318013264582708 0.3518474285419171 0.06934723487267128 0.06921005249023438
0 0.23793546970073992 0.3073406402881329 0.0938891264108511 0.09510418084951547
0 0.30451393127441406 0.27513661751380336 0.08104412372295673 0.081910280080942
0 0.6089697250953088 0.1892391718350924 0.04617610344519982 0.046165759746844955
0 0.8369199312650241 0.35651225310105544 0.05885784442608173 0.058488038870004505
0 0.43176761040320766 0.3449552976168119 0.032416270329402044 0.03220866276667668
0 0.5588926168588492 0.5438092305110052 0.05480692936823918 0.05550311161921574
0 0.14975441419161284 0.14666018119225135 0.05698182032658504 0.060953800494854264
0 0.30544299345750076 0.34524932274451625 0.05588260063758263 0.056394723745492786
0 0.3297447057870718 0.5757434184734638 0.020016303429236777 0.019983951862041768
0 0.31081236325777495 0.06988540979532096 0.06563487419715294 0.06580378459050105
0 0.5501380333533654 0.128541139455942 0.042448190542367786 0.042325606712928183
0 0.4598174828749437 0.2021921414595384 0.04861934368426983 0.04861673941979042
0 0.5374546051025391 0.4279006077693059 0.032059889573317304 0.03216200608473558
0 0.6222805610069861 0.09038197077237643 0.0344233879676232 0.034477949142456055
0 0.17030649918776292 0.012662926545509925 0.023592765514667217 0.02308118801850539
0 0.8309710575984075 0.28406209212083083 0.04363749577448918 0.04378245427058293
0 0.47025643862210786 0.1226266805942242 0.05672924335186298 0.056559012486384466
0 0.7645275409405048 0.7333145141601562 0.06359129685621995 0.06369179945725661
0 0.3716975725614108 0.0741672286620507 0.037065946138822116 0.03669266517345722
0 0.8147095900315505 0.6531664041372446 0.03914495614858774 0.03887088482196514
0 0.25377638523395246 0.13501185637253982 0.04976210227379432 0.050420394310584433
0 0.42717552185058594 0.7436940119816706 0.05947303771972656 0.05962577232947716
0 0.46701878767747146 0.07364793924184945 0.02269612825833834 0.022912245530348558
0 0.5423644872812124 0.2657882800469032 0.039603159977839544 0.039950077350323014
0 0.4933608128474309 0.013202353165699886 0.02711149362417368 0.024828695333920993
0 0.6050019631019006 0.6805312816913311 0.08721014169546273 0.0849748758169321
0 0.5916779591487005 0.364068654867319 0.02936583298903245 0.029269878680889424
0 0.19891782907339242 0.9633909372182993 0.016398246471698467 0.016260440532977764
0 0.4537741220914401 0.15209535452035758 0.05272344442514273 0.05303459901076097
0 0.19301586884718674 0.15968561172485352 0.02788235591008113 0.02789622086745042
0 0.3834873346182016 0.5104596431438739 0.040462493896484375 0.04194450378417969
0 0.34253531235914964 0.5070500740638146 0.05450732891376202 0.054609445425180286
0 0.18251771193284255 0.43947623326228213 0.025130381950965293 0.02509652651273287
0 0.7713577563946064 0.23754365627582258 0.023250579833984375 0.023631939521202676
0 0.8117864315326397 0.2986166293804462 0.034961847158578724 0.035599855276254505
0 0.8017239203819861 0.5018499814547025 0.03073428227351262 0.030548095703125
0 0.3099490679227389 0.5197840103736291 0.019044160842895508 0.019013478205754206
0 0.7808265686035156 0.48458301104032075 0.028127523568960335 0.028211593627929688
0 0.826071519118089 0.17293157944312462 0.041320507342998795 0.04173733637883113
0 0.7157707214355469 0.02456044004513667 0.024137350229116585 0.024254569640526406
0 0.42539486518272984 0.528293462900015 0.04795910761906551 0.04809247530423678
0 0.8343213888315054 0.5955090155968299 0.06859265840970553 0.06750899094801682
0 0.7236398550180289 0.1766939530005822 0.11970842801607572 0.11728984576005203
0 0.36866507163414586 0.01838639837044936 0.04941265399639423 0.03550754602138813
0 0.437196291410006 0.39211031106802136 0.04915971022385817 0.050302358774038464
0 0.46025617306049055 0.7994198432335486 0.035063743591308594 0.034914456881009616
0 0.7953017308161809 0.8708879030667819 0.07616101778470553 0.07666925283578727
0 0.5835128564100999 0.26406258803147536 0.03532145573542668 0.03548981593205379
0 0.5983710655799279 0.6130807949946477 0.06673270005446214 0.06685073559100811
0 0.7051277894240159 0.6306256514329177 0.016848344069260817 0.01686683067908654
0 0.39196205139160156 0.3052509014423077 0.036356559166541465 0.03649469522329477
0 0.7584156623253455 0.31133769108698917 0.020116072434645433 0.019744726327749398
0 0.46915252392108625 0.44114266909085786 0.04799343989445613 0.048824310302734375
0 0.19614934921264648 0.5032578248244065 0.047822732191819414 0.047972459059495196
0 0.45989205287053037 0.8905098988459661 0.015846692598783053 0.016088192279522236
0 0.4689028813288762 0.5206915782048152 0.044794522798978366 0.04498745844914363
0 0.39858084458571214 0.3570223588209886 0.057876293475811295 0.057662010192871094
0 0.2683545992924617 0.5847014647263747 0.07873857938326322 0.07920397244966947
0 0.8228513277493991 0.4877677330603966 0.030940716083233174 0.030699509840745192
0 0.8465114006629357 0.6656532287597656 0.03240761390099159 0.03289105341984676
0 0.7106016599214994 0.6035017600426307 0.034963754507211536 0.03453548137958233
0 0.7346675579364483 0.6913704505333533 0.035089932955228366 0.03501451932466947
0 0.8341960906982422 0.23345151314368615 0.03377063457782452 0.0334618274982159
0 0.8663060114933894 0.07180253358987662 0.027028890756460335 0.03812188368577223
0 0.8602617703951322 0.19435759691091684 0.036294056819035456 0.07353800993699294
0 0.5207015551053561 0.5764199770413913 0.031060145451472357 0.03121038583608774
0 0.5018252592820388 0.19382883952214167 0.028139774615948018 0.028249813960148737
0 0.4696541199317345 0.48403035677396333 0.035756551302396335 0.03713373037484976
0 0.6996897183931791 0.06639904242295486 0.022400342501126803 0.02269735703101525
0 0.7321376800537109 0.4925243304325984 0.05728472196138822 0.056849112877478965
0 0.25827730618990385 0.54401184962346 0.018153630770169772 0.017917339618389424
0 0.20095487741323617 0.4676253612224872 0.028272628784179688 0.028328675490159255
0 0.3501435059767503 0.3236830784724309 0.01996465829702524 0.019688166104830228
0 0.46369442572960484 0.5691326581514798 0.07434566204364483 0.0720828129695012
0 0.4150086916410006 0.23668920076810396 0.03301327045147236 0.03262020991398738
0 0.7435583701500525 0.021828692692976732 0.023376024686373197 0.023073136806488037
0 0.404785339648907 0.00998069689824031 0.03083500495323768 0.019168991308945876
0 0.6276567165668194 0.021094780701857347 0.028306227463942308 0.028091733272259053
0 0.8634064747737005 0.46402645111083984 0.029242735642653245 0.036725411048302285
0 0.2692614151881291 0.03433518684827364 0.050529076502873346 0.04954494879795955
0 0.4100547937246469 0.6307218991793119 0.01655123783991887 0.016829270582932692
0 0.7752568171574519 0.6389412513146033 0.02925872802734375 0.02926973196176382
0 0.4425647075359638 0.6449429438664362 0.08492235036996695 0.08898001450758714
0 0.543030151954064 0.6824058385995718 0.039401861337515026 0.03945218599759615
0 0.4012980827918419 0.14399507412543663 0.05394554138183594 0.05356757457439716
0 0.6697004758394681 0.6389524019681491 0.016381337092472956 0.016583956204927884
0 0.3503305728618915 0.4651355009812575 0.06361961364746094 0.06303009620079628
0 0.8493983928973858 0.557116801922138 0.05031864459698017 0.051196905282827526
0 0.19568751408503607 0.5863691843472995 0.05361226888803335 0.05497462932880108
0 0.33698203013493466 0.599159680880033 0.02800897451547476 0.028780717116135817
0 0.663792976966271 0.01780294684263376 0.034532400277944714 0.033440777888664834
0 0.35059536420381987 0.6937970381516677 0.017679948073167067 0.017641801100510817
0 0.19153501437260553 0.5022405477670523 0.039943658388577975 0.04105435884915865
0 0.39272319353543794 0.3554854759803185 0.04765884692852314 0.04732968257023738
0 0.398136175595797 0.4297521664546086 0.06273504403921273 0.062482467064490683
0 0.8567238587599534 0.13501893557035005 0.044635772705078125 0.0592350959777832
0 0.42143931755652797 0.7081694969764123 0.03415415837214543 0.03397868229792668
0 0.8575668334960938 0.7711517627422626 0.015660799466646634 0.015569540170522837
0 0.28425106635460484 0.5250563254723182 0.014714277707613431 0.014526073749248799
0 0.7846711965707632 0.3261790642371544 0.027439704308143027 0.028224064753605768
0 0.6509524858914889 0.9350607211773212 0.13086524376502404 0.12652910672701323
0 0.7713602506197416 0.9372090559739333 0.03009649423452524 0.0300601078913762
0 0.14337618534381574 0.3909654984107384 0.01807058774507963 0.01800705836369441
0 0.3843121895423302 0.5619938923762395 0.05460995894211989 0.05478594853327824
0 0.5779069020197942 0.07722988495459923 0.02028678013728215 0.020310369821695182
0 0.536101011129526 0.6538521693303034 0.022847982553335335 0.023192185621995192
0 0.7640898777888372 0.031099729813062228 0.020038311298076924 0.019703502838428203
0 0.34689998626708984 0.5523856969980093 0.04206510690542368 0.041819205650916465
0 0.6154088973999023 0.48061121427095854 0.02837518545297476 0.028246512779822715
0 0.7501357151911809 0.5479182463425857 0.016436943641075723 0.016403344961313102
0 0.43883180618286133 0.8275061387282151 0.03720664978027344 0.037810105543870196
0 0.5035076508155236 0.18991774779099685 0.03332226092998798 0.0336150389451247
0 0.2690336520855243 0.435394653907189 0.03915867438683143 0.03960770827073317
0 0.4324593177208534 0.46554866203894985 0.04259637685922476 0.04287521655742939
0 0.8371172684889573 0.03685225890232967 0.022945110614483174 0.023699091031001165
0 0.5912316028888409 0.22680011162391076 0.03061852088341346 0.02987069350022536
0 0.835536736708421 0.9525439922626202 0.02710547814002404 0.027272151066706732
0 0.39002851339486927 0.9907983633188101 0.018188623281625602 0.015950569739708535
0 0.8300329355093149 0.43457486079289365 0.014321253849909855 0.014240338252140926
0 0.2243641706613394 0.7230598743145282 0.03834834465613732 0.037916330190805286
0 0.6526762155386118 0.733220467200646 0.014565981351412259 0.014675727257361779
0 0.5113660372220553 0.1487605204949012 0.03809305337759165 0.038786117847149186
0 0.7256873204157903 0.8693788968599759 0.05633222139798678 0.05652413001427284
0 0.31554464193490833 0.6982433612530048 0.04436991764948918 0.044189159686748795
0 0.7077611776498648 0.11908190066997822 0.07425249539888822 0.074157898242657
0 0.6307456676776593 0.916904669541579 0.07844000596266526 0.07856236971341647
0 0.6860791719876803 0.01304720571407905 0.04894241919884315 0.025561587168620184
0 0.44202463443462664 0.6617717742919922 0.0669565934401292 0.06702951284555289
0 0.34555222437931943 0.6461372375488281 0.04217118483323317 0.041589590219350964
0 0.47386895693265474 0.48388092334453875 0.04427058880145733 0.04488871647761418
0 0.23818041728093073 0.5261746920072116 0.01561146516066331 0.01570716271033654
0 0.41923941098726714 0.4825859803419847 0.03466187990628756 0.0336150389451247
0 0.476835874410776 0.178482880959144 0.02085575690636268 0.020746561197134163
0 0.5676123178922213 0.8101102388822116 0.040026224576509915 0.039699554443359375
0 0.842602803156926 0.817173591026893 0.021552452674278848 0.021754631629356973
0 0.6991307185246394 0.7368282904991736 0.045117745032677285 0.0435937734750601
0 0.26008044756375825 0.40967281048114484 0.03268594008225661 0.032122245201697715
0 0.499029673062838 0.5042745883648212 0.014118488018329326 0.014173947847806491
0 0.5500316986670861 0.8876888568584735 0.039397899921123795 0.03990496121920072
0 0.23213511246901292 0.5449988658611591 0.026001710158128005 0.025947717519906852
0 0.6061424842247596 0.15780027096088117 0.03514862060546875 0.035576371046213
0 0.5771829164945163 0.10688993564018837 0.027946325448843148 0.027550422228299655
0 0.4912284337557279 0.6403719095083383 0.01909637451171875 0.019284174992487982
0 0.6663775810828576 0.5357033656193659 0.039947803203876205 0.039398193359375
0 0.20450082192054161 0.7647442450890174 0.05946049323448768 0.05829972487229567
0 0.42342530764066255 0.48100449488713193 0.04079011770395132 0.0392754628108098
0 0.4657385532672589 0.7533261225773737 0.022466732905461237 0.022816584660456732
0 0.8430844820462741 0.031699302104803234 0.03642683762770433 0.03751153670824491
0 0.5156112084021935 0.8117823967566857 0.061695098876953125 0.061914884127103366
0 0.21259487592256987 0.2680954933166504 0.18848239458524263 0.25871511606069714
0 0.3345198998084435 0.6476496182955228 0.06736140984755296 0.06795692443847656
0 0.39980191450852615 0.1822330401493953 0.027857413658728965 0.027984472421499398
0 0.8399354494535006 0.632037089421199 0.032609205979567304 0.03301561795748197
0 0.23906311622032753 0.5260021503155048 0.01875165792611929 0.01880308297964243
0 0.3476840532743014 0.5307987653292142 0.04446836618276743 0.044223638681265026
0 0.3725728988647461 0.5724986149714544 0.028434606698843148 0.028585140521709736
