0 0.3381948471069336 0.660408460176908 0.18981377895061785 0.24656387475820687
0 0.30130945719205415 0.1670854641841008 0.0699609242952787 0.06916959469134991
0 0.7269423558161809 0.13103457597585824 0.07549814077524039 0.07714634675246018
0 0.732270387502817 0.7582743718073919 0.04138858501727764 0.042293695303109974
0 0.48940097368680513 0.7473213489239032 0.03738674750694862 0.03745211087740385
0 0.7267907215998723 0.05721764381115253 0.07577015803410457 0.07555519617520846
0 0.6560350564809946 0.11864928098825309 0.05934348473182091 0.0601043701171875
0 0.45833903092604417 0.1288778415093055 0.050216308006873496 0.05016954128558819
0 0.4541419836191031 0.19218826293945312 0.030914893517127402 0.03085627922644982
0 0.5913223853478065 0.37414239003108096 0.049116281362680286 0.0495764659001277
0 0.27233127447275013 0.04574852723341722 0.02942624458899865 0.02969391758625324
0 0.2600249143747183 0.30087016179011417 0.03058316157414363 0.03080147963303786
0 0.2803324369283823 0.09603562721839318 0.018478907071627103 0.018590963803804837
0 0.5558717434222882 0.46868056517380935 0.03445023756760817 0.034463735727163464
0 0.37458030994121844 0.033405844981853776 0.021321956927959736 0.021447612689091608
0 0.6743018810565655 0.30925681040837216 0.047256763164813705 0.04741184528057392
0 0.37392935386070836 0.22516731115487906 0.031325120192307696 0.031289834242600664
0 0.6201368478628305 0.04887783068877 0.17867224033062273 0.09601177619053768
0 0.5197262763977051 0.22511738997239333 0.023456793565016527 0.023718540485088643
0 0.3058218222398024 0.08129649895888108 0.03905941889836238 0.03915910995923556
0 0.3983017114492563 0.21094677998469427 0.024839254525991585 0.02443408966064453
0 0.49208905146672177 0.026200968485612135 0.019846402681790866 0.020461284197293796
0 0.37718879259549654 0.1771251421708327 0.017675179701585036 0.017644111926739033
0 0.5436834555405837 0.39140833341158354 0.08174074613131009 0.08264776376577523
0 0.3043067638690655 0.2344364753136268 0.015521929814265324 0.01607678486750676
0 0.4790505629319411 0.25031109956594616 0.02451045696551983 0.02482157487135667
0 0.4296554418710562 0.8121930635892428 0.014687904944786659 0.015094463641826924
0 0.6670582111065204 0.9828883684598483 0.05747208228478065 0.0336149655855619
0 0.5039138793945312 0.09293635074908917 0.01927947998046875 0.01912384766798753
0 0.4355136431180514 0.06044918757218581 0.03766837486853966 0.037493027173555814
0 0.47650755368746245 0.48425718454214245 0.023330835195688102 0.023404634915865384
0 0.744777092566857 0.2575226013477032 0.040336315448467545 0.05016631346482497
0 0.3568853965172401 0.12496046836559589 0.016985526451697715 0.017012266012338493
0 0.27201329744779146 0.3428666041447566 0.016231023348294772 0.015830260056715745
0 0.46143484115600586 0.9645784084613507 0.03744910313532902 0.03716278076171875
0 0.55432312305157 0.6558041205772986 0.0648805178128756 0.06558755727914664
0 0.3147992720970741 0.8120714334341196 0.015467130220853366 0.015768931462214544
0 0.7269975222074069 0.16869196524986854 0.014763171856219951 0.014874898470365085
0 0.4777439557589017 0.3031963018270639 0.035394448500413164 0.0350951048044058
0 0.4977565545302171 0.5946808228125939 0.05430199549748348 0.054917335510253906
0 0.6164698967566857 0.5505708914536697 0.017481143657977764 0.017203477712777946
0 0.43657214824969953 0.2849292571728046 0.022774402911846455 0.023195193364070013
0 0.6322335463303786 0.3566531768211952 0.016689300537109375 0.016327271094689004
0 0.45334786635178786 0.37084388732910156 0.025264446551983174 0.025508587176983174
0 0.5551711595975436 0.2958843157841609 0.018150182870718148 0.01757981226994441
0 0.33281898498535156 0.06182268032660851 0.017818524287297174 0.017859165485088643
0 0.33298668494591344 0.20532771257253793 0.01642183157113882 0.017873690678523138
0 0.33132296342116135 0.20512168224041277 0.020610515887920674 0.020441642174353965
0 0.4053832200857309 0.5577333890474759 0.015035482553335337 0.015201495243952824
0 0.41277364584115833 0.17911599232600287 0.03360586899977464 0.03328213324913612
0 0.6203058682955228 0.3673631227933444 0.016783494215745192 0.016925591688889723
0 0.7216365520770733 0.45069019611065203 0.014838292048527645 0.01471262711745042
0 0.3864728120657114 0.25213465323814976 0.02326833284818209 0.023045466496394232
0 0.42316869588998646 0.19799624956571138 0.022099715012770433 0.021729542658879206
0 0.4060661242558406 0.9923439025878906 0.015094463641826924 0.013553766103891226
0 0.3367726986224835 0.22812637915978065 0.014583440927358774 0.014336439279409556
0 0.38379830580491286 0.05993565687766442 0.0150910891019381 0.015485130823575534
0 0.41552345569317156 0.18341555962195763 0.038179764380821817 0.04028731126051683
0 0.30150373165424055 0.03182254846279438 0.03767673785869892 0.037612318992614746
0 0.5854740876417893 0.4631474568293645 0.022568482619065505 0.022406504704402044
0 0.3282056221595177 0.20425249980046198 0.02273897024301382 0.022453968341533955
0 0.4170654370234563 0.17974545405461237 0.026814900911771335 0.025421325977032002
0 0.5167851814856896 0.2937446740957407 0.03864068251389723 0.0393366446861854
0 0.6576677469106821 0.72802000779372 0.014283106877253605 0.014200357290414663
0 0.37280841974111706 0.38437469188983625 0.022489034212552585 0.021648993858924277
0 0.59225372167734 0.18961673516493577 0.03196239471435547 0.03179300748384916
