0 0.22706072147075945 0.11057704228621262 0.05555101541372446 0.055350762147169844
0 0.3288083076477051 0.3572829319880559 0.10009582226092999 0.10078696104196402
0 0.6052781251760629 0.7742270689744216 0.05377395336444561 0.05434711162860577
0 0.3116477452791654 0.8845189901498648 0.03606605529785156 0.03599078838641827
0 0.38401262576763445 0.6258034339317908 0.14349988790658805 0.14362144470214844
0 0.5985670823317307 0.8833284378051758 0.03043365478515625 0.030512883112980768
0 0.7687548857468826 0.19757843017578125 0.023183382474459134 0.02326312431922326
0 0.2436961577488826 0.9251039945162259 0.0643759507399339 0.06493641779972957
0 0.6810475862943209 0.4917619778559758 0.029351161076472357 0.029466775747445915
0 0.4259537183321439 0.16982757128201997 0.08244477785550632 0.08082478780012864
0 0.3902818239652194 0.8298263549804688 0.04060921302208534 0.04108722393329327
0 0.6466126075157752 0.5800912563617413 0.032906752366286054 0.032980111929086536
0 0.3563359333918645 0.08051590736095722 0.021829898540790264 0.02188563346862793
0 0.5771099237295297 0.5380885784442608 0.023033582247220553 0.022976508507361777
0 0.44472466982327974 0.5440533711360052 0.05038774930513822 0.05119881263146034
0 0.3598155975341797 0.1195058089036208 0.03747367858886719 0.03749832740196815
0 0.7812282122098483 0.16588973999023438 0.05221895071176382 0.0521773650096013
0 0.5747366685133714 0.7399201759925256 0.027115308321439303 0.02685884328988882
0 0.3109946617713341 0.010141650071510902 0.027164679307204027 0.01901806317842924
0 0.40107184190016526 0.5508051652174729 0.042410043569711536 0.0422666989839994
0 0.25070951535151553 0.8787586505596454 0.06721940407386193 0.06817010732797477
0 0.5344690909752479 0.2746769098135141 0.01618033189039964 0.01631780771108774
0 0.3380736571091872 0.9552363615769607 0.018705368041992188 0.018527837900015023
0 0.5022892585167518 0.9378572610708383 0.018149742713341348 0.01822633009690505
0 0.3577602826631986 0.267718113385714 0.0639943342942458 0.064697265625
0 0.4439964294433594 0.2792681180513822 0.0167848880474384 0.016760606032151442
0 0.422757442180927 0.8252240694486178 0.02604822012094351 0.02624335655799279
0 0.5032512958233173 0.4486392094538762 0.06392214848445012 0.06417421194223258
0 0.46689759767972505 0.9692655710073618 0.02508999751164363 0.025371551513671875
0 0.4892159608694223 0.9877260648287259 0.04001074570875902 0.022685124323918268
0 0.564119265629695 0.9521167461688702 0.016163752629206732 0.015810746413010817
0 0.2751248066241925 0.17965445151695839 0.01669480250431941 0.0164948243361253
0 0.497221433199369 0.8102026719313401 0.09251565199631911 0.09389143723707932
0 0.7050547966590295 0.07491488640124981 0.041599273681640625 0.041093991352961615
0 0.48922032576340896 0.9673953423133264 0.0229342533991887 0.0232391357421875
0 0.5730909200815054 0.9431680532602164 0.1106554178091196 0.10666539118840145
0 0.39362049102783203 0.9615585620586689 0.019835838904747598 0.019648625300480768
0 0.6100014906663161 0.5496137325580304 0.04982713552621695 0.04966919238750751
0 0.3511916674100436 0.022067462022487935 0.01517780010516827 0.015252636029170109
0 0.2092415736271785 0.39616658137394833 0.03402357835036058 0.03397222665640024
0 0.5961437592139611 0.6123666029710036 0.13512897491455078 0.13200510465181792
0 0.6215468186598557 0.45245962876539964 0.016503260685847357 0.016394835252028245
0 0.5505419511061448 0.5511077000544622 0.02908611297607422 0.028910343463604268
0 0.4142920420720027 0.4079115940974309 0.015235460721529447 0.015333909254807692
0 0.7585581265963041 0.3449557377741887 0.02293249276968149 0.023244124192457933
0 0.3336387780996469 0.12164093897892879 0.015009146470289964 0.015127933942354642
0 0.6833350841815655 0.8465967911940354 0.0196377680851863 0.01994147667518029
0 0.5191753094012921 0.3901850627018855 0.060353792630709134 0.060017952552208535
0 0.6902927251962515 0.985730244563176 0.024934915395883415 0.023730644812950723
0 0.35085369990422177 0.13617785160358137 0.018305118267352764 0.018084232623760518
0 0.2707982063293457 0.14118665915269119 0.015856009263258714 0.015689758154062126
0 0.6254284932063177 0.7434151722834661 0.018684827364408053 0.01880469689002404
0 0.6713833442101111 0.763653461749737 0.024425213153545674 0.02478614220252404
0 0.7121747823861929 0.025570919880500205 0.04053189204289363 0.04060797507946308
0 0.43599781623253453 0.7267144276545598 0.016032879169170674 0.015961573674128607
0 0.4780867649958684 0.5414648789625901 0.016487708458533652 0.01655241159292368
0 0.7304397729726938 0.18670887213486892 0.05032084538386418 0.05007850206815279
0 0.2905094073368953 0.17422936512873724 0.014695827777569111 0.014534583458533654
0 0.5283446678748498 0.6967590038592999 0.021384459275465745 0.021536607008713942
0 0.6196431380051833 0.2272947751558744 0.05848840566781851 0.05795706235445463
0 0.5117539625901443 0.9692670381986178 0.029208550086388223 0.029193878173828125
0 0.4071504886333759 0.804747801560622 0.01968728579007662 0.019292391263521634
0 0.27559696711026704 0.5525834743793194 0.031476571009709284 0.031238409189077523
0 0.48229100153996396 0.8645349649282602 0.019394361055814303 0.01952978280874399
0 0.5143088560837966 0.5264974740835336 0.04341895763690655 0.04264699495755709
0 0.3276379291827862 0.1681378804720365 0.0172577637892503 0.01739344230064979
0 0.6867185005774865 0.6837120056152344 0.04399446340707632 0.04522294264573317
0 0.2081773464496319 0.5844071828402005 0.026708089388333835 0.026830233060396634
0 0.7988529205322266 0.23867122943584734 0.025219550499549277 0.04067369607778696
0 0.4649486174950233 0.7767441089336689 0.0221100587111253 0.02153191199669471
0 0.22360574282132661 0.6050558823805589 0.021201280447152946 0.021331933828500602
0 0.21673428095304048 0.16637050188504732 0.015062478872445913 0.015249252319335938
0 0.6297124715951773 0.4793864030104417 0.02364378709059495 0.022705518282376803
0 0.3413903529827411 0.15292128232809213 0.01652688246506911 0.01661056738633376
0 0.20763536599966195 0.31027063956627476 0.039329785567063555 0.06713786491980919
0 0.5331263175377479 0.6567887526292068 0.026916357187124398 0.027203486515925482
0 0.7553595029390775 0.7176773364727314 0.06369708134577824 0.06264877319335938
0 0.20717569497915414 0.9709080916184646 0.026129429156963643 0.039945015540489785
0 0.7458017789400541 0.13055960948650652 0.028902200552133415 0.028442529531625602
0 0.7280743672297552 0.029176801443099976 0.024779686560997598 0.024763836310460016
0 0.7080549093393179 0.02302565024449275 0.032103465153620794 0.03294523862692026
0 0.7422130291278546 0.9634352463942307 0.014767279991736779 0.014891991248497596
0 0.3407735090989333 0.29248938193688023 0.025588622459998496 0.024979591369628906
0 0.6208355976985052 0.23515827839191145 0.06664892343374398 0.0669717055100661
0 0.4876469098604642 0.5079099581791804 0.02002848111666166 0.02011423844557542
0 0.5389932485727164 0.683794901921199 0.01696175795335036 0.0174102783203125
0 0.25664010414710414 0.37314268258901745 0.06615484677828275 0.06730094322791466
0 0.6135815106905423 0.6863711430476263 0.016907178438626803 0.017199883094200723
0 0.5290535413301908 0.8049161617572491 0.014680275550255409 0.014685997596153846
0 0.3137010427621695 0.1732443112593431 0.0142211730663593 0.014156488271859976
0 0.618935438302847 0.4849884326641376 0.018025324894831732 0.01818106724665715
0 0.7615249340350811 0.6106661283052884 0.015088888315054087 0.015177653386042668
0 0.7419342627892127 0.13090315231910118 0.020234328049879808 0.021437920056856595
