0 0.48709869384765625 0.6828762201162485 0.3108470623309796 0.3216580611008864
0 0.912541389465332 0.6023609454815204 0.06253741337702824 0.07200138385479267
0 0.4555659294128418 0.3824958801269531 0.06917594029353215 0.06975936889648438
0 0.7361512550940881 0.28737504665668195 0.07870307335486779 0.07873769906850961
0 0.45606312384972203 0.21048589853140023 0.17018494239220253 0.16866126427283654
0 0.8937553992638221 0.479583006638747 0.05563970712515024 0.05600166320800781
0 0.8670220008263221 0.028515432889644917 0.05641511770395132 0.05371546286803026
0 0.36318525901207555 0.9637137192946214 0.10319460355318509 0.06705797635591947
0 0.8079034365140475 0.8571405410766602 0.03105310293344351 0.03116783728966346
0 0.3112018658564641 0.8690251570481521 0.03008585709791917 0.03015591548039363
0 0.47779369354248047 0.12095856666564941 0.09538415762094352 0.09560199884267953
0 0.5892449158888596 0.0176512564604099 0.045291753915640026 0.033718299407225386
0 0.5763901930588943 0.18592148560744065 0.04234504699707031 0.042082713200495794
0 0.11899824325854962 0.24763906919039214 0.02454825548025278 0.0245970946091872
0 0.24071812629699707 0.3232832688551683 0.05303111443152794 0.052713559224055365
0 0.8704964564396784 0.7495049696702224 0.14483158405010516 0.25886741051307094
0 0.4846944808959961 0.03689144666378315 0.025744071373572715 0.025693370745732233
0 0.6073434903071477 0.9397298372708834 0.0434868885920598 0.04342856773963341
0 0.9042272567749023 0.7294676854060247 0.01820710989145132 0.018071981576772835
0 0.7580375671386719 0.019472172627082236 0.01943030724158654 0.019174667505117562
0 0.17497829290536734 0.9536621387188251 0.0275267821091872 0.027278900146484375
0 0.8922506479116586 0.7710776695838342 0.017568441537710335 0.017433900099534255
0 0.7213409130389874 0.3930103595440204 0.018114236684945915 0.01811981201171875
0 0.5810969426081731 0.05027318917787992 0.032575754018930286 0.03252225885024437
0 0.3356192662165715 0.14295646777519813 0.03087439903846154 0.030923201487614557
0 0.3612552055945763 0.03203024314000057 0.11615261664757362 0.06241892851316012
0 0.8241819234994742 0.029671116517140314 0.02809421832744892 0.02762704170667208
0 0.558769152714656 0.05864509252401499 0.016867710993840143 0.016591548919677734
0 0.20930642348069411 0.7846375978910006 0.015823877774752103 0.015851534329927884
0 0.35619548650888294 0.5075788864722619 0.026978419377253607 0.02692112555870643
0 0.19551427547748274 0.3394239865816556 0.04709566556490385 0.04610633850097656
0 0.17327077572162336 0.4761507694537823 0.027228722205528848 0.027823154742901143
0 0.13210263619056115 0.7873681875375601 0.015093198189368615 0.01525585467998798
0 0.7938071030836839 0.31260031920212966 0.04223427405724159 0.04221630096435547
0 0.9295049814077524 0.45521251971905047 0.018680572509765625 0.018660471989558294
0 0.6571913499098557 0.8170744088979868 0.014971513014573317 0.014985304612379808
0 0.7482846333430364 0.20581564536461464 0.1452001424936148 0.14393938504732573
0 0.49924446986271787 0.4132777727567233 0.06549644470214844 0.06510177025428185
0 0.3873436267559345 0.29406059705294096 0.019351078913762018 0.019191888662484977
0 0.2623584453876202 0.20897637880765474 0.020577063927283652 0.021011205819936898
0 0.26658305755028355 0.10292415435497577 0.038085607381967396 0.039278342173649713
0 0.5174303421607385 0.07101857662200928 0.03574364001934345 0.03561498568608211
0 0.8502100431002103 0.5863485336303711 0.01744989248422476 0.017672171959510215
0 0.26051908272963303 0.09920211021716778 0.05009324734027569 0.0507657711322491
0 0.9155536798330454 0.5190492776724008 0.029145020705003005 0.029465381915752705
0 0.26273826452401966 0.8086605072021484 0.02947073716383714 0.02981728773850661
0 0.3956029965327336 0.05189359188079834 0.01767312563382662 0.017134593083308294
0 0.7670157505915716 0.4179506301879883 0.01454925537109375 0.01465900127704327
0 0.8896937737098107 0.4446901541489821 0.021854694073016826 0.022049610431377705
0 0.4330322559063251 0.19669620807354266 0.019891738891601562 0.019999063931978665
0 0.8842044243445764 0.5202076618488019 0.024724226731520433 0.024892880366398737
0 0.9038869417630709 0.5496734839219314 0.018293234018179085 0.018325952383188102
0 0.6564758007342999 0.7222358263455905 0.015548412616436299 0.015938832209660456
0 0.6431157772357647 0.20577832368703988 0.017374625572791465 0.017606405111459587
0 0.4803138879629282 0.478338755094088 0.016705879798302285 0.016514337979830228
0 0.07010154999219455 0.3166320874140813 0.03320847107813908 0.0448304689847506
0 0.4249763488769531 0.8988821323101337 0.031030948345477764 0.03022942176231971
0 0.5463539270254282 0.15266772416921762 0.049044022193321817 0.049573458158052884
0 0.5578188529381385 0.13454894836132342 0.08092117309570312 0.08134036797743577
0 0.24168172249427208 0.5787674830510066 0.04561490278977614 0.04563742417555589
0 0.1475081443786621 0.37131324181189906 0.014515363253079928 0.014550869281475361
0 0.3140925627488356 0.03179903443043049 0.038452753653893106 0.03906638347185575
0 0.5215033384469839 0.02264861877147968 0.052632772005521335 0.04367496417118953
0 0.22213139900794396 0.28210410704979527 0.03163975935715895 0.03185195189255934
