0 0.37275240971491885 0.14955119903271014 0.11813002366286057 0.11828431716332069
0 0.7212471595177283 0.9264455208411584 0.09346536489633414 0.09335121741661659
0 0.4993089529184195 0.9182026202862079 0.06664980374849759 0.0665274399977464
0 0.5368889295137845 0.8766713509192834 0.06618851881760818 0.0656276116004357
0 0.5212796284602239 0.8168704693134015 0.0980975077702449 0.09752449622521034
0 0.8697871428269607 0.07728290557861328 0.0636761005108173 0.06429049143424401
0 0.8309038602388822 0.18877399884737456 0.06659991924579327 0.06660758532010592
0 0.4892829748300406 0.6829000619741586 0.10144189687875602 0.10164466271033654
0 0.891419190626878 0.3808515988863431 0.04068418649526743 0.04054817786583534
0 0.8942520435039814 0.32447455479548526 0.024714836707481973 0.024996390709510215
0 0.4234686264624962 0.8546089759239783 0.02802562713623047 0.028197655310997598
0 0.36469334822434646 0.690289203937237 0.026215626643254206 0.026231032151442308
0 0.13344164995046762 0.47087647364689755 0.026804043696476862 0.02669385763315054
0 0.8518634942861704 0.6982884040245643 0.03758386465219351 0.03743670536921574
0 0.8960343874417819 0.26952694012568545 0.029614375187800482 0.02939715752234826
0 0.8837165832519531 0.5810871124267578 0.03656563392052284 0.03648655231182392
0 0.5550486858074481 0.42809853186974156 0.0324250734769381 0.032250624436598554
0 0.5592707487253042 0.501475664285513 0.028886721684382513 0.028877918536846455
0 0.5762695165780874 0.9570762194119967 0.033005787776066706 0.03313358013446514
0 0.8978490095872146 0.5332377507136419 0.031181922325721152 0.03177921588604267
0 0.4085529033954327 0.5684210337125338 0.022804113534780648 0.022525273836576022
0 0.17839791224553034 0.5713397172781137 0.023197100712702826 0.023093150212214544
0 0.45877709755530727 0.8830683781550481 0.028460062467134915 0.028457054725060098
0 0.8707113999586839 0.5097381518437312 0.018825824444110576 0.01874410189115084
0 0.1310443878173828 0.8817773965688852 0.028177151313194863 0.028307694655198317
0 0.23049780038686898 0.8314442267784705 0.02283631838285006 0.022818345289963942
0 0.6172052530141977 0.108094362112192 0.024523221529447116 0.024660147153414212
0 0.874504015995906 0.27776310994074893 0.01948400644155649 0.0193942143366887
0 0.5572114724379319 0.9166538531963642 0.02993488311767578 0.030085050142728366
0 0.30460755641643816 0.3618784317603478 0.016277276552640475 0.016143432030310996
0 0.7941316457895132 0.3507253940288837 0.016510596642127402 0.016504581157977764
0 0.898001450758714 0.8343846247746394 0.028735967782827523 0.03235538189227764
0 0.5067594968355619 0.7417624546931341 0.040807137122521035 0.040373582106370196
0 0.8091185643122747 0.11482744950514573 0.08069757314828727 0.08061599731445312
0 0.7847634095412034 0.38301445887638974 0.01914053696852464 0.01888862022986779
0 0.8508171668419471 0.21396260995131272 0.05103800846980168 0.05201299373920147
0 0.10331050249246451 0.9297343034010667 0.020128965377807617 0.019989600548377402
0 0.16368884306687576 0.8279204735389123 0.017798570486215446 0.01791205772986779
0 0.282715760744535 0.037820905447006226 0.016830957852877103 0.017166307339301475
0 0.6973882821890024 0.2502439939058744 0.02236175537109375 0.022527291224553034
0 0.6162376403808594 0.9880116536067083 0.029115970318134014 0.018885979285606973
0 0.4490616504962628 0.49624839195838344 0.01751562265249399 0.017772161043607272
0 0.2812688167278583 0.766515511732835 0.01977117245013897 0.019909198467548076
0 0.2727816288287823 0.05345325286571796 0.02254376044640174 0.02247309684753418
0 0.851106203519381 0.03449557377741887 0.035648345947265625 0.03612365172459529
0 0.18674890811626726 0.751857904287485 0.018205019143911507 0.018109688392052285
0 0.8457246927114633 0.7751621833214393 0.02509924081655649 0.02550227825458233
0 0.6472888359656701 0.5232870028569148 0.025981609637920674 0.02581031505878155
0 0.6411341153658353 0.28314841710604155 0.015641139103816107 0.015772562760573167
0 0.5287279715904822 0.449067996098445 0.024142632117638223 0.02425868694598858
0 0.5324952052189753 0.7728275885948768 0.03618944608248197 0.03620000985952524
0 0.3398606593792255 0.8496459814218374 0.021891300494854268 0.02201050978440505
0 0.5420144154475286 0.6042068188007061 0.017619499793419473 0.017394579373873197
0 0.532347532419058 0.11840176582336426 0.017292169424203727 0.01729693779578576
0 0.4664182662963867 0.3750645930950458 0.019159610454852764 0.019255564762995794
0 0.46955380072960484 0.8060733355008639 0.029434644258939303 0.029558915358323317
0 0.09709407733036922 0.5556261356060321 0.018033284407395583 0.017780010516826924
0 0.8941918153029221 0.7426380010751578 0.036241971529447116 0.048395743736853965
0 0.5453221247746394 0.7354940267709585 0.035500526428222656 0.035137176513671875
0 0.5567373862633338 0.7840840266301081 0.016704852764423076 0.01671453622671274
0 0.5175481209388146 0.42719576908991885 0.019505133995643027 0.01927471160888672
0 0.6140057490422175 0.8865541311410757 0.02269891592172476 0.022797657893254206
0 0.6481602008526142 0.42007739727313703 0.017243018517127402 0.016817533052884616
0 0.877864250769982 0.6216951516958383 0.01562646719125601 0.015594739180344801
0 0.5462920849139874 0.5700216293334961 0.015808618985689603 0.01587082789494441
0 0.8993073243361253 0.011526632767457228 0.03310056833120493 0.02221436225450956
0 0.7629687969501202 0.652626110957219 0.0171359135554387 0.016944738534780648
0 0.762238649221567 0.7202305426964393 0.03739356994628906 0.037817734938401446
0 0.8616432776817908 0.7495023287259616 0.026897136981670674 0.026515813974233773
0 0.89973207620474 0.34613605645986706 0.018449049729567308 0.018381852370042067
0 0.4849383280827449 0.08806976905235878 0.027632860036996696 0.02766755911020132
0 0.856039414039025 0.5801236079289362 0.01772161630483774 0.01807704338660607
0 0.8972619863656851 0.11287107834449181 0.03580826979417067 0.03742383076594426
0 0.41177804653461164 0.6960402268629807 0.016373854417067308 0.016683431772085335
0 0.4619262401874249 0.08948581035320576 0.01685054485614483 0.01684392415560209
0 0.7433644074660081 0.1513831615447998 0.01652658902681791 0.016552558312049277
0 0.825461901151217 0.07280643628193782 0.01917413564828726 0.019127983313340407
0 0.2870380144852858 0.8306504763089694 0.014246903933011569 0.014501424936147837
0 0.6546360896183894 0.543174670292781 0.016233297494741585 0.01611482180081881
0 0.45286009861872745 0.7826535151554987 0.01541592524601863 0.015236927912785457
0 0.8447118905874399 0.7305359473595252 0.02138372567983774 0.021680098313551683
0 0.318511962890625 0.7575242702777569 0.016951340895432692 0.016821934626652643
0 0.7618837356567383 0.8311923100398138 0.018623498769906852 0.018864558293269232
0 0.1546800686762883 0.6170503176175631 0.01522688682262714 0.01553781215961163
0 0.47773133791410005 0.2453448222233699 0.021605198199932393 0.021464017721322868
0 0.7809015420766977 0.24543241354135367 0.01616389934833233 0.016231756943922777
0 0.44365468392005336 0.613672843346229 0.014984350938063402 0.014776963454026442
0 0.7097729903001052 0.5028209319481483 0.017261211688701924 0.017404702993539665
0 0.10976205422328068 0.6948793851412259 0.016213325353769157 0.01614071772648738
0 0.561250063089224 0.719756346482497 0.015757047213040866 0.015879117525540866
0 0.5163760552039514 0.961359610924354 0.02693337660569411 0.02698824955866887
0 0.3268756866455078 0.3347831139197716 0.01667506878192608 0.016638535719651442
0 0.6547010861910306 0.26855204655573917 0.019260406494140625 0.01913602535541241
0 0.21084323296180138 0.8494507716252253 0.0209044676560622 0.021077669583834134
0 0.7763729095458984 0.894051038301908 0.015176039475661058 0.015271406907301683
0 0.34164164616511417 0.6521638723520132 0.014331377469576322 0.014533703143780049
0 0.18480374262883112 0.8427226726825421 0.015094390282264123 0.015164888822115384
0 0.2421879768371582 0.9884804945725661 0.016901823190542366 0.01633937542255108
0 0.6577057471642127 0.7725664285513071 0.02115601759690505 0.021170396071213942
0 0.3232115232027494 0.1146477094063392 0.016222293560321514 0.016246869013859674
0 0.46094666994535005 0.9764617039607122 0.11939738346980168 0.046004955585186295
0 0.8270009114192083 0.7569433358999399 0.02924214876615084 0.029532505915715143
0 0.574099980867826 0.32124930161696214 0.014821639427771935 0.014573023869441105
0 0.609595408806434 0.9341561244084284 0.02290659684401292 0.022939535287710335
0 0.7332342587984525 0.4720362883347731 0.015178680419921875 0.015016775864821214
0 0.7828647906963642 0.9567429469181941 0.017923795259915866 0.018512579110952523
0 0.3418320142305814 0.4792213439941406 0.015184695904071514 0.015173398531400241
0 0.5777773857116699 0.37293390127328724 0.01993428743802584 0.019959669846754808
0 0.4107230259821965 0.4114675521850586 0.015468744131234976 0.01562030498798077
0 0.6470659696138822 0.454558592576247 0.014610583965594951 0.014788627624511719
0 0.8286605248084435 0.33658966651329625 0.014422196608323317 0.014310763432429386
0 0.885099851168119 0.8188188259418194 0.015026679405799279 0.014811295729417067
0 0.8177836491511419 0.42218311016376203 0.014515509972205529 0.014506706824669471
0 0.6721941140981821 0.2763996491065392 0.014940701998197116 0.01470353053166316
0 0.7627976490901067 0.2390563854804406 0.015000269963191105 0.014669234936053935
0 0.19695812005263108 0.7323878361628606 0.014925369849571815 0.014903435340294471
0 0.2625909218421349 0.9047923454871545 0.016054666959322415 0.01604314950796274
0 0.11102815774770883 0.82068421290471 0.015285345224233774 0.015486056988055889
0 0.47560699169452375 0.24770894417395958 0.01950359344482422 0.019267815809983473
0 0.848113280076247 0.14318878834064191 0.031029627873347357 0.0307009403522198
0 0.11617458783663236 0.7109330250666692 0.01515498528113732 0.015468450692983774
0 0.23407316207885742 0.6989734356219952 0.014847535353440505 0.014919721163236178
0 0.2500931666447566 0.675234867976262 0.014859346243051382 0.015438666710486779
0 0.2688135367173415 0.8148246911855844 0.015272213862492489 0.015051768376277043
0 0.43064190791203427 0.8331694969764123 0.013789543738731971 0.014236743633563701
0 0.838183329655574 0.22965607276329628 0.016403785118689902 0.016385591947115384
0 0.7175702315110427 0.4400743337777945 0.02591529259314904 0.0257718746478741
0 0.9072428483229417 0.8144597273606521 0.011205233060396634 0.014518297635591947
0 0.7544047282292292 0.29532755338228667 0.01465137188251202 0.014780888190636268
0 0.46409177780151367 0.9350742193368765 0.015239495497483473 0.015226364135742188
0 0.6559578822209284 0.8724542764516977 0.01763916015625 0.01766058114858774
0 0.8160743713378906 0.8171236331646259 0.022208433884840745 0.02198204627403846
0 0.8633129413311298 0.1634687093588022 0.01786041259765625 0.017998878772442158
0 0.8800104581392728 0.6644589350773737 0.028376065767728366 0.027895120474008415
0 0.574328349186824 0.24402609238257775 0.0152131594144381 0.014795303344726562
