0 0.36771084712101865 0.42667708030113805 0.08459942157451923 0.08560980283297025
0 0.4876960607675406 0.7883718930757962 0.06288381723257211 0.06397951566256009
0 0.3772744398850661 0.101059051660391 0.0921782713669997 0.0938887229332557
0 0.4349156159621019 0.6354743517362155 0.04258243854229267 0.04261559706467848
0 0.4666297252361591 0.6653738021850586 0.02453195131742037 0.024392054631159857
0 0.38571508114154524 0.9248484831589919 0.01986973102276142 0.019976982703575723
0 0.3565819446857159 0.12949927953573373 0.07289805779090294 0.07271431042597844
0 0.5407723280099722 0.9433783017672025 0.021831365732046273 0.021703573373647835
0 0.5718460083007812 0.8868953998272235 0.021469849806565505 0.021499780508188102
0 0.6899908505953275 0.6494187575120193 0.03773630582369291 0.042745150052584134
0 0.3353669826801007 0.7492083035982572 0.017130925105168268 0.017306988055889424
0 0.3495938961322491 0.6326332092285156 0.02762765150803786 0.027512770432692308
0 0.47791326962984526 0.8892973386324369 0.10168735797588642 0.10265907874474159
0 0.44682796184833234 0.22168628986065203 0.015951890211838942 0.0160368772653433
0 0.4078173270592323 0.6485859797551081 0.019143324631911058 0.019062629112830527
0 0.3159924287062425 0.3092766541701097 0.019154181847205527 0.019366704500638522
0 0.29915191577031064 0.9547857137826773 0.018926363724928636 0.022227360652043268
0 0.5482103641216571 0.29500875106224644 0.017925849327674277 0.01786191646869366
0 0.334936472085806 0.6187414022592398 0.02779227036696214 0.0276181514446552
0 0.6329193115234375 0.6219039330115685 0.02912169236403245 0.029049469874455378
0 0.607064467210036 0.9484661542452298 0.017000345083383415 0.016908939068134014
0 0.32132174418522763 0.7864337334266076 0.022257291353665866 0.022394327016977165
0 0.48290615815382737 0.604603437276987 0.015360758854792668 0.015610621525691105
0 0.40508189568152797 0.4581889372605544 0.04053372603196364 0.03946407024676983
0 0.5376462936401367 0.32358448322002703 0.03951424818772536 0.04017402575566219
0 0.5324131158682016 0.1197426594220675 0.023551060603215143 0.023585392878605768
0 0.4663094740647536 0.2451805701622596 0.049845328697791465 0.050346741309532754
0 0.4987541345449594 0.21400781778188852 0.04038399916428786 0.04029494065504808
0 0.40573567610520583 0.9564163501446064 0.01717508756197416 0.017071944016676683
0 0.676962632399339 0.8967580061692458 0.017174500685471755 0.017804072453425482
0 0.5101650678194486 0.5642248300405649 0.016294039212740384 0.016520573542668268
0 0.3709508455716647 0.48328032860389125 0.02658213101900541 0.026343712439903848
0 0.4124597769517165 0.41890973311204177 0.014377960791954627 0.014194635244516226
0 0.5170208857609675 0.7100023856529822 0.014905782846304087 0.0148011721097506
0 0.3157067665686974 0.47707080841064453 0.015033281766451322 0.014971146216759315
0 0.42978235391470104 0.3460055864774264 0.13154968848595253 0.13045254120459923
0 0.4985426389254056 0.4334096174973708 0.08862378047062801 0.0857389890230619
