0 0.12858468752640945 0.5601819845346304 0.12276581617502066 0.12263151315542367
0 0.8862620133620042 0.46509500650259167 0.04481975848858173 0.04422818697415865
0 0.6594646160419171 0.5725975770216721 0.020206744854266826 0.020131918100210335
0 0.6352294041560247 0.6542427356426532 0.02458044198843149 0.02467170128455529
0 0.882362805880033 0.6419903681828425 0.021768569946289062 0.022007868840144232
0 0.6743951944204477 0.4675114705012395 0.02027555612417368 0.02020410391000601
0 0.7675405649038461 0.3035565889798678 0.030434681819035456 0.03013456784761869
0 0.9150535876934345 0.5802095853365384 0.025887415959284857 0.025944636418269232
0 0.7730737832876352 0.6885177172147311 0.032781014075646035 0.03296954815204327
0 0.7479394766000601 0.7989778518676758 0.030039860652043268 0.03030997056227464
0 0.8540832079373873 0.5694379072922927 0.022880407480093148 0.02289728017953726
0 0.8155477963961087 0.5346164703369141 0.018619830791766826 0.01844486823448768
0 0.7947981907771184 0.5452679854172927 0.019794464111328125 0.019942503709059495
0 0.822593982403095 0.5184629880464994 0.017834590031550482 0.01823704059307392
0 0.09281726983877328 0.2861163432781513 0.02161260751577524 0.02158069610595703
0 0.403744991009052 0.14068992321307844 0.021230550912710335 0.02093791961669922
0 0.8709451235257663 0.49352022317739636 0.017438741830679085 0.017580619225135215
0 0.48490737034724307 0.5180209233210638 0.022945330693171576 0.022972253652719352
0 0.7801163746760442 0.6277371920072116 0.01754584679236779 0.017506232628455527
0 0.6156004392183744 0.4096099780156062 0.018906519963191107 0.01857596177321214
0 0.7955749218280499 0.296942270719088 0.0211331294133113 0.021099604093111478
0 0.7062587738037109 0.45650643568772536 0.024378556471604567 0.024411714993990384
0 0.6786515162541316 0.9661811681894156 0.029034834641676683 0.029216619638296273
0 0.7603629919198843 0.7762351402869592 0.025197982788085938 0.02537360558143029
0 0.916415287898137 0.44975698911226714 0.018749823937049277 0.01873632577749399
0 0.4386915060190054 0.8408576525174655 0.021356949439415567 0.021447255061222956
0 0.8349353350125827 0.22202568787794846 0.01793494591346154 0.017839798560509317
0 0.058638921150794394 0.8978003721970779 0.022556213232187126 0.02745364262507512
0 0.7273446596585788 0.2805913595052866 0.021048325758713942 0.021125353299654447
0 0.7775685237004206 0.2664306347186749 0.026495713454026442 0.026445682232196514
0 0.7929652287409856 0.5601847355182354 0.017110531146709736 0.017356138962965745
0 0.06690744253305289 0.26132908234229457 0.030853143105140098 0.04035234451293945
0 0.8445188082181491 0.23798064085153434 0.018767576951246995 0.018937110900878906
0 0.7421142871563251 0.5463005212637094 0.017630357008713942 0.017789620619553786
0 0.2081780066856971 0.274499563070444 0.023816622220552884 0.024009044353778545
0 0.14708724388709435 0.8325991263756385 0.029359744145320013 0.02954409672663762
0 0.8091131357046274 0.4485651896550105 0.024894127478966348 0.02506388150728666
0 0.4151628934420072 0.5766454109778771 0.01774450448843149 0.017868628868689902
0 0.1355195320569552 0.06551696703984188 0.016574602860670824 0.01642265686622033
0 0.4737111971928523 0.8037512852595403 0.01964224301851713 0.019542107215294473
0 0.8782534966102014 0.715733528137207 0.017709878774789665 0.017466618464543268
0 0.6638796879695013 0.30891719231238735 0.017041133000300482 0.017185137822077826
0 0.4958188717181866 0.7045031327467698 0.017483051006610576 0.017197388869065505
0 0.1750201812157264 0.3422674765953651 0.015193572411170373 0.015214039729191707
0 0.23789444336524376 0.5551416690532978 0.02797559591440054 0.02771480266864483
0 0.841401613675631 0.46206235885620117 0.016812838040865384 0.017044580899752103
0 0.5124366466815655 0.49733935869657075 0.022365570068359375 0.02265761448786809
0 0.4524940344003531 0.6321394993708684 0.015975365271935098 0.01602304898775541
0 0.8698560274564303 0.6893033247727615 0.0187985346867488 0.019084050105168268
0 0.09486954028789814 0.67040648827186 0.01572271493765024 0.015334496131310096
0 0.15459761252770057 0.19975484334505522 0.02115322993351863 0.021149305196908805
0 0.7543683418860803 0.6228702251727765 0.017250794630784255 0.017286410698523887
0 0.19509713466350848 0.9893901531512921 0.018414130577674277 0.0165097163273738
0 0.7925357818603516 0.2517974009880653 0.01632074209359976 0.016453119424673226
0 0.8811272841233474 0.5171974989084097 0.015784336970402643 0.015804877647986777
0 0.09332323991335355 0.2536763778099647 0.016834314052875225 0.016789069542518027
0 0.9121241936316857 0.6951344563410833 0.015732838557316706 0.016070439265324518
0 0.09250375857720008 0.9402313232421875 0.05944096125089205 0.060799818772536054
0 0.4281011728140024 0.7686409583458533 0.026117471548227165 0.026384500356820915
0 0.3050284752478966 0.057951973034785345 0.014604861919696514 0.014244556427001953
0 0.7839615161602314 0.5712770315317007 0.01507274921123798 0.014768600463867188
0 0.7184040363018329 0.6566320566030649 0.023380572979266826 0.023330248319185697
0 0.682337394127479 0.3216381072998047 0.014750847449669471 0.015172371497521034
0 0.19445654062124398 0.2328336789057805 0.017179415776179388 0.017266126779409554
0 0.12971153626075158 0.45346362774188703 0.08657378416794997 0.08714074354905349
0 0.9242103283221905 0.3897587702824519 0.016186347374549277 0.016395715566781852
0 0.1762524384718675 0.050003345196063705 0.014948258033165565 0.015004561497614933
0 0.06496677948878361 0.7428711377657377 0.031018458879910983 0.04691622807429387
0 0.5478834005502554 0.4853120216956505 0.019475129934457634 0.019261286808894232
0 0.37567681532639724 0.32742757063645583 0.03514172480656551 0.034703694857083835
0 0.7631058326134315 0.6382612081674429 0.0197909428523137 0.019925631009615384
0 0.48274927872877854 0.304842655475323 0.01479508326603816 0.014718349163348857
0 0.6736946105957031 0.5437763287470891 0.014278411865234375 0.014441563532902645
0 0.7265011714054987 0.584877087519719 0.015378805307241587 0.01512615497295673
0 0.8761197603665866 0.29364960010235125 0.07298718965970553 0.07357303912823017
0 0.6704383263221154 0.4940938215989333 0.015028880192683293 0.014986478365384616
0 0.8172509853656476 0.23034776174105132 0.016899255605844352 0.016730565291184645
0 0.6994092647845929 0.4058336111215445 0.01663340055025541 0.01679853292611929
0 0.6271902231069711 0.3615878178523137 0.015356063842773438 0.015743842491736777
0 0.5816828654362605 0.44303428209744966 0.014652032118577223 0.014597892761230469
0 0.727722901564378 0.5590605368980994 0.014909304105318509 0.01483455071082482
0 0.24841589194077712 0.3003187913161058 0.030231659228985127 0.030375260573167067
0 0.43387875190147984 0.05980857519003061 0.014888763427734375 0.015115627875694862
0 0.36891753856952375 0.16428015782282904 0.019824761610764723 0.01961649381197416
0 0.6434898376464844 0.6945761167086087 0.014771975003756009 0.01499190697303185
0 0.5882081251878005 0.6186574055598333 0.015580984262319712 0.01549544701209435
0 0.6994439638577975 0.5065166033231295 0.013687720665564904 0.01367965111365685
0 0.3383197784423828 0.7509605701153095 0.014540158785306491 0.014606769268329326
0 0.5888698284442608 0.6979795602651743 0.014130518986628605 0.014063615065354567
0 0.8720544668344351 0.6779935543353741 0.1545691856971154 0.20005152775691107
0 0.8759591029240534 0.7011817051814153 0.01569395798903245 0.015955998347355768
0 0.8382694537823017 0.8575538488534781 0.015076270470252404 0.015216827392578125
0 0.10764976648183969 0.14311059621664193 0.01411294937133789 0.01407186801616962
0 0.7536214681772085 0.5554478351886456 0.013739072359525241 0.013584357041579027
0 0.13602311794574445 0.24574745618380034 0.016224054189828727 0.016165439899151143
0 0.20122577593876764 0.5299783119788537 0.055576287783109225 0.05537605285644531
0 0.52954468360314 0.8475531798142654 0.015036509587214543 0.014798384446364183
0 0.7853548343365009 0.5879959693321815 0.014728986299954928 0.014767206632173978
