0 0.7364389712993915 0.5115682161771334 0.1590121342585637 0.16648307213416466
0 0.6644834371713492 0.3299607496995192 0.06979634211613582 0.07040157684913048
0 0.7167776547945462 0.14386582374572754 0.12358724153958835 0.12394556632408729
0 0.6524091133704553 0.7282973069411057 0.03812496478740986 0.03823647132286659
0 0.35709131681002104 0.08024346828460693 0.021453270545372598 0.021448703912588265
0 0.7822416012103741 0.3288104717548077 0.02210661081167368 0.02201109666090745
0 0.4207121775700496 0.935446152320275 0.07276168236365685 0.0733488523043119
0 0.288874992957482 0.8696481264554538 0.017749492938701924 0.01770753126878005
0 0.6487884521484375 0.4100905198317308 0.01976159902719351 0.019845228928786058
0 0.5238644159757174 0.02823906449171213 0.06021925119253305 0.054711951659275934
0 0.7068386077880859 0.2487936386695275 0.1013019268329327 0.10267044947697566
0 0.5515848306509165 0.9659271240234375 0.01555802271916316 0.015299576979417067
0 0.4317004130436824 0.6926781580998347 0.024258540226862982 0.024378556471604567
0 0.6511118962214544 0.4365831521841196 0.017314910888671875 0.017333984375
0 0.7324548868032602 0.9195330693171575 0.1755975576547476 0.15746307373046875
0 0.5241609720083383 0.9923782348632812 0.025881107036884014 0.014467972975510817
0 0.5329760037935697 0.9578576454749475 0.02585146977351262 0.025704310490534857
0 0.33643165001502406 0.15770670083852914 0.015800329355093148 0.015825601724477913
0 0.5108824143042932 0.985390516427847 0.01703188969538762 0.017235975999098558
0 0.44994152509249175 0.30662837395301235 0.016148127042330228 0.015964434697077826
0 0.5839897302480844 0.7910345517672025 0.01739927438589243 0.017620233389047477
0 0.5433756388150729 0.43207300626314604 0.016043956463153545 0.015941032996544473
0 0.7058228712815505 0.07123388693882869 0.014989706186147837 0.015077590942382812
0 0.5124552433307354 0.6162809225229117 0.01863839076115535 0.019184442666860726
0 0.5695852499741775 0.12005376815795898 0.01547072483943059 0.015794643988976113
0 0.6098191921527569 0.48726940155029297 0.014587989220252404 0.014699789193960337
0 0.3848277238699106 0.30142974853515625 0.015571887676532451 0.01579438723050631
0 0.6281628241905799 0.07473803483522855 0.09297708364633414 0.09000343542832595
0 0.3426701472355769 0.8736907518826998 0.09218448858994704 0.0889880840594952
0 0.6997602902925931 0.036250332227120034 0.05196806100698618 0.0511057606110206
0 0.41486050532414365 0.7265346233661358 0.015586412869966947 0.015443068284254808
0 0.5474901932936448 0.19311081446134126 0.01697261516864483 0.01694624240581806
0 0.7645177107590896 0.0809479493361253 0.014974887554462139 0.015218808100773739
