0 0.8870125550490159 0.4163343356205867 0.06358102651742789 0.06930285233717698
0 0.4716026966388409 0.8277175609882061 0.0321810062115009 0.03241817767803486
0 0.2565825902498685 0.9042447897104117 0.07251996260422927 0.07146131075345553
0 0.8164414625901443 0.649193103496845 0.03166653559758113 0.03166697575495793
0 0.10495431606586163 0.789024646465595 0.02803637431218074 0.027716856736403245
0 0.8120365142822266 0.6050188724811261 0.034734285794771634 0.03454289069542518
0 0.1714647733248197 0.9262865506685697 0.030672806959885817 0.030938075138972357
0 0.74121827345628 0.808235975412222 0.023890568659855768 0.024109473595252402
0 0.9021674669705905 0.9212027329664964 0.02094576908991887 0.0208895756648137
0 0.6810629184429462 0.7936477661132812 0.024718211247370794 0.024777632493239183
0 0.740969731257512 0.6914551074688251 0.024774991548978366 0.024881803072415866
0 0.7666796170748197 0.9848121496347281 0.02158663823054387 0.020979954646183893
0 0.4504833221435547 0.656878398014949 0.02508090092585637 0.025033950805664062
0 0.4935885209303636 0.15469703307518592 0.03786879319411058 0.038014778724083535
0 0.4549407592186561 0.048659911522498496 0.024126859811636116 0.024172028669944175
0 0.6292136999276968 0.569294966184176 0.02486874507023738 0.024953328646146335
0 0.8410599048321064 0.9529640491192157 0.024658790001502402 0.02501502403846154
0 0.8130294359647311 0.6871315149160532 0.021149268517127402 0.021121098445012018
0 0.8851271409254807 0.8216436826265775 0.019641289344200723 0.01940756577711839
0 0.7591423621544471 0.6367549162644607 0.024616534893329326 0.024983919583834134
0 0.8666198437030499 0.960766498859112 0.022048510037935697 0.02219361525315505
0 0.8614563575157752 0.8360913350031927 0.021095129159780648 0.02113679739145132
0 0.2670554014352652 0.3739159290607159 0.019999357370229866 0.01987934112548828
0 0.7180178715632513 0.8366372035099909 0.023259676419771634 0.022997049184945915
0 0.782249744121845 0.39365012829120344 0.023682227501502402 0.023761162391075723
0 0.9052090278038611 0.6886668572059045 0.0218508793757512 0.021809211144080527
0 0.32177099814781773 0.7256716214693509 0.024016160231370192 0.024056654710036058
0 0.6529348813570462 0.5587761952326848 0.022362929124098558 0.022336519681490384
0 0.2838244071373573 0.9202929276686448 0.01845205747164213 0.018552046555739183
0 0.7224322098952073 0.8641330278836764 0.019799452561598558 0.019827769352839544
0 0.4933567780714769 0.684776599590595 0.019120143010066107 0.01911295377291166
0 0.7407129727877103 0.6687010251558744 0.0188751220703125 0.018646680391751803
0 0.2767501244178185 0.5480530078594501 0.028318221752460185 0.02799532963679387
0 0.8094373849722055 0.989776611328125 0.017296864436222956 0.015774360069861777
0 0.7472412402813251 0.778935799231896 0.016788335946890023 0.017006507286658652
0 0.8876687563382663 0.6967625251183143 0.018214886005108174 0.01827210646409255
0 0.8882019336407001 0.7614901616023138 0.018491304837740384 0.01865254915677584
0 0.7986660003662109 0.7420181861290565 0.016474503737229567 0.0165707514836238
0 0.7829007368821365 0.7701530456542969 0.017989525428185098 0.017910297100360576
0 0.23586196165818435 0.29950846158541167 0.02544087630051833 0.02582579392653245
0 0.7137511326716497 0.54074188379141 0.017268841083233174 0.01721022679255559
0 0.4680613737839919 0.630318861741286 0.025145457341120794 0.025372138390174277
0 0.669765252333421 0.6609078920804538 0.015666814950796273 0.01567840576171875
0 0.7047097132756159 0.7660826903123122 0.017579005314753607 0.017833856435922477
0 0.43107304206261265 0.14650846444643462 0.01800390390249399 0.017747934047992412
0 0.55040770310622 0.4282065171461839 0.018597969642052285 0.01875613285945012
0 0.7421935154841497 0.913312398470365 0.02018253619854267 0.020312089186448317
0 0.7682620562039889 0.12676999202141395 0.02017549368051382 0.02042520963228666
0 0.5919911678020771 0.4292152844942533 0.07868568713848408 0.07921086824857272
0 0.2676086058983436 0.41763041569636417 0.01520226551936223 0.015151390662560096
0 0.2430720512683575 0.7291000806368314 0.018264330350435697 0.018256554236778848
0 0.4527890865619366 0.6147226186899039 0.0176698978130634 0.017832829402043268
0 0.6192930661714994 0.03512080586873568 0.01661960895244892 0.016460524155543402
0 0.4938603914701022 0.7310256224412185 0.018554247342623197 0.018648147583007812
0 0.34283990126389724 0.11352980136871338 0.021921744713416465 0.022072535294752855
0 0.24744310745826134 0.955130723806528 0.033096716954157904 0.033620981069711536
0 0.4779168642484225 0.9615789560171274 0.016962638268103965 0.016918329092172477
0 0.7092103224534255 0.9114191348736103 0.01726355919471154 0.01726370591383714
0 0.6938764131986178 0.9431407635028546 0.0178835942195012 0.01787567138671875
0 0.541867549602802 0.803190671480619 0.015283878032977764 0.015381152813251201
0 0.7209032498873197 0.9925479888916016 0.01785909212552584 0.012816502497746395
0 0.7737252162053034 0.6555901307326096 0.01898017296424279 0.01902492229755108
0 0.903171392587515 0.8193033658541166 0.016379429743840143 0.016430781437800482
0 0.5550829080434946 0.6471666189340445 0.015536748445951022 0.015271406907301683
0 0.49355246470524716 0.6281317197359525 0.018703460693359375 0.018657097449669473
0 0.6530351638793945 0.09315711718339187 0.017999795766977165 0.01781353583702674
0 0.6281122794518104 0.6364429180438702 0.01594367394080529 0.015851534329927884
0 0.5150320713336651 0.8054360609788161 0.01531234154334435 0.015295909001277043
0 0.5558289014376127 0.6298494338989258 0.016750188974233773 0.016558720515324518
0 0.7372374901404748 0.8417591681847205 0.015046926645132212 0.014921628511868991
0 0.5167588820824256 0.5053929548997146 0.01821745358980619 0.01800815875713642
0 0.5183568367591271 0.372318854698768 0.01720002981332632 0.01709776658278245
0 0.32292850200946516 0.8582343321580154 0.01596377446101262 0.015892468965970553
0 0.3825166408832257 0.7876032315767728 0.01772733835073618 0.018001262958233174
0 0.19607974932743952 0.8942784529465896 0.01576706079336313 0.015813093919020433
0 0.13295817375183105 0.6149475757892315 0.026905169853797324 0.02699756622314453
0 0.29886592351473296 0.852969242976262 0.016553108508770283 0.01668401864858774
0 0.16074716127835786 0.7133203653188852 0.015501976013183594 0.015181027925931491
0 0.47675543565016526 0.7791128892164964 0.015501462496243991 0.01530001713679387
0 0.5033581807063177 0.7734595078688401 0.01599707970252404 0.01604740436260517
0 0.5057334899902344 0.8898471685556265 0.015503956721379207 0.01557159423828125
0 0.4745275057279147 0.7101661975567157 0.0154875241793119 0.015356504000150241
0 0.5149557773883526 0.9876989217904898 0.016971588134765625 0.016711601844200723
0 0.7091197233933669 0.8137180621807392 0.016204393826998197 0.0161895751953125
0 0.3850413102370042 0.485591118152325 0.01642637986403245 0.016605964073768027
0 0.6022902268629807 0.07847059690035306 0.07810798058143029 0.08114921129666842
0 0.4924476330096905 0.8511270376352164 0.015862098106971152 0.015703201293945312
0 0.4953966507544884 0.1846000231229342 0.023019717289851263 0.023501249460073616
0 0.7140334936288687 0.7542627774752103 0.014257431030273438 0.01441192626953125
0 0.6828749730036809 0.7175298837515024 0.014837411733774038 0.014940701998197116
0 0.1971581532404973 0.9634151458740234 0.0218045528118427 0.02185792189378005
0 0.9015489724966196 0.5336810625516452 0.014588135939378005 0.014735955458420973
0 0.4834910172682542 0.43266941950871396 0.014758036686823918 0.014788260826697716
0 0.229156127342811 0.9446710439828726 0.015212645897498498 0.015183081993689904
0 0.5093282186068021 0.3907032012939453 0.02695120297945463 0.026342391967773438
0 0.5929527282714844 0.4793371053842398 0.016315166766826924 0.016418016873873197
0 0.1127766095674955 0.49462494483360875 0.014557324923001803 0.014450366680438701
0 0.8899191342867337 0.1438828339943519 0.02698487501878005 0.02718655879680927
0 0.5227961540222168 0.46645435920128453 0.022125390859750602 0.02213008587176983
0 0.9001789826613206 0.17517959154569185 0.03429764967698317 0.045267655299260065
0 0.27251214247483474 0.2758814188150259 0.014683723449707031 0.01481800812941331
0 0.40788782559908354 0.7067940051739032 0.020020264845628005 0.019940889798677884
0 0.6018261542687049 0.07928624519935021 0.017161149245042067 0.017645652477557842
0 0.8778167137732873 0.3286754901592548 0.062330979567307696 0.06270518669715294
0 0.7835262738741361 0.5788205220149114 0.01435103783240685 0.014345462505634014
0 0.8812942504882812 0.8685069450965295 0.015258055466871995 0.015198340782752404
0 0.3998164397019606 0.7553713871882513 0.015528165377103366 0.015458180354191707
0 0.21157317895155686 0.34577017564039964 0.02019335673405574 0.020266166100135215
0 0.5760670441847581 0.7047136013324444 0.013921004075270433 0.014341794527493991
0 0.40500505153949445 0.03822245506139902 0.01457683856670673 0.01437675035916842
0 0.7020928309513972 0.6595828716571515 0.013972942645733174 0.013865837684044471
0 0.7867719210111178 0.06618611629192646 0.014253176175631009 0.014282831778893104
0 0.7158363782442533 0.11001966549799992 0.0506288088285006 0.05103089259221004
0 0.5070902751042292 0.9075844838069036 0.015316523038423978 0.015382766723632812
0 0.8246963207538311 0.5354684316194974 0.015849480262169473 0.01578220954308143
0 0.1403981355520395 0.7442254286545974 0.01615175834068885 0.01606574425330529
0 0.6386635120098407 0.6209253164438101 0.016480665940504808 0.01635580796461839
0 0.6630898989163913 0.9371538895827073 0.015001150277944712 0.01494598388671875
0 0.09518210704510029 0.5097757486196665 0.03350914441622221 0.04931435218224159
0 0.7644538879394531 0.6053548592787522 0.01553051288311298 0.01543411841759315
0 0.22883866383479193 0.9796673701359675 0.03466598804180439 0.033762418306790866
0 0.2919481350825383 0.38055654672475964 0.014246720534104567 0.014351918147160457
0 0.89044556250939 0.2522515883812538 0.05107586200420673 0.051706974322979264
0 0.8140197900625376 0.7360619765061599 0.014481177696814904 0.014262859637920674
0 0.7889476189246545 0.02152679516718938 0.01474453852726863 0.01460132346703456
0 0.8021134596604568 0.5509587434621958 0.015548119178185096 0.01557159423828125
0 0.27306219247671276 0.35165544656606823 0.014240778409517728 0.014400628896859976
0 0.5895497248722956 0.6038799285888672 0.015734012310321514 0.015576876126802884
0 0.34464733417217547 0.2789195500887357 0.015878970806415264 0.01556550539456881
0 0.6800876764150766 0.9171268756573017 0.016971441415640023 0.016776158259465143
0 0.7389039993286133 0.8591675391564002 0.016905711247370794 0.016712335439828727
0 0.37524582789494443 0.16828470963698167 0.014586815467247596 0.015027633080115685
