0 0.8560930398794321 0.6106822307293231 0.06690802940955529 0.06725714756892277
0 0.17667856583228478 0.12791800498962402 0.06046423545250526 0.06060431553767277
0 0.6022289716280423 0.7884803185096154 0.05169208233173077 0.051424613365760215
0 0.7525623028094952 0.027995453431056097 0.06406754713792068 0.05368579350985014
0 0.8132328620323768 0.11884001585153434 0.14974007239708534 0.14921859594491813
0 0.29208080585186297 0.14487209686866173 0.03742562807523287 0.03709877454317533
0 0.39148558103121245 0.21730657724233773 0.04210640833928035 0.04187980064978966
0 0.22397290743314302 0.014789623709825369 0.03387906001164363 0.02777467553432171
0 0.8414570001455454 0.5716083599970891 0.05316837017352764 0.05350846510667067
0 0.403320679297814 0.7211560469407302 0.04584283095139723 0.04595624483548678
0 0.7564599697406476 0.3130045670729417 0.05146173330453726 0.051059576181265026
0 0.9354512141301081 0.9507781542264498 0.08962513850285457 0.08928915170522836
0 0.40407459552471453 0.10892083094670223 0.05481177109938402 0.05417636724618765
0 0.6449881333571214 0.10636226947490986 0.030592698317307692 0.030928758474496696
0 0.7462127392108624 0.6653151145348182 0.08925951444185697 0.08928181574894832
0 0.2577426250164325 0.08030681426708515 0.10974898705115685 0.10896611213684082
0 0.39631590476402867 0.7693961216853216 0.05834146646352915 0.05879651583158053
0 0.15040862560272217 0.4956343724177434 0.02172688337472769 0.02156228285569411
0 0.35799782092754656 0.11434677013984093 0.029476019052358773 0.029202021085298978
0 0.5072512259850135 0.3987894791823167 0.025960775522085335 0.02584530757023738
0 0.8237451406625601 0.39175073917095476 0.07557032658503605 0.0753922829261193
0 0.8746364300067608 0.28102975625258225 0.0367730947641226 0.03676451169527494
0 0.45704148365901065 0.48366473271296573 0.026087247408353366 0.026210784912109375
0 0.27968958707956165 0.4492944937485915 0.021442303290733926 0.021586784949669473
0 0.5527164019071139 0.252722300015963 0.09186818049504207 0.09251227745643029
0 0.12485494980445275 0.39751991858849156 0.03351574677687425 0.03349759028508113
0 0.4654841789832482 0.8866920471191406 0.035701604989858776 0.03571642362154447
0 0.5240928943340595 0.7585816016564002 0.02558003939115084 0.02579659682053786
0 0.7057596353384165 0.36986299661489636 0.02338233360877404 0.02347139211801382
0 0.05043877546603863 0.2749238381019005 0.04685531212733342 0.046778092017540567
0 0.6420857356144831 0.8025372578547552 0.019939129169170674 0.02013573279747596
0 0.21950329267061675 0.4133353600135216 0.020947749798114482 0.021053020770733174
0 0.3392589275653546 0.38648003798264724 0.02667104280911959 0.02687688974233774
0 0.5878130839421198 0.18972356502826399 0.026639204758864183 0.026478033799391527
0 0.8782063997708834 0.7906234447772686 0.024417290320763223 0.024515885573167067
0 0.5891290444594163 0.11799522546621469 0.0766462912926307 0.07566162256094125
0 0.09401772572444035 0.2970761152414175 0.024359409625713643 0.02452534895676833
0 0.7449480203481821 0.2219089728135329 0.02522879380446214 0.02516482426570012
0 0.6665887099045974 0.7969339810884916 0.03635259775015024 0.03629625760591947
0 0.34706541208120495 0.47948448474590594 0.049945684579702526 0.049307016225961536
0 0.07905077934265137 0.7675564839289739 0.01803898811340332 0.017727191631610576
0 0.8626521917489859 0.4572608287517841 0.07358595041128305 0.07425873096172626
0 0.06581781460688664 0.30586910247802734 0.03233034794147198 0.03183438227726863
0 0.160339538867657 0.9411700322077825 0.030925970811110277 0.03071770301231971
0 0.937413949232835 0.8184386766873873 0.07895763103778546 0.08030377901517428
0 0.4212843088003305 0.6586624292226938 0.027741505549504206 0.02769778325007512
0 0.16912049513596755 0.30930588795588565 0.017391424912672777 0.017175014202411357
0 0.8145600832425631 0.7523831587571365 0.020541264460637018 0.020696493295522835
0 0.718902587890625 0.2959873126103328 0.027365464430588942 0.027356294485238884
0 0.9013286737295297 0.33127949788020206 0.058477548452524036 0.058959007263183594
0 0.18319364694448617 0.4448787249051608 0.02214791224553035 0.02216207064115084
0 0.8623867034912109 0.7427209707406851 0.06692915696364182 0.06696715721717247
0 0.06163899715130146 0.4588460922241211 0.09393369234525241 0.09835008474496695
0 0.1811843835390531 0.4743129290067233 0.02141743439894456 0.021653395432692308
0 0.5148604833162748 0.28397517937880296 0.025264226473294772 0.02554603723379282
0 0.2229320636162391 0.46671243814321667 0.024796485900878906 0.024970274705153245
0 0.3963678800142728 0.6603114788348858 0.02279032193697416 0.02297826913686899
0 0.9183409764216497 0.7530059080857497 0.04394120436448317 0.04356692387507512
0 0.8548388847937951 0.2603292465209961 0.027159470778245192 0.027568597059983473
0 0.551422302539532 0.5288557272690994 0.05512861105111929 0.05570639096773588
0 0.5535891606257513 0.5773008786714994 0.05019099895770733 0.05058141855093149
0 0.44985198974609375 0.39613855802095854 0.022078660818246696 0.022249955397385817
0 0.0775911991412823 0.8485788932213416 0.016972399674929105 0.01696615952711839
0 0.5049131099994366 0.5548211611234225 0.04709713275615986 0.047293589665339544
0 0.14942136177649865 0.20348446185772234 0.03999625719510592 0.03933224311241737
0 0.7897660182072566 0.8808785952054538 0.06830861018254207 0.06683995173527645
0 0.9014039406409631 0.6889277971707858 0.07199316758375901 0.07214692922738883
0 0.6868159954364483 0.7767187265249399 0.021419525146484375 0.021197685828575723
0 0.8454396174504206 0.9926187075101413 0.023946762084960938 0.013527796818659855
0 0.41317484929011417 0.9308487818791316 0.020070442786583535 0.020360799936147835
0 0.5145940780639648 0.3110887087308444 0.018546471228966348 0.01844932482792781
0 0.8145589828491211 0.8570459806002103 0.023119559654822715 0.023144942063551683
0 0.10962425745450534 0.1954949819124662 0.01953326738797701 0.019522703610933743
0 0.2920168913327731 0.1761932006249061 0.016163715949425332 0.016134005326491136
0 0.7116782848651593 0.916132560143104 0.09122056227463943 0.0921313946063702
0 0.9246713198148288 0.8858027824988732 0.021693596473106973 0.02177575918344351
0 0.3737247907198392 0.08717365448291485 0.024580735426682692 0.0248568608210637
0 0.2503032684326172 0.4704399108886719 0.02130603790283203 0.021273246178260215
0 0.3607026246877817 0.04110724192399245 0.023949403029221755 0.023663353461485643
0 0.7302138988788311 0.32109678708589995 0.02169036865234375 0.022002660311185397
0 0.07690988595669086 0.8996686201829177 0.01652404895195594 0.016361236572265625
0 0.9310399568997897 0.2736222010392409 0.07758947519155648 0.0789949343754695
0 0.28052300673264724 0.04848939638871413 0.02288539593036358 0.0229434623168065
0 0.7455724569467398 0.39005903097299427 0.02147058340219351 0.02153954139122596
0 0.3745253636286809 0.06424116629820603 0.022209901076096755 0.02170142760643592
0 0.774379143348107 0.492826901949369 0.10081951434795673 0.10164422255295974
0 0.5925355324378381 0.8766850691575271 0.017154400165264424 0.017043480506310098
0 0.6744283529428335 0.1670997326190655 0.01783928504356971 0.017678334162785456
0 0.4741523816035344 0.5846994840181791 0.04371063525860126 0.04454245934119591
0 0.38535360189584583 0.5284236027644231 0.07179891146146335 0.07123140188363883
0 0.7507444528432993 0.5106698549710788 0.08189656184269832 0.08186134925255409
0 0.49373846787672776 0.14404695767622727 0.018299689659705527 0.018312784341665413
0 0.40107220869797927 0.4107843545766977 0.017983216505784255 0.018172044020432692
0 0.908200190617488 0.5611750529362605 0.08192121065579928 0.08187059255746695
0 0.7051279361431415 0.8110851874718299 0.04730928861177885 0.048053594735952526
0 0.7987656960120568 0.4293186847980206 0.04992323655348558 0.05086722740760216
0 0.15275662678938645 0.7087179330679086 0.024726189099825345 0.024590712327223558
0 0.13615122208228478 0.44203028312096226 0.035921536959134616 0.03576872898982121
0 0.06799389765812801 0.3993822244497446 0.016518042637751654 0.016612126277043268
0 0.9591246384840745 0.912145027747521 0.04567454411433293 0.055001332209660456
0 0.6782813439002404 0.5436198161198542 0.08298492431640625 0.08403279231144832
0 0.6211710709791917 0.9743411724384015 0.015195443080021786 0.015613262469951924
0 0.27523640485910267 0.5140383060161884 0.017100811004638672 0.017442703247070312
0 0.5237022546621469 0.6462612152099609 0.015504103440504808 0.015173398531400241
0 0.0422141827069796 0.21572417479294997 0.0540775885948768 0.05497059455284706
0 0.610003398014949 0.23064769231356108 0.05510711669921875 0.05533185371985802
0 0.43429264655480015 0.6749930748572717 0.019069524911733773 0.019452901986929085
0 0.8270077338585486 0.7832687084491436 0.016505314753605768 0.016478465153620794
0 0.3838645494901217 0.467280754676232 0.020905127892127402 0.020852162287785456
0 0.8852864045363206 0.3780404237600473 0.06501227158766526 0.06479828174297626
0 0.52527589064378 0.16750735502976638 0.03849513714130108 0.0383840615932758
0 0.1581120307628925 0.4292920185969426 0.014722714057335487 0.015079424931452824
0 0.30326733222374547 0.8519105177659255 0.015602845412034255 0.015350635235126201
0 0.4958844551673302 0.9418618862445538 0.06989126939039964 0.06809278634878305
0 0.7168403772207407 0.3471370476942796 0.015557362483097957 0.015222989595853366
0 0.9079567835881159 0.6237878065842849 0.0198208735539363 0.01970041715181791
0 0.5707138501680814 0.09982153085561898 0.015866206242487982 0.015953210683969352
0 0.7851861073420598 0.48871388802161586 0.08802942129281852 0.08813329843374398
0 0.30932111006516677 0.2815285645998441 0.08852828465975247 0.08842002428494967
0 0.7163868684035081 0.19641461739173302 0.015580984262319712 0.015910588777982272
0 0.021677374839782715 0.3040683086101825 0.01642406903780424 0.019073633047250602
0 0.6510689075176532 0.13123251841618463 0.018241002009465143 0.017975990588848408
0 0.6014859126164362 0.3520579704871544 0.016825455885667067 0.016690767728365384
0 0.13882593008188102 0.44269649799053484 0.029306558462289665 0.029979852529672477
0 0.09347002322857197 0.02385679345864516 0.014553180107703576 0.014802648470951961
0 0.7879073803241436 0.8057855459359976 0.019281827486478366 0.019322028526893027
0 0.07933612053210919 0.17492873852069563 0.01509703122652494 0.01529070047231821
0 0.6952447157639724 0.8183730198786809 0.021046858567457933 0.020375471848707933
0 0.9608603257399339 0.5179877647986779 0.044773101806640625 0.05641328371488131
0 0.731688352731558 0.8933766438410833 0.031965989332932696 0.03258529076209435
0 0.926604857811561 0.9592795738807092 0.015062332153320312 0.015261430006760817
0 0.6265048980712891 0.8706311445969802 0.017649430495042067 0.017939640925480768
0 0.5244965920081506 0.05514850983252892 0.016940190241887018 0.016819257002610426
0 0.5549420210031363 0.08025694810427152 0.021347412696251504 0.021459194330068734
0 0.6284575829139123 0.6421460371751052 0.020919946523813102 0.02089104285606971
0 0.46189484229454625 0.03966990801004263 0.015525230994591346 0.015807509422302246
0 0.522093626169058 0.59197264451247 0.03484300466684195 0.033980149489182696
0 0.33678516974815953 0.1199203087733342 0.022577872643103965 0.022341434772198018
0 0.4300718674292931 0.4800109129685622 0.02547616225022536 0.025087796724759616
0 0.2784883425785945 0.8973919795109675 0.07287267538217398 0.07407584557166466
0 0.38051711595975435 0.01939464073914748 0.05876871255727915 0.03769752612480751
0 0.9650104229266827 0.5409458600557767 0.023627354548527643 0.02307715782752404
0 0.9615064767690805 0.9909225610586313 0.029862623948317308 0.017089256873497598
0 0.13315316346975473 0.4400512988750751 0.04341466610248272 0.04302795116717999
0 0.08150614224947415 0.218870969919058 0.022323516698984 0.02245616912841797
0 0.4770600979144757 0.5902313819298377 0.03503696735088642 0.035440885103665866
0 0.6466271327092097 0.43127580789419323 0.05041709313025841 0.050545912522536054
0 0.7988986968994141 0.7648349175086389 0.01980414757361779 0.019889097947340745
0 0.5365334657522348 0.44271028958834135 0.01630819760836088 0.01627034407395583
0 0.23915422879732573 0.913787108201247 0.021311466510479268 0.021419818584735576
0 0.04290678867926964 0.5787682900061975 0.056599983802208535 0.06609769967886117
0 0.975281862112192 0.7350403712346003 0.0132293701171875 0.01912689208984375
0 0.6674147385817307 0.2654464061443622 0.01647773155799279 0.016190528869628906
0 0.36825796274038464 0.3248761250422551 0.06155131413386418 0.06173353928786058
0 0.5623656052809495 0.05855040366833027 0.020778949444110576 0.020699702776395358
0 0.8840187512911283 0.06983886315272404 0.1991858849158654 0.13817803676311785
