0 0.9199029482327975 0.5190723125751202 0.07215147752028245 0.07233018141526443
0 0.10397782692542443 0.7149890752939078 0.08734783759483924 0.08863082298865685
0 0.8584000514103816 0.732159687922551 0.14891903217022234 0.145113284771259
0 0.8983405186579778 0.2753639221191406 0.11588258009690505 0.11705860724815956
0 0.6740105702326848 0.6307914440448468 0.08081597548264724 0.08049920889047477
0 0.4423355322617751 0.878165391775278 0.07240852942833534 0.07250198951134315
0 0.5174753849322979 0.3609151840209961 0.0718679428100586 0.07160641596867488
0 0.3659695845383864 0.29352402687072754 0.06785774230957031 0.06834987493661734
0 0.5606822233933669 0.2968275180229774 0.06432650639460637 0.06499822323138897
0 0.29647190754230207 0.5138627199026254 0.04518270492553711 0.045147015498234674
0 0.6308124248798077 0.2136834951547476 0.051705433772160456 0.05134252401498648
0 0.41441609309269833 0.81830384181096 0.06106890164888822 0.061031341552734375
0 0.5245732160714957 0.6726402869591346 0.079864135155311 0.07973949725811298
0 0.7992025522085336 0.1306467606471135 0.04888461186335637 0.04918127793532152
0 0.43620689098651594 0.27917269560006946 0.031774667593149036 0.031303002284123346
0 0.9668213770939753 0.7471656799316406 0.04027821467472957 0.04295026339017428
0 0.09119573923257682 0.6070148027860202 0.03720244994530311 0.03717451829176683
0 0.9400447698739859 0.7003379968496469 0.05079430800217848 0.05138998765211839
0 0.2743215010716365 0.9831011845515325 0.027356918041522685 0.027224027193509616
0 0.3286723723778358 0.8446216583251953 0.04973330864539513 0.04985721294696514
0 0.8101359147291917 0.9725941878098708 0.07205346914438102 0.051476698655348554
0 0.1802670772259052 0.9214458465576172 0.05181319896991436 0.05201515784630409
0 0.6004481682410607 0.8513460892897385 0.027485040517953727 0.027100783128004808
0 0.5022529455331656 0.5521581356342022 0.029186835655799277 0.029117290790264424
0 0.8261968172513522 0.9013162759634165 0.031018183781550482 0.0312803708589994
0 0.20336290506216195 0.7144737243652344 0.027508368858924277 0.02747653080866887
0 0.46059293013352615 0.4259774868304913 0.04915076035719652 0.04952445397010216
0 0.7294706197885367 0.45679466540996844 0.03304012005145733 0.032977911142202526
0 0.19917150644155648 0.48624064372136044 0.13819478108332708 0.14066013923058143
0 0.9735010587252103 0.6685164524958684 0.026943206787109375 0.030955974872295674
0 0.5816628015958346 0.0454483307324923 0.1037595455463116 0.08977271960331844
0 0.5131743504450872 0.4138309405400203 0.08229417067307693 0.08130550384521484
0 0.11641333653376652 0.40749476506159854 0.03238932902996357 0.032613900991586536
0 0.3728170394897461 0.6173461033747747 0.05427008408766527 0.054137926835280195
0 0.5706387666555551 0.8158501845139724 0.023357171278733473 0.023567786583533652
0 0.7570646726168119 0.1356971630683312 0.024852899404672477 0.024726097400371846
0 0.19424906143775353 0.6227356103750376 0.030942953549898587 0.03105618403508113
0 0.5638265609741211 0.6403338358952448 0.032834493196927585 0.03285628098707933
0 0.06115315510676457 0.399505615234375 0.10716988490178035 0.17328819861778846
0 0.4244909653296837 0.7832657740666316 0.02121727283184345 0.02130889892578125
0 0.651310553917518 0.33054216091449445 0.017292022705078125 0.017364648672250602
0 0.7050188504732572 0.8056826958289514 0.025637113131009616 0.02588800283578726
0 0.7646384605994592 0.32434874314528245 0.03811029287484976 0.03805221044100248
0 0.14650935393113357 0.35312615908109224 0.0774373274583083 0.07643274160531852
0 0.6927204132080078 0.2550576650179349 0.01910679156963642 0.018874938671405498
0 0.27708741334768444 0.5748610129723182 0.0485682487487793 0.04885409428523137
0 0.5938512361966647 0.5723358301016 0.046943957989032455 0.04746099618765024
0 0.8174617473895733 0.35778038318340594 0.03726108257587139 0.03712279979999249
0 0.5383115181556115 0.841674071091872 0.03923240074744591 0.03978054340069111
0 0.7598969386174128 0.2862535806802603 0.06199205838716947 0.06288972267737755
0 0.3902785594646747 0.02437719702720642 0.0765990477341872 0.04777488800195547
0 0.8344237987811749 0.3132326419536884 0.0443261953500601 0.044334778418907754
0 0.5185704231262207 0.4675904420705942 0.04433881319486178 0.04445435450627254
0 0.45555540231557995 0.3767812435443585 0.049753555884728067 0.04873921320988582
0 0.6683291655320388 0.7232612463144156 0.04898878244253305 0.04905377901517428
0 0.5431983654315655 0.5429675762469952 0.04745336679311899 0.047068009009728067
0 0.7700069134051983 0.5113321817838229 0.021675990178034857 0.02176358149601863
0 0.21556648841271034 0.5498303633469802 0.022974307720477764 0.02301509563739483
0 0.5209177457369291 0.5173711776733398 0.03974562424879808 0.04041026188777043
0 0.5007063425504245 0.9278810207660382 0.03360623579758864 0.03371268052321214
0 0.5523357024559608 0.9173102745643029 0.030595999497633714 0.030716969416691706
0 0.8779800121600811 0.8000592451829177 0.02466729971078726 0.02493432851938101
0 0.24839441592876726 0.6503495436448318 0.020069232353797324 0.020153925969050482
0 0.4841255774864784 0.4978919762831468 0.023353429941030648 0.02348929185133714
0 0.8752175844632663 0.8712080441988431 0.023349175086388223 0.02321771474984976
0 0.2840167192312387 0.8923424940842849 0.01919130178598257 0.019435589130108174
0 0.6672184283916767 0.3824039605947641 0.032911447378305286 0.03283148545485277
0 0.8944341219388522 0.8504703961885892 0.021455764770507812 0.021657503568209134
0 0.21352302111112154 0.9047748859112079 0.05824485191932091 0.056952256422776446
0 0.3697510866018442 0.6542598284207858 0.05311401073749249 0.05353238032414363
0 0.5491714477539062 0.7035281841571515 0.03490902827336238 0.03493176973783053
0 0.47156399946946365 0.9152542994572566 0.022548162020169772 0.02248998788686899
0 0.48372675822331357 0.97216430077186 0.035167767451359674 0.03497989361102764
0 0.18509760269751915 0.7946087763859675 0.01835342553945688 0.018368647648737982
0 0.7907272485586313 0.38149521901057315 0.02322255648099459 0.0233460206251878
0 0.11776340924776517 0.45401580517108625 0.04292843892024113 0.04352921705979567
0 0.7490089123065655 0.9021598375760592 0.01963013869065505 0.0197293208195613
0 0.4527170474712665 0.9640523470365084 0.03630564762995793 0.036333670982947715
0 0.7517522665170523 0.8701544541579026 0.023636451134314902 0.023806938758263223
0 0.8757930168738732 0.47689382846538836 0.019814417912409857 0.019566829387958232
0 0.42234222705547625 0.07712141367105338 0.026748510507436898 0.027021334721491888
0 0.8306311827439529 0.7986033512995794 0.040949307955228366 0.04033572857196514
0 0.11744110400860126 0.23685055512648362 0.019625150240384616 0.0197750605069674
0 0.7525892991286057 0.4380566156827487 0.030689826378455527 0.030692687401404746
0 0.3941454520592323 0.8885054955115685 0.018424107478215143 0.018241295447716348
0 0.6495169126070462 0.46082775409405047 0.025426131028395433 0.025760503915640023
0 0.7213123028094952 0.08732759952545166 0.02005767822265625 0.020386420763455905
0 0.6990081346951998 0.9891266456017127 0.0490727057823768 0.020881065955528848
0 0.8836342004629282 0.3941066081707294 0.06346189058743991 0.06361161745511569
0 0.14189528501950777 0.6716896937443659 0.033359252489530124 0.03361100416917067
0 0.46704893845778245 0.10474151831406814 0.016061782836914062 0.016205017383282002
0 0.5218375279353216 0.8622751969557542 0.029268558208759014 0.029210897592397835
0 0.227372041115394 0.3025990082667424 0.03607606887817383 0.035976593311016374
0 0.6281803571260892 0.9877222501314603 0.03543941791240986 0.02318749060997596
0 0.5148482322692871 0.8798242715688852 0.03150536463810848 0.030915480393629808
0 0.619637709397536 0.6268799121563251 0.02119137690617488 0.021285423865685098
0 0.8633901155911959 0.15917247992295486 0.016335707444411058 0.01638936996459961
0 0.20689839583176833 0.3909933383648212 0.017637913043682393 0.01735349801870493
0 0.4235896330613356 0.5062037247877854 0.014837265014648438 0.014859713040865384
0 0.338799916780912 0.23286661734947792 0.04540399404672476 0.04530774630033053
0 0.9028816223144531 0.7852548452524039 0.027927251962515023 0.02814454298753005
0 0.9523890568659856 0.33823460798997146 0.07314476600060096 0.0930035664485051
0 0.9047382061298077 0.946444584773137 0.014798971322866587 0.014703017014723558
0 0.696864494910607 0.3498260791485126 0.032372548029972956 0.03254861098069411
0 0.4202769352839543 0.05586355466109056 0.02276009779710036 0.0231324342580942
0 0.43612003326416016 0.03492371852581318 0.015230765709510216 0.015341501969557542
0 0.9072899451622596 0.1295184722313514 0.04874713604266827 0.04858530484713041
0 0.9131952432485727 0.27098661202650803 0.020411564753605768 0.021322360405555137
0 0.7545658991887019 0.7144390986515925 0.037401639498197116 0.03691174433781551
0 0.7602366667527419 0.4044515903179462 0.02772345909705529 0.027947645920973558
0 0.6250262627234826 0.608621230492225 0.02518463134765625 0.025052584134615384
0 0.9631095299353967 0.08282047968644363 0.043013499333308294 0.042900764025174655
0 0.565274165226863 0.7891535392174354 0.021770477294921875 0.021487602820763223
0 0.5572217060969427 0.23218110891488883 0.09317522782545823 0.09212838686429538
0 0.8847015087421124 0.45633594806377703 0.0169522212101863 0.017201863802396335
0 0.8851334498478816 0.6316595811110276 0.025210160475510817 0.025026761568509616
0 0.5193136655367337 0.7150819485004132 0.03299111586350661 0.033229974599984974
0 0.8864413774930514 0.3483546330378606 0.01899293752817007 0.018616162813626803
0 0.4911220990694486 0.8975065671480619 0.029634915865384616 0.030244973989633415
0 0.4087992081275353 0.5959768295288086 0.03232699174147386 0.03168047391451322
0 0.18698692321777344 0.2693272370558519 0.019992241492638223 0.019501172579251803
0 0.8683631603534405 0.3567794653085562 0.018266824575570915 0.01854881873497596
0 0.7331032386192908 0.6699592883770282 0.022755256065955527 0.023165189302884616
0 0.3520112404456505 0.1367213909442608 0.01576071519118089 0.01555618873009315
0 0.24457340974074143 0.202684604204618 0.04315112187312199 0.043598101689265326
0 0.6816985790546124 0.36559545076810396 0.02888635488656851 0.028900733360877402
0 0.05012668096102201 0.5548337056086614 0.02442919061734126 0.02408607189471905
0 0.8840859486506536 0.3693063442523663 0.017636225773737982 0.01786525432880108
0 0.5919398527878982 0.7170944213867188 0.021380497859074518 0.021338829627403848
0 0.07997927298912635 0.6504938419048603 0.018491268157958984 0.01886617220365084
0 0.50353637108436 0.5870965444124662 0.032335868248572715 0.032482000497671276
0 0.8330338551447942 0.21963871442354643 0.019389225886418268 0.019359661982609674
0 0.46495657700758714 0.7121342879075271 0.05227088928222656 0.05138323857234074
0 0.35362735161414516 0.3334736457237831 0.039731392493614785 0.03973858173076923
0 0.9791562007023737 0.5132742661696214 0.01504061772273137 0.02213155306302584
0 0.6005962078387921 0.19077145136319673 0.027170768150916465 0.02693946544940655
0 0.6394384090717022 0.05662412826831524 0.0169525146484375 0.017026406068068285
0 0.5696143370408279 0.597506229694073 0.029154557448167067 0.029536320612980768
0 0.8095968686617337 0.39690839327298677 0.015693077674278848 0.015568879934457632
0 0.6255290691669171 0.5183863273033729 0.052496690016526446 0.053182748647836536
0 0.6520218482384315 0.42797356385451096 0.03378648024338942 0.03438296684852013
0 0.7062204801119291 0.9353039081280048 0.021656623253455527 0.021613047673152044
0 0.8044046988854041 0.2935008635887733 0.02733303950383113 0.026973871084359977
0 0.5183774141164926 0.9035370166485126 0.024076168353740986 0.024258246788611777
0 0.5814707095806415 0.5393071174621582 0.03300255995530348 0.03290469829852764
0 0.40437551645132214 0.6882904492891752 0.03978509169358473 0.03975662818321815
0 0.9166240692138672 0.08714747428894043 0.016951927771935098 0.01818081048818735
0 0.5899705153245193 0.6137083493746244 0.030807128319373496 0.03009766798753005
0 0.15617713561424842 0.8013129601111779 0.019682590778057393 0.02010037348820613
0 0.25000656568087065 0.7799513890193059 0.022936307466947116 0.02313540532038762
0 0.9003382462721604 0.5857310661902795 0.03865403395432692 0.03905149606557993
0 0.38044254596416766 0.49191548274113583 0.014621881338266226 0.014672792874849759
0 0.4469419259291429 0.9153644855205829 0.026237047635591947 0.026394037099984977
0 0.733250251183143 0.8139318319467398 0.017656473013070915 0.01725622323843149
0 0.31834176870492786 0.5714332874004657 0.025245097967294548 0.02524852752685547
0 0.9061064353355994 0.1966397945697491 0.026755406306340143 0.027051632220928486
0 0.6986478658822867 0.4256465251629169 0.022594158466045674 0.02167371603158804
0 0.930685776930589 0.5919500864469088 0.014400482177734375 0.014277238112229567
0 0.9182984278752253 0.09165461246783917 0.04863298856295072 0.04805395694879385
0 0.04247826796311598 0.513345351585975 0.03155673237947317 0.03175001878004808
0 0.4696515890268179 0.9357841931856595 0.026520655705378607 0.026836982140174277
0 0.5734798724834735 0.8634179188654973 0.03162589439978966 0.030387731698843148
0 0.683983142559345 0.8096815255972055 0.0194699214054988 0.019559713510366585
0 0.08875134358039269 0.2842092697436993 0.12451914640573356 0.13128453034621018
0 0.45861552311823917 0.4910997977623573 0.015039297250600962 0.015034162081204928
0 0.68408936720628 0.3343488253079928 0.022341361412635215 0.02278929490309495
0 0.9439563017625076 0.6394496330848107 0.03236066378079928 0.03170482928936298
0 0.6938948998084435 0.5092658996582031 0.022037799541766826 0.022443257845365085
0 0.4036226272583008 0.9192965580866888 0.021843103262094352 0.022675147423377402
0 0.725245108971229 0.7308340806227464 0.025042313795823317 0.025264446551983174
0 0.33549033678494966 0.35589940731342024 0.041958001943734974 0.0405269035926232
0 0.36737295297475964 0.69005980858436 0.03507379385141226 0.0359645256629357
0 0.07830390563377967 0.6479974893423227 0.02296538994862483 0.023079798771784857
0 0.4483823776245117 0.6579503279465896 0.06702745877779447 0.06817333514873798
0 0.42049092512864333 0.9231703831599309 0.016523067767803486 0.01640466543344351
0 0.8061709770789514 0.5100066111637995 0.04016861548790565 0.0404203855074369
0 0.6366132589486929 0.478302368750939 0.02971795889047476 0.030083876389723558
0 0.7317886352539062 0.917572388282189 0.026331681471604567 0.025708418626051683
0 0.9099540710449219 0.17943673867445725 0.029743488018329326 0.029669431539682243
0 0.9259449885441706 0.22273404781634992 0.03881395780123197 0.03911788646991436
0 0.6609096527099609 0.1871605653029222 0.03032860389122596 0.030566068796011116
0 0.9210799290583684 0.159549016218919 0.023199815016526442 0.02395428144014799
0 0.742684217599722 0.25299741671635556 0.02285605210524339 0.022783682896540716
0 0.116126326414255 0.5146152056180514 0.014793597734891452 0.01484210674579327
0 0.6568778844980093 0.7772119962252103 0.02419310349684495 0.02368780282827524
0 0.5072910969073956 0.9835616625272311 0.015814927908090446 0.016095381516676683
0 0.44278665689321667 0.7715278038611779 0.018782322223369893 0.018926473764272835
0 0.18390072309053862 0.8432343556330755 0.051360130310058594 0.05132587139423077
0 0.566859612098107 0.9566579965444711 0.024501800537109375 0.024561368502103366
0 0.06015730362672072 0.10594754952650803 0.01640791159409743 0.016321585728571966
0 0.019708092396075908 0.6261149919950045 0.01923567973650419 0.02629368121807392
0 0.5764504212599534 0.8642014723557693 0.025533089270958535 0.02626976600060096
0 0.757752565237192 0.7460343287541316 0.026174545288085938 0.026251572829026442
0 0.8516643230731671 0.9590123983529898 0.022629371056189902 0.02304223867563101
0 0.24492559066185585 0.8918943405151367 0.015468780811016377 0.01578360337477464
0 0.8019953507643479 0.17435075686528131 0.019623683049128607 0.019431591033935547
0 0.6114469674917368 0.256962409386268 0.022629664494441107 0.022365349989670973
0 0.888697257408729 0.5577524625338041 0.018666194035456732 0.018607653104341947
0 0.6917159740741436 0.588814221895658 0.015420180100661058 0.01536868168757512
0 0.2620410919189453 0.5256690979003906 0.016039261451134317 0.015590374286358174
0 0.5352611908545861 0.9362599299504206 0.02334462679349459 0.023289313683143027
0 0.370721303499662 0.5089422372671274 0.015424728393554688 0.015504983755258413
0 0.7659965661855844 0.7966315196110652 0.015035775991586538 0.01515491192157452
