0 0.4810636226947491 0.7145082033597506 0.07997549497164212 0.07982077965369591
0 0.5658314044658954 0.1316496225503775 0.26595863929161656 0.2609392679654635
0 0.7655579493596003 0.7700218053964468 0.06758675208458534 0.06766407306377704
0 0.24074680988605207 0.4821796417236328 0.12143490864680363 0.12279246403620793
0 0.3754453659057617 0.584074460543119 0.03959978543795072 0.040250191321739785
0 0.26088839310866135 0.0649662843117347 0.2010823763333834 0.12795409789452186
0 0.8910501920259916 0.9576916327843299 0.0840913332425631 0.07970457810621995
0 0.2681445341843825 0.9287615555983323 0.0405726066002479 0.040540841909555286
0 0.02073737749686608 0.8469968942495493 0.02503363902752216 0.02513885498046875
0 0.8310501392071064 0.7358240714439979 0.021631974440354567 0.021889906663161058
0 0.9560401623065655 0.11015362005967361 0.019434415377103366 0.019298333388108473
0 0.9622595860407903 0.8059856708233173 0.020426236666165866 0.02047582773061899
0 0.2950491721813495 0.8859599186823919 0.034023468311016374 0.03393231905423678
0 0.7678712698129507 0.5244628466092623 0.018317295954777643 0.018391829270582933
0 0.7467708587646484 0.8965815030611478 0.04982845599834736 0.050057631272536054
0 0.8096338418813852 0.665217032799354 0.031134385329026442 0.03130634014423077
0 0.12390241256126991 0.6373232327974759 0.029045710196861856 0.02920370835524339
0 0.390810306255634 0.78681153517503 0.02522116440993089 0.025218376746544473
0 0.8476357093224158 0.3978442412156325 0.028988177959735576 0.02911208226130559
0 0.14589704000032866 0.2747267209566556 0.03055854944082407 0.0301364018366887
0 0.2986039381760817 0.5611889912531927 0.01799781505878155 0.01789122361403245
0 0.1513537076803354 0.9150196955754206 0.10858957584087665 0.11207287128155048
0 0.7839174270629883 0.8245924436129056 0.021067692683293268 0.021164527306189902
0 0.32168832192054164 0.8657381351177509 0.03899537600003756 0.03952921353853666
0 0.42072244790884167 0.9139580359825721 0.018303724435659554 0.018398578350360576
0 0.6766326610858624 0.8240007987389197 0.0495000985952524 0.04934369600736178
0 0.7823982238769531 0.703800788292518 0.018280909611628607 0.018336076002854567
0 0.019970070857268114 0.7117925057044396 0.025895086618570182 0.025783685537484977
0 0.42151898604172927 0.0949415243588961 0.015774286710298978 0.015848746666541465
0 0.34932730748103213 0.7331383044903095 0.026897136981670674 0.027160057654747598
0 0.19266154215886042 0.5548896789550781 0.02308317331167368 0.02343882047213041
0 0.5786916292630709 0.6910041662362906 0.03561210632324219 0.03575207636906551
0 0.35630108759953427 0.9330357038057767 0.05026113069974459 0.04973250169020433
0 0.661978501539964 0.7805912311260517 0.01662621131310096 0.01670705355130709
0 0.9701253450833834 0.9188148791973407 0.05973199697641226 0.15675001878004807
0 0.42814229084895206 0.8087858786949744 0.020961688115046576 0.02115455040564904
0 0.6852845412034255 0.3890203329233023 0.01716188284067007 0.017307134775015023
0 0.24861416449913612 0.35190545595609224 0.01967921623816857 0.019992975088266227
0 0.03791658236430241 0.3253677808321439 0.040923742147592396 0.041074972886305586
0 0.7464132308959961 0.23907736631540152 0.0158688471867488 0.01598050044133113
0 0.41777907885037935 0.6651926774245042 0.017663222092848558 0.017749199500450723
0 0.8803901672363281 0.9003193195049579 0.015088448157677284 0.015044285700871395
0 0.7153929196871244 0.8747281294602615 0.031038431020883415 0.03095098642202524
0 0.07930706097529484 0.374322561117319 0.05300708917471079 0.0529637703528771
0 0.7833587206326998 0.8445029625525842 0.016264695387620192 0.01634363027719351
0 0.2664443896367 0.825736192556528 0.038753472841702975 0.03908538818359375
0 0.443050347841703 0.9518570533165565 0.015836568979116585 0.015700266911433294
0 0.9713884500356821 0.6299919715294471 0.016047551081730768 0.015735919658954326
0 0.8776765236487756 0.9625037266657903 0.015144054706280049 0.016054593599759616
0 0.11434250611525315 0.08003092729128324 0.059070403759296126 0.05960383782019982
0 0.5572160207308255 0.9270185323861929 0.01563549041748047 0.015596243051382212
0 0.8183802091158353 0.8355478873619666 0.024373274583082933 0.024483167208158053
0 0.46395609929011417 0.6412130502554086 0.021872593806340143 0.021928933950570915
0 0.7886890264657828 0.22720635854280913 0.015153298011192909 0.015203439272367038
0 0.4259333977332482 0.9702521104079026 0.09128409165602464 0.055460416353665866
0 0.22655153274536133 0.3400763731736403 0.01678305405836839 0.01706871619591346
0 0.2662560756389911 0.623741443340595 0.015441527733435998 0.015456859882061299
0 0.22651885106013372 0.6285971861619216 0.015442701486440806 0.015629695012019232
0 0.01455769630578848 0.29342328585111177 0.02931987322293795 0.03813860966609074
0 0.17964735397925743 0.6171833918644831 0.031021521641657904 0.031333593221811146
0 0.6274104485144982 0.7995140369121845 0.020313262939453125 0.020484777597280648
0 0.3692914522611178 0.8558191152719351 0.027479171752929688 0.027492669912484977
0 0.981819226191594 0.587122000180758 0.015482095571664663 0.015521636376014123
0 0.08254219935490535 0.8251653817983774 0.023854402395395134 0.02420322711651142
0 0.980131589449369 0.47431230545043945 0.015329507681039663 0.015414237976074219
0 0.46245883061335635 0.9215770134559045 0.05795214726374699 0.05829561673677885
0 0.8528275123009315 0.6905278425950271 0.02011900681715745 0.020230513352614183
0 0.15989237565260667 0.6419244912954477 0.01679706573486328 0.016745347243088942
0 0.7619207822359525 0.8174896240234375 0.017732766958383415 0.017628009502704326
0 0.3092488875755897 0.9500235044039212 0.03126731285682091 0.030923109788161058
0 0.996773206270658 0.1495046615600586 0.006267254169170673 0.01755490669837365
0 0.2847867195422833 0.5266604056725135 0.017287474412184495 0.017077225905198317
0 0.6871393643892728 0.8942658351017878 0.028697087214543268 0.028830601618840143
0 0.20491581696730393 0.09318879017463097 0.015089035034179688 0.015267133712768555
0 0.4952399547283466 0.8919693139883188 0.0303958012507512 0.029608799861027643
0 0.9396308018611028 0.2072603152348445 0.016314286452073317 0.016479345468374398
0 0.036073267459869385 0.7114288623516376 0.07320982676285964 0.155759517963116
0 0.19881541912372297 0.6974589274479792 0.021317261915940505 0.021082951472355768
0 0.08325622631953312 0.8285762346707858 0.019577461939591628 0.01932364243727464
0 0.2571281286386343 0.3952024899996244 0.015508064856896034 0.01537616436298077
0 0.515495226933406 0.8353601602407602 0.024261621328500602 0.024184593787560098
0 0.36344124720646787 0.8506231307983398 0.05259572542630709 0.05017559344951923
0 0.04763767352470985 0.2359007688669058 0.033779838910469644 0.0334326670720027
0 0.11938756245833176 0.9945068359375 0.016373579318706807 0.009730999286358174
0 0.3682675361633301 0.8521318435668945 0.03667185856745793 0.038898468017578125
0 0.8854717841515174 0.8674357487605169 0.04351483858548678 0.04360140286959135
0 0.24872735830453727 0.8917429997370794 0.0187222407414363 0.019021107600285456
0 0.6985359191894531 0.4782734650831956 0.02414556650015024 0.024558140681340143
0 0.437988648047814 0.7387130443866436 0.021607325627253607 0.021472637469951924
0 0.7392366849459134 0.562769889831543 0.019457890437199518 0.01965464078463041
0 0.9390061451838567 0.6881082974947416 0.015721687903771035 0.015761448786808893
0 0.8157979525052584 0.8631455348088191 0.01601585975060096 0.01595277052659255
0 0.9801696630624624 0.9870138901930589 0.03754777174729567 0.023618698120117188
0 0.3520499742948092 0.5331613834087665 0.01726502638596755 0.017092337975135215
0 0.20502343544593224 0.2918371787438026 0.014951339134803185 0.0149230590233436
0 0.7230476966271033 0.6747250923743615 0.015300163855919471 0.015319090623121995
0 0.7569641700157752 0.9744691115159255 0.023203923152043268 0.023195413442758415
0 0.310276618370643 0.9905659602238581 0.019483419565054085 0.01615729698768029
0 0.31208537175105167 0.9470274998591497 0.02345552811255822 0.024130601149338942
0 0.895198235144982 0.020667662987342246 0.020676246056189902 0.020195309932415303
0 0.37531148470365083 0.4267615538377028 0.03249990023099459 0.03273347707895132
0 0.6286043020395132 0.7839754544771634 0.042513590592604414 0.0433503664456881
0 0.08490688984210674 0.7053849146916316 0.01418924331665039 0.014010209303635817
0 0.5386742811936599 0.9096223391019381 0.03693125798152043 0.03660319401667668
0 0.7901275341327374 0.16765220348651594 0.01884034963754507 0.019019200251652643
0 0.07927219684307392 0.8184973643376277 0.017131310242872972 0.01672979501577524
0 0.9954740084134616 0.033755403298598066 0.008783487173227163 0.04248702526092529
0 0.1616224509019118 0.4799595612746019 0.015230105473445011 0.015233406653771034
